1 1 3
5 -4 5 4
1 0
5 5
9 0
0 0 10 0
1 1 3
10 -10 10 10
1 0
5 0
9 0
0 0 11 0
1 1 2
5 0 5 5
1 0
9 0
0 0 10 0
1 1 3
5 -4 5 4
1 0
5 5
9 0
0 0 10 0
1 0 3
1 0
5 0
9 0
0 0 10 0
1 1 2
5 0 5 5
1 0
9 0
0 0 10 0
0 1 2
10 10 20 20
1 1
29 29
0 0 30 30
1 1 2
10 10 20 20
1 1
29 29
0 0 30 30
1 1 2
5 1 5 5
1 0
9 0
0 0 10 0
10 3 4
-4 6 -4 0
-2 0 -2 16
2 0 2 16
-2 -2
0 14
0 2
2 -2
-5 5 10 6
1 0 2
5 3
15 3
4 3 6 3
10 2 3
12 6 12 5
11 3 22 3
16 8
12 2
20 2
10 6 20 4
47 46 47
-7409 12151 -6885 11880
5419 14442 5619 13929
-2464 -3738 -1983 -4004
-8386 -3971 -8221 -3891
13382 14688 13402 14925
9231 -13190 8811 -13919
-2949 5193 -3065 4435
630 -9020 -353 -8377
-15868 10284 -16496 10734
5726 10870 6663 10042
-11867 7943 -11961 7877
-15027 -17660 -16013 -16747
16029 637 16180 967
6447 13886 7047 13070
79 -9805 -495 -10768
175 -10574 856 -10400
18710 -17994 18334 -17708
11876 -8329 12334 -9328
18614 -12085 18549 -12896
-10745 -979 -11643 -1701
18658 4807 19266 5128
-306 3946 200 4934
13142 17703 12168 17404
-11870 13417 -10995 12777
14423 -9515 15069 -9131
1156 1979 1541 2020
8893 -12930 9122 -12027
5090 6302 4271 6552
-7890 14979 -8319 15548
-74 -17537 483 -17849
-18834 11064 -18445 10448
5483 5013 5227 5061
14497 -11584 13929 -11760
9395 15519 10259 15482
-16410 1783 -16545 2187
-10914 873 -11260 883
-3148 4287 -3569 5117
5750 -16420 5268 -16109
13645 17235 14340 17242
3248 -10650 2303 -10716
-3234 -9755 -2476 -10431
-13235 11825 -12948 11265
-5390 -16109 -4546 -15967
3763 -9534 2915 -10502
13752 -5108 14615 -5082
-2528 -11756 -3190 -12171
-14232 -19333
11839 9188
-10543 12930
-12131 6053
-17339 -16972
12540 -11270
15477 -1721
-2476 -10197
1322 -5596
12641 -14716
4368 15685
-14067 -1155
-9692 -16809
19375 7648
-9183 -13867
19352 -3415
-13201 11191
-14227 -3744
4121 -6358
-17691 6782
-3329 14849
15512 -7852
-6872 -6964
1951 14450
7440 -5408
19733 -8192
-9723 -14334
10652 585
-11143 10027
-11767 -326
16160 -12415
16259 -17041
18776 -17967
-785 2897
-4325 1525
-10320 12346
-3626 -14808
-15506 9502
-1772 6445
3952 -14332
-18963 3685
-2525 -8686
9351 -11872
11898 18208
18155 -19868
-2118 14315
-12283 -5859
-1364 -16754 8087 8245
43 45 49
18115 3985 17834 3198
8254 -15304 8378 -15547
7449 7748 7258 7324
-13650 7110 -14606 6798
-586 18130 -990 18106
-2881 -13082 -2519 -12527
-15672 13037 -16308 13038
2958 18175 2858 18284
3161 11775 3483 11376
15471 -10514 15829 -10308
16234 -15843 17017 -16707
10267 15705 10091 15215
14837 7974 15322 7603
13892 -2910 13077 -2004
-8872 -8571 -8966 -7882
-9395 15321 -9597 15993
8098 -16718 7371 -16477
-8232 11977 -8785 11398
15134 -14636 14691 -14299
-17929 7243 -17082 8080
-3782 6304 -4315 5836
-15604 -6625 -16165 -6913
3804 6548 3205 7254
2870 3771 3248 3348
6054 12361 6872 13246
5340 -13969 4647 -13891
-9604 -2587 -10189 -3036
-14343 -14038 -14955 -13992
11267 -2760 11845 -1988
9615 -18679 9099 -18973
6869 -2201 6281 -2688
-17429 15009 -17339 15410
8371 -1752 8658 -2030
-10313 -14935 -11095 -15233
-9973 -7483 -9225 -8415
8757 6206 9597 6173
6527 -12855 7200 -13150
3944 -17374 4162 -17084
16635 -13154 16327 -12838
4094 18589 3132 17977
10863 15905 9918 14934
-18029 -13809 -18298 -14283
-2293 -9887 -2699 -10547
15319 -10750 15626 -10600
-4604 -367 -3749 598
1326 1455
5112 -1163
7609 18945
-14839 -8081
18513 -14082
-319 9948
-17339 785
10527 -16317
6249 -14848
-5793 -16164
-5255 6094
-9358 -9128
14779 16788
13869 -10067
-3598 10969
-10761 17728
-7576 14351
-3435 -19967
13296 1726
-8048 11809
7643 11632
1758 10304
-7583 -7715
13987 18666
-2563 -11806
-17498 12182
14288 -6856
-16946 9066
-10069 16924
18999 6333
7893 -11762
4061 -19683
-17412 -19374
-19650 15885
2352 -7698
7694 -10005
-16066 -10549
-19702 -3649
1736 14285
-4984 19173
-17521 -2482
11356 16766
10662 14410
5833 -19407
11334 4832
6927 -773
13069 -9012
-456 15658
-8386 -106
-4230 -3018 16097 9618
27 48 43
-14954 -7145 -15433 -6218
7121 -9883 6172 -10632
-18095 16898 -17311 17666
3439 15455 3774 14878
3035 -13374 2111 -12665
5193 16320 4483 15588
8285 18774 9163 18172
-15463 13000 -14631 12399
-13144 -12284 -13818 -11601
-3167 -11831 -2233 -11950
-13931 13633 -14282 14081
10088 18693 10958 18384
-13679 17984 -14279 18537
15305 -5893 16126 -5651
-6119 13284 -5479 13148
7284 8965 7547 9657
15681 11198 16056 10857
18368 5860 18908 5094
494 -15413 1175 -15856
-15719 10484 -15471 9937
9469 12307 8475 12611
-12586 15722 -13040 15738
10007 -15480 10887 -15570
12486 2714 12088 3197
-5087 18553 -5946 18252
5414 12937 5347 12248
16524 -7336 16392 -8294
-15851 -16800 -16356 -16136
14507 -9475 14475 -10374
-12752 9762 -12635 10618
13282 -68 13048 288
-16353 6981 -16514 6853
6535 -378 7106 -749
-6440 -9440 -6500 -9909
2224 15350 1797 15633
17551 1300 17498 1987
10824 17387 11613 18286
8150 -1799 8904 -1671
17133 -9124 16617 -10083
16857 6141 16770 6372
-13236 -9818 -12376 -9854
-258 -3796 237 -4692
-7445 -17698 -7059 -18166
-14278 -18851 -14673 -18173
-1650 -12171 -1844 -12356
-2295 5510 -2439 5277
-7348 14606 -6350 14523
-14211 16302 -13330 16540
-6835 7527
6840 5328
8898 -5432
15967 -8362
1236 -19647
5772 6207
-19490 17878
-242 -1227
-14933 15871
15073 2651
1671 -7806
17981 13936
-12430 17937
-7731 -7390
15098 -10109
17380 -11737
17418 4221
13591 6317
18789 9558
17954 25
9910 3726
-13769 10420
1604 5989
-10807 6671
1860 -15734
-10678 -16469
-3539 -12696
17468 4030
-14759 -10263
16641 -19661
-372 14021
-11399 -2954
-1758 -17808
-16637 -2970
11750 -18683
17055 1660
5043 -16714
-7919 -13352
9276 1274
13319 -8864
5540 -17359
-5333 -17999
-10056 -7865
-6985 -12408 10936 11336
35 26 35
3918 -1382 4665 -1066
1813 -7635 1716 -7474
-10432 18740 -11019 18355
-7783 -4830 -8704 -4176
-11177 -6920 -11246 -7376
7013 591 7054 1567
-12679 15204 -12610 15670
-8048 2744 -8747 3527
-17637 -18097 -17538 -17930
-6731 -18964 -7403 -18867
18776 -4904 19488 -5325
9266 15027 8499 15926
-10891 3113 -11448 3909
-15295 9201 -14523 8729
5405 -3015 6399 -2154
18729 -13399 19373 -14341
-12495 -4898 -12270 -4910
-4862 10509 -5777 10241
-13395 15136 -13084 15919
11165 10332 11847 9346
-5553 -16615 -4743 -16712
11585 11062 12015 10956
-10953 8063 -11198 7472
13664 -11420 13131 -12358
2682 13138 2732 14023
4648 2554 4266 3094
-1377 18576
6448 -9624
9453 93
-9335 -16393
2604 -13128
1662 -5201
18517 -9729
12686 -13012
18760 -12208
-4826 13144
-4229 4511
14376 18595
-1659 -4631
16301 -16766
18058 -11345
14028 -3319
-12770 476
7056 16683
-19431 17721
-19710 3173
-15407 1952
17972 -16890
12224 10658
-9902 10983
18450 5273
4127 -5779
-10216 -1497
-7184 8125
13872 -10884
11360 11930
-2229 5387
-11390 5002
-14137 15667
1685 -13568
13388 1975
-5198 -1010 1964 13788
26 48 36
-8370 6777 -8536 7600
-8302 10361 -8990 10849
-15464 13652 -15282 13294
5444 -4212 5975 -4656
3967 -4169 3816 -4177
16431 3243 16093 3207
-6632 -8349 -6472 -9319
-7312 -618 -7370 -443
-12840 14742 -12842 14629
6103 5891 5479 6398
544 10589 -307 9904
-12623 12916 -12752 13460
-10252 13683 -10715 13008
-2074 3765 -1785 4307
14417 -10474 14989 -11100
7907 -9247 8456 -8507
-13504 -8618 -13876 -8007
16273 60 16391 -55
-8350 5077 -8150 4973
-1006 -17641 -1565 -17233
15042 -431 15775 -748
-15665 409 -16441 1343
8935 15127 8243 15014
-13119 16282 -13492 15881
-11334 4837 -12125 4097
-14102 6217 -13957 6035
-7705 -12433 -6990 -11891
-11074 -16051 -11125 -16842
2517 -6044 2409 -5736
13365 2204 13607 2378
-1668 10462 -2608 10684
7745 -5943 8566 -5132
17893 -18433 16964 -19233
6783 4111 6801 5063
10678 -5083 11171 -4104
-2134 -10597 -2946 -11577
2358 1514 2686 1342
-15281 -8159 -16280 -8051
-16696 -17828 -17366 -17299
-4771 -16145 -4431 -16454
-15579 7814 -15689 8351
-7074 17256 -6585 16446
-6826 -346 -7657 182
8057 -12215 8606 -12667
8300 -2340 8676 -1707
8501 7168 8242 7737
8340 1336 8438 524
4191 -10681 4070 -10280
16983 15379
-1244 -10462
13545 -11470
-6668 -13640
8167 -3288
16928 -3351
3855 7901
7614 -7408
-14562 -4869
-14755 14388
-17323 57
5763 11457
-18536 -12283
15216 5876
-3526 -7212
-6110 -6542
-11833 12646
2995 -18288
-18824 16328
-11928 9343
-6960 -15000
-14009 16895
12901 13605
-10513 18339
-11263 -5269
12727 -8586
14788 -1510
-17129 16253
6207 18087
2129 -17319
-9125 16019
-3861 -957
8665 19134
755 9842
15462 8826
-816 -11498
-3088 -7413 2699 13363
37 34 41
7141 9133 7031 10080
4182 15469 3272 15502
2365 18894 1504 19153
-8773 17863 -9707 18353
7095 -18577 6623 -18711
15111 18418 15936 17638
12554 1587 12044 1584
-18570 4454 -19320 4853
-5412 2663 -5067 3598
-868 8269 -900 7348
8164 2039 8501 3007
903 7657 1361 7078
8079 18742 8366 18963
18162 2114 18603 2731
-15298 17695 -15684 16912
3150 -2579 3766 -1698
-18915 -740 -18099 -781
-11470 -4096 -11432 -3270
16943 -11871 17737 -11932
14785 4795 15145 4998
4539 -6710 3963 -6515
14404 16438 14216 17391
15135 8081 14306 8043
-13496 14943 -13653 14237
-4796 -6465 -4543 -6321
8439 -13476 8409 -13140
-6347 -4484 -7072 -5040
-18688 12076 -18040 12331
-13632 -17636 -14182 -18595
17802 4972 18796 5706
-5945 -15880 -6249 -15903
18063 10250 18334 9948
-15214 -9045 -14372 -8402
-3521 -3569 -3542 -3088
11524 5096
18496 11852
-2191 11449
-3041 3459
12885 5962
4273 11625
-8803 4147
6296 4939
7432 -19783
-15525 6447
11007 9894
-19587 14993
-19627 17258
7862 -3333
-6499 -12548
-13720 -14975
12548 -15224
16877 -9644
16225 -6165
13815 9110
19798 -1912
735 -9005
-17765 -12969
15934 9667
-12752 -19591
-3886 18255
10302 -3473
13248 10675
-6215 1110
-12658 7287
8562 -6378
12312 1109
-1602 9188
11466 -5376
-16976 5281
-16266 -17178
-16630 4468
-6184 -14395
11499 -10250
15272 18748
-9841 -8614
-1499 -19769 13956 15125
44 26 32
17554 8536 18550 8141
1232 980 1757 504
-7127 -14133 -7452 -13244
-10586 -3486 -11529 -2820
9639 -12584 9880 -11589
-17075 3394 -17572 3065
547 -9009 -387 -9468
-17429 -16126 -17320 -17119
11410 2005 11022 1670
-16014 -16403 -15824 -16621
-11536 16438 -11865 16274
-6047 -5159 -6545 -5970
1258 14121 442 14289
-1485 -5952 -647 -5001
4039 17184 3531 17479
-17941 11426 -17639 12082
-5569 17357 -6247 17221
-18045 9716 -17399 9159
7155 -12973 7434 -13915
868 14834 115 13946
9955 -10804 10234 -11358
2244 2235 1641 1566
420 -2118 1046 -2040
-9691 -1370 -9957 -1173
-3011 1061 -3950 953
-8222 13435 -7887 14379
-19513 -7727
-19955 1401
-12111 -15007
3640 18369
-6379 -10770
-12714 15985
11583 -4783
-17400 -7975
12988 15121
13583 -17213
-6321 -11734
6725 10510
9384 7944
-11655 -19270
2087 15043
19607 2574
-12684 19652
-16025 -4795
-15355 7615
-6427 -1733
16845 860
-5749 8428
16077 -3149
-19547 9066
-8028 14036
11853 5651
-17698 -1422
-3839 11686
-13478 4507
12415 8609
-451 12023
-8817 6865
-4163 -12422 1036 18159
27 35 34
18636 15677 19078 16079
11951 -13595 12376 -13513
-2222 2409 -2547 1575
4596 11473 4570 11299
17670 -15218 17117 -14858
3353 -18086 4273 -18566
12004 -6128 11627 -5680
-3493 7703 -4316 7500
4382 11763 3581 11623
17168 11863 18110 11650
-4728 -7277 -4776 -6284
-14803 17594 -14984 16745
-16623 5058 -16112 5360
5972 8189 6793 8135
-16937 -10551 -17543 -10626
16153 -8147 16875 -8066
10365 16767 10246 16064
-9509 15826 -10219 15546
14421 2073 14292 2957
-11868 -11726 -11682 -11036
15464 136 15100 1058
8585 568 8432 870
11422 -8190 10805 -7398
-9687 -12855 -8801 -13819
-15086 -4442 -15754 -4736
-7615 -7176 -7189 -7818
13896 -13348 13138 -14241
-6074 8135 -5277 7629
-10728 -10784 -11311 -9897
8784 5014 8973 5078
15824 10873 15679 10196
17018 -4928 16377 -5826
9630 -5867 9437 -6761
5956 -14568 5420 -14523
-8916 -5572 -8764 -5361
-17301 -1034
14107 -8593
7615 -17559
-10847 -3138
7719 12940
18133 4377
4385 -4764
10838 2300
10049 18013
4334 186
-8163 -19521
2307 18107
-14856 11594
-994 -4241
-14270 -17958
19981 -11571
1007 14087
-163 -11378
16529 8989
5484 4248
1929 3617
-11375 -13686
18853 19463
8614 8901
17476 -7052
-10913 -10687
-6573 11395
-12580 -1429
2989 6426
14331 8719
8468 14311
17148 -10525
8399 -3015
-1903 4927
-17013 -18210 4588 13951
42 36 46
5748 -2600 5890 -2852
-4998 14990 -4796 15193
-10254 -4338 -9680 -3949
17501 -1998 17606 -1641
-12953 -3401 -12738 -3609
-14422 -17789 -13725 -17302
-12114 16641 -11168 17399
4480 -3114 4948 -3576
13285 -7409 13571 -7973
-11418 -9729 -10779 -9870
4933 4034 4181 4215
-16963 6720 -17425 6145
-15680 14294 -15463 13710
15505 -1628 16408 -2449
-3986 16132 -3050 15158
-5982 7687 -6418 7071
-18721 16157 -18900 15571
-12571 -10270 -12298 -9672
12765 9906 12544 10685
-2372 6016 -3167 6066
1311 8019 1777 7904
-12608 7003 -12544 7130
4136 -2 4289 901
-11314 13626 -12027 13045
10784 2053 10617 2959
10783 -16984 11287 -16745
11922 -13627 11941 -14124
11389 4240 11942 3908
-6740 345 -6186 327
-11651 -7270 -12543 -6665
11728 4962 12235 3984
-411 15100 -970 14646
-1846 5206 -2394 4676
7222 18163 7932 18171
-14464 -5159 -13954 -4321
18081 1195 17588 792
-18377 -18793
11573 -10641
-6445 13742
-18551 -14099
-1034 11598
-13662 18534
7494 -4841
-10546 -14448
-19360 -1506
-5039 8242
-2387 -10840
-11605 2388
3730 18602
-848 2763
-140 9285
14702 1483
10492 6276
10842 -15953
17 12291
-10052 18983
3889 -3714
17517 -8617
11445 -13030
-3066 12085
5464 11895
328 -16923
-18945 8723
5465 4785
7324 -15383
-12452 -12816
13902 -17750
8667 4394
8526 -491
8441 -11457
-8201 18389
-12474 15688
-5325 -14957
-12929 -13879
-7987 4005
18206 17477
-4100 -1466
-19446 -3045
-12743 6019
-18261 14581
10636 -10713
-18235 4538
-14232 -4785 4467 33
31 48 30
1653 14974 1460 14845
-9084 1116 -8859 944
12528 -10922 12266 -10389
4183 12634 4744 11702
-18472 -2624 -19317 -1867
-11520 -7235 -10675 -6614
3725 6968 2792 7167
16411 17780 17041 17731
13754 -10712 14576 -11466
9404 896 9478 1050
8974 15429 8662 15122
9064 -14276 8824 -13771
2099 -1609 2361 -1105
10157 2031 10282 1762
-10000 3645 -9070 2982
2426 10631 2714 10483
18918 2100 19016 2591
-16003 -15744 -16358 -15114
18685 6322 18008 6783
11046 1579 11011 1271
18971 -14682 18167 -14149
6349 6095 5613 6903
-9259 -15318 -10114 -14678
14312 8239 13804 8988
-8660 11202 -8420 10904
14458 16813 13790 17558
4136 -6560 4341 -6761
14020 -15759 14511 -15023
-11441 13055 -11171 13787
150 10133 690 10654
13815 13019 13976 13499
2259 12409 2489 13072
4612 -10082 3977 -10078
-12268 -5753 -12520 -5181
6688 18114 6059 18204
-16644 16382 -16818 15904
10437 -17177 9691 -17620
11956 15082 11034 15438
9103 4541 8940 4139
-2049 -17736 -2788 -18601
-8818 -7099 -8679 -7209
6149 16854 5611 16530
15970 -3164 16736 -2199
-5781 -7752 -6295 -8507
-5928 -4933 -6126 -5616
-8850 -2273 -8176 -3260
-16731 -9295 -17120 -9283
-8031 -2420 -7884 -2307
9981 -14292
-19930 -3546
-16550 -10684
9967 -19739
5987 5280
19553 19902
17121 -10718
-15196 -9119
4089 853
-2773 14774
18461 -9296
15041 -19151
919 -12731
1081 12466
4722 -15987
-5270 -5297
-10279 -5200
11157 -6829
4116 1124
-6568 -9897
-13596 -7015
-9996 -16476
2266 -5192
-5595 -13644
15661 11632
-18871 14121
-17664 16170
14970 3255
-16561 -3948
-4279 8162
-9968 -4775 1433 14892
50 50 50
-14012 13320 -14864 13788
-4612 -3432 -3639 -3355
8903 -10000 9157 -10418
4067 18504 3967 18501
10555 -833 10258 -161
-4471 -10417 -4636 -10480
4831 11802 4176 11060
2731 -9728 3478 -9322
-15408 16996 -15533 16942
-5435 -2886 -6411 -3703
6114 5272 5879 4808
4777 12620 5310 12427
-7212 -14511 -7733 -14126
-5929 5976 -6607 6918
-1220 -6336 -2020 -7256
2936 17985 3422 18329
15982 -12151 15272 -12596
3963 -13039 3701 -13509
11234 9545 11300 9388
3166 -7612 3816 -6825
-3124 -16545 -2952 -16021
8431 9386 8897 8766
-15949 12648 -16490 12963
11634 17954 11293 18408
-13196 -975 -14187 -461
4986 -4814 4031 -4960
-14268 2106 -13572 2522
13493 6578 13696 6124
9033 -11876 8102 -11957
16510 10171 16809 9201
3820 14401 4165 14214
13356 -18935 12623 -19927
-910 -13758 -387 -14543
428 10774 496 11046
-6119 -4469 -6432 -5081
-16890 16910 -16956 17497
-13965 65 -14459 -801
-8764 15289 -9600 16029
10691 9657 10244 9923
9722 -3413 9996 -3949
1829 -3862 1507 -4743
-12087 14188 -11697 14230
-9280 -17523 -8850 -17900
18387 -12085 17596 -12852
6980 -5414 6347 -4508
-9124 -8922 -8478 -9839
-18264 -15213 -17916 -14662
373 -7174 -613 -8058
7964 -5837 7199 -5054
-10648 11879 -10823 11830
14059 -14903
11477 13415
-7624 15662
18072 19724
-10036 -14591
17847 360
-3982 10767
2011 -3206
14753 -11024
-12196 -4853
1425 -11909
-2534 -10191
1947 2162
-14530 10739
-5334 1967
-10237 -11274
7064 -18760
-17859 19441
16902 -19787
19165 -13134
-14378 17012
7225 1641
7779 -10764
18434 2533
-1788 -13762
17680 19636
-5671 -4854
-10555 16276
17307 -5086
7015 -8026
16882 16778
699 3946
18019 2841
3387 14921
3054 2551
-18214 8676
-437 9011
-9683 -12657
18247 -11249
9876 -3541
-5011 7555
-3905 9317
-17299 5540
5594 -19992
-19546 -7391
-8018 17336
-10613 12681
1282 -12594
-4478 -15331
-17673 18575
-6391 -17944 13625 3392
10 50 50
12467 16689 12173 17258
-12997 -15198 -13605 -15133
10979 3729 10510 4442
-10008 15406 -9295 14902
-10614 -13065 -11251 -13154
17982 8110 18263 7833
12545 7549 12196 7570
11456 -18736 11816 -18477
16953 -17731 16781 -18523
-13929 4166 -13655 5011
-11105 15291 -10547 15180
11698 5147 12083 4204
11083 14204 11051 14734
3315 -14272 2567 -14437
12277 -1831 13133 -1582
-1567 4115 -2059 3925
5384 6386 5402 6936
-8447 -13458 -8052 -13487
-17166 -900 -16306 -188
-14752 4647 -13983 5454
-148 -4995 189 -5828
-267 11193 -265 10825
-9637 -2704 -8756 -2294
-17588 -11595 -18368 -11237
13791 4528 13699 3809
10069 -13244 10321 -12617
4856 2129 5195 2608
-12222 2053 -11936 2402
16058 -7164 16574 -7333
-14970 -9172 -14507 -9467
7124 6549 6239 6998
13953 -12625 13760 -12165
10902 13583 11644 13687
-18660 -117 -18930 157
-16987 -17687 -17234 -18224
3366 -18260 4178 -18238
-6424 6219 -5570 6093
16047 6021 16626 6241
-6429 13188 -6760 12584
-18436 9041 -17580 9645
3625 11360 3332 11569
-7756 8317 -8274 8015
9630 4465 9790 4149
5205 -531 5911 405
-13311 10641 -13501 9785
-2336 -11613 -1972 -11074
-17423 -18380 -16488 -19267
9661 15031 10377 14730
7392 -10952 8300 -9971
16365 -11583 16044 -11215
12509 16781
-18954 -2011
-3778 15176
-3293 2211
6378 12906
5092 -16081
-19318 -7634
14693 -17658
-6982 13389
-15405 -16812
9212 18919
-2825 -3006
-12609 -4663
-3388 -15382
3144 10185
11983 -4347
6967 13029
13642 -16811
8205 -9651
5400 -5417
-16745 -9508
-1498 -16064
2857 -6805
-13722 15875
-13416 -9127
19063 15796
-10207 -3762
-7210 -2816
11575 9403
1802 -5281
-412 -6216
10372 -13445
-13187 4014
-10256 15018
14363 15144
-10399 17618
-14365 8103
-18446 8493
-18702 -12168
4368 -12118
-1295 3432
-16322 8498
19670 -3532
-14318 11245
-14129 7483
-14036 5459
-18733 16336
12014 -11920
350 -18242
-16902 -5287
-1550 -13651 6166 1269
