810 809 100
1 2 12272
1 3 49184
1 4 2766
1 5 9071
1 6 85412
1 7 53465
1 8 29698
1 9 247
1 10 5277
1 11 14164
1 12 46816
1 13 54961
1 14 91433
1 15 68205
1 16 55953
1 17 92
1 18 3373
1 19 88733
1 20 80121
1 21 24316
1 22 42394
1 23 69972
1 24 33008
1 25 95368
1 26 73014
1 27 95253
1 28 51896
1 29 71736
1 30 20066
1 31 58725
1 32 98341
1 33 58487
1 34 26823
1 35 96867
1 36 94462
1 37 20845
1 38 65230
1 39 12648
1 40 53167
1 41 89671
1 42 57216
1 43 89774
1 44 53710
1 45 75830
1 46 66521
1 47 1065
1 48 10541
1 49 13055
1 50 92663
1 51 52213
1 52 11683
1 53 61120
1 54 84514
1 55 36293
1 56 55595
1 57 39467
1 58 51195
1 59 7557
1 60 71630
1 61 99152
1 62 71579
1 63 40275
1 64 55893
1 65 19712
1 66 2783
1 67 3148
1 68 23802
1 69 26279
1 70 29164
1 71 70118
1 72 26547
1 73 61808
1 74 31597
1 75 32820
1 76 67098
1 77 17352
1 78 51042
1 79 91654
1 80 67628
1 81 49751
1 82 42388
1 83 99847
1 84 2932
1 85 83475
1 86 29732
1 87 87200
1 88 73558
1 89 10088
1 90 98262
1 91 30748
1 92 67459
1 93 32532
1 94 45085
1 95 8979
1 96 60370
1 97 70740
1 98 61241
1 99 24030
1 100 65171
1 101 1239
1 102 30440
1 103 86508
1 104 20289
1 105 60633
1 106 78619
1 107 59780
1 108 9686
1 109 89816
1 110 97793
1 111 87377
1 112 43242
1 113 99692
1 114 47138
1 115 604
1 116 91482
1 117 81433
1 118 45165
1 119 14435
1 120 59098
1 121 12796
1 122 35344
1 123 60137
1 124 1390
1 125 26445
1 126 67840
1 127 15806
1 128 15870
1 129 85979
1 130 10412
1 131 34301
1 132 32342
1 133 3419
1 134 56014
1 135 36319
1 136 4216
1 137 99980
1 138 22832
1 139 26442
1 140 67665
1 141 24629
1 142 86230
1 143 70452
1 144 43853
1 145 43801
1 146 56198
1 147 22170
1 148 18099
1 149 91388
1 150 33117
1 151 31983
1 152 46298
1 153 14308
1 154 95694
1 155 8319
1 156 45195
1 157 13693
1 158 37032
1 159 69341
1 160 55199
1 161 91066
1 162 73271
1 163 87074
1 164 25984
1 165 87061
1 166 94281
1 167 78201
1 168 99317
1 169 23572
1 170 45476
1 171 63235
1 172 90718
1 173 43907
1 174 85170
1 175 30738
1 176 20308
1 177 90218
1 178 83568
1 179 54658
1 180 41071
1 181 22169
1 182 53024
1 183 35810
1 184 99936
1 185 45815
1 186 433
1 187 20736
1 188 22276
1 189 66105
1 190 54552
1 191 60316
1 192 50373
1 193 59824
1 194 74945
1 195 27992
1 196 13844
1 197 1016
1 198 12491
1 199 4729
1 200 52965
1 201 13777
1 202 86948
1 203 8912
1 204 27425
1 205 44059
1 206 65387
1 207 48137
1 208 39732
1 209 32402
1 210 27611
1 211 27441
1 212 59695
1 213 5423
1 214 86535
1 215 550
1 216 95898
1 217 31901
1 218 93427
1 219 74393
1 220 40526
1 221 37848
1 222 67383
1 223 80741
1 224 91437
1 225 16334
1 226 93242
1 227 83131
1 228 11094
1 229 52248
1 230 26695
1 231 81210
1 232 4197
1 233 31489
1 234 8780
1 235 8395
1 236 55636
1 237 8945
1 238 82496
1 239 75887
1 240 54641
1 241 33462
1 242 6079
1 243 52941
1 244 33497
1 245 32162
1 246 26397
1 247 59738
1 248 12810
1 249 97548
1 250 30229
1 251 38800
1 252 9576
1 253 62556
1 254 89501
1 255 42198
1 256 36527
1 257 4353
1 258 87834
1 259 13840
1 260 89608
1 261 94209
1 262 69097
1 263 35821
1 264 33930
1 265 85913
1 266 32025
1 267 75961
1 268 90780
1 269 6584
1 270 35371
1 271 34985
1 272 38463
1 273 68063
1 274 69788
1 275 50974
1 276 22948
1 277 1947
1 278 88739
1 279 33309
1 280 69162
1 281 87856
1 282 93719
1 283 3800
1 284 75873
1 285 58513
1 286 39005
1 287 20104
1 288 25684
1 289 13644
1 290 95502
1 291 37892
1 292 15895
1 293 17243
1 294 33821
1 295 96487
1 296 54896
1 297 39981
1 298 83438
1 299 30503
1 300 97273
1 301 31516
1 302 49157
1 303 41672
1 304 79534
1 305 3298
1 306 18540
1 307 30185
1 308 70030
1 309 21056
1 310 2630
1 311 38873
1 312 72405
1 313 37148
1 314 2725
1 315 75669
1 316 10659
1 317 89243
1 318 74436
1 319 17775
1 320 7237
1 321 5517
1 322 41016
1 323 76339
1 324 64515
1 325 79587
1 326 34708
1 327 85493
1 328 3363
1 329 78993
1 330 38484
1 331 83501
1 332 31788
1 333 65071
1 334 58577
1 335 96610
1 336 70765
1 337 96928
1 338 39871
1 339 53961
1 340 89292
1 341 38151
1 342 63034
1 343 21290
1 344 98732
1 345 37218
1 346 69060
1 347 71525
1 348 32343
1 349 33406
1 350 14359
1 351 35072
1 352 56863
1 353 70594
1 354 64741
1 355 45965
1 356 79873
1 357 97795
1 358 79978
1 359 4707
1 360 50311
1 361 59490
1 362 91349
1 363 45003
1 364 62743
1 365 87959
1 366 98170
1 367 54665
1 368 39269
1 369 33431
1 370 72394
1 371 77261
1 372 52298
1 373 37061
1 374 50879
1 375 124
1 376 24859
1 377 2355
1 378 10854
1 379 45786
1 380 88709
1 381 82970
1 382 34000
1 383 55646
1 384 46597
1 385 68676
1 386 12173
1 387 14828
1 388 2694
1 389 69611
1 390 89151
1 391 74914
1 392 64819
1 393 3407
1 394 23666
1 395 23048
1 396 91362
1 397 35720
1 398 72680
1 399 71946
1 400 24427
1 401 40143
1 402 77227
1 403 44344
1 404 64744
1 405 50732
1 406 30738
1 407 1677
1 408 57726
1 409 83723
1 410 89505
1 411 17176
1 412 37275
1 413 76210
1 414 63306
1 415 13080
1 416 60404
1 417 52829
1 418 82413
1 419 87703
1 420 32580
1 421 70932
1 422 78519
1 423 98603
1 424 9770
1 425 57776
1 426 45438
1 427 65924
1 428 95459
1 429 32817
1 430 46554
1 431 95803
1 432 12397
1 433 87585
1 434 95344
1 435 34437
1 436 27651
1 437 55533
1 438 5333
1 439 27856
1 440 54199
1 441 9403
1 442 4459
1 443 10482
1 444 77733
1 445 54124
1 446 94757
1 447 29809
1 448 55366
1 449 38755
1 450 70230
1 451 97067
1 452 21833
1 453 83309
1 454 50167
1 455 36406
1 456 54315
1 457 88505
1 458 89789
1 459 38324
1 460 77077
1 461 43963
1 462 85244
1 463 81641
1 464 72071
1 465 31272
1 466 82890
1 467 27800
1 468 30722
1 469 42500
1 470 9
1 471 29296
1 472 94920
1 473 59651
1 474 2969
1 475 26085
1 476 31992
1 477 63492
1 478 16607
1 479 9235
1 480 73211
1 481 4479
1 482 4833
1 483 10950
1 484 95603
1 485 65480
1 486 67133
1 487 45983
1 488 64347
1 489 87340
1 490 83821
1 491 94535
1 492 77652
1 493 6718
1 494 27193
1 495 94437
1 496 31561
1 497 78058
1 498 39157
1 499 66626
1 500 21246
1 501 64488
1 502 68493
1 503 93999
1 504 48278
1 505 23752
1 506 49104
1 507 61998
1 508 58312
1 509 93763
1 510 50382
1 511 83064
1 512 13552
1 513 88974
1 514 76933
1 515 3600
1 516 42218
1 517 25841
1 518 53762
1 519 37597
1 520 28088
1 521 26078
1 522 42072
1 523 74708
1 524 20986
1 525 79160
1 526 59905
1 527 37584
1 528 33172
1 529 10163
1 530 52581
1 531 26431
1 532 6297
1 533 83888
1 534 76230
1 535 98702
1 536 59034
1 537 63198
1 538 68402
1 539 28955
1 540 98040
1 541 89262
1 542 81975
1 543 41376
1 544 28849
1 545 29414
1 546 68369
1 547 66734
1 548 12580
1 549 8928
1 550 86063
1 551 23513
1 552 28059
1 553 21153
1 554 14597
1 555 63508
1 556 1466
1 557 62917
1 558 65892
1 559 17349
1 560 54837
1 561 85737
1 562 13051
1 563 45941
1 564 20592
1 565 61723
1 566 33609
1 567 95584
1 568 52870
1 569 69385
1 570 17698
1 571 63568
1 572 95607
1 573 21313
1 574 10732
1 575 54296
1 576 27991
1 577 67202
1 578 7729
1 579 468
1 580 70147
1 581 25032
1 582 43717
1 583 70825
1 584 73626
1 585 14648
1 586 94208
1 587 54894
1 588 87637
1 589 42610
1 590 83838
1 591 31513
1 592 67062
1 593 26807
1 594 53910
1 595 6969
1 596 5634
1 597 44767
1 598 14824
1 599 89788
1 600 40609
1 601 9436
1 602 82548
1 603 16190
1 604 91720
1 605 68695
1 606 69735
1 607 1366
1 608 95308
1 609 42663
1 610 54416
1 611 5836
1 612 29409
1 613 17534
1 614 59219
1 615 42997
1 616 6432
1 617 73020
1 618 77814
1 619 28325
1 620 34137
1 621 31665
1 622 69351
1 623 29059
1 624 24784
1 625 79895
1 626 64378
1 627 74625
1 628 25353
1 629 56493
1 630 96201
1 631 45485
1 632 61681
1 633 19594
1 634 78918
1 635 20017
1 636 76316
1 637 55181
1 638 56105
1 639 21381
1 640 69126
1 641 282
1 642 37716
1 643 65746
1 644 94056
1 645 3500
1 646 9371
1 647 66388
1 648 94601
1 649 81098
1 650 65346
1 651 5722
1 652 46984
1 653 4087
1 654 24433
1 655 52107
1 656 19337
1 657 64315
1 658 36186
1 659 95602
1 660 48710
1 661 8547
1 662 43250
1 663 12002
1 664 78353
1 665 61573
1 666 27321
1 667 76578
1 668 13642
1 669 79483
1 670 85735
1 671 17342
1 672 69065
1 673 38442
1 674 44570
1 675 91833
1 676 65122
1 677 68901
1 678 10579
1 679 78892
1 680 18613
1 681 45138
1 682 49502
1 683 24106
1 684 86015
1 685 62902
1 686 53890
1 687 17251
1 688 36594
1 689 73525
1 690 61138
1 691 28099
1 692 65671
1 693 82211
1 694 42541
1 695 33727
1 696 80670
1 697 22200
1 698 46048
1 699 60640
1 700 31683
1 701 29888
1 702 90742
1 703 39647
1 704 39643
1 705 59194
1 706 16137
1 707 26311
1 708 53689
1 709 4003
1 710 62877
1 711 24005
1 712 49154
1 713 86299
1 714 12584
1 715 22827
1 716 33943
1 717 6188
1 718 51622
1 719 97648
1 720 31990
1 721 94625
1 722 87075
1 723 57271
1 724 10907
1 725 93068
1 726 31110
1 727 10551
1 728 75513
1 729 42176
1 730 34566
1 731 13640
1 732 37331
1 733 81013
1 734 2003
1 735 80341
1 736 41115
1 737 11016
1 738 91823
1 739 65194
1 740 9500
1 741 4468
1 742 2520
1 743 1275
1 744 73552
1 745 33342
1 746 51464
1 747 1389
1 748 18007
1 749 89339
1 750 84278
1 751 10292
1 752 52912
1 753 31270
1 754 65077
1 755 24755
1 756 89154
1 757 2622
1 758 72491
1 759 96627
1 760 81286
1 761 63263
1 762 28242
1 763 54267
1 764 36395
1 765 62766
1 766 81607
1 767 6331
1 768 77768
1 769 3827
1 770 99155
1 771 23216
1 772 61519
1 773 51393
1 774 39896
1 775 86421
1 776 70478
1 777 50580
1 778 22109
1 779 19876
1 780 55001
1 781 54103
1 782 97398
1 783 12483
1 784 4684
1 785 20189
1 786 77762
1 787 1843
1 788 32778
1 789 7706
1 790 7457
1 791 75850
1 792 53169
1 793 65406
1 794 58556
1 795 24310
1 796 67167
1 797 30083
1 798 56297
1 799 93422
1 800 96830
1 801 42086
1 802 69827
1 803 17785
1 804 53590
1 805 13383
1 806 52420
1 807 10595
1 808 51573
1 809 74318
1 810 49394
549 748
618 509
130 151
299 267
146 36
695 701
414 695
512 112
233 161
16 305
351 228
427 137
589 538
228 87
526 103
20 25
607 160
91 467
355 704
252 521
572 701
41 100
228 400
272 606
375 743
14 490
523 217
24 223
666 395
456 648
565 667
691 465
641 179
552 453
595 560
417 584
491 124
677 765
29 600
234 502
151 131
382 265
296 239
429 636
3 382
157 525
695 43
150 449
733 51
726 707
591 603
510 567
295 131
741 341
514 755
675 17
57 511
572 18
745 178
155 581
289 724
436 782
325 534
136 137
387 664
517 42
373 144
18 313
186 430
611 338
285 504
398 324
782 93
71 477
314 110
129 327
214 428
411 422
403 471
744 637
364 476
730 627
523 372
185 490
172 792
577 387
319 126
312 346
596 233
589 213
55 426
146 192
584 795
412 474
112 216
314 51
615 691
207 471
344 707
656 64
