4654 4653 1000
1 2 68069
1 3 67230
1 4 25022
1 5 23715
1 6 86466
1 7 65533
1 8 86737
1 9 30578
1 10 19116
1 11 58944
1 12 87420
1 13 29647
1 14 64018
1 15 73228
1 16 10532
1 17 98956
1 18 21805
1 19 18676
1 20 85824
1 21 21826
1 22 45332
1 23 47433
1 24 56256
1 25 50461
1 26 99187
1 27 62586
1 28 90250
1 29 3017
1 30 45487
1 31 2698
1 32 47558
1 33 16925
1 34 95317
1 35 4385
1 36 41781
1 37 42962
1 38 76604
1 39 65684
1 40 26816
1 41 7891
1 42 7844
1 43 79540
1 44 91786
1 45 37170
1 46 44018
1 47 23688
1 48 81104
1 49 81356
1 50 2347
1 51 36110
1 52 45853
1 53 67852
1 54 19635
1 55 14444
1 56 18401
1 57 2253
1 58 91183
1 59 58349
1 60 92355
1 61 18601
1 62 59282
1 63 37761
1 64 95830
1 65 2368
1 66 31043
1 67 79214
1 68 16245
1 69 68487
1 70 89514
1 71 25420
1 72 53598
1 73 98755
1 74 46651
1 75 65707
1 76 12316
1 77 55375
1 78 56721
1 79 54216
1 80 97821
1 81 93863
1 82 17775
1 83 54048
1 84 39055
1 85 23302
1 86 97810
1 87 57453
1 88 8739
1 89 74294
1 90 39967
1 91 29724
1 92 42635
1 93 31794
1 94 41993
1 95 40550
1 96 80139
1 97 90073
1 98 86101
1 99 7950
1 100 47175
1 101 6931
1 102 9258
1 103 91117
1 104 86621
1 105 1309
1 106 42544
1 107 58597
1 108 72530
1 109 18327
1 110 73830
1 111 56160
1 112 22572
1 113 38472
1 114 21554
1 115 82827
1 116 46225
1 117 20108
1 118 60889
1 119 4574
1 120 83663
1 121 5094
1 122 79448
1 123 64324
1 124 72785
1 125 95508
1 126 84443
1 127 2874
1 128 57028
1 129 61274
1 130 25985
1 131 39117
1 132 762
1 133 30651
1 134 30806
1 135 82076
1 136 7259
1 137 86185
1 138 91431
1 139 70749
1 140 33383
1 141 6554
1 142 10101
1 143 8764
1 144 20962
1 145 67452
1 146 20256
1 147 58631
1 148 92842
1 149 46919
1 150 51706
1 151 97486
1 152 13470
1 153 58737
1 154 40372
1 155 29629
1 156 48170
1 157 79411
1 158 95676
1 159 89984
1 160 81604
1 161 75717
1 162 34653
1 163 59140
1 164 28129
1 165 77467
1 166 40663
1 167 89624
1 168 63740
1 169 39236
1 170 65551
1 171 94088
1 172 6216
1 173 52391
1 174 46605
1 175 82530
1 176 41695
1 177 68663
1 178 12890
1 179 40601
1 180 27403
1 181 32537
1 182 63340
1 183 99323
1 184 26570
1 185 46739
1 186 66495
1 187 94585
1 188 11850
1 189 54909
1 190 86402
1 191 96026
1 192 55331
1 193 15506
1 194 95582
1 195 65337
1 196 44890
1 197 32463
1 198 16869
1 199 93269
1 200 68684
1 201 68573
1 202 97950
1 203 87899
1 204 11604
1 205 12702
1 206 44920
1 207 16583
1 208 1068
1 209 2006
1 210 59890
1 211 41318
1 212 60512
1 213 49226
1 214 21200
1 215 69202
1 216 67602
1 217 30813
1 218 97453
1 219 81299
1 220 16292
1 221 26331
1 222 50400
1 223 78333
1 224 16042
1 225 59372
1 226 41250
1 227 15884
1 228 64519
1 229 52295
1 230 49279
1 231 29204
1 232 84485
1 233 84622
1 234 78638
1 235 57830
1 236 79578
1 237 35066
1 238 42367
1 239 20833
1 240 54956
1 241 69626
1 242 78444
1 243 37374
1 244 6075
1 245 84102
1 246 67953
1 247 50491
1 248 69778
1 249 3322
1 250 49749
1 251 32594
1 252 88507
1 253 93817
1 254 1317
1 255 291
1 256 5138
1 257 53595
1 258 91036
1 259 20158
1 260 63138
1 261 68088
1 262 65508
1 263 51269
1 264 73239
1 265 89508
1 266 52071
1 267 38878
1 268 76679
1 269 49337
1 270 90719
1 271 23963
1 272 17550
1 273 1957
1 274 56254
1 275 54543
1 276 85092
1 277 49522
1 278 20213
1 279 34514
1 280 86610
1 281 85154
1 282 77329
1 283 25711
1 284 92288
1 285 7302
1 286 71421
1 287 52677
1 288 99901
1 289 62797
1 290 39764
1 291 96504
1 292 71884
1 293 41432
1 294 43751
1 295 66747
1 296 27741
1 297 39972
1 298 41547
1 299 16320
1 300 97076
1 301 42353
1 302 73883
1 303 80897
1 304 59867
1 305 80547
1 306 59352
1 307 72197
1 308 98993
1 309 42135
1 310 87242
1 311 89853
1 312 26636
1 313 92590
1 314 42814
1 315 87473
1 316 39188
1 317 3925
1 318 68444
1 319 93620
1 320 88358
1 321 73328
1 322 26726
1 323 87451
1 324 8806
1 325 36762
1 326 76336
1 327 8004
1 328 65414
1 329 51518
1 330 45662
1 331 91859
1 332 61530
1 333 83338
1 334 17856
1 335 18236
1 336 86041
1 337 4779
1 338 36926
1 339 47836
1 340 39714
1 341 61976
1 342 10137
1 343 15139
1 344 58703
1 345 2669
1 346 71007
1 347 63842
1 348 92357
1 349 10307
1 350 72986
1 351 66375
1 352 93608
1 353 91983
1 354 56989
1 355 54454
1 356 66803
1 357 66656
1 358 46400
1 359 48236
1 360 95106
1 361 37869
1 362 98767
1 363 74012
1 364 59048
1 365 14752
1 366 92437
1 367 65846
1 368 16491
1 369 57743
1 370 94097
1 371 79532
1 372 1956
1 373 22784
1 374 19376
1 375 5604
1 376 1340
1 377 79738
1 378 11480
1 379 43762
1 380 2256
1 381 79614
1 382 49360
1 383 69781
1 384 36588
1 385 95264
1 386 37421
1 387 17036
1 388 32650
1 389 91777
1 390 70343
1 391 37071
1 392 53604
1 393 65897
1 394 62208
1 395 56786
1 396 72941
1 397 33229
1 398 54338
1 399 33554
1 400 60251
1 401 65174
1 402 4514
1 403 23185
1 404 43862
1 405 4776
1 406 39723
1 407 2362
1 408 93428
1 409 54559
1 410 16815
1 411 90927
1 412 82632
1 413 12339
1 414 27196
1 415 43340
1 416 97780
1 417 44033
1 418 97103
1 419 44129
1 420 20545
1 421 30058
1 422 64492
1 423 46145
1 424 36669
1 425 23176
1 426 48317
1 427 58245
1 428 55579
1 429 3279
1 430 55878
1 431 44179
1 432 34758
1 433 5728
1 434 26373
1 435 9502
1 436 7757
1 437 62238
1 438 86172
1 439 24693
1 440 98717
1 441 5430
1 442 55267
1 443 94686
1 444 10505
1 445 97884
1 446 84220
1 447 53182
1 448 50600
1 449 59532
1 450 60530
1 451 3755
1 452 58573
1 453 97645
1 454 25884
1 455 41587
1 456 70668
1 457 16687
1 458 62667
1 459 28476
1 460 25570
1 461 95795
1 462 28257
1 463 53896
1 464 97376
1 465 75833
1 466 63364
1 467 62562
1 468 17978
1 469 7054
1 470 86766
1 471 72967
1 472 28273
1 473 23418
1 474 70251
1 475 81905
1 476 57106
1 477 28594
1 478 16561
1 479 73137
1 480 73979
1 481 3494
1 482 91316
1 483 70854
1 484 99286
1 485 80853
1 486 97832
1 487 8837
1 488 77234
1 489 7072
1 490 39072
1 491 81388
1 492 35436
1 493 18442
1 494 62851
1 495 47811
1 496 41690
1 497 49880
1 498 71437
1 499 97844
1 500 99122
1 501 79706
1 502 72761
1 503 35866
1 504 24240
1 505 40114
1 506 22726
1 507 21026
1 508 95067
1 509 48002
1 510 493
1 511 95750
1 512 12950
1 513 8941
1 514 68704
1 515 84128
1 516 75021
1 517 48650
1 518 57492
1 519 253
1 520 40339
1 521 18794
1 522 48648
1 523 42915
1 524 6500
1 525 54962
1 526 40966
1 527 31588
1 528 349
1 529 66975
1 530 27151
1 531 7347
1 532 30492
1 533 63291
1 534 73438
1 535 97583
1 536 33680
1 537 22695
1 538 50589
1 539 15723
1 540 90152
1 541 33912
1 542 89251
1 543 2120
1 544 85693
1 545 97417
1 546 17250
1 547 15010
1 548 23071
1 549 72847
1 550 73761
1 551 89443
1 552 53412
1 553 64339
1 554 65379
1 555 26995
1 556 25065
1 557 24815
1 558 65790
1 559 84765
1 560 71555
1 561 67759
1 562 63340
1 563 69531
1 564 15397
1 565 29988
1 566 68742
1 567 49510
1 568 51789
1 569 98472
1 570 82842
1 571 91787
1 572 66991
1 573 4713
1 574 2433
1 575 7519
1 576 15963
1 577 61432
1 578 21579
1 579 75641
1 580 62839
1 581 37213
1 582 89416
1 583 44203
1 584 68489
1 585 43956
1 586 1298
1 587 97791
1 588 8589
1 589 88318
1 590 31798
1 591 47858
1 592 68832
1 593 32017
1 594 20608
1 595 40204
1 596 17473
1 597 59109
1 598 46180
1 599 38585
1 600 7923
1 601 5270
1 602 45570
1 603 35439
1 604 22264
1 605 69442
1 606 84172
1 607 67246
1 608 8331
1 609 95585
1 610 1514
1 611 68888
1 612 77742
1 613 89629
1 614 29718
1 615 77880
1 616 2960
1 617 23745
1 618 60444
1 619 25416
1 620 18534
1 621 8764
1 622 93307
1 623 58979
1 624 44596
1 625 11710
1 626 12031
1 627 52497
1 628 49919
1 629 34150
1 630 79119
1 631 32497
1 632 76787
1 633 20772
1 634 47741
1 635 42299
1 636 83258
1 637 72737
1 638 68057
1 639 24350
1 640 21404
1 641 72853
1 642 56090
1 643 29635
1 644 72961
1 645 38291
1 646 9224
1 647 70502
1 648 34756
1 649 3625
1 650 15669
1 651 24941
1 652 65641
1 653 89926
1 654 53111
1 655 59512
1 656 85880
1 657 53309
1 658 23732
1 659 96425
1 660 952
1 661 3019
1 662 89981
1 663 11427
1 664 58992
1 665 32392
1 666 52760
1 667 53019
1 668 10849
1 669 29723
1 670 27692
1 671 60148
1 672 87259
1 673 55882
1 674 25107
1 675 45841
1 676 40506
1 677 94223
1 678 35423
1 679 82313
1 680 38836
1 681 93685
1 682 40724
1 683 65790
1 684 55198
1 685 15400
1 686 68119
1 687 69166
1 688 99237
1 689 23326
1 690 25389
1 691 78182
1 692 20979
1 693 56296
1 694 149
1 695 92319
1 696 79065
1 697 14472
1 698 17776
1 699 6804
1 700 59910
1 701 77534
1 702 82999
1 703 34909
1 704 25518
1 705 9177
1 706 59058
1 707 21639
1 708 51831
1 709 96987
1 710 87815
1 711 49180
1 712 89224
1 713 79483
1 714 21767
1 715 48648
1 716 93386
1 717 37154
1 718 82614
1 719 3009
1 720 42034
1 721 18089
1 722 7643
1 723 26476
1 724 96910
1 725 10679
1 726 80995
1 727 28630
1 728 9176
1 729 6732
1 730 9468
1 731 779
1 732 39690
1 733 46525
1 734 61028
1 735 19234
1 736 54128
1 737 81360
1 738 59954
1 739 78090
1 740 81088
1 741 77549
1 742 67709
1 743 14697
1 744 16789
1 745 67424
1 746 11383
1 747 74282
1 748 89373
1 749 12208
1 750 5493
1 751 18586
1 752 54096
1 753 77380
1 754 81954
1 755 80614
1 756 81878
1 757 57357
1 758 12412
1 759 57739
1 760 45664
1 761 3885
1 762 41796
1 763 62271
1 764 40662
1 765 91073
1 766 41439
1 767 82031
1 768 40242
1 769 8073
1 770 31612
1 771 17773
1 772 31304
1 773 66077
1 774 43198
1 775 33904
1 776 54008
1 777 10530
1 778 11679
1 779 16511
1 780 66449
1 781 8375
1 782 61088
1 783 64544
1 784 46168
1 785 7862
1 786 20164
1 787 69203
1 788 95459
1 789 66152
1 790 9060
1 791 62424
1 792 17868
1 793 29154
1 794 15964
1 795 99585
1 796 59751
1 797 64040
1 798 52123
1 799 61298
1 800 56567
1 801 71272
1 802 14807
1 803 71974
1 804 88966
1 805 63552
1 806 55114
1 807 89074
1 808 77065
1 809 87045
1 810 78884
1 811 58432
1 812 99938
1 813 78610
1 814 10995
1 815 94602
1 816 4666
1 817 76258
1 818 64592
1 819 32036
1 820 67944
1 821 2193
1 822 10655
1 823 62046
1 824 83715
1 825 85735
1 826 95769
1 827 31684
1 828 41429
1 829 95159
1 830 77079
1 831 7562
1 832 94292
1 833 59625
1 834 81299
1 835 63589
1 836 22360
1 837 94616
1 838 73240
1 839 62788
1 840 25425
1 841 38801
1 842 23829
1 843 5445
1 844 90115
1 845 4020
1 846 73981
1 847 99420
1 848 60020
1 849 58731
1 850 18005
1 851 74547
1 852 14173
1 853 41368
1 854 96150
1 855 77349
1 856 48568
1 857 84677
1 858 17696
1 859 66961
1 860 88776
1 861 63252
1 862 11541
1 863 29291
1 864 30954
1 865 38190
1 866 10206
1 867 65449
1 868 51459
1 869 14768
1 870 98116
1 871 90614
1 872 86358
1 873 59122
1 874 70316
1 875 34633
1 876 50978
1 877 23168
1 878 1887
1 879 3616
1 880 29165
1 881 81575
1 882 36938
1 883 682
1 884 35913
1 885 33878
1 886 50728
1 887 31462
1 888 85495
1 889 26419
1 890 2989
1 891 93693
1 892 37783
1 893 42585
1 894 26269
1 895 3789
1 896 45998
1 897 24739
1 898 61076
1 899 96102
1 900 4987
1 901 88802
1 902 84993
1 903 16580
1 904 80597
1 905 18866
1 906 88022
1 907 16699
1 908 37158
1 909 78367
1 910 70608
1 911 30060
1 912 12596
1 913 24483
1 914 85932
1 915 35639
1 916 89176
1 917 91174
1 918 2926
1 919 61015
1 920 63589
1 921 72801
1 922 34602
1 923 41049
1 924 62318
1 925 80378
1 926 62551
1 927 22943
1 928 69829
1 929 6951
1 930 67665
1 931 5337
1 932 85225
1 933 1265
1 934 84011
1 935 36984
1 936 66482
1 937 23679
1 938 89105
1 939 40078
1 940 42166
1 941 34238
1 942 55560
1 943 53394
1 944 50581
1 945 64042
1 946 61873
1 947 78872
1 948 85747
1 949 51800
1 950 30110
1 951 33354
1 952 91301
1 953 10918
1 954 14632
1 955 16765
1 956 3054
1 957 34108
1 958 45772
1 959 43283
1 960 7355
1 961 65308
1 962 79339
1 963 14576
1 964 58096
1 965 76181
1 966 41054
1 967 32673
1 968 34454
1 969 94250
1 970 25396
1 971 59600
1 972 32878
1 973 37265
1 974 38028
1 975 97271
1 976 65703
1 977 64268
1 978 92042
1 979 31035
1 980 83396
1 981 1262
1 982 83882
1 983 53525
1 984 61643
1 985 54323
1 986 94443
1 987 90669
1 988 196
1 989 41426
1 990 97280
1 991 43560
1 992 47648
1 993 12478
1 994 54695
1 995 7608
1 996 45499
1 997 95116
1 998 72944
1 999 18583
1 1000 15333
1 1001 85750
1 1002 85021
1 1003 61822
1 1004 93393
1 1005 13720
1 1006 54633
1 1007 23670
1 1008 3295
1 1009 99293
1 1010 33541
1 1011 20461
1 1012 10465
1 1013 961
1 1014 2520
1 1015 89510
1 1016 92964
1 1017 50336
1 1018 31858
1 1019 27332
1 1020 87528
1 1021 62013
1 1022 95169
1 1023 2893
1 1024 81380
1 1025 48390
1 1026 80693
1 1027 51419
1 1028 28293
1 1029 12002
1 1030 69608
1 1031 93857
1 1032 43622
1 1033 33208
1 1034 45797
1 1035 87390
1 1036 98118
1 1037 52438
1 1038 78285
1 1039 81124
1 1040 24274
1 1041 6357
1 1042 7165
1 1043 91729
1 1044 2652
1 1045 31124
1 1046 87445
1 1047 49659
1 1048 82510
1 1049 33136
1 1050 6935
1 1051 78925
1 1052 19817
1 1053 65788
1 1054 75055
1 1055 51021
1 1056 29863
1 1057 57289
1 1058 96900
1 1059 10407
1 1060 17764
1 1061 65683
1 1062 70066
1 1063 345
1 1064 2283
1 1065 78685
1 1066 28206
1 1067 42421
1 1068 26824
1 1069 14236
1 1070 63956
1 1071 85928
1 1072 47098
1 1073 21811
1 1074 62668
1 1075 5188
1 1076 53753
1 1077 35580
1 1078 42424
1 1079 78176
1 1080 30374
1 1081 45214
1 1082 78595
1 1083 19423
1 1084 72013
1 1085 74767
1 1086 51910
1 1087 15090
1 1088 84742
1 1089 72210
1 1090 33284
1 1091 74355
1 1092 58760
1 1093 96883
1 1094 90151
1 1095 81734
1 1096 25147
1 1097 96547
1 1098 51405
1 1099 86752
1 1100 60116
1 1101 68909
1 1102 37288
1 1103 32810
1 1104 77633
1 1105 33139
1 1106 39485
1 1107 71161
1 1108 74519
1 1109 44499
1 1110 53780
1 1111 86150
1 1112 77226
1 1113 33041
1 1114 7540
1 1115 29511
1 1116 32836
1 1117 97914
1 1118 18065
1 1119 6603
1 1120 23870
1 1121 99428
1 1122 52075
1 1123 96011
1 1124 88576
1 1125 86627
1 1126 22953
1 1127 1386
1 1128 14379
1 1129 75097
1 1130 58042
1 1131 47115
1 1132 28468
1 1133 48971
1 1134 25857
1 1135 29368
1 1136 61277
1 1137 43429
1 1138 55288
1 1139 93226
1 1140 28992
1 1141 82460
1 1142 14695
1 1143 24264
1 1144 67016
1 1145 59324
1 1146 40387
1 1147 84548
1 1148 34990
1 1149 87505
1 1150 88808
1 1151 8313
1 1152 19497
1 1153 13620
1 1154 92015
1 1155 96501
1 1156 59218
1 1157 98583
1 1158 35411
1 1159 83989
1 1160 15939
1 1161 37357
1 1162 1577
1 1163 95802
1 1164 10112
1 1165 23690
1 1166 45893
1 1167 79029
1 1168 89325
1 1169 3222
1 1170 29779
1 1171 55348
1 1172 51422
1 1173 11497
1 1174 45110
1 1175 90817
1 1176 84864
1 1177 63631
1 1178 8322
1 1179 71265
1 1180 63940
1 1181 81251
1 1182 23658
1 1183 23555
1 1184 67431
1 1185 69164
1 1186 14803
1 1187 80225
1 1188 25839
1 1189 78010
1 1190 18384
1 1191 96087
1 1192 42173
1 1193 29753
1 1194 80172
1 1195 16961
1 1196 30098
1 1197 58863
1 1198 42429
1 1199 77682
1 1200 30234
1 1201 42924
1 1202 32672
1 1203 47047
1 1204 38561
1 1205 74734
1 1206 17004
1 1207 25974
1 1208 57614
1 1209 44776
1 1210 78055
1 1211 32019
1 1212 85271
1 1213 19922
1 1214 78793
1 1215 75087
1 1216 45511
1 1217 99264
1 1218 54843
1 1219 20041
1 1220 46004
1 1221 32757
1 1222 63431
1 1223 60929
1 1224 27206
1 1225 40349
1 1226 7858
1 1227 27846
1 1228 74155
1 1229 65124
1 1230 64549
1 1231 20302
1 1232 69407
1 1233 17201
1 1234 89388
1 1235 6403
1 1236 86907
1 1237 49711
1 1238 74033
1 1239 64292
1 1240 60476
1 1241 61473
1 1242 93430
1 1243 92789
1 1244 19119
1 1245 15360
1 1246 1232
1 1247 29907
1 1248 31988
1 1249 15975
1 1250 95729
1 1251 93935
1 1252 28873
1 1253 15654
1 1254 91448
1 1255 89808
1 1256 16648
1 1257 49548
1 1258 79049
1 1259 45061
1 1260 69094
1 1261 18993
1 1262 86968
1 1263 43877
1 1264 68328
1 1265 78868
1 1266 72201
1 1267 15499
1 1268 32620
1 1269 20291
1 1270 29349
1 1271 22380
1 1272 50272
1 1273 87223
1 1274 41872
1 1275 8729
1 1276 52669
1 1277 40304
1 1278 73995
1 1279 1915
1 1280 92471
1 1281 65744
1 1282 63777
1 1283 86452
1 1284 90456
1 1285 67937
1 1286 26375
1 1287 85480
1 1288 3323
1 1289 49705
1 1290 50360
1 1291 51249
1 1292 17376
1 1293 22559
1 1294 39085
1 1295 22512
1 1296 61721
1 1297 97171
1 1298 21733
1 1299 78515
1 1300 77635
1 1301 13014
1 1302 75999
1 1303 51734
1 1304 73295
1 1305 11537
1 1306 47778
1 1307 15636
1 1308 95615
1 1309 78665
1 1310 94130
1 1311 67642
1 1312 18657
1 1313 70065
1 1314 97257
1 1315 62428
1 1316 88080
1 1317 5351
1 1318 69877
1 1319 83887
1 1320 77416
1 1321 28843
1 1322 54149
1 1323 2650
1 1324 59591
1 1325 83636
1 1326 1025
1 1327 87428
1 1328 83996
1 1329 94611
1 1330 68481
1 1331 18294
1 1332 15309
1 1333 4846
1 1334 72677
1 1335 29288
1 1336 85851
1 1337 61061
1 1338 38405
1 1339 35514
1 1340 2249
1 1341 79238
1 1342 23556
1 1343 59480
1 1344 50555
1 1345 10902
1 1346 34209
1 1347 34108
1 1348 20536
1 1349 39636
1 1350 68030
1 1351 90656
1 1352 57914
1 1353 34357
1 1354 65180
1 1355 36188
1 1356 88036
1 1357 46530
1 1358 58726
1 1359 99804
1 1360 66083
1 1361 9551
1 1362 38569
1 1363 12446
1 1364 7266
1 1365 52170
1 1366 61120
1 1367 86806
1 1368 51309
1 1369 6839
1 1370 36372
1 1371 50857
1 1372 93256
1 1373 85133
1 1374 38557
1 1375 77061
1 1376 29887
1 1377 64628
1 1378 69239
1 1379 5517
1 1380 95869
1 1381 64336
1 1382 22779
1 1383 27524
1 1384 82402
1 1385 22261
1 1386 51898
1 1387 88671
1 1388 40474
1 1389 82318
1 1390 80561
1 1391 49652
1 1392 61701
1 1393 61190
1 1394 22926
1 1395 9636
1 1396 4535
1 1397 67736
1 1398 48224
1 1399 92864
1 1400 24276
1 1401 30100
1 1402 56416
1 1403 43533
1 1404 81676
1 1405 76283
1 1406 87248
1 1407 51624
1 1408 25955
1 1409 17277
1 1410 41330
1 1411 78905
1 1412 6393
1 1413 58454
1 1414 39955
1 1415 18573
1 1416 59854
1 1417 82762
1 1418 21723
1 1419 34470
1 1420 95260
1 1421 55602
1 1422 32757
1 1423 20007
1 1424 29640
1 1425 82188
1 1426 73662
1 1427 89741
1 1428 38173
1 1429 96898
1 1430 64169
1 1431 51971
1 1432 94865
1 1433 40503
1 1434 24229
1 1435 64098
1 1436 43997
1 1437 30319
1 1438 39797
1 1439 22062
1 1440 11843
1 1441 29794
1 1442 91006
1 1443 31149
1 1444 15684
1 1445 42219
1 1446 78791
1 1447 60339
1 1448 30481
1 1449 40734
1 1450 13156
1 1451 67059
1 1452 56205
1 1453 49749
1 1454 43094
1 1455 49785
1 1456 78907
1 1457 56173
1 1458 74989
1 1459 29685
1 1460 12816
1 1461 89111
1 1462 4845
1 1463 14111
1 1464 15031
1 1465 72548
1 1466 27121
1 1467 34044
1 1468 47664
1 1469 98815
1 1470 37629
1 1471 99143
1 1472 30978
1 1473 27297
1 1474 32017
1 1475 91402
1 1476 69516
1 1477 84448
1 1478 9876
1 1479 50622
1 1480 37996
1 1481 7023
1 1482 91432
1 1483 60684
1 1484 80849
1 1485 36056
1 1486 75294
1 1487 86181
1 1488 89014
1 1489 85158
1 1490 71975
1 1491 47246
1 1492 3294
1 1493 39233
1 1494 44798
1 1495 54993
1 1496 90485
1 1497 76723
1 1498 42916
1 1499 70336
1 1500 15032
1 1501 73087
1 1502 80688
1 1503 88628
1 1504 36814
1 1505 70736
1 1506 52154
1 1507 70200
1 1508 73658
1 1509 83635
1 1510 96523
1 1511 6882
1 1512 64942
1 1513 99566
1 1514 97153
1 1515 67684
1 1516 79135
1 1517 23115
1 1518 59877
1 1519 12648
1 1520 97398
1 1521 75812
1 1522 58014
1 1523 71507
1 1524 21947
1 1525 22658
1 1526 26664
1 1527 7649
1 1528 49987
1 1529 13192
1 1530 60184
1 1531 67891
1 1532 99677
1 1533 5122
1 1534 88294
1 1535 46369
1 1536 99518
1 1537 16410
1 1538 11074
1 1539 2052
1 1540 96327
1 1541 5112
1 1542 90660
1 1543 48180
1 1544 79183
1 1545 79938
1 1546 66134
1 1547 2366
1 1548 47088
1 1549 93259
1 1550 68506
1 1551 26807
1 1552 45295
1 1553 47689
1 1554 97043
1 1555 34697
1 1556 38188
1 1557 11706
1 1558 99014
1 1559 6945
1 1560 47698
1 1561 10884
1 1562 94024
1 1563 72365
1 1564 28153
1 1565 16873
1 1566 80069
1 1567 25419
1 1568 48662
1 1569 61123
1 1570 760
1 1571 91639
1 1572 59068
1 1573 45962
1 1574 3511
1 1575 35198
1 1576 71560
1 1577 71607
1 1578 47698
1 1579 94160
1 1580 70452
1 1581 77053
1 1582 8671
1 1583 85385
1 1584 17113
1 1585 54693
1 1586 95804
1 1587 37926
1 1588 56599
1 1589 54675
1 1590 87687
1 1591 72343
1 1592 17765
1 1593 12188
1 1594 23752
1 1595 56384
1 1596 9128
1 1597 19120
1 1598 42274
1 1599 24648
1 1600 71237
1 1601 96564
1 1602 56148
1 1603 97836
1 1604 20662
1 1605 98424
1 1606 76368
1 1607 67785
1 1608 1686
1 1609 18917
1 1610 30995
1 1611 47540
1 1612 44399
1 1613 68932
1 1614 46895
1 1615 99746
1 1616 77442
1 1617 48265
1 1618 34466
1 1619 14906
1 1620 11892
1 1621 59165
1 1622 56521
1 1623 94566
1 1624 72872
1 1625 95282
1 1626 1328
1 1627 99924
1 1628 17790
1 1629 74550
1 1630 63923
1 1631 62556
1 1632 36587
1 1633 47058
1 1634 97573
1 1635 85756
1 1636 57164
1 1637 55868
1 1638 33252
1 1639 26234
1 1640 87257
1 1641 4047
1 1642 48196
1 1643 42113
1 1644 92696
1 1645 74637
1 1646 87219
1 1647 28939
1 1648 23031
1 1649 86661
1 1650 93451
1 1651 17747
1 1652 69646
1 1653 72668
1 1654 2994
1 1655 70885
1 1656 50173
1 1657 88284
1 1658 52748
1 1659 11103
1 1660 66046
1 1661 99456
1 1662 33167
1 1663 35024
1 1664 26447
1 1665 93272
1 1666 28060
1 1667 73901
1 1668 71096
1 1669 19184
1 1670 83899
1 1671 54487
1 1672 39511
1 1673 518
1 1674 9986
1 1675 11485
1 1676 13327
1 1677 2319
1 1678 32017
1 1679 44384
1 1680 51828
1 1681 99446
1 1682 73106
1 1683 62163
1 1684 17381
1 1685 86616
1 1686 45179
1 1687 76191
1 1688 65763
1 1689 2381
1 1690 33353
1 1691 99112
1 1692 15028
1 1693 51613
1 1694 92851
1 1695 85791
1 1696 65164
1 1697 35876
1 1698 59062
1 1699 90269
1 1700 82376
1 1701 42016
1 1702 66876
1 1703 90868
1 1704 32934
1 1705 29723
1 1706 65805
1 1707 32446
1 1708 58219
1 1709 77741
1 1710 37465
1 1711 27557
1 1712 46502
1 1713 52186
1 1714 45198
1 1715 26088
1 1716 22603
1 1717 58509
1 1718 78015
1 1719 42599
1 1720 95882
1 1721 74813
1 1722 22262
1 1723 98317
1 1724 66818
1 1725 43002
1 1726 77312
1 1727 508
1 1728 23864
1 1729 16625
1 1730 22769
1 1731 29632
1 1732 45018
1 1733 19725
1 1734 22564
1 1735 10731
1 1736 65616
1 1737 74344
1 1738 15148
1 1739 86959
1 1740 79560
1 1741 89205
1 1742 4726
1 1743 84425
1 1744 48646
1 1745 71639
1 1746 77513
1 1747 60053
1 1748 13822
1 1749 48157
1 1750 5906
1 1751 60571
1 1752 62460
1 1753 5274
1 1754 87771
1 1755 47053
1 1756 22900
1 1757 75430
1 1758 73011
1 1759 4303
1 1760 93618
1 1761 2803
1 1762 34959
1 1763 90934
1 1764 70177
1 1765 59675
1 1766 93383
1 1767 84567
1 1768 25242
1 1769 30597
1 1770 85706
1 1771 95219
1 1772 83584
1 1773 3818
1 1774 25433
1 1775 88009
1 1776 82429
1 1777 45039
1 1778 95877
1 1779 36069
1 1780 45201
1 1781 48306
1 1782 22708
1 1783 60876
1 1784 18940
1 1785 45820
1 1786 48746
1 1787 72329
1 1788 86233
1 1789 9004
1 1790 86785
1 1791 95694
1 1792 86077
1 1793 38378
1 1794 85405
1 1795 7682
1 1796 26786
1 1797 54041
1 1798 31739
1 1799 40675
1 1800 63104
1 1801 73981
1 1802 93133
1 1803 41010
1 1804 83122
1 1805 63247
1 1806 47428
1 1807 72998
1 1808 10826
1 1809 21182
1 1810 14622
1 1811 46888
1 1812 96437
1 1813 59642
1 1814 39797
1 1815 75504
1 1816 71130
1 1817 69605
1 1818 15187
1 1819 79528
1 1820 55197
1 1821 53015
1 1822 95023
1 1823 97748
1 1824 44801
1 1825 41936
1 1826 94695
1 1827 41486
1 1828 78670
1 1829 301
1 1830 40446
1 1831 59662
1 1832 67964
1 1833 58764
1 1834 6785
1 1835 30611
1 1836 39429
1 1837 1739
1 1838 99244
1 1839 83258
1 1840 96143
1 1841 53349
1 1842 97527
1 1843 81107
1 1844 93534
1 1845 43039
1 1846 13170
1 1847 37298
1 1848 90824
1 1849 36260
1 1850 68411
1 1851 54887
1 1852 80218
1 1853 74950
1 1854 58996
1 1855 19395
1 1856 57221
1 1857 47623
1 1858 32853
1 1859 97804
1 1860 92551
1 1861 90602
1 1862 27398
1 1863 7264
1 1864 24931
1 1865 33272
1 1866 53124
1 1867 58137
1 1868 18741
1 1869 99068
1 1870 7588
1 1871 66020
1 1872 67900
1 1873 49091
1 1874 41396
1 1875 68405
1 1876 29285
1 1877 19103
1 1878 76921
1 1879 1818
1 1880 43185
1 1881 47058
1 1882 69889
1 1883 68939
1 1884 37559
1 1885 14688
1 1886 13747
1 1887 32878
1 1888 70511
1 1889 57275
1 1890 93180
1 1891 92327
1 1892 60957
1 1893 38261
1 1894 63067
1 1895 59658
1 1896 82457
1 1897 87106
1 1898 26898
1 1899 52241
1 1900 42904
1 1901 98786
1 1902 32430
1 1903 12863
1 1904 79412
1 1905 35289
1 1906 26225
1 1907 85677
1 1908 76670
1 1909 57523
1 1910 84450
1 1911 87939
1 1912 35816
1 1913 42041
1 1914 6807
1 1915 44461
1 1916 68835
1 1917 95030
1 1918 87277
1 1919 69130
1 1920 85275
1 1921 50503
1 1922 53265
1 1923 37026
1 1924 18193
1 1925 75846
1 1926 46626
1 1927 83370
1 1928 56482
1 1929 98256
1 1930 55563
1 1931 141
1 1932 94290
1 1933 11027
1 1934 67123
1 1935 87325
1 1936 96148
1 1937 61318
1 1938 56437
1 1939 56018
1 1940 73179
1 1941 83175
1 1942 16544
1 1943 4350
1 1944 30768
1 1945 21437
1 1946 70416
1 1947 75166
1 1948 2311
1 1949 93577
1 1950 81743
1 1951 58014
1 1952 71801
1 1953 3087
1 1954 43286
1 1955 92534
1 1956 21921
1 1957 46935
1 1958 85532
1 1959 21026
1 1960 73450
1 1961 87933
1 1962 3311
1 1963 33760
1 1964 78655
1 1965 90987
1 1966 97010
1 1967 81677
1 1968 55465
1 1969 11197
1 1970 68578
1 1971 15997
1 1972 33221
1 1973 91402
1 1974 7762
1 1975 2200
1 1976 22846
1 1977 65231
1 1978 39571
1 1979 58306
1 1980 30145
1 1981 2984
1 1982 83952
1 1983 37859
1 1984 76596
1 1985 9295
1 1986 4393
1 1987 69756
1 1988 35352
1 1989 36770
1 1990 87546
1 1991 11781
1 1992 94808
1 1993 88083
1 1994 36871
1 1995 97180
1 1996 35964
1 1997 60171
1 1998 42052
1 1999 88106
1 2000 99696
1 2001 97815
1 2002 20062
1 2003 2700
1 2004 18017
1 2005 82418
1 2006 29821
1 2007 89979
1 2008 20060
1 2009 25395
1 2010 77157
1 2011 66931
1 2012 154
1 2013 62412
1 2014 83100
1 2015 26012
1 2016 74882
1 2017 83226
1 2018 8765
1 2019 76459
1 2020 79050
1 2021 56196
1 2022 38770
1 2023 26471
1 2024 98487
1 2025 6678
1 2026 37307
1 2027 86408
1 2028 152
1 2029 24950
1 2030 32903
1 2031 31943
1 2032 4432
1 2033 90711
1 2034 813
1 2035 27807
1 2036 52312
1 2037 95827
1 2038 27310
1 2039 23807
1 2040 32263
1 2041 27242
1 2042 47421
1 2043 21108
1 2044 15118
1 2045 75714
1 2046 29754
1 2047 76247
1 2048 94661
1 2049 5168
1 2050 79320
1 2051 94341
1 2052 22365
1 2053 80058
1 2054 63063
1 2055 25950
1 2056 10156
1 2057 71608
1 2058 1677
1 2059 89429
1 2060 40705
1 2061 6585
1 2062 84487
1 2063 53350
1 2064 24400
1 2065 12631
1 2066 38515
1 2067 36660
1 2068 26075
1 2069 76093
1 2070 98435
1 2071 95395
1 2072 99851
1 2073 45675
1 2074 98589
1 2075 97105
1 2076 54383
1 2077 5061
1 2078 13180
1 2079 89217
1 2080 69302
1 2081 92119
1 2082 3384
1 2083 56527
1 2084 61986
1 2085 67837
1 2086 75154
1 2087 5902
1 2088 4163
1 2089 48254
1 2090 383
1 2091 73657
1 2092 6486
1 2093 38970
1 2094 93548
1 2095 39504
1 2096 71283
1 2097 45603
1 2098 58928
1 2099 76088
1 2100 70045
1 2101 97688
1 2102 71895
1 2103 78830
1 2104 99320
1 2105 17692
1 2106 888
1 2107 34433
1 2108 87400
1 2109 35042
1 2110 30089
1 2111 4106
1 2112 21290
1 2113 25819
1 2114 93914
1 2115 9035
1 2116 1602
1 2117 80909
1 2118 27617
1 2119 48755
1 2120 16621
1 2121 27865
1 2122 27559
1 2123 43176
1 2124 2224
1 2125 33678
1 2126 77923
1 2127 49449
1 2128 5014
1 2129 71885
1 2130 48179
1 2131 70079
1 2132 66450
1 2133 1277
1 2134 67728
1 2135 48096
1 2136 52466
1 2137 27927
1 2138 37876
1 2139 65457
1 2140 80707
1 2141 82139
1 2142 1462
1 2143 58718
1 2144 57430
1 2145 22309
1 2146 43765
1 2147 17353
1 2148 44874
1 2149 34770
1 2150 13686
1 2151 9858
1 2152 98187
1 2153 50528
1 2154 50465
1 2155 81465
1 2156 5032
1 2157 74629
1 2158 39661
1 2159 22683
1 2160 69225
1 2161 45794
1 2162 79188
1 2163 10123
1 2164 14399
1 2165 87068
1 2166 43158
1 2167 47421
1 2168 61552
1 2169 66773
1 2170 84376
1 2171 78643
1 2172 95895
1 2173 94740
1 2174 5684
1 2175 92782
1 2176 35351
1 2177 78285
1 2178 95391
1 2179 22174
1 2180 77140
1 2181 61786
1 2182 82899
1 2183 62971
1 2184 31046
1 2185 19243
1 2186 461
1 2187 53902
1 2188 42678
1 2189 6608
1 2190 63475
1 2191 55504
1 2192 58673
1 2193 40051
1 2194 37377
1 2195 51848
1 2196 44241
1 2197 4131
1 2198 87492
1 2199 86245
1 2200 66392
1 2201 71790
1 2202 6251
1 2203 97538
1 2204 65635
1 2205 45661
1 2206 20443
1 2207 8807
1 2208 98333
1 2209 66032
1 2210 18747
1 2211 34711
1 2212 48510
1 2213 99401
1 2214 46901
1 2215 64913
1 2216 48762
1 2217 33627
1 2218 5634
1 2219 33317
1 2220 2549
1 2221 98561
1 2222 28673
1 2223 69616
1 2224 60425
1 2225 13347
1 2226 16109
1 2227 34190
1 2228 19816
1 2229 41798
1 2230 20326
1 2231 99187
1 2232 29405
1 2233 53059
1 2234 59367
1 2235 88369
1 2236 34314
1 2237 48373
1 2238 47700
1 2239 89377
1 2240 21683
1 2241 40387
1 2242 41465
1 2243 48352
1 2244 16957
1 2245 94958
1 2246 55179
1 2247 81555
1 2248 57912
1 2249 36636
1 2250 32851
1 2251 62009
1 2252 32392
1 2253 86197
1 2254 7226
1 2255 89682
1 2256 23023
1 2257 36608
1 2258 91669
1 2259 49501
1 2260 73644
1 2261 86454
1 2262 30190
1 2263 82348
1 2264 34858
1 2265 3886
1 2266 87003
1 2267 90325
1 2268 98295
1 2269 8441
1 2270 41517
1 2271 25479
1 2272 83034
1 2273 53483
1 2274 49387
1 2275 33278
1 2276 18701
1 2277 63261
1 2278 94687
1 2279 20183
1 2280 90148
1 2281 80788
1 2282 1555
1 2283 21271
1 2284 39337
1 2285 14071
1 2286 10327
1 2287 78200
1 2288 13290
1 2289 40023
1 2290 46564
1 2291 35063
1 2292 37629
1 2293 49242
1 2294 85202
1 2295 62543
1 2296 16543
1 2297 50310
1 2298 58524
1 2299 37898
1 2300 4374
1 2301 85823
1 2302 45253
1 2303 1529
1 2304 71253
1 2305 17375
1 2306 89297
1 2307 93397
1 2308 12867
1 2309 75907
1 2310 30315
1 2311 12024
1 2312 2062
1 2313 70095
1 2314 57404
1 2315 78728
1 2316 32381
1 2317 21433
1 2318 9385
1 2319 29399
1 2320 28648
1 2321 56506
1 2322 6748
1 2323 41999
1 2324 81715
1 2325 69590
1 2326 62691
1 2327 22561
1 2328 68336
1 2329 77628
1 2330 86286
1 2331 88716
1 2332 82608
1 2333 87514
1 2334 36309
1 2335 26661
1 2336 35822
1 2337 32091
1 2338 94824
1 2339 63990
1 2340 61984
1 2341 27322
1 2342 47334
1 2343 71720
1 2344 67095
1 2345 19546
1 2346 89028
1 2347 53718
1 2348 57357
1 2349 26086
1 2350 77265
1 2351 15626
1 2352 5467
1 2353 77587
1 2354 92486
1 2355 96387
1 2356 16429
1 2357 61381
1 2358 97614
1 2359 87170
1 2360 72260
1 2361 54523
1 2362 16970
1 2363 79439
1 2364 93192
1 2365 66726
1 2366 53856
1 2367 21729
1 2368 10382
1 2369 53067
1 2370 10102
1 2371 27851
1 2372 97781
1 2373 5391
1 2374 48424
1 2375 35568
1 2376 21272
1 2377 48135
1 2378 61366
1 2379 54447
1 2380 70611
1 2381 96259
1 2382 70985
1 2383 6447
1 2384 49651
1 2385 90818
1 2386 43952
1 2387 51795
1 2388 86446
1 2389 15180
1 2390 74268
1 2391 76755
1 2392 91889
1 2393 90598
1 2394 36194
1 2395 11758
1 2396 44164
1 2397 94520
1 2398 31875
1 2399 16696
1 2400 15957
1 2401 5548
1 2402 29954
1 2403 29715
1 2404 68644
1 2405 97076
1 2406 65333
1 2407 90570
1 2408 31587
1 2409 36348
1 2410 34572
1 2411 88584
1 2412 54242
1 2413 46258
1 2414 93481
1 2415 42683
1 2416 9003
1 2417 45515
1 2418 26363
1 2419 20027
1 2420 86763
1 2421 37733
1 2422 67646
1 2423 73696
1 2424 49085
1 2425 42158
1 2426 27286
1 2427 56664
1 2428 557
1 2429 8985
1 2430 89989
1 2431 24954
1 2432 38872
1 2433 16687
1 2434 42001
1 2435 17430
1 2436 41349
1 2437 58101
1 2438 77958
1 2439 5931
1 2440 3923
1 2441 93892
1 2442 88287
1 2443 4732
1 2444 21573
1 2445 73215
1 2446 99981
1 2447 54250
1 2448 38446
1 2449 54706
1 2450 16453
1 2451 36368
1 2452 73922
1 2453 51487
1 2454 64965
1 2455 3280
1 2456 45919
1 2457 61293
1 2458 61391
1 2459 46237
1 2460 88239
1 2461 89506
1 2462 65448
1 2463 48835
1 2464 25325
1 2465 99813
1 2466 55658
1 2467 17581
1 2468 7046
1 2469 79561
1 2470 14244
1 2471 37993
1 2472 45610
1 2473 26894
1 2474 91721
1 2475 16131
1 2476 5946
1 2477 76154
1 2478 97168
1 2479 22622
1 2480 98290
1 2481 94743
1 2482 6960
1 2483 67662
1 2484 58361
1 2485 82142
1 2486 35735
1 2487 10396
1 2488 1062
1 2489 27727
1 2490 32747
1 2491 44391
1 2492 51651
1 2493 97218
1 2494 41360
1 2495 14400
1 2496 87112
1 2497 71565
1 2498 69995
1 2499 6592
1 2500 88001
1 2501 8341
1 2502 67490
1 2503 8947
1 2504 4372
1 2505 9310
1 2506 73555
1 2507 28582
1 2508 15133
1 2509 82167
1 2510 22391
1 2511 58615
1 2512 21928
1 2513 33002
1 2514 14931
1 2515 18337
1 2516 29468
1 2517 12178
1 2518 21272
1 2519 78921
1 2520 90127
1 2521 6996
1 2522 38018
1 2523 33961
1 2524 90477
1 2525 68511
1 2526 22085
1 2527 95292
1 2528 87278
1 2529 50956
1 2530 69035
1 2531 18593
1 2532 40001
1 2533 4114
1 2534 82868
1 2535 17772
1 2536 86266
1 2537 62404
1 2538 63387
1 2539 74804
1 2540 64300
1 2541 38570
1 2542 11726
1 2543 8097
1 2544 67404
1 2545 3442
1 2546 61705
1 2547 65692
1 2548 12565
1 2549 437
1 2550 91636
1 2551 30780
1 2552 65786
1 2553 83226
1 2554 49770
1 2555 59516
1 2556 72482
1 2557 16688
1 2558 54451
1 2559 36251
1 2560 85412
1 2561 62022
1 2562 81844
1 2563 3270
1 2564 68109
1 2565 36777
1 2566 68809
1 2567 30143
1 2568 31736
1 2569 84437
1 2570 81432
1 2571 84195
1 2572 12470
1 2573 15428
1 2574 61821
1 2575 52213
1 2576 65391
1 2577 76251
1 2578 28757
1 2579 43348
1 2580 51878
1 2581 72525
1 2582 41785
1 2583 59115
1 2584 23268
1 2585 45557
1 2586 42716
1 2587 49819
1 2588 78410
1 2589 71885
1 2590 7788
1 2591 329
1 2592 62694
1 2593 30340
1 2594 28889
1 2595 104
1 2596 64297
1 2597 67421
1 2598 36754
1 2599 51261
1 2600 87666
1 2601 51706
1 2602 6905
1 2603 34780
1 2604 8847
1 2605 90664
1 2606 51919
1 2607 62444
1 2608 66564
1 2609 83090
1 2610 85139
1 2611 34870
1 2612 52592
1 2613 62234
1 2614 96464
1 2615 30329
1 2616 6374
1 2617 36991
1 2618 69008
1 2619 96552
1 2620 77472
1 2621 67959
1 2622 18449
1 2623 16116
1 2624 50061
1 2625 14095
1 2626 4988
1 2627 7086
1 2628 66369
1 2629 52670
1 2630 59836
1 2631 42709
1 2632 60354
1 2633 54222
1 2634 98970
1 2635 74699
1 2636 7846
1 2637 62549
1 2638 88712
1 2639 68877
1 2640 82705
1 2641 55182
1 2642 40602
1 2643 59527
1 2644 82451
1 2645 15062
1 2646 45645
1 2647 71300
1 2648 43840
1 2649 38204
1 2650 93857
1 2651 77946
1 2652 76560
1 2653 95041
1 2654 90611
1 2655 90108
1 2656 23373
1 2657 35663
1 2658 8262
1 2659 33658
1 2660 59491
1 2661 78532
1 2662 92474
1 2663 70540
1 2664 61149
1 2665 14722
1 2666 99670
1 2667 50050
1 2668 81039
1 2669 8869
1 2670 57467
1 2671 50928
1 2672 18763
1 2673 97102
1 2674 36585
1 2675 14773
1 2676 65259
1 2677 42613
1 2678 55347
1 2679 37077
1 2680 71542
1 2681 29288
1 2682 25664
1 2683 8569
1 2684 36551
1 2685 47763
1 2686 89751
1 2687 28060
1 2688 19860
1 2689 28003
1 2690 87751
1 2691 7778
1 2692 30546
1 2693 97918
1 2694 50555
1 2695 93131
1 2696 90623
1 2697 53348
1 2698 74672
1 2699 81845
1 2700 77141
1 2701 76110
1 2702 24609
1 2703 83898
1 2704 96271
1 2705 88932
1 2706 75905
1 2707 29210
1 2708 47523
1 2709 7590
1 2710 5423
1 2711 28005
1 2712 2108
1 2713 30426
1 2714 5542
1 2715 19121
1 2716 10551
1 2717 30258
1 2718 11115
1 2719 85949
1 2720 19221
1 2721 80421
1 2722 12245
1 2723 73529
1 2724 83558
1 2725 10387
1 2726 49057
1 2727 71740
1 2728 51721
1 2729 64892
1 2730 5591
1 2731 43561
1 2732 81941
1 2733 77584
1 2734 11605
1 2735 57983
1 2736 44025
1 2737 64517
1 2738 80315
1 2739 93261
1 2740 34148
1 2741 9440
1 2742 37654
1 2743 99164
1 2744 92874
1 2745 17556
1 2746 11866
1 2747 18162
1 2748 96791
1 2749 99121
1 2750 65206
1 2751 73079
1 2752 57482
1 2753 1263
1 2754 60411
1 2755 46506
1 2756 1220
1 2757 49381
1 2758 26506
1 2759 49765
1 2760 43471
1 2761 21188
1 2762 77522
1 2763 21171
1 2764 35274
1 2765 27033
1 2766 45019
1 2767 53694
1 2768 18336
1 2769 57123
1 2770 8798
1 2771 39408
1 2772 15784
1 2773 3283
1 2774 94013
1 2775 82221
1 2776 50419
1 2777 35994
1 2778 77439
1 2779 85303
1 2780 69507
1 2781 17936
1 2782 91950
1 2783 74740
1 2784 60221
1 2785 28139
1 2786 50877
1 2787 98706
1 2788 72021
1 2789 91408
1 2790 11977
1 2791 68539
1 2792 58484
1 2793 63659
1 2794 30536
1 2795 16097
1 2796 20810
1 2797 70652
1 2798 47496
1 2799 37501
1 2800 57861
1 2801 10388
1 2802 98746
1 2803 34276
1 2804 50404
1 2805 99423
1 2806 84040
1 2807 49837
1 2808 64041
1 2809 66926
1 2810 3169
1 2811 35427
1 2812 51746
1 2813 38928
1 2814 96683
1 2815 60947
1 2816 16764
1 2817 38585
1 2818 7783
1 2819 4995
1 2820 83270
1 2821 44732
1 2822 45961
1 2823 3480
1 2824 46304
1 2825 45101
1 2826 87965
1 2827 21739
1 2828 17707
1 2829 96687
1 2830 84356
1 2831 67480
1 2832 41175
1 2833 67858
1 2834 46906
1 2835 83354
1 2836 93514
1 2837 65625
1 2838 9963
1 2839 56161
1 2840 47783
1 2841 14320
1 2842 3696
1 2843 96715
1 2844 98486
1 2845 63755
1 2846 32294
1 2847 4528
1 2848 89176
1 2849 11698
1 2850 21318
1 2851 80001
1 2852 85934
1 2853 61698
1 2854 15640
1 2855 52166
1 2856 76382
1 2857 96060
1 2858 41185
1 2859 63882
1 2860 82421
1 2861 44684
1 2862 77574
1 2863 24861
1 2864 16804
1 2865 46693
1 2866 34764
1 2867 28701
1 2868 66926
1 2869 68275
1 2870 14923
1 2871 82207
1 2872 81989
1 2873 83554
1 2874 46046
1 2875 73325
1 2876 19374
1 2877 58560
1 2878 86221
1 2879 90228
1 2880 67950
1 2881 51580
1 2882 58517
1 2883 69183
1 2884 81400
1 2885 54721
1 2886 25299
1 2887 47013
1 2888 41754
1 2889 31670
1 2890 58904
1 2891 47137
1 2892 81785
1 2893 33864
1 2894 47067
1 2895 13850
1 2896 76077
1 2897 85682
1 2898 56974
1 2899 66348
1 2900 30006
1 2901 7840
1 2902 56139
1 2903 42183
1 2904 82317
1 2905 78534
1 2906 3029
1 2907 49942
1 2908 50454
1 2909 71930
1 2910 39010
1 2911 73307
1 2912 47101
1 2913 48578
1 2914 20202
1 2915 78030
1 2916 11242
1 2917 31285
1 2918 30295
1 2919 12708
1 2920 61828
1 2921 99352
1 2922 5605
1 2923 21686
1 2924 45780
1 2925 24995
1 2926 88095
1 2927 98595
1 2928 20324
1 2929 76604
1 2930 79265
1 2931 5984
1 2932 14513
1 2933 43245
1 2934 75757
1 2935 91774
1 2936 80669
1 2937 58777
1 2938 24182
1 2939 59443
1 2940 60300
1 2941 46786
1 2942 11342
1 2943 30399
1 2944 51733
1 2945 36043
1 2946 57455
1 2947 68111
1 2948 15815
1 2949 84751
1 2950 5349
1 2951 99099
1 2952 91944
1 2953 46976
1 2954 91976
1 2955 47167
1 2956 61179
1 2957 87314
1 2958 46643
1 2959 56171
1 2960 53510
1 2961 66301
1 2962 45632
1 2963 24663
1 2964 41191
1 2965 30769
1 2966 24158
1 2967 40659
1 2968 30942
1 2969 69178
1 2970 56740
1 2971 91690
1 2972 17456
1 2973 23910
1 2974 54275
1 2975 82022
1 2976 9502
1 2977 30582
1 2978 89123
1 2979 35564
1 2980 19270
1 2981 74672
1 2982 56836
1 2983 93817
1 2984 84657
1 2985 80268
1 2986 92151
1 2987 56285
1 2988 17614
1 2989 60420
1 2990 76853
1 2991 79090
1 2992 1713
1 2993 88720
1 2994 24323
1 2995 67526
1 2996 24956
1 2997 99128
1 2998 79244
1 2999 82086
1 3000 78862
1 3001 19663
1 3002 38341
1 3003 49105
1 3004 64277
1 3005 61471
1 3006 88593
1 3007 71993
1 3008 12004
1 3009 94282
1 3010 45939
1 3011 82696
1 3012 74430
1 3013 59596
1 3014 74749
1 3015 41199
1 3016 54839
1 3017 62107
1 3018 12915
1 3019 61163
1 3020 35752
1 3021 34861
1 3022 76975
1 3023 86086
1 3024 25482
1 3025 28924
1 3026 41884
1 3027 47045
1 3028 92890
1 3029 55893
1 3030 53507
1 3031 69855
1 3032 28266
1 3033 50769
1 3034 59633
1 3035 28539
1 3036 21463
1 3037 45129
1 3038 64172
1 3039 75051
1 3040 1625
1 3041 9355
1 3042 9749
1 3043 25325
1 3044 25825
1 3045 95919
1 3046 52262
1 3047 63596
1 3048 80467
1 3049 81274
1 3050 17375
1 3051 53694
1 3052 80148
1 3053 1108
1 3054 98534
1 3055 61388
1 3056 6863
1 3057 34490
1 3058 10088
1 3059 92367
1 3060 30396
1 3061 9827
1 3062 52625
1 3063 57212
1 3064 35044
1 3065 72677
1 3066 84753
1 3067 85032
1 3068 13390
1 3069 98653
1 3070 86011
1 3071 88515
1 3072 66494
1 3073 76704
1 3074 18232
1 3075 2099
1 3076 91786
1 3077 41512
1 3078 4609
1 3079 8084
1 3080 67400
1 3081 45660
1 3082 977
1 3083 37973
1 3084 85183
1 3085 35250
1 3086 26699
1 3087 24597
1 3088 89710
1 3089 3561
1 3090 10607
1 3091 61567
1 3092 67993
1 3093 68210
1 3094 66031
1 3095 78744
1 3096 46509
1 3097 42178
1 3098 86448
1 3099 93997
1 3100 44286
1 3101 97650
1 3102 4343
1 3103 60984
1 3104 13416
1 3105 41785
1 3106 76653
1 3107 62638
1 3108 18851
1 3109 31347
1 3110 48098
1 3111 9058
1 3112 73015
1 3113 84044
1 3114 33161
1 3115 25478
1 3116 2480
1 3117 27138
1 3118 24000
1 3119 73675
1 3120 81751
1 3121 7510
1 3122 20908
1 3123 82023
1 3124 66700
1 3125 17053
1 3126 13199
1 3127 61176
1 3128 43988
1 3129 23966
1 3130 98382
1 3131 63657
1 3132 39820
1 3133 25596
1 3134 95534
1 3135 66992
1 3136 4417
1 3137 30127
1 3138 42197
1 3139 81814
1 3140 86724
1 3141 41563
1 3142 96434
1 3143 49159
1 3144 50719
1 3145 78114
1 3146 9851
1 3147 62982
1 3148 52372
1 3149 73670
1 3150 65034
1 3151 84268
1 3152 16345
1 3153 67639
1 3154 77515
1 3155 27819
1 3156 85689
1 3157 33954
1 3158 48734
1 3159 60857
1 3160 20849
1 3161 2468
1 3162 26882
1 3163 16549
1 3164 90807
1 3165 37203
1 3166 96212
1 3167 67656
1 3168 63095
1 3169 94778
1 3170 8442
1 3171 53631
1 3172 62093
1 3173 49450
1 3174 81190
1 3175 43594
1 3176 17634
1 3177 7395
1 3178 11605
1 3179 98547
1 3180 95785
1 3181 38551
1 3182 64849
1 3183 95444
1 3184 6738
1 3185 26448
1 3186 76279
1 3187 60839
1 3188 41145
1 3189 21842
1 3190 84099
1 3191 422
1 3192 28282
1 3193 16401
1 3194 38311
1 3195 21892
1 3196 71396
1 3197 62983
1 3198 53090
1 3199 34655
1 3200 2955
1 3201 75731
1 3202 24548
1 3203 85943
1 3204 38917
1 3205 42206
1 3206 95066
1 3207 92137
1 3208 86156
1 3209 38820
1 3210 92979
1 3211 71218
1 3212 28720
1 3213 10165
1 3214 64804
1 3215 14151
1 3216 73592
1 3217 44548
1 3218 54362
1 3219 49380
1 3220 5842
1 3221 42337
1 3222 82383
1 3223 80690
1 3224 27160
1 3225 21453
1 3226 67087
1 3227 15429
1 3228 45705
1 3229 87648
1 3230 41751
1 3231 93063
1 3232 69160
1 3233 53367
1 3234 85784
1 3235 44530
1 3236 21316
1 3237 9806
1 3238 50703
1 3239 52461
1 3240 28819
1 3241 2980
1 3242 33689
1 3243 72256
1 3244 86135
1 3245 67843
1 3246 75201
1 3247 9283
1 3248 14096
1 3249 45741
1 3250 5053
1 3251 40079
1 3252 59453
1 3253 32366
1 3254 46685
1 3255 19493
1 3256 98722
1 3257 10362
1 3258 96231
1 3259 69605
1 3260 78974
1 3261 74866
1 3262 21983
1 3263 17624
1 3264 25725
1 3265 98658
1 3266 80160
1 3267 7622
1 3268 740
1 3269 53003
1 3270 3430
1 3271 57505
1 3272 30495
1 3273 20915
1 3274 42980
1 3275 88457
1 3276 31606
1 3277 3610
1 3278 62564
1 3279 25914
1 3280 87049
1 3281 13487
1 3282 27998
1 3283 38623
1 3284 49665
1 3285 91289
1 3286 17718
1 3287 88624
1 3288 5024
1 3289 71438
1 3290 90944
1 3291 83934
1 3292 5559
1 3293 54739
1 3294 3056
1 3295 75500
1 3296 71619
1 3297 87144
1 3298 65141
1 3299 32890
1 3300 44728
1 3301 43540
1 3302 61534
1 3303 34371
1 3304 15391
1 3305 13445
1 3306 31134
1 3307 45867
1 3308 88603
1 3309 17511
1 3310 89143
1 3311 89717
1 3312 46641
1 3313 30610
1 3314 72346
1 3315 90924
1 3316 11915
1 3317 24067
1 3318 50686
1 3319 74685
1 3320 44474
1 3321 76676
1 3322 87841
1 3323 37819
1 3324 2561
1 3325 93813
1 3326 45315
1 3327 54081
1 3328 75641
1 3329 26591
1 3330 69161
1 3331 62930
1 3332 88008
1 3333 34316
1 3334 6593
1 3335 67547
1 3336 90617
1 3337 26558
1 3338 30682
1 3339 46654
1 3340 61870
1 3341 30835
1 3342 85836
1 3343 41315
1 3344 43604
1 3345 22027
1 3346 82199
1 3347 16063
1 3348 56334
1 3349 97649
1 3350 9962
1 3351 25513
1 3352 40323
1 3353 54302
1 3354 11072
1 3355 51297
1 3356 35682
1 3357 35751
1 3358 51503
1 3359 22603
1 3360 78633
1 3361 79943
1 3362 65795
1 3363 48049
1 3364 92673
1 3365 752
1 3366 49001
1 3367 45506
1 3368 27418
1 3369 16067
1 3370 12540
1 3371 82650
1 3372 74706
1 3373 83498
1 3374 89554
1 3375 24364
1 3376 40481
1 3377 56977
1 3378 91327
1 3379 98883
1 3380 72248
1 3381 11658
1 3382 74590
1 3383 96432
1 3384 69942
1 3385 78251
1 3386 63797
1 3387 39125
1 3388 3208
1 3389 86199
1 3390 7803
1 3391 48600
1 3392 55363
1 3393 1821
1 3394 53122
1 3395 31785
1 3396 25304
1 3397 95942
1 3398 63510
1 3399 77909
1 3400 95878
1 3401 94177
1 3402 83083
1 3403 60030
1 3404 73791
1 3405 29043
1 3406 56275
1 3407 29665
1 3408 54822
1 3409 37769
1 3410 53367
1 3411 22494
1 3412 30650
1 3413 68808
1 3414 29170
1 3415 38729
1 3416 85791
1 3417 73892
1 3418 14108
1 3419 75541
1 3420 6450
1 3421 71976
1 3422 72942
1 3423 10499
1 3424 13285
1 3425 60007
1 3426 42983
1 3427 26417
1 3428 7073
1 3429 86200
1 3430 28032
1 3431 27925
1 3432 33040
1 3433 51314
1 3434 64253
1 3435 70534
1 3436 54428
1 3437 96014
1 3438 66646
1 3439 56917
1 3440 28073
1 3441 13530
1 3442 7765
1 3443 35793
1 3444 46237
1 3445 44887
1 3446 35225
1 3447 87235
1 3448 77707
1 3449 72437
1 3450 81966
1 3451 86965
1 3452 18949
1 3453 52000
1 3454 13108
1 3455 60386
1 3456 18285
1 3457 84453
1 3458 99787
1 3459 9509
1 3460 80794
1 3461 35745
1 3462 51512
1 3463 67148
1 3464 78091
1 3465 70196
1 3466 16355
1 3467 78839
1 3468 61425
1 3469 82923
1 3470 92544
1 3471 97189
1 3472 88988
1 3473 44008
1 3474 21082
1 3475 3484
1 3476 85032
1 3477 55778
1 3478 43286
1 3479 25612
1 3480 664
1 3481 619
1 3482 61493
1 3483 32213
1 3484 93414
1 3485 6975
1 3486 11892
1 3487 42164
1 3488 24171
1 3489 24469
1 3490 49709
1 3491 47036
1 3492 65281
1 3493 30672
1 3494 2318
1 3495 31063
1 3496 45946
1 3497 39774
1 3498 23752
1 3499 7474
1 3500 3584
1 3501 47327
1 3502 76533
1 3503 46166
1 3504 28823
1 3505 80346
1 3506 45350
1 3507 63597
1 3508 65234
1 3509 32221
1 3510 63327
1 3511 82593
1 3512 3061
1 3513 32132
1 3514 87627
1 3515 64704
1 3516 59541
1 3517 72870
1 3518 94903
1 3519 50607
1 3520 77902
1 3521 94926
1 3522 56981
1 3523 63817
1 3524 43480
1 3525 26882
1 3526 39891
1 3527 92395
1 3528 16438
1 3529 3169
1 3530 22579
1 3531 34068
1 3532 41947
1 3533 53462
1 3534 20715
1 3535 74355
1 3536 67046
1 3537 81685
1 3538 58560
1 3539 49300
1 3540 99387
1 3541 40037
1 3542 89316
1 3543 93683
1 3544 40351
1 3545 70981
1 3546 883
1 3547 69915
1 3548 75042
1 3549 78622
1 3550 79430
1 3551 24013
1 3552 63329
1 3553 91723
1 3554 66626
1 3555 88456
1 3556 53055
1 3557 81903
1 3558 19980
1 3559 61611
1 3560 5885
1 3561 4263
1 3562 72194
1 3563 62408
1 3564 4745
1 3565 31905
1 3566 22281
1 3567 93998
1 3568 45983
1 3569 13910
1 3570 3525
1 3571 79465
1 3572 12045
1 3573 73587
1 3574 55344
1 3575 99747
1 3576 22052
1 3577 93107
1 3578 95175
1 3579 1071
1 3580 43137
1 3581 52271
1 3582 64574
1 3583 75163
1 3584 62715
1 3585 93657
1 3586 65887
1 3587 10851
1 3588 32490
1 3589 13897
1 3590 71803
1 3591 72374
1 3592 77832
1 3593 35676
1 3594 52691
1 3595 83899
1 3596 49744
1 3597 52033
1 3598 77383
1 3599 59159
1 3600 41918
1 3601 40202
1 3602 8175
1 3603 62538
1 3604 4493
1 3605 14173
1 3606 91993
1 3607 9808
1 3608 4680
1 3609 9751
1 3610 41631
1 3611 88598
1 3612 19492
1 3613 28207
1 3614 53847
1 3615 38179
1 3616 65439
1 3617 47853
1 3618 84962
1 3619 22051
1 3620 1361
1 3621 49624
1 3622 39221
1 3623 56713
1 3624 83426
1 3625 67884
1 3626 34324
1 3627 39311
1 3628 28202
1 3629 10414
1 3630 8913
1 3631 94899
1 3632 59791
1 3633 68750
1 3634 27739
1 3635 83120
1 3636 39620
1 3637 32129
1 3638 79071
1 3639 86008
1 3640 482
1 3641 4013
1 3642 28994
1 3643 94508
1 3644 41733
1 3645 76939
1 3646 76079
1 3647 12701
1 3648 5976
1 3649 840
1 3650 81867
1 3651 43898
1 3652 84291
1 3653 5867
1 3654 16084
1 3655 81357
1 3656 43244
1 3657 46585
1 3658 73538
1 3659 74943
1 3660 45775
1 3661 71302
1 3662 40417
1 3663 23938
1 3664 6393
1 3665 5772
1 3666 52712
1 3667 98471
1 3668 52828
1 3669 31869
1 3670 91137
1 3671 11812
1 3672 38123
1 3673 19091
1 3674 22102
1 3675 72057
1 3676 51586
1 3677 5856
1 3678 74666
1 3679 40453
1 3680 21938
1 3681 7697
1 3682 27609
1 3683 63191
1 3684 64868
1 3685 21235
1 3686 29007
1 3687 58132
1 3688 37333
1 3689 7122
1 3690 77473
1 3691 58851
1 3692 30897
1 3693 40487
1 3694 74471
1 3695 80765
1 3696 42350
1 3697 50151
1 3698 56331
1 3699 53070
1 3700 82816
1 3701 77098
1 3702 75609
1 3703 70939
1 3704 74618
1 3705 42803
1 3706 22608
1 3707 27262
1 3708 64147
1 3709 13337
1 3710 77203
1 3711 90032
1 3712 92391
1 3713 353
1 3714 19742
1 3715 16714
1 3716 27358
1 3717 24821
1 3718 35272
1 3719 2617
1 3720 10548
1 3721 64162
1 3722 43325
1 3723 49414
1 3724 20468
1 3725 43657
1 3726 74670
1 3727 11114
1 3728 99738
1 3729 26035
1 3730 10251
1 3731 90132
1 3732 59472
1 3733 51320
1 3734 12683
1 3735 36256
1 3736 50526
1 3737 31914
1 3738 81020
1 3739 50321
1 3740 88334
1 3741 61238
1 3742 92655
1 3743 44987
1 3744 68771
1 3745 31444
1 3746 18049
1 3747 23745
1 3748 13907
1 3749 58855
1 3750 34579
1 3751 92382
1 3752 53526
1 3753 56179
1 3754 846
1 3755 69065
1 3756 84449
1 3757 77315
1 3758 22267
1 3759 10877
1 3760 96797
1 3761 84633
1 3762 37387
1 3763 65366
1 3764 10379
1 3765 66992
1 3766 73716
1 3767 62719
1 3768 8031
1 3769 85468
1 3770 85310
1 3771 59707
1 3772 68699
1 3773 16595
1 3774 72096
1 3775 41323
1 3776 43933
1 3777 44533
1 3778 21961
1 3779 18811
1 3780 62616
1 3781 98888
1 3782 80192
1 3783 15630
1 3784 14326
1 3785 65489
1 3786 56337
1 3787 1300
1 3788 21357
1 3789 19158
1 3790 1131
1 3791 62242
1 3792 4494
1 3793 76299
1 3794 19266
1 3795 84045
1 3796 20276
1 3797 8720
1 3798 33278
1 3799 10455
1 3800 81436
1 3801 20555
1 3802 44631
1 3803 14053
1 3804 64385
1 3805 81000
1 3806 60488
1 3807 86656
1 3808 70520
1 3809 58537
1 3810 63452
1 3811 26249
1 3812 29726
1 3813 47504
1 3814 78082
1 3815 39629
1 3816 84472
1 3817 77421
1 3818 72019
1 3819 29402
1 3820 12422
1 3821 49395
1 3822 24506
1 3823 59496
1 3824 89659
1 3825 86993
1 3826 57996
1 3827 63923
1 3828 89589
1 3829 75293
1 3830 68593
1 3831 35370
1 3832 62746
1 3833 92752
1 3834 1326
1 3835 66379
1 3836 68772
1 3837 81819
1 3838 59517
1 3839 89673
1 3840 24487
1 3841 43397
1 3842 60875
1 3843 80277
1 3844 51058
1 3845 12140
1 3846 30409
1 3847 61915
1 3848 60371
1 3849 39924
1 3850 84476
1 3851 88027
1 3852 77415
1 3853 51000
1 3854 70545
1 3855 33676
1 3856 71068
1 3857 66411
1 3858 18200
1 3859 54793
1 3860 72199
1 3861 53194
1 3862 91337
1 3863 22870
1 3864 88570
1 3865 95875
1 3866 39966
1 3867 74805
1 3868 91840
1 3869 72693
1 3870 90102
1 3871 26133
1 3872 39442
1 3873 39652
1 3874 45059
1 3875 58238
1 3876 3043
1 3877 93997
1 3878 17100
1 3879 39146
1 3880 97381
1 3881 87479
1 3882 70943
1 3883 61383
1 3884 98439
1 3885 30654
1 3886 68777
1 3887 57420
1 3888 11705
1 3889 65776
1 3890 38550
1 3891 3840
1 3892 21299
1 3893 19746
1 3894 65839
1 3895 45595
1 3896 99428
1 3897 96648
1 3898 4681
1 3899 9638
1 3900 59606
1 3901 62932
1 3902 3064
1 3903 26742
1 3904 47409
1 3905 67407
1 3906 66362
1 3907 61590
1 3908 29022
1 3909 198
1 3910 81078
1 3911 45997
1 3912 24263
1 3913 36557
1 3914 68598
1 3915 22886
1 3916 97384
1 3917 49987
1 3918 30625
1 3919 35984
1 3920 12021
1 3921 1933
1 3922 10293
1 3923 84670
1 3924 1595
1 3925 55579
1 3926 52334
1 3927 51470
1 3928 52126
1 3929 14857
1 3930 40990
1 3931 66903
1 3932 71485
1 3933 21322
1 3934 89373
1 3935 62744
1 3936 12793
1 3937 22909
1 3938 15980
1 3939 31643
1 3940 58371
1 3941 63636
1 3942 19019
1 3943 15278
1 3944 47707
1 3945 14215
1 3946 61301
1 3947 98215
1 3948 25642
1 3949 99783
1 3950 83522
1 3951 26234
1 3952 20411
1 3953 61274
1 3954 57203
1 3955 79566
1 3956 1102
1 3957 57310
1 3958 45977
1 3959 20884
1 3960 21289
1 3961 88382
1 3962 99122
1 3963 44669
1 3964 55555
1 3965 42812
1 3966 18669
1 3967 60621
1 3968 99147
1 3969 6204
1 3970 96632
1 3971 24041
1 3972 30812
1 3973 74568
1 3974 69028
1 3975 21964
1 3976 40536
1 3977 78417
1 3978 45465
1 3979 27460
1 3980 70502
1 3981 3931
1 3982 29929
1 3983 27598
1 3984 58666
1 3985 65567
1 3986 83694
1 3987 52711
1 3988 16663
1 3989 49754
1 3990 2841
1 3991 94591
1 3992 93100
1 3993 77854
1 3994 25558
1 3995 98806
1 3996 71210
1 3997 66951
1 3998 24491
1 3999 76796
1 4000 80261
1 4001 78601
1 4002 16623
1 4003 53894
1 4004 87088
1 4005 66192
1 4006 90292
1 4007 71620
1 4008 56249
1 4009 40741
1 4010 61126
1 4011 49033
1 4012 26776
1 4013 72895
1 4014 67249
1 4015 89208
1 4016 90236
1 4017 1959
1 4018 61948
1 4019 54547
1 4020 43890
1 4021 76490
1 4022 11237
1 4023 92415
1 4024 45192
1 4025 65694
1 4026 47514
1 4027 94378
1 4028 37441
1 4029 4647
1 4030 78665
1 4031 37336
1 4032 94219
1 4033 18275
1 4034 63237
1 4035 86022
1 4036 4244
1 4037 64579
1 4038 78834
1 4039 6201
1 4040 35664
1 4041 54822
1 4042 81321
1 4043 54773
1 4044 15053
1 4045 52360
1 4046 29309
1 4047 11612
1 4048 20843
1 4049 26881
1 4050 93216
1 4051 72315
1 4052 59056
1 4053 96035
1 4054 58642
1 4055 84555
1 4056 87441
1 4057 72966
1 4058 43348
1 4059 9899
1 4060 17009
1 4061 87834
1 4062 95905
1 4063 80319
1 4064 12158
1 4065 61759
1 4066 91561
1 4067 44526
1 4068 64335
1 4069 554
1 4070 62934
1 4071 25642
1 4072 37489
1 4073 13985
1 4074 87602
1 4075 51158
1 4076 16715
1 4077 13698
1 4078 2141
1 4079 21125
1 4080 90153
1 4081 64514
1 4082 49596
1 4083 11635
1 4084 87934
1 4085 42248
1 4086 24146
1 4087 11969
1 4088 3855
1 4089 55502
1 4090 78807
1 4091 99000
1 4092 87566
1 4093 18685
1 4094 21186
1 4095 58538
1 4096 97101
1 4097 85960
1 4098 69318
1 4099 64672
1 4100 47675
1 4101 14151
1 4102 11780
1 4103 56044
1 4104 39795
1 4105 50255
1 4106 34414
1 4107 73054
1 4108 41468
1 4109 92517
1 4110 30142
1 4111 33604
1 4112 37619
1 4113 93674
1 4114 25946
1 4115 39011
1 4116 99577
1 4117 81256
1 4118 12079
1 4119 1127
1 4120 12423
1 4121 10449
1 4122 85046
1 4123 94770
1 4124 26244
1 4125 89618
1 4126 75933
1 4127 28928
1 4128 99013
1 4129 46112
1 4130 13118
1 4131 85716
1 4132 26993
1 4133 77620
1 4134 37975
1 4135 84862
1 4136 10762
1 4137 40972
1 4138 34344
1 4139 28883
1 4140 25813
1 4141 71581
1 4142 47767
1 4143 77166
1 4144 82857
1 4145 607
1 4146 6210
1 4147 54342
1 4148 3327
1 4149 8027
1 4150 61035
1 4151 33439
1 4152 91173
1 4153 40012
1 4154 67414
1 4155 66971
1 4156 13545
1 4157 10283
1 4158 72422
1 4159 1106
1 4160 2784
1 4161 16872
1 4162 16414
1 4163 88481
1 4164 22169
1 4165 25492
1 4166 39476
1 4167 46554
1 4168 25369
1 4169 14759
1 4170 73922
1 4171 32367
1 4172 85012
1 4173 74026
1 4174 69973
1 4175 13148
1 4176 20235
1 4177 23288
1 4178 89191
1 4179 76990
1 4180 60016
1 4181 54661
1 4182 72507
1 4183 44277
1 4184 71964
1 4185 79668
1 4186 24927
1 4187 89138
1 4188 58188
1 4189 81639
1 4190 64835
1 4191 96174
1 4192 33061
1 4193 23702
1 4194 7620
1 4195 44458
1 4196 7481
1 4197 42750
1 4198 76622
1 4199 6119
1 4200 7754
1 4201 25448
1 4202 60743
1 4203 60139
1 4204 22290
1 4205 85431
1 4206 42395
1 4207 49320
1 4208 56336
1 4209 92695
1 4210 85436
1 4211 86020
1 4212 76028
1 4213 4147
1 4214 91002
1 4215 48143
1 4216 16487
1 4217 47307
1 4218 72770
1 4219 84049
1 4220 67629
1 4221 40752
1 4222 51282
1 4223 43072
1 4224 80428
1 4225 17191
1 4226 53620
1 4227 93720
1 4228 18981
1 4229 12807
1 4230 96454
1 4231 76077
1 4232 52787
1 4233 37269
1 4234 22891
1 4235 66626
1 4236 19786
1 4237 27932
1 4238 4000
1 4239 1328
1 4240 40297
1 4241 10572
1 4242 9001
1 4243 63349
1 4244 33155
1 4245 60017
1 4246 46669
1 4247 48637
1 4248 77050
1 4249 69993
1 4250 84174
1 4251 23939
1 4252 21988
1 4253 68812
1 4254 90763
1 4255 67395
1 4256 88256
1 4257 28528
1 4258 89512
1 4259 79906
1 4260 53401
1 4261 38303
1 4262 54216
1 4263 8893
1 4264 32243
1 4265 65924
1 4266 13279
1 4267 39869
1 4268 20105
1 4269 4722
1 4270 36208
1 4271 58766
1 4272 42815
1 4273 49019
1 4274 90731
1 4275 28290
1 4276 83480
1 4277 34235
1 4278 11373
1 4279 78473
1 4280 95966
1 4281 17475
1 4282 77864
1 4283 58131
1 4284 68650
1 4285 71503
1 4286 74022
1 4287 96071
1 4288 39159
1 4289 37559
1 4290 45646
1 4291 87838
1 4292 17418
1 4293 15876
1 4294 64720
1 4295 82951
1 4296 1205
1 4297 38075
1 4298 7473
1 4299 4694
1 4300 37177
1 4301 33135
1 4302 82170
1 4303 78033
1 4304 1990
1 4305 16008
1 4306 82224
1 4307 2726
1 4308 64446
1 4309 34664
1 4310 2976
1 4311 8330
1 4312 33801
1 4313 72766
1 4314 67563
1 4315 36190
1 4316 95698
1 4317 29519
1 4318 86415
1 4319 29290
1 4320 32958
1 4321 12889
1 4322 59775
1 4323 53403
1 4324 61526
1 4325 42416
1 4326 61929
1 4327 83371
1 4328 77500
1 4329 86772
1 4330 11204
1 4331 91987
1 4332 67177
1 4333 91491
1 4334 38623
1 4335 60423
1 4336 45194
1 4337 48901
1 4338 2067
1 4339 39761
1 4340 37814
1 4341 64864
1 4342 7607
1 4343 92508
1 4344 75311
1 4345 89440
1 4346 13025
1 4347 31848
1 4348 18619
1 4349 97700
1 4350 60262
1 4351 18892
1 4352 79801
1 4353 35176
1 4354 86343
1 4355 87362
1 4356 36571
1 4357 35610
1 4358 2181
1 4359 91553
1 4360 3893
1 4361 99169
1 4362 53795
1 4363 87786
1 4364 92190
1 4365 56434
1 4366 84927
1 4367 13057
1 4368 30721
1 4369 67073
1 4370 93602
1 4371 62533
1 4372 60526
1 4373 20661
1 4374 84880
1 4375 95099
1 4376 6070
1 4377 27260
1 4378 9955
1 4379 84599
1 4380 39920
1 4381 78205
1 4382 85360
1 4383 42326
1 4384 31531
1 4385 47205
1 4386 5253
1 4387 19874
1 4388 8678
1 4389 76513
1 4390 30761
1 4391 43666
1 4392 83395
1 4393 36437
1 4394 74423
1 4395 41292
1 4396 24326
1 4397 65222
1 4398 74102
1 4399 93850
1 4400 77316
1 4401 31462
1 4402 24511
1 4403 98622
1 4404 48098
1 4405 74139
1 4406 49526
1 4407 88789
1 4408 6014
1 4409 50630
1 4410 96193
1 4411 18486
1 4412 26168
1 4413 33875
1 4414 42919
1 4415 49579
1 4416 38471
1 4417 21952
1 4418 58868
1 4419 11268
1 4420 61072
1 4421 3145
1 4422 1516
1 4423 74566
1 4424 34107
1 4425 2932
1 4426 97003
1 4427 88547
1 4428 90431
1 4429 52467
1 4430 28240
1 4431 30445
1 4432 31178
1 4433 9985
1 4434 3370
1 4435 92212
1 4436 59645
1 4437 1024
1 4438 30180
1 4439 51738
1 4440 76403
1 4441 25892
1 4442 40018
1 4443 81819
1 4444 95346
1 4445 39784
1 4446 30545
1 4447 58412
1 4448 29676
1 4449 9382
1 4450 15054
1 4451 32227
1 4452 11034
1 4453 38934
1 4454 24604
1 4455 96279
1 4456 1276
1 4457 54436
1 4458 43545
1 4459 18106
1 4460 44003
1 4461 29280
1 4462 75507
1 4463 51528
1 4464 15988
1 4465 26744
1 4466 85059
1 4467 61261
1 4468 73199
1 4469 33026
1 4470 88855
1 4471 94240
1 4472 86863
1 4473 1510
1 4474 8903
1 4475 1164
1 4476 88579
1 4477 52148
1 4478 18050
1 4479 38877
1 4480 13817
1 4481 72296
1 4482 94257
1 4483 20029
1 4484 98232
1 4485 61008
1 4486 34470
1 4487 79433
1 4488 51150
1 4489 9707
1 4490 14666
1 4491 88785
1 4492 80523
1 4493 17321
1 4494 91165
1 4495 28590
1 4496 41487
1 4497 46736
1 4498 58954
1 4499 16078
1 4500 3224
1 4501 73532
1 4502 16638
1 4503 79096
1 4504 44340
1 4505 16585
1 4506 56273
1 4507 98785
1 4508 30836
1 4509 29584
1 4510 42114
1 4511 44810
1 4512 90602
1 4513 41655
1 4514 93641
1 4515 97164
1 4516 39101
1 4517 21858
1 4518 40254
1 4519 93595
1 4520 64951
1 4521 65558
1 4522 7776
1 4523 26140
1 4524 96064
1 4525 82643
1 4526 41287
1 4527 78270
1 4528 22990
1 4529 24219
1 4530 59294
1 4531 61775
1 4532 98694
1 4533 94030
1 4534 99994
1 4535 98598
1 4536 70513
1 4537 20257
1 4538 9803
1 4539 47901
1 4540 75267
1 4541 22951
1 4542 10231
1 4543 77900
1 4544 95705
1 4545 25315
1 4546 87979
1 4547 75247
1 4548 63076
1 4549 28988
1 4550 3888
1 4551 48898
1 4552 19048
1 4553 60155
1 4554 75935
1 4555 75044
1 4556 92496
1 4557 20868
1 4558 74407
1 4559 55155
1 4560 99376
1 4561 3698
1 4562 61847
1 4563 62943
1 4564 86968
1 4565 41725
1 4566 74394
1 4567 43675
1 4568 1975
1 4569 44088
1 4570 86716
1 4571 4364
1 4572 84057
1 4573 26279
1 4574 58660
1 4575 73229
1 4576 80228
1 4577 74689
1 4578 95668
1 4579 46689
1 4580 35876
1 4581 89722
1 4582 96869
1 4583 8723
1 4584 84848
1 4585 88260
1 4586 93569
1 4587 3033
1 4588 68310
1 4589 47669
1 4590 43034
1 4591 17621
1 4592 10802
1 4593 25852
1 4594 24629
1 4595 83323
1 4596 18866
1 4597 58038
1 4598 29682
1 4599 37525
1 4600 81145
1 4601 80769
1 4602 61970
1 4603 47600
1 4604 85584
1 4605 66978
1 4606 13207
1 4607 26017
1 4608 57374
1 4609 12175
1 4610 41362
1 4611 23479
1 4612 68503
1 4613 72527
1 4614 25853
1 4615 9224
1 4616 59464
1 4617 60859
1 4618 14887
1 4619 2305
1 4620 30893
1 4621 93708
1 4622 20858
1 4623 54575
1 4624 78416
1 4625 1615
1 4626 36934
1 4627 94715
1 4628 9229
1 4629 89569
1 4630 26710
1 4631 96705
1 4632 58820
1 4633 11712
1 4634 58243
1 4635 48493
1 4636 87213
1 4637 12880
1 4638 11976
1 4639 57506
1 4640 12141
1 4641 74145
1 4642 60500
1 4643 59080
1 4644 60805
1 4645 67717
1 4646 47439
1 4647 26579
1 4648 23667
1 4649 36643
1 4650 55090
1 4651 16920
1 4652 72536
1 4653 35597
1 4654 84923
2877 1418
1306 1987
3047 4019
1586 3933
3167 3766
1590 4628
4639 3306
2937 1594
1555 3547
1749 104
3947 2689
1270 1088
2024 2357
4364 945
2583 3582
1640 1394
2669 3189
4448 2244
485 1613
4519 4043
1947 1257
1892 2884
1133 676
2439 3992
3244 3029
3737 412
586 3230
2239 3043
1639 1409
3129 3231
2760 1930
2831 4629
3625 3437
2007 3551
1558 1417
2473 3431
752 804
2072 3260
2488 3375
2626 783
2002 3869
1825 1166
1672 3233
3066 2916
1980 2439
3883 2963
1431 1853
3734 2283
2150 1591
3648 3438
541 1022
4238 1910
3671 144
4108 395
1673 516
1648 436
1047 1435
292 1166
4200 1128
3655 3466
2420 3010
1693 1381
1676 3071
49 1398
4193 1823
2701 82
1350 1271
4641 2452
3092 2002
1158 4071
2213 588
3908 4373
3797 3125
2703 544
1339 189
3746 3650
3975 1898
1611 814
2301 1869
2873 2374
3306 49
3273 2987
2246 4507
310 942
1557 2203
753 4314
1932 3012
1318 439
2871 4070
2434 1441
1732 965
4319 3810
3280 2156
4174 4369
760 597
1878 432
3367 1104
1788 1637
2003 2999
1373 2122
2907 3819
2437 400
3812 1949
1149 182
278 1638
4598 24
2779 990
4224 4411
908 4507
432 328
4004 1038
2433 3516
3797 1239
1392 2176
2391 3298
2228 4573
4573 3849
51 2237
4063 3028
2920 4539
706 249
2214 1352
924 365
930 1006
1764 2604
4569 4388
2744 2568
3363 683
2467 1106
331 213
2389 780
2024 1511
3925 3358
1155 1706
3216 4118
3038 2187
2808 1188
3028 2080
1602 2901
833 523
1966 4132
193 4533
1005 1929
328 2011
2098 4621
3399 4438
936 3344
1746 4121
212 758
763 4017
218 2895
616 3587
1146 1158
2264 2832
4461 4505
2967 2188
1602 1435
2673 1865
4548 4138
2826 4059
999 829
673 4469
2452 3550
971 3750
40 2336
1282 928
2748 3796
4562 3541
1304 3768
3504 2081
2521 1033
2489 3429
3522 2844
828 4424
3581 1836
2517 81
981 4298
415 4619
2042 1847
3804 3126
3427 893
333 2476
3020 2541
3359 561
3354 3177
4393 1830
930 471
26 1388
387 2434
3589 2614
2985 396
1647 2056
4104 276
684 2166
263 262
4157 1237
915 3381
4599 2748
2279 2250
4450 3614
4054 1420
2562 3931
1508 1882
4474 1602
1741 3611
4223 937
4078 3022
745 137
2368 4080
2323 1369
2999 559
1012 2187
4023 3459
2215 1253
3283 2141
2208 1215
4475 2278
3774 3705
1644 1504
3520 2989
358 1970
1400 2589
1924 689
2715 4465
954 904
3567 4357
4591 1264
2037 475
76 4264
225 644
2813 2192
3275 4527
2104 719
3701 4425
3570 3377
4482 2910
4107 264
3207 4285
946 13
1361 2617
841 3362
2517 438
2053 138
2087 1600
2289 3130
835 3745
3520 3184
254 958
3439 3725
2524 224
1872 4122
1051 4492
175 820
3148 4562
1541 794
1079 2475
1083 1496
2658 1752
3072 2142
4490 1638
4514 2489
1183 4619
1636 1818
4214 660
4264 1022
2595 2149
3178 2282
2450 4128
3415 2095
1576 2108
2312 3020
2606 1902
1556 2628
974 431
346 793
470 2997
1180 1070
375 1604
2814 1159
986 1260
2032 1896
1261 3396
1131 4305
3742 2797
3295 4377
2570 1853
3917 1783
3745 282
4537 95
3444 184
4331 3062
92 3118
1643 3112
1748 3953
2375 3279
3935 3508
4623 956
781 4456
3622 323
248 421
2899 2955
3231 592
767 2158
2801 2479
2289 4601
3182 4512
3742 2777
3193 816
1208 3086
2976 393
398 613
188 1194
725 2634
4379 2081
2412 2867
1762 1162
4310 2477
2352 1468
2266 1042
3184 1706
4397 3911
3204 4302
629 2258
3711 1162
4631 1579
2614 4504
3368 998
129 3437
2152 1462
503 152
4211 1950
3464 1826
1914 3278
3360 3609
248 1953
1660 1970
1787 1265
1791 2479
47 4220
2005 59
413 2157
120 2009
4524 2678
2242 1682
3869 4138
1107 3456
351 4218
3779 1715
382 1443
330 3304
3590 4397
2162 1698
1543 3121
1044 3679
2604 4153
3276 1699
1800 2204
3743 124
1558 3508
4204 4412
1913 3064
19 567
215 4096
2939 823
2082 2445
1173 2882
1655 3886
566 2803
1928 1797
1584 3711
1825 4195
1313 1965
3444 3405
3200 1212
1266 1746
2947 2203
4513 3014
493 3072
1896 4440
3985 2304
799 20
3030 4128
144 3612
3206 271
2813 1011
396 1884
1265 3183
4025 1096
2368 2297
3754 2088
186 4312
143 1147
1833 1673
2303 640
2568 967
3846 3410
4318 1519
4159 2555
768 1071
292 7
4130 395
2828 4163
380 44
3301 659
1056 2107
2016 2255
1810 4500
2568 4278
2902 3600
1713 2876
4481 4388
3844 1829
502 4396
2586 3060
4491 575
3882 1841
4055 266
2206 604
3538 1186
2820 1321
2679 1880
2618 1097
3300 1670
3953 1637
1788 2027
1282 1219
3592 466
1127 2706
3105 738
1118 847
2255 2888
2421 2692
3049 774
3997 1469
4285 4315
956 1042
3569 4168
2877 49
1522 1560
3919 2991
2228 609
4337 4520
1401 122
3553 4109
3034 204
2518 1604
526 2218
1932 2635
3549 657
2997 3722
3974 2500
470 1179
4496 4269
3349 1157
571 2081
4392 2578
2401 1650
1598 413
1327 4648
3072 296
317 3264
241 4075
887 4037
29 3738
3008 611
249 229
3041 2328
3786 302
1783 164
3821 3583
2199 38
3940 2264
4236 1918
2573 3147
2219 3460
943 190
2817 1232
2472 254
752 562
159 1927
456 4571
4383 3911
4017 1910
1376 2177
2084 3965
3533 2981
1902 4171
2594 3871
815 440
1533 4037
641 2802
3432 4072
2538 65
1311 270
2901 4195
1572 2858
654 2574
4640 549
3232 1114
2979 2861
3174 3324
1129 619
113 2870
3571 1534
313 1052
4634 2401
4209 1609
56 3428
3446 3656
1513 1621
826 287
3044 3010
273 1871
1002 4072
3419 4570
36 127
1902 1836
3919 2794
3197 447
4182 596
2939 3391
741 1453
4641 3391
3252 2310
4383 4424
1775 1304
648 2954
2281 3039
4252 4207
1111 4271
4493 1113
1257 1395
2708 1824
1920 2762
3383 1986
1328 1386
3054 2800
536 367
4167 788
4512 1301
2535 3016
3625 4161
3816 2605
3925 1832
549 186
837 2586
4255 2054
2013 3197
2101 2127
3990 4400
2147 1427
1285 3640
3563 1625
1015 4233
3153 724
1197 2071
540 2137
1875 2539
904 3750
916 604
2094 3732
1470 4157
4032 3372
729 2418
2359 3080
4428 4196
1365 1788
4328 2961
100 2001
4451 3361
104 3166
2875 2878
3804 1055
2730 2407
1809 3976
2094 3412
1134 1669
2924 2665
4469 1103
613 1575
3054 325
270 134
1009 2108
2248 4525
459 1870
34 729
3547 1049
4059 1016
2865 4078
3721 302
999 3188
2179 1255
4348 2621
4186 2831
335 1906
3274 1447
96 3343
4214 3987
1460 1151
2141 570
868 4527
1663 2067
1091 1893
1323 4395
215 3439
870 259
3986 1325
534 355
2857 1968
3461 1213
3150 3720
1209 3313
3504 3555
3336 2881
4452 4184
1523 1546
4528 1782
1970 806
740 970
4591 1954
3191 2356
1757 796
2996 1875
4562 3344
3541 3020
1566 891
1494 1
1198 2031
2166 1818
2672 2246
1771 4138
936 3658
861 3815
3944 2747
2691 2721
4380 1674
1251 4411
3364 2377
88 1528
944 2410
4088 1509
3234 3787
2918 3779
1295 1490
366 4651
3669 1107
2638 4144
3680 3758
3321 3779
1407 2614
1959 370
739 3186
3243 2745
3735 4068
3835 713
4470 2761
2513 3011
2826 2475
2603 1264
1516 2607
3132 3518
1747 4356
2291 2116
1793 1647
2920 4268
154 1873
4456 4303
2414 3596
4640 4039
823 2725
315 3417
3356 2320
1856 2024
435 2270
1256 4570
3428 1782
4159 3739
1277 3698
297 4556
1438 1170
2595 3855
2574 1267
1329 4130
3504 3526
3343 3192
127 3453
111 997
2883 4406
2595 1620
3835 3101
4473 3178
4061 3109
2324 4017
2064 567
3549 647
970 2448
4419 1547
3740 3307
1991 4138
1640 1818
55 4166
4333 2932
592 2348
3124 675
2944 1443
3587 3013
618 1515
1148 403
3207 4226
4157 3128
1796 3984
1113 641
535 4188
1594 1931
1087 3757
4311 851
4506 774
730 701
1039 3738
113 805
1472 3851
3747 3818
3421 1001
120 2322
1529 3676
1096 3326
3088 425
3642 1052
2832 3676
648 1223
1435 3499
1261 1427
4642 3714
281 750
543 1868
2718 274
2969 1062
507 4503
4134 777
1576 4420
3682 876
3559 1326
1259 3566
4345 2079
1778 4576
1144 3942
3329 4240
577 2635
3247 1368
3871 1496
2526 1264
3862 3052
3799 1857
2865 4225
321 3391
3637 3319
561 4345
3036 2979
4236 1661
3779 3895
3020 4575
3003 2403
1213 3243
1376 2242
4491 4353
3480 2946
883 4394
1152 4425
904 1806
3223 2751
1235 3542
4372 2732
485 2245
2907 3864
1708 2476
2725 3927
1223 2406
3131 3136
4533 2619
3435 2634
3513 2036
2689 3632
2136 755
1876 1857
4553 315
4006 3109
371 4048
585 4292
1746 1190
1874 579
3998 3493
3530 2740
833 407
881 1977
712 2636
3576 1705
4350 4125
613 1725
1367 3586
2881 791
2311 2738
902 341
232 1139
957 3384
2757 1152
3089 4250
965 2248
1310 4572
2881 2268
3710 985
4527 3485
324 3078
3883 1109
1044 3347
4526 1469
3156 1116
612 2268
4163 1764
4011 2706
182 3814
1572 104
2603 2265
1560 255
448 488
1355 3884
4138 2459
2511 3014
836 63
3963 2905
203 1316
3584 1261
4005 2336
2389 559
2832 1624
2560 4326
3540 2909
2571 265
818 2592
3814 3609
3780 2920
337 2951
1138 2785
1917 1112
2664 2858
434 3061
606 3013
2453 1168
37 3126
3371 970
2056 1074
2932 411
684 4634
4274 2497
3782 1202
768 3144
336 3254
931 561
405 4298
1769 3933
2990 3832
219 3997
1308 937
1454 2176
228 3691
187 2035
314 4483
1476 4576
946 3254
4028 173
1301 4519
392 3088
2360 1123
1772 1542
3844 653
4111 3060
1663 2665
1182 2780
1706 3566
4072 2508
4091 4242
1660 3726
1076 3263
987 916
3226 3972
3446 4493
866 523
1767 2371
3875 2332
2986 4088
1092 2684
3456 1233
1611 3723
4119 4217
1751 635
3252 3531
1719 2357
456 4390
3048 2554
1031 1818
1326 3244
2378 992
2652 805
1086 3441
2120 979
75 4562
435 753
994 2125
655 4341
1281 4317
1014 184
2709 898
3676 298
117 3121
398 4095
3880 1559
2300 3280
3867 3916
3736 858
479 3706
2017 4005
289 1934
1778 1673
1666 627
3723 200
3823 105
1216 1356
408 1611
4638 3860
2518 1685
362 25
741 2947
1503 1190
564 3144
1757 282
2507 4201
3445 1251
4242 4098
3694 1857
2653 4341
1582 4024
2247 2865
536 3055
1366 218
1920 3086
4248 680
127 3806
2225 3358
1029 3343
3440 2269
1765 1290
1731 2489
3988 1989
2925 895
4218 3446
2341 578
1584 3465
3678 3561
1345 285
4637 3240
810 1428
3613 2421
2148 831
1568 1366
2735 3669
4251 3625
3078 1541
1888 1355
3570 1564
401 2721
3362 2540
3081 2959
3928 1083
336 3144
271 1501
623 1247
738 4102
1481 4098
3612 2896
4551 908
377 4490
711 3746
3346 3119
2269 3841
2346 4172
3884 2465
3622 752
1550 542
3566 2139
2075 980
2399 2761
4104 1973
948 2500
566 4185
4117 2901
1989 1619
2400 1572
3361 2726
2564 4303
55 2871
3561 3459
