3411 3410 1000
1 2 7379
1 3 97983
1 4 37611
1 5 7996
1 6 87546
1 7 68159
1 8 53553
1 9 38333
1 10 78456
1 11 67268
1 12 82256
1 13 9949
1 14 20054
1 15 10073
1 16 35806
1 17 64387
1 18 22592
1 19 9585
1 20 64187
1 21 30224
1 22 15229
1 23 6777
1 24 92941
1 25 18214
1 26 80427
1 27 2177
1 28 20538
1 29 11812
1 30 60998
1 31 31377
1 32 12325
1 33 66352
1 34 46525
1 35 55118
1 36 37267
1 37 25125
1 38 54583
1 39 73487
1 40 95474
1 41 56665
1 42 65413
1 43 97011
1 44 43710
1 45 79400
1 46 66108
1 47 1978
1 48 17281
1 49 10446
1 50 4945
1 51 60082
1 52 94597
1 53 32578
1 54 37663
1 55 93009
1 56 56604
1 57 47395
1 58 45618
1 59 45380
1 60 79597
1 61 451
1 62 75672
1 63 33753
1 64 94290
1 65 78646
1 66 38218
1 67 33957
1 68 68098
1 69 82016
1 70 4999
1 71 708
1 72 77693
1 73 35607
1 74 66010
1 75 56605
1 76 49052
1 77 80348
1 78 70892
1 79 92922
1 80 85384
1 81 14040
1 82 72448
1 83 77225
1 84 96760
1 85 88302
1 86 77977
1 87 65485
1 88 60663
1 89 36664
1 90 30476
1 91 89641
1 92 86560
1 93 2392
1 94 46956
1 95 81154
1 96 64596
1 97 4001
1 98 83398
1 99 83325
1 100 56281
1 101 91926
1 102 26708
1 103 48336
1 104 22731
1 105 28088
1 106 28489
1 107 45800
1 108 3076
1 109 11448
1 110 47450
1 111 94416
1 112 44808
1 113 38979
1 114 63565
1 115 6871
1 116 66346
1 117 63119
1 118 28958
1 119 9222
1 120 89351
1 121 64914
1 122 82880
1 123 9749
1 124 91180
1 125 52828
1 126 19430
1 127 33304
1 128 969
1 129 63231
1 130 60767
1 131 52863
1 132 22476
1 133 14321
1 134 48803
1 135 84983
1 136 84900
1 137 6959
1 138 50471
1 139 83687
1 140 29754
1 141 25228
1 142 63207
1 143 73709
1 144 63093
1 145 14537
1 146 40327
1 147 89314
1 148 62503
1 149 11456
1 150 43174
1 151 15805
1 152 92383
1 153 49532
1 154 42404
1 155 63090
1 156 83866
1 157 47308
1 158 41418
1 159 28215
1 160 12538
1 161 45305
1 162 43486
1 163 59283
1 164 66455
1 165 49722
1 166 25195
1 167 61605
1 168 60264
1 169 79313
1 170 40536
1 171 38975
1 172 55386
1 173 50257
1 174 84830
1 175 1596
1 176 30290
1 177 54254
1 178 12498
1 179 72219
1 180 48938
1 181 9079
1 182 11630
1 183 89638
1 184 59806
1 185 60098
1 186 87788
1 187 59399
1 188 89530
1 189 62659
1 190 6450
1 191 25641
1 192 81526
1 193 5170
1 194 18716
1 195 66941
1 196 32489
1 197 99948
1 198 34268
1 199 28815
1 200 3103
1 201 45446
1 202 40548
1 203 11401
1 204 7798
1 205 32057
1 206 3314
1 207 29424
1 208 34468
1 209 23663
1 210 6735
1 211 9276
1 212 21709
1 213 73525
1 214 13269
1 215 13147
1 216 74249
1 217 81226
1 218 72543
1 219 13086
1 220 41871
1 221 94851
1 222 74338
1 223 20138
1 224 20256
1 225 15618
1 226 92356
1 227 27111
1 228 69804
1 229 85570
1 230 81887
1 231 66903
1 232 20097
1 233 37999
1 234 32027
1 235 94990
1 236 40872
1 237 90222
1 238 65357
1 239 83191
1 240 94823
1 241 16851
1 242 99099
1 243 18719
1 244 36766
1 245 28928
1 246 31543
1 247 15979
1 248 89466
1 249 45320
1 250 71048
1 251 38870
1 252 28014
1 253 13973
1 254 96140
1 255 31120
1 256 68147
1 257 59177
1 258 62346
1 259 24912
1 260 73485
1 261 28777
1 262 50021
1 263 91587
1 264 56306
1 265 14239
1 266 80983
1 267 72579
1 268 24079
1 269 49935
1 270 51955
1 271 54753
1 272 15851
1 273 61021
1 274 18624
1 275 41296
1 276 11772
1 277 78419
1 278 56647
1 279 92526
1 280 50658
1 281 84925
1 282 64927
1 283 9358
1 284 8824
1 285 24256
1 286 24544
1 287 12651
1 288 99149
1 289 37253
1 290 59913
1 291 4438
1 292 1757
1 293 41836
1 294 69408
1 295 34823
1 296 20754
1 297 11176
1 298 9719
1 299 58592
1 300 10557
1 301 88674
1 302 21840
1 303 43513
1 304 76266
1 305 32274
1 306 75702
1 307 43143
1 308 33749
1 309 75555
1 310 32706
1 311 35773
1 312 63787
1 313 18743
1 314 48460
1 315 82365
1 316 75380
1 317 81008
1 318 50339
1 319 2647
1 320 55443
1 321 5150
1 322 84980
1 323 55710
1 324 9045
1 325 56032
1 326 96783
1 327 21756
1 328 40158
1 329 16695
1 330 51082
1 331 81216
1 332 43320
1 333 10719
1 334 86154
1 335 81553
1 336 19416
1 337 34294
1 338 12231
1 339 55442
1 340 89256
1 341 77430
1 342 3239
1 343 52649
1 344 22734
1 345 64874
1 346 42060
1 347 2004
1 348 10374
1 349 48192
1 350 95219
1 351 53988
1 352 81243
1 353 33453
1 354 78626
1 355 27140
1 356 76030
1 357 92858
1 358 24056
1 359 7275
1 360 88804
1 361 24870
1 362 1405
1 363 45244
1 364 11646
1 365 29881
1 366 33396
1 367 21406
1 368 86254
1 369 48375
1 370 33819
1 371 74461
1 372 62370
1 373 73538
1 374 45572
1 375 86876
1 376 78197
1 377 76895
1 378 71024
1 379 15803
1 380 88375
1 381 64210
1 382 58712
1 383 96894
1 384 85860
1 385 13148
1 386 4520
1 387 11368
1 388 3605
1 389 50405
1 390 55170
1 391 64848
1 392 46420
1 393 3147
1 394 90261
1 395 22431
1 396 38603
1 397 16659
1 398 46347
1 399 43772
1 400 98649
1 401 26600
1 402 69156
1 403 91781
1 404 89423
1 405 4215
1 406 88104
1 407 48810
1 408 59960
1 409 21517
1 410 96316
1 411 84924
1 412 92976
1 413 86699
1 414 24363
1 415 93901
1 416 2718
1 417 88037
1 418 10546
1 419 53135
1 420 30663
1 421 31015
1 422 75451
1 423 30460
1 424 46276
1 425 31432
1 426 19611
1 427 49805
1 428 67032
1 429 78897
1 430 31294
1 431 96572
1 432 62233
1 433 37316
1 434 78931
1 435 93343
1 436 74987
1 437 35742
1 438 23200
1 439 17075
1 440 10767
1 441 80961
1 442 24477
1 443 96544
1 444 16455
1 445 35341
1 446 18739
1 447 97319
1 448 32781
1 449 30665
1 450 29653
1 451 10011
1 452 44867
1 453 89437
1 454 22841
1 455 30931
1 456 33870
1 457 74997
1 458 14967
1 459 11424
1 460 23473
1 461 84160
1 462 7912
1 463 53880
1 464 13066
1 465 42695
1 466 16778
1 467 32721
1 468 55808
1 469 90838
1 470 77938
1 471 17191
1 472 65038
1 473 23137
1 474 84770
1 475 78947
1 476 73542
1 477 25740
1 478 12723
1 479 40484
1 480 66543
1 481 24839
1 482 5967
1 483 8644
1 484 82434
1 485 96725
1 486 55412
1 487 58989
1 488 26460
1 489 64431
1 490 5114
1 491 6344
1 492 48379
1 493 47855
1 494 27431
1 495 7887
1 496 97315
1 497 91202
1 498 21197
1 499 81882
1 500 85580
1 501 89745
1 502 5677
1 503 35908
1 504 75886
1 505 85935
1 506 32440
1 507 78720
1 508 57314
1 509 73809
1 510 1128
1 511 65103
1 512 51944
1 513 44416
1 514 63739
1 515 2078
1 516 85151
1 517 13126
1 518 84284
1 519 24724
1 520 44950
1 521 77256
1 522 9475
1 523 75365
1 524 69613
1 525 49349
1 526 9893
1 527 63217
1 528 73120
1 529 56366
1 530 83373
1 531 65062
1 532 98593
1 533 2162
1 534 38272
1 535 87656
1 536 93966
1 537 71214
1 538 46748
1 539 82797
1 540 4654
1 541 96707
1 542 78488
1 543 25484
1 544 14538
1 545 4365
1 546 24847
1 547 12748
1 548 42053
1 549 32593
1 550 27101
1 551 47457
1 552 83772
1 553 26510
1 554 34563
1 555 8381
1 556 55930
1 557 70328
1 558 83736
1 559 61421
1 560 51126
1 561 11389
1 562 19776
1 563 33895
1 564 84940
1 565 68959
1 566 43318
1 567 80268
1 568 26656
1 569 28002
1 570 58645
1 571 433
1 572 29914
1 573 21092
1 574 55130
1 575 95578
1 576 45815
1 577 2786
1 578 35084
1 579 1801
1 580 64218
1 581 25383
1 582 63982
1 583 25752
1 584 6594
1 585 90197
1 586 63219
1 587 47880
1 588 81151
1 589 89439
1 590 5866
1 591 68399
1 592 26189
1 593 62349
1 594 72608
1 595 185
1 596 71624
1 597 88727
1 598 99824
1 599 44068
1 600 70133
1 601 21258
1 602 81375
1 603 44055
1 604 3163
1 605 84809
1 606 5518
1 607 15650
1 608 50425
1 609 51478
1 610 38136
1 611 79104
1 612 46658
1 613 47343
1 614 50085
1 615 61525
1 616 54611
1 617 39969
1 618 40088
1 619 94547
1 620 32194
1 621 72388
1 622 21819
1 623 70104
1 624 10630
1 625 21127
1 626 28431
1 627 45959
1 628 67886
1 629 86712
1 630 96688
1 631 50159
1 632 43544
1 633 91308
1 634 77449
1 635 86307
1 636 70247
1 637 98489
1 638 48830
1 639 24876
1 640 87571
1 641 22078
1 642 15759
1 643 59653
1 644 73174
1 645 9340
1 646 99701
1 647 41141
1 648 28203
1 649 75399
1 650 79757
1 651 900
1 652 11799
1 653 14189
1 654 69817
1 655 80995
1 656 28614
1 657 31390
1 658 9765
1 659 74226
1 660 90860
1 661 80267
1 662 35814
1 663 80371
1 664 79017
1 665 79331
1 666 56980
1 667 52675
1 668 7722
1 669 29586
1 670 41754
1 671 34577
1 672 76049
1 673 22953
1 674 2378
1 675 5365
1 676 91203
1 677 28177
1 678 68230
1 679 15455
1 680 72852
1 681 85352
1 682 35950
1 683 65792
1 684 81079
1 685 64524
1 686 67817
1 687 20755
1 688 6397
1 689 50124
1 690 11885
1 691 10426
1 692 36167
1 693 13765
1 694 54011
1 695 55675
1 696 52678
1 697 93815
1 698 87787
1 699 32905
1 700 79909
1 701 23174
1 702 31419
1 703 89867
1 704 81727
1 705 9047
1 706 81043
1 707 86821
1 708 71092
1 709 1363
1 710 76959
1 711 23335
1 712 3325
1 713 3130
1 714 12166
1 715 52900
1 716 38816
1 717 54934
1 718 6329
1 719 45264
1 720 3877
1 721 77528
1 722 44868
1 723 5934
1 724 2489
1 725 92049
1 726 88695
1 727 590
1 728 57153
1 729 49829
1 730 62795
1 731 78037
1 732 71087
1 733 78416
1 734 45596
1 735 93101
1 736 15479
1 737 8293
1 738 8532
1 739 86918
1 740 74004
1 741 3167
1 742 96630
1 743 58271
1 744 46878
1 745 55773
1 746 83720
1 747 37596
1 748 60589
1 749 92227
1 750 34881
1 751 45529
1 752 63346
1 753 41020
1 754 51589
1 755 33074
1 756 94477
1 757 96281
1 758 44858
1 759 50963
1 760 41937
1 761 71606
1 762 68448
1 763 12835
1 764 74495
1 765 42261
1 766 34793
1 767 39040
1 768 21067
1 769 78791
1 770 39704
1 771 35328
1 772 42786
1 773 7378
1 774 57894
1 775 41220
1 776 23133
1 777 62839
1 778 65103
1 779 21563
1 780 47664
1 781 28589
1 782 19059
1 783 33139
1 784 34676
1 785 59637
1 786 61528
1 787 72558
1 788 1276
1 789 52556
1 790 65861
1 791 21949
1 792 13933
1 793 40889
1 794 78425
1 795 59548
1 796 18881
1 797 13181
1 798 67923
1 799 28998
1 800 64834
1 801 41712
1 802 44426
1 803 37036
1 804 48476
1 805 67035
1 806 67598
1 807 16242
1 808 33878
1 809 21228
1 810 48169
1 811 88906
1 812 86751
1 813 26534
1 814 55118
1 815 50203
1 816 77483
1 817 7043
1 818 56700
1 819 10353
1 820 99116
1 821 15818
1 822 28656
1 823 73366
1 824 37155
1 825 77341
1 826 29100
1 827 46515
1 828 95880
1 829 56642
1 830 88491
1 831 31704
1 832 21587
1 833 48506
1 834 27121
1 835 12035
1 836 61862
1 837 60515
1 838 71920
1 839 2230
1 840 58898
1 841 97103
1 842 48180
1 843 72931
1 844 12445
1 845 60534
1 846 50577
1 847 42781
1 848 9908
1 849 50781
1 850 32122
1 851 37796
1 852 12585
1 853 45710
1 854 90649
1 855 77311
1 856 1691
1 857 62702
1 858 66561
1 859 93487
1 860 66017
1 861 98780
1 862 43896
1 863 65502
1 864 78340
1 865 16996
1 866 67764
1 867 46957
1 868 57485
1 869 27211
1 870 93036
1 871 68418
1 872 76877
1 873 46530
1 874 84674
1 875 44572
1 876 14446
1 877 52692
1 878 8605
1 879 3281
1 880 44533
1 881 81466
1 882 11069
1 883 3064
1 884 3248
1 885 45225
1 886 19253
1 887 9041
1 888 80094
1 889 86694
1 890 9877
1 891 29469
1 892 61791
1 893 46268
1 894 85323
1 895 16111
1 896 16656
1 897 35487
1 898 42309
1 899 55091
1 900 42491
1 901 75744
1 902 62566
1 903 92729
1 904 54695
1 905 53290
1 906 99670
1 907 90781
1 908 88276
1 909 2194
1 910 9009
1 911 1274
1 912 93417
1 913 88077
1 914 87107
1 915 15033
1 916 73748
1 917 96775
1 918 63913
1 919 25864
1 920 46414
1 921 76974
1 922 24688
1 923 54507
1 924 26368
1 925 4809
1 926 6835
1 927 38635
1 928 10994
1 929 80528
1 930 14816
1 931 10527
1 932 32360
1 933 59523
1 934 42426
1 935 83493
1 936 48178
1 937 49786
1 938 46570
1 939 14680
1 940 6406
1 941 4596
1 942 59706
1 943 17570
1 944 98008
1 945 16724
1 946 86500
1 947 82633
1 948 91899
1 949 91067
1 950 83023
1 951 10439
1 952 97407
1 953 81055
1 954 7187
1 955 78903
1 956 84652
1 957 11500
1 958 25199
1 959 85238
1 960 202
1 961 67281
1 962 74235
1 963 81540
1 964 82564
1 965 20245
1 966 31371
1 967 62704
1 968 55068
1 969 24814
1 970 85185
1 971 83111
1 972 80521
1 973 66100
1 974 11523
1 975 34588
1 976 13861
1 977 77006
1 978 22972
1 979 29138
1 980 24887
1 981 18772
1 982 31555
1 983 88849
1 984 73104
1 985 81190
1 986 71038
1 987 40955
1 988 12306
1 989 61382
1 990 138
1 991 31183
1 992 89173
1 993 66349
1 994 20390
1 995 47526
1 996 38740
1 997 79450
1 998 46089
1 999 31880
1 1000 42432
1 1001 11851
1 1002 26953
1 1003 31429
1 1004 11625
1 1005 54208
1 1006 74210
1 1007 89890
1 1008 3398
1 1009 23533
1 1010 9799
1 1011 18515
1 1012 78478
1 1013 79036
1 1014 56314
1 1015 33209
1 1016 62385
1 1017 59742
1 1018 80484
1 1019 91706
1 1020 21621
1 1021 36749
1 1022 63948
1 1023 1065
1 1024 86081
1 1025 90679
1 1026 60532
1 1027 89246
1 1028 18360
1 1029 34411
1 1030 46735
1 1031 6041
1 1032 39856
1 1033 6315
1 1034 61737
1 1035 60948
1 1036 8410
1 1037 53799
1 1038 23640
1 1039 93633
1 1040 31914
1 1041 26354
1 1042 24372
1 1043 60873
1 1044 81105
1 1045 21087
1 1046 22354
1 1047 25689
1 1048 54315
1 1049 22319
1 1050 52234
1 1051 64909
1 1052 4429
1 1053 54625
1 1054 58843
1 1055 26580
1 1056 26933
1 1057 10525
1 1058 11500
1 1059 32549
1 1060 25350
1 1061 14153
1 1062 17044
1 1063 18215
1 1064 45098
1 1065 53392
1 1066 40207
1 1067 79830
1 1068 25421
1 1069 10162
1 1070 73491
1 1071 52716
1 1072 38265
1 1073 31443
1 1074 20355
1 1075 99644
1 1076 32885
1 1077 86896
1 1078 42782
1 1079 39916
1 1080 336
1 1081 40552
1 1082 35027
1 1083 36910
1 1084 9991
1 1085 37327
1 1086 52811
1 1087 39969
1 1088 38872
1 1089 51759
1 1090 71551
1 1091 88345
1 1092 53399
1 1093 2126
1 1094 75299
1 1095 86944
1 1096 14607
1 1097 99026
1 1098 79462
1 1099 68086
1 1100 1984
1 1101 66394
1 1102 84579
1 1103 99420
1 1104 50533
1 1105 3890
1 1106 38813
1 1107 43760
1 1108 6467
1 1109 85659
1 1110 38635
1 1111 58597
1 1112 99483
1 1113 84080
1 1114 82346
1 1115 72559
1 1116 92483
1 1117 57545
1 1118 9059
1 1119 15018
1 1120 98362
1 1121 40111
1 1122 73580
1 1123 46989
1 1124 37451
1 1125 97870
1 1126 24556
1 1127 39735
1 1128 52632
1 1129 79083
1 1130 41705
1 1131 24054
1 1132 15279
1 1133 59676
1 1134 25626
1 1135 94290
1 1136 25471
1 1137 3089
1 1138 9903
1 1139 19782
1 1140 4437
1 1141 60436
1 1142 91712
1 1143 56199
1 1144 3197
1 1145 44757
1 1146 91024
1 1147 85759
1 1148 40657
1 1149 49178
1 1150 31919
1 1151 13434
1 1152 12273
1 1153 92038
1 1154 54425
1 1155 65384
1 1156 37776
1 1157 81919
1 1158 92697
1 1159 12206
1 1160 11465
1 1161 26418
1 1162 38095
1 1163 60580
1 1164 59974
1 1165 11031
1 1166 47176
1 1167 19402
1 1168 271
1 1169 91578
1 1170 19475
1 1171 63568
1 1172 65790
1 1173 98156
1 1174 66520
1 1175 38059
1 1176 11302
1 1177 27978
1 1178 57417
1 1179 42572
1 1180 67531
1 1181 54289
1 1182 16387
1 1183 73474
1 1184 96969
1 1185 29980
1 1186 85125
1 1187 62984
1 1188 5558
1 1189 88470
1 1190 6812
1 1191 90478
1 1192 15539
1 1193 11123
1 1194 88313
1 1195 83807
1 1196 57610
1 1197 87146
1 1198 17071
1 1199 97478
1 1200 27365
1 1201 47578
1 1202 42949
1 1203 68499
1 1204 86648
1 1205 51061
1 1206 89794
1 1207 44098
1 1208 48218
1 1209 27037
1 1210 56155
1 1211 62372
1 1212 9988
1 1213 58457
1 1214 15660
1 1215 67439
1 1216 53164
1 1217 17836
1 1218 25887
1 1219 83051
1 1220 96197
1 1221 88982
1 1222 14887
1 1223 48935
1 1224 59680
1 1225 4311
1 1226 98967
1 1227 59539
1 1228 16712
1 1229 97083
1 1230 26711
1 1231 2471
1 1232 63055
1 1233 20459
1 1234 27592
1 1235 85760
1 1236 31866
1 1237 25083
1 1238 87728
1 1239 71318
1 1240 75484
1 1241 59430
1 1242 17589
1 1243 56272
1 1244 90837
1 1245 40380
1 1246 57949
1 1247 19718
1 1248 38120
1 1249 34323
1 1250 59636
1 1251 25790
1 1252 12784
1 1253 56205
1 1254 54450
1 1255 11892
1 1256 57552
1 1257 76880
1 1258 54321
1 1259 86888
1 1260 73696
1 1261 71501
1 1262 88984
1 1263 14238
1 1264 64581
1 1265 33985
1 1266 93515
1 1267 33068
1 1268 70996
1 1269 99435
1 1270 51447
1 1271 29545
1 1272 64445
1 1273 13545
1 1274 46982
1 1275 22054
1 1276 70370
1 1277 41247
1 1278 63787
1 1279 68611
1 1280 85454
1 1281 14406
1 1282 43955
1 1283 16454
1 1284 80825
1 1285 82557
1 1286 17120
1 1287 88231
1 1288 24579
1 1289 80056
1 1290 10250
1 1291 11544
1 1292 36096
1 1293 4901
1 1294 69150
1 1295 28773
1 1296 17446
1 1297 54321
1 1298 89708
1 1299 76092
1 1300 96861
1 1301 9360
1 1302 34460
1 1303 75356
1 1304 98315
1 1305 67288
1 1306 19200
1 1307 89847
1 1308 13399
1 1309 74517
1 1310 19551
1 1311 87822
1 1312 59107
1 1313 68157
1 1314 53206
1 1315 36209
1 1316 85478
1 1317 84462
1 1318 37780
1 1319 71580
1 1320 73790
1 1321 99851
1 1322 19561
1 1323 57976
1 1324 20791
1 1325 55070
1 1326 19510
1 1327 51408
1 1328 48947
1 1329 69828
1 1330 75897
1 1331 29345
1 1332 58746
1 1333 88429
1 1334 79442
1 1335 86604
1 1336 27665
1 1337 14275
1 1338 2704
1 1339 76012
1 1340 45442
1 1341 64163
1 1342 35696
1 1343 86674
1 1344 74053
1 1345 35992
1 1346 73273
1 1347 69354
1 1348 65674
1 1349 57960
1 1350 72979
1 1351 20896
1 1352 79005
1 1353 88593
1 1354 80690
1 1355 47171
1 1356 27200
1 1357 33695
1 1358 52753
1 1359 62723
1 1360 71967
1 1361 25772
1 1362 95696
1 1363 42900
1 1364 43602
1 1365 2378
1 1366 12457
1 1367 35093
1 1368 51088
1 1369 48883
1 1370 89318
1 1371 54362
1 1372 39836
1 1373 20305
1 1374 80046
1 1375 28783
1 1376 49058
1 1377 25920
1 1378 46051
1 1379 94623
1 1380 52916
1 1381 18411
1 1382 25053
1 1383 63259
1 1384 17871
1 1385 21579
1 1386 26256
1 1387 80944
1 1388 267
1 1389 53820
1 1390 10654
1 1391 92860
1 1392 87335
1 1393 19960
1 1394 94567
1 1395 47784
1 1396 22939
1 1397 10229
1 1398 6732
1 1399 72312
1 1400 94887
1 1401 91927
1 1402 45217
1 1403 82370
1 1404 38629
1 1405 17083
1 1406 89821
1 1407 24064
1 1408 20465
1 1409 64265
1 1410 75583
1 1411 85852
1 1412 43645
1 1413 3263
1 1414 17049
1 1415 29079
1 1416 50105
1 1417 91960
1 1418 59058
1 1419 98961
1 1420 63489
1 1421 63057
1 1422 62285
1 1423 33276
1 1424 9589
1 1425 69792
1 1426 21304
1 1427 5456
1 1428 59134
1 1429 99684
1 1430 36821
1 1431 94369
1 1432 93443
1 1433 64948
1 1434 31063
1 1435 77204
1 1436 42565
1 1437 27310
1 1438 47410
1 1439 69240
1 1440 79648
1 1441 61906
1 1442 58633
1 1443 706
1 1444 53878
1 1445 56262
1 1446 36143
1 1447 39956
1 1448 20990
1 1449 14362
1 1450 42224
1 1451 26552
1 1452 82634
1 1453 10005
1 1454 66777
1 1455 74994
1 1456 35888
1 1457 68408
1 1458 53385
1 1459 33990
1 1460 83719
1 1461 50940
1 1462 80636
1 1463 3597
1 1464 87549
1 1465 44813
1 1466 59627
1 1467 73789
1 1468 1899
1 1469 13613
1 1470 5475
1 1471 14130
1 1472 34136
1 1473 6711
1 1474 66889
1 1475 69917
1 1476 21571
1 1477 15505
1 1478 30410
1 1479 97604
1 1480 49066
1 1481 52395
1 1482 66160
1 1483 25007
1 1484 83071
1 1485 1163
1 1486 49513
1 1487 96605
1 1488 43157
1 1489 48413
1 1490 64640
1 1491 89556
1 1492 78982
1 1493 396
1 1494 10765
1 1495 32789
1 1496 19089
1 1497 36542
1 1498 79772
1 1499 3018
1 1500 34195
1 1501 61087
1 1502 81458
1 1503 92766
1 1504 34172
1 1505 4357
1 1506 88900
1 1507 35219
1 1508 98006
1 1509 67611
1 1510 31741
1 1511 78019
1 1512 25962
1 1513 19474
1 1514 25748
1 1515 15076
1 1516 42132
1 1517 3166
1 1518 20628
1 1519 58476
1 1520 50522
1 1521 33192
1 1522 1766
1 1523 48395
1 1524 1286
1 1525 56899
1 1526 79158
1 1527 53229
1 1528 28178
1 1529 25918
1 1530 49836
1 1531 47210
1 1532 20147
1 1533 3199
1 1534 86360
1 1535 57857
1 1536 7073
1 1537 22895
1 1538 97810
1 1539 46149
1 1540 24629
1 1541 97074
1 1542 2479
1 1543 26348
1 1544 30843
1 1545 81837
1 1546 31634
1 1547 46750
1 1548 45767
1 1549 4250
1 1550 85678
1 1551 6223
1 1552 98961
1 1553 66235
1 1554 42209
1 1555 94623
1 1556 70691
1 1557 38594
1 1558 6651
1 1559 21073
1 1560 53415
1 1561 67564
1 1562 7665
1 1563 23645
1 1564 93388
1 1565 4956
1 1566 60018
1 1567 5064
1 1568 47565
1 1569 36961
1 1570 42081
1 1571 93705
1 1572 98886
1 1573 96422
1 1574 38324
1 1575 71472
1 1576 83711
1 1577 76090
1 1578 28525
1 1579 18948
1 1580 53884
1 1581 96270
1 1582 6189
1 1583 60009
1 1584 15844
1 1585 58774
1 1586 86108
1 1587 44908
1 1588 35828
1 1589 79083
1 1590 42322
1 1591 60676
1 1592 44835
1 1593 65212
1 1594 91424
1 1595 53505
1 1596 56543
1 1597 4468
1 1598 19651
1 1599 2555
1 1600 24243
1 1601 86880
1 1602 33703
1 1603 1395
1 1604 15763
1 1605 53886
1 1606 28421
1 1607 65140
1 1608 93475
1 1609 65927
1 1610 60473
1 1611 14470
1 1612 58733
1 1613 94635
1 1614 63307
1 1615 65860
1 1616 75956
1 1617 33387
1 1618 58617
1 1619 88298
1 1620 67018
1 1621 32600
1 1622 48571
1 1623 91604
1 1624 7873
1 1625 36007
1 1626 81690
1 1627 29737
1 1628 67529
1 1629 73991
1 1630 10536
1 1631 43731
1 1632 55115
1 1633 11885
1 1634 81334
1 1635 42581
1 1636 72537
1 1637 62636
1 1638 39536
1 1639 92670
1 1640 18386
1 1641 37475
1 1642 57487
1 1643 71447
1 1644 80687
1 1645 81053
1 1646 67207
1 1647 53917
1 1648 97063
1 1649 27270
1 1650 27306
1 1651 80445
1 1652 96135
1 1653 20887
1 1654 58349
1 1655 80607
1 1656 22582
1 1657 11654
1 1658 22464
1 1659 14746
1 1660 10029
1 1661 47828
1 1662 80823
1 1663 57668
1 1664 79338
1 1665 33753
1 1666 55449
1 1667 48520
1 1668 69918
1 1669 78386
1 1670 52015
1 1671 27890
1 1672 79115
1 1673 99902
1 1674 5726
1 1675 1092
1 1676 8397
1 1677 42141
1 1678 35004
1 1679 9113
1 1680 53618
1 1681 39284
1 1682 83360
1 1683 88741
1 1684 39185
1 1685 23787
1 1686 35946
1 1687 21063
1 1688 47790
1 1689 72135
1 1690 75096
1 1691 35231
1 1692 20923
1 1693 36078
1 1694 25676
1 1695 71813
1 1696 2360
1 1697 71766
1 1698 58123
1 1699 76134
1 1700 86539
1 1701 84829
1 1702 9763
1 1703 92284
1 1704 35895
1 1705 6770
1 1706 61065
1 1707 34304
1 1708 26939
1 1709 69445
1 1710 46771
1 1711 11929
1 1712 4640
1 1713 36313
1 1714 62005
1 1715 48338
1 1716 24737
1 1717 48385
1 1718 98342
1 1719 37362
1 1720 28753
1 1721 94884
1 1722 90848
1 1723 83562
1 1724 30221
1 1725 86879
1 1726 52547
1 1727 47682
1 1728 92299
1 1729 43296
1 1730 138
1 1731 56696
1 1732 90837
1 1733 26774
1 1734 74523
1 1735 94640
1 1736 67566
1 1737 7943
1 1738 91378
1 1739 24404
1 1740 82269
1 1741 48980
1 1742 47467
1 1743 19787
1 1744 12032
1 1745 98807
1 1746 75135
1 1747 98547
1 1748 21611
1 1749 86348
1 1750 19569
1 1751 82945
1 1752 24323
1 1753 32374
1 1754 22384
1 1755 61013
1 1756 27711
1 1757 49069
1 1758 16299
1 1759 27880
1 1760 2722
1 1761 35522
1 1762 51070
1 1763 96857
1 1764 95054
1 1765 65172
1 1766 42619
1 1767 54956
1 1768 11361
1 1769 68226
1 1770 96249
1 1771 33226
1 1772 65097
1 1773 3603
1 1774 47717
1 1775 90975
1 1776 1662
1 1777 79682
1 1778 59923
1 1779 50581
1 1780 4522
1 1781 93638
1 1782 30693
1 1783 68719
1 1784 70407
1 1785 2281
1 1786 238
1 1787 81537
1 1788 4070
1 1789 5526
1 1790 59670
1 1791 44185
1 1792 54700
1 1793 82206
1 1794 85225
1 1795 50393
1 1796 53051
1 1797 16004
1 1798 94096
1 1799 28268
1 1800 99389
1 1801 39700
1 1802 23475
1 1803 66165
1 1804 99028
1 1805 58925
1 1806 12362
1 1807 2954
1 1808 13747
1 1809 90511
1 1810 20262
1 1811 95536
1 1812 39871
1 1813 78657
1 1814 99217
1 1815 7928
1 1816 53722
1 1817 17287
1 1818 93558
1 1819 50253
1 1820 43884
1 1821 68711
1 1822 875
1 1823 76397
1 1824 86492
1 1825 32847
1 1826 11484
1 1827 2936
1 1828 28404
1 1829 71516
1 1830 14654
1 1831 97112
1 1832 7190
1 1833 98279
1 1834 32641
1 1835 51458
1 1836 51203
1 1837 25736
1 1838 40101
1 1839 51188
1 1840 80785
1 1841 94624
1 1842 57500
1 1843 77003
1 1844 71957
1 1845 10468
1 1846 95303
1 1847 32116
1 1848 25927
1 1849 19930
1 1850 11605
1 1851 9875
1 1852 26170
1 1853 69157
1 1854 13145
1 1855 39813
1 1856 37080
1 1857 25676
1 1858 52137
1 1859 1426
1 1860 79104
1 1861 95007
1 1862 37385
1 1863 88451
1 1864 52885
1 1865 2042
1 1866 87905
1 1867 26043
1 1868 29199
1 1869 47902
1 1870 43361
1 1871 85787
1 1872 45516
1 1873 10677
1 1874 6303
1 1875 42691
1 1876 36388
1 1877 90176
1 1878 80560
1 1879 26922
1 1880 36278
1 1881 35603
1 1882 2677
1 1883 27302
1 1884 93083
1 1885 2883
1 1886 53634
1 1887 61732
1 1888 92639
1 1889 46137
1 1890 59540
1 1891 22082
1 1892 2215
1 1893 47506
1 1894 29109
1 1895 5780
1 1896 90270
1 1897 23286
1 1898 6033
1 1899 83356
1 1900 40231
1 1901 70538
1 1902 77001
1 1903 72816
1 1904 48266
1 1905 36596
1 1906 23887
1 1907 22071
1 1908 5883
1 1909 49494
1 1910 5180
1 1911 36164
1 1912 95466
1 1913 74518
1 1914 97127
1 1915 40168
1 1916 52360
1 1917 82952
1 1918 54642
1 1919 76787
1 1920 70656
1 1921 5626
1 1922 32693
1 1923 56257
1 1924 29367
1 1925 95177
1 1926 49966
1 1927 27328
1 1928 15359
1 1929 13243
1 1930 14327
1 1931 14816
1 1932 87907
1 1933 40381
1 1934 30700
1 1935 64445
1 1936 29638
1 1937 65678
1 1938 69082
1 1939 85918
1 1940 72848
1 1941 66519
1 1942 17763
1 1943 44170
1 1944 93854
1 1945 81825
1 1946 90501
1 1947 9090
1 1948 68781
1 1949 88216
1 1950 19771
1 1951 46869
1 1952 49462
1 1953 269
1 1954 27950
1 1955 91813
1 1956 79280
1 1957 64378
1 1958 7226
1 1959 33120
1 1960 10478
1 1961 54468
1 1962 90709
1 1963 63823
1 1964 9994
1 1965 53182
1 1966 71543
1 1967 40990
1 1968 88139
1 1969 32686
1 1970 50116
1 1971 61675
1 1972 96156
1 1973 5001
1 1974 34395
1 1975 90640
1 1976 16140
1 1977 2544
1 1978 54543
1 1979 17014
1 1980 47483
1 1981 74367
1 1982 57793
1 1983 18167
1 1984 25184
1 1985 90872
1 1986 82268
1 1987 9424
1 1988 4197
1 1989 45349
1 1990 70917
1 1991 70565
1 1992 93804
1 1993 84441
1 1994 85198
1 1995 39985
1 1996 93093
1 1997 83529
1 1998 57370
1 1999 30539
1 2000 51382
1 2001 28859
1 2002 55332
1 2003 77730
1 2004 51568
1 2005 25053
1 2006 22331
1 2007 85674
1 2008 45746
1 2009 4307
1 2010 59144
1 2011 19426
1 2012 37836
1 2013 51263
1 2014 51950
1 2015 31746
1 2016 74856
1 2017 93742
1 2018 5744
1 2019 77565
1 2020 99258
1 2021 19101
1 2022 65497
1 2023 83668
1 2024 97702
1 2025 62989
1 2026 4705
1 2027 4674
1 2028 21179
1 2029 89146
1 2030 61025
1 2031 93055
1 2032 9235
1 2033 34177
1 2034 97487
1 2035 55155
1 2036 27515
1 2037 31648
1 2038 75023
1 2039 18183
1 2040 52052
1 2041 87404
1 2042 62869
1 2043 55456
1 2044 19235
1 2045 3597
1 2046 86373
1 2047 38436
1 2048 419
1 2049 22765
1 2050 55122
1 2051 11924
1 2052 90698
1 2053 10257
1 2054 84410
1 2055 96493
1 2056 84853
1 2057 39428
1 2058 44647
1 2059 63940
1 2060 77824
1 2061 76973
1 2062 98566
1 2063 48002
1 2064 39598
1 2065 20002
1 2066 29452
1 2067 86345
1 2068 95635
1 2069 57892
1 2070 18945
1 2071 79492
1 2072 38335
1 2073 23459
1 2074 29703
1 2075 23892
1 2076 97132
1 2077 93730
1 2078 54473
1 2079 92030
1 2080 61650
1 2081 97781
1 2082 15093
1 2083 68556
1 2084 82898
1 2085 5479
1 2086 82312
1 2087 32379
1 2088 85054
1 2089 27993
1 2090 35287
1 2091 59893
1 2092 87358
1 2093 62422
1 2094 7929
1 2095 16038
1 2096 41004
1 2097 16992
1 2098 857
1 2099 25950
1 2100 82283
1 2101 67477
1 2102 62515
1 2103 73760
1 2104 20482
1 2105 6642
1 2106 42467
1 2107 51320
1 2108 87068
1 2109 81767
1 2110 58498
1 2111 70647
1 2112 87939
1 2113 71374
1 2114 46256
1 2115 72503
1 2116 55428
1 2117 90056
1 2118 49456
1 2119 12957
1 2120 90058
1 2121 25319
1 2122 13442
1 2123 32830
1 2124 56626
1 2125 21871
1 2126 57918
1 2127 62254
1 2128 55308
1 2129 4808
1 2130 57977
1 2131 11013
1 2132 56644
1 2133 60969
1 2134 60171
1 2135 7731
1 2136 373
1 2137 15922
1 2138 98616
1 2139 28267
1 2140 52447
1 2141 22291
1 2142 396
1 2143 81858
1 2144 56516
1 2145 34462
1 2146 84236
1 2147 47700
1 2148 78157
1 2149 38702
1 2150 86549
1 2151 45240
1 2152 17648
1 2153 65181
1 2154 47128
1 2155 45866
1 2156 96152
1 2157 31898
1 2158 45314
1 2159 29106
1 2160 23757
1 2161 2985
1 2162 56155
1 2163 90273
1 2164 92626
1 2165 90251
1 2166 85859
1 2167 74312
1 2168 37257
1 2169 20868
1 2170 42783
1 2171 87624
1 2172 46064
1 2173 49006
1 2174 59292
1 2175 42265
1 2176 84286
1 2177 38424
1 2178 17013
1 2179 12551
1 2180 88047
1 2181 92734
1 2182 64358
1 2183 99871
1 2184 81341
1 2185 49652
1 2186 28061
1 2187 18065
1 2188 40870
1 2189 76755
1 2190 31621
1 2191 14830
1 2192 73808
1 2193 35150
1 2194 59640
1 2195 74232
1 2196 76479
1 2197 57164
1 2198 83196
1 2199 61992
1 2200 21972
1 2201 5464
1 2202 62949
1 2203 46269
1 2204 2245
1 2205 82433
1 2206 29512
1 2207 38201
1 2208 21184
1 2209 99528
1 2210 43560
1 2211 95613
1 2212 47446
1 2213 72500
1 2214 41313
1 2215 18341
1 2216 55553
1 2217 14356
1 2218 97964
1 2219 8471
1 2220 76090
1 2221 14524
1 2222 38327
1 2223 47831
1 2224 32063
1 2225 31300
1 2226 73466
1 2227 68315
1 2228 71474
1 2229 49190
1 2230 96881
1 2231 69006
1 2232 37802
1 2233 56757
1 2234 50031
1 2235 74943
1 2236 1037
1 2237 40319
1 2238 80989
1 2239 31838
1 2240 71895
1 2241 28317
1 2242 76399
1 2243 81881
1 2244 31859
1 2245 96534
1 2246 89795
1 2247 29897
1 2248 24498
1 2249 49336
1 2250 6349
1 2251 75346
1 2252 85614
1 2253 37182
1 2254 35132
1 2255 52314
1 2256 27232
1 2257 52250
1 2258 5720
1 2259 69794
1 2260 73981
1 2261 14219
1 2262 87371
1 2263 14710
1 2264 49428
1 2265 94788
1 2266 78266
1 2267 80660
1 2268 27523
1 2269 30765
1 2270 40010
1 2271 77790
1 2272 30231
1 2273 98379
1 2274 69361
1 2275 31975
1 2276 22990
1 2277 43791
1 2278 5634
1 2279 17072
1 2280 56480
1 2281 3753
1 2282 94824
1 2283 57448
1 2284 75065
1 2285 27173
1 2286 50376
1 2287 86973
1 2288 82419
1 2289 96501
1 2290 40452
1 2291 89678
1 2292 88451
1 2293 77708
1 2294 87841
1 2295 20760
1 2296 27027
1 2297 7477
1 2298 8205
1 2299 17137
1 2300 48500
1 2301 13909
1 2302 33283
1 2303 60008
1 2304 7685
1 2305 80768
1 2306 89561
1 2307 12160
1 2308 36901
1 2309 47412
1 2310 91265
1 2311 27462
1 2312 78909
1 2313 26705
1 2314 51701
1 2315 55762
1 2316 99521
1 2317 67534
1 2318 35090
1 2319 33718
1 2320 58376
1 2321 12982
1 2322 47556
1 2323 17002
1 2324 30210
1 2325 19217
1 2326 14017
1 2327 37076
1 2328 48938
1 2329 83710
1 2330 49620
1 2331 84594
1 2332 3928
1 2333 63402
1 2334 39223
1 2335 34475
1 2336 16908
1 2337 82846
1 2338 33691
1 2339 76889
1 2340 83452
1 2341 33788
1 2342 58232
1 2343 80600
1 2344 86257
1 2345 71311
1 2346 27599
1 2347 14016
1 2348 71760
1 2349 69317
1 2350 78570
1 2351 33386
1 2352 72353
1 2353 60959
1 2354 3372
1 2355 72561
1 2356 77440
1 2357 98747
1 2358 98357
1 2359 23974
1 2360 5164
1 2361 12477
1 2362 79620
1 2363 92260
1 2364 42770
1 2365 8228
1 2366 49050
1 2367 33329
1 2368 45503
1 2369 76753
1 2370 50270
1 2371 4125
1 2372 64876
1 2373 96069
1 2374 64831
1 2375 82832
1 2376 66768
1 2377 66528
1 2378 10821
1 2379 90064
1 2380 96175
1 2381 60232
1 2382 80323
1 2383 88296
1 2384 96283
1 2385 31901
1 2386 42740
1 2387 10606
1 2388 66303
1 2389 47496
1 2390 43085
1 2391 42565
1 2392 99726
1 2393 2413
1 2394 73280
1 2395 85284
1 2396 38920
1 2397 86221
1 2398 70825
1 2399 2400
1 2400 83526
1 2401 53947
1 2402 36687
1 2403 75198
1 2404 88803
1 2405 6978
1 2406 32852
1 2407 73655
1 2408 86103
1 2409 65484
1 2410 44815
1 2411 13828
1 2412 88946
1 2413 54871
1 2414 41447
1 2415 58451
1 2416 49934
1 2417 94302
1 2418 28933
1 2419 52907
1 2420 91820
1 2421 5675
1 2422 30862
1 2423 85111
1 2424 65580
1 2425 66980
1 2426 98304
1 2427 84581
1 2428 78763
1 2429 44545
1 2430 69288
1 2431 94443
1 2432 11410
1 2433 77443
1 2434 85096
1 2435 89263
1 2436 45115
1 2437 98893
1 2438 20445
1 2439 58837
1 2440 56447
1 2441 22263
1 2442 23744
1 2443 72542
1 2444 91810
1 2445 15705
1 2446 80800
1 2447 51507
1 2448 68309
1 2449 11680
1 2450 58212
1 2451 84249
1 2452 57782
1 2453 87216
1 2454 78762
1 2455 80669
1 2456 21145
1 2457 27597
1 2458 69310
1 2459 28080
1 2460 72770
1 2461 72935
1 2462 85612
1 2463 84862
1 2464 11108
1 2465 48544
1 2466 52074
1 2467 62334
1 2468 20958
1 2469 12394
1 2470 1461
1 2471 16031
1 2472 65031
1 2473 88922
1 2474 67344
1 2475 79083
1 2476 21922
1 2477 11033
1 2478 91299
1 2479 39894
1 2480 72003
1 2481 42784
1 2482 62544
1 2483 39092
1 2484 25268
1 2485 95998
1 2486 55596
1 2487 82852
1 2488 68585
1 2489 97268
1 2490 22248
1 2491 25153
1 2492 28364
1 2493 7522
1 2494 60822
1 2495 95883
1 2496 12882
1 2497 82004
1 2498 18895
1 2499 90763
1 2500 39462
1 2501 8856
1 2502 57615
1 2503 94098
1 2504 33288
1 2505 70904
1 2506 85362
1 2507 74974
1 2508 69421
1 2509 35818
1 2510 83015
1 2511 80536
1 2512 50613
1 2513 33984
1 2514 8669
1 2515 72061
1 2516 65301
1 2517 10780
1 2518 18522
1 2519 26620
1 2520 4065
1 2521 73466
1 2522 78400
1 2523 52823
1 2524 49578
1 2525 37727
1 2526 73252
1 2527 74244
1 2528 54670
1 2529 66491
1 2530 96356
1 2531 68728
1 2532 85766
1 2533 4156
1 2534 75886
1 2535 8171
1 2536 36805
1 2537 26878
1 2538 64354
1 2539 93056
1 2540 15835
1 2541 36401
1 2542 22897
1 2543 46606
1 2544 46294
1 2545 62116
1 2546 34972
1 2547 24587
1 2548 3578
1 2549 36490
1 2550 26596
1 2551 16782
1 2552 42615
1 2553 20860
1 2554 79943
1 2555 92287
1 2556 39252
1 2557 21949
1 2558 71342
1 2559 56680
1 2560 91446
1 2561 35419
1 2562 37719
1 2563 27367
1 2564 44082
1 2565 1137
1 2566 92697
1 2567 15524
1 2568 32808
1 2569 79162
1 2570 83449
1 2571 50114
1 2572 40300
1 2573 74619
1 2574 62919
1 2575 4157
1 2576 72795
1 2577 35267
1 2578 47781
1 2579 13606
1 2580 53563
1 2581 86260
1 2582 72024
1 2583 16382
1 2584 71298
1 2585 11541
1 2586 30243
1 2587 560
1 2588 57179
1 2589 24368
1 2590 49062
1 2591 43327
1 2592 93230
1 2593 59509
1 2594 82838
1 2595 67550
1 2596 48671
1 2597 94381
1 2598 51606
1 2599 80972
1 2600 74033
1 2601 65635
1 2602 59198
1 2603 30066
1 2604 34277
1 2605 65083
1 2606 96524
1 2607 13314
1 2608 32192
1 2609 74665
1 2610 66565
1 2611 3291
1 2612 75432
1 2613 16875
1 2614 5606
1 2615 16625
1 2616 56544
1 2617 95355
1 2618 80994
1 2619 37614
1 2620 70307
1 2621 27893
1 2622 15311
1 2623 22354
1 2624 55988
1 2625 37592
1 2626 91688
1 2627 28280
1 2628 30851
1 2629 62997
1 2630 90428
1 2631 87329
1 2632 84418
1 2633 26881
1 2634 30696
1 2635 41204
1 2636 15742
1 2637 52323
1 2638 41886
1 2639 21217
1 2640 12920
1 2641 29696
1 2642 13865
1 2643 73467
1 2644 1589
1 2645 93010
1 2646 2225
1 2647 14257
1 2648 75281
1 2649 35507
1 2650 27953
1 2651 343
1 2652 49646
1 2653 55432
1 2654 75503
1 2655 79061
1 2656 34168
1 2657 96901
1 2658 52839
1 2659 80875
1 2660 49282
1 2661 91162
1 2662 24487
1 2663 96977
1 2664 4262
1 2665 32423
1 2666 78269
1 2667 36604
1 2668 53586
1 2669 74580
1 2670 53791
1 2671 83408
1 2672 35702
1 2673 48316
1 2674 91767
1 2675 3700
1 2676 9063
1 2677 28661
1 2678 82860
1 2679 10643
1 2680 87341
1 2681 1803
1 2682 7701
1 2683 56221
1 2684 26037
1 2685 8296
1 2686 53545
1 2687 54546
1 2688 78430
1 2689 89197
1 2690 75278
1 2691 86803
1 2692 25993
1 2693 36818
1 2694 65241
1 2695 89673
1 2696 51917
1 2697 52634
1 2698 49820
1 2699 97772
1 2700 27976
1 2701 99156
1 2702 92713
1 2703 90317
1 2704 50305
1 2705 74933
1 2706 93974
1 2707 17320
1 2708 39116
1 2709 14491
1 2710 27621
1 2711 81349
1 2712 85578
1 2713 50736
1 2714 9136
1 2715 76692
1 2716 79294
1 2717 1746
1 2718 39079
1 2719 25021
1 2720 61272
1 2721 65984
1 2722 21454
1 2723 70250
1 2724 56629
1 2725 14117
1 2726 73133
1 2727 76407
1 2728 99817
1 2729 36986
1 2730 15759
1 2731 21278
1 2732 14878
1 2733 85101
1 2734 34755
1 2735 88517
1 2736 14360
1 2737 65980
1 2738 7344
1 2739 75363
1 2740 53093
1 2741 26786
1 2742 51823
1 2743 70555
1 2744 75864
1 2745 25353
1 2746 85664
1 2747 4448
1 2748 10441
1 2749 25995
1 2750 25552
1 2751 48832
1 2752 25186
1 2753 63725
1 2754 7227
1 2755 77033
1 2756 42409
1 2757 65843
1 2758 74238
1 2759 15611
1 2760 11790
1 2761 26006
1 2762 10632
1 2763 2325
1 2764 8901
1 2765 48666
1 2766 56638
1 2767 21859
1 2768 92549
1 2769 21837
1 2770 29129
1 2771 52371
1 2772 86960
1 2773 89584
1 2774 75041
1 2775 77584
1 2776 30872
1 2777 77951
1 2778 87279
1 2779 56103
1 2780 93187
1 2781 46127
1 2782 45230
1 2783 32501
1 2784 49614
1 2785 56039
1 2786 55687
1 2787 77693
1 2788 65948
1 2789 12901
1 2790 64245
1 2791 9530
1 2792 78264
1 2793 40347
1 2794 3061
1 2795 79832
1 2796 98937
1 2797 83212
1 2798 85486
1 2799 59507
1 2800 57560
1 2801 83633
1 2802 91085
1 2803 7633
1 2804 62808
1 2805 36864
1 2806 34396
1 2807 47861
1 2808 23929
1 2809 13846
1 2810 19607
1 2811 71243
1 2812 38248
1 2813 42239
1 2814 80003
1 2815 13992
1 2816 64850
1 2817 54172
1 2818 48826
1 2819 1106
1 2820 9042
1 2821 49161
1 2822 53397
1 2823 25152
1 2824 67232
1 2825 60872
1 2826 36197
1 2827 4432
1 2828 93459
1 2829 69025
1 2830 65085
1 2831 63528
1 2832 56009
1 2833 2834
1 2834 80963
1 2835 17845
1 2836 23776
1 2837 36638
1 2838 47744
1 2839 56456
1 2840 54890
1 2841 87340
1 2842 90604
1 2843 58988
1 2844 84435
1 2845 18026
1 2846 96997
1 2847 58258
1 2848 56148
1 2849 24469
1 2850 31521
1 2851 45208
1 2852 83222
1 2853 63649
1 2854 35233
1 2855 67545
1 2856 2149
1 2857 29056
1 2858 59749
1 2859 5162
1 2860 331
1 2861 30004
1 2862 54665
1 2863 58416
1 2864 74653
1 2865 40868
1 2866 285
1 2867 58082
1 2868 30462
1 2869 69119
1 2870 92115
1 2871 54285
1 2872 67390
1 2873 37952
1 2874 88494
1 2875 91391
1 2876 5154
1 2877 67401
1 2878 68459
1 2879 1339
1 2880 93570
1 2881 56325
1 2882 33556
1 2883 4166
1 2884 5100
1 2885 53049
1 2886 32582
1 2887 75194
1 2888 74977
1 2889 60681
1 2890 44870
1 2891 94084
1 2892 70630
1 2893 18699
1 2894 29283
1 2895 79034
1 2896 55324
1 2897 97730
1 2898 48606
1 2899 76235
1 2900 73351
1 2901 19505
1 2902 27457
1 2903 36218
1 2904 45094
1 2905 24710
1 2906 36197
1 2907 33737
1 2908 86849
1 2909 26631
1 2910 48581
1 2911 29766
1 2912 77545
1 2913 37191
1 2914 23491
1 2915 64194
1 2916 39999
1 2917 49097
1 2918 96017
1 2919 39740
1 2920 97499
1 2921 19480
1 2922 85859
1 2923 92839
1 2924 82600
1 2925 73727
1 2926 33512
1 2927 57767
1 2928 40318
1 2929 38866
1 2930 65980
1 2931 81909
1 2932 71143
1 2933 8422
1 2934 14867
1 2935 52681
1 2936 83321
1 2937 48181
1 2938 55419
1 2939 87817
1 2940 24269
1 2941 53294
1 2942 37453
1 2943 15804
1 2944 8021
1 2945 56432
1 2946 23276
1 2947 5915
1 2948 72685
1 2949 21772
1 2950 31514
1 2951 13731
1 2952 42859
1 2953 65081
1 2954 32982
1 2955 20619
1 2956 12243
1 2957 73931
1 2958 50214
1 2959 48963
1 2960 6546
1 2961 36943
1 2962 77451
1 2963 76757
1 2964 6506
1 2965 93709
1 2966 33744
1 2967 94740
1 2968 45549
1 2969 92087
1 2970 38862
1 2971 22889
1 2972 49025
1 2973 61822
1 2974 37231
1 2975 32719
1 2976 24259
1 2977 60688
1 2978 64366
1 2979 84202
1 2980 81147
1 2981 48065
1 2982 34701
1 2983 2041
1 2984 12591
1 2985 51046
1 2986 51968
1 2987 79516
1 2988 39863
1 2989 45022
1 2990 63605
1 2991 63015
1 2992 33133
1 2993 20068
1 2994 16087
1 2995 60225
1 2996 63321
1 2997 98905
1 2998 45785
1 2999 86685
1 3000 54559
1 3001 57857
1 3002 22491
1 3003 99866
1 3004 2758
1 3005 69119
1 3006 47835
1 3007 15326
1 3008 41083
1 3009 93674
1 3010 78781
1 3011 22174
1 3012 79226
1 3013 47578
1 3014 1242
1 3015 41684
1 3016 39814
1 3017 41809
1 3018 37369
1 3019 59748
1 3020 39177
1 3021 4516
1 3022 38742
1 3023 33543
1 3024 92441
1 3025 61285
1 3026 14755
1 3027 24029
1 3028 44740
1 3029 39157
1 3030 57251
1 3031 68924
1 3032 55718
1 3033 36023
1 3034 19325
1 3035 20128
1 3036 86848
1 3037 70504
1 3038 735
1 3039 13737
1 3040 13882
1 3041 27414
1 3042 98853
1 3043 93367
1 3044 59292
1 3045 84263
1 3046 46040
1 3047 55091
1 3048 34173
1 3049 32662
1 3050 34454
1 3051 89940
1 3052 96568
1 3053 26897
1 3054 55186
1 3055 47443
1 3056 14954
1 3057 12934
1 3058 80445
1 3059 36235
1 3060 4415
1 3061 20437
1 3062 19333
1 3063 15053
1 3064 87811
1 3065 33562
1 3066 3436
1 3067 39820
1 3068 68178
1 3069 46210
1 3070 14641
1 3071 14630
1 3072 8456
1 3073 2770
1 3074 74661
1 3075 93623
1 3076 89282
1 3077 6464
1 3078 11567
1 3079 93041
1 3080 15701
1 3081 72515
1 3082 87006
1 3083 46039
1 3084 16349
1 3085 10857
1 3086 7529
1 3087 93026
1 3088 32201
1 3089 1586
1 3090 6438
1 3091 65470
1 3092 18028
1 3093 51940
1 3094 99001
1 3095 63183
1 3096 37629
1 3097 59330
1 3098 28974
1 3099 12709
1 3100 85726
1 3101 65201
1 3102 80896
1 3103 56519
1 3104 3149
1 3105 77040
1 3106 37929
1 3107 73661
1 3108 6833
1 3109 66492
1 3110 7512
1 3111 72551
1 3112 40933
1 3113 76555
1 3114 9556
1 3115 95365
1 3116 92976
1 3117 6481
1 3118 92976
1 3119 8559
1 3120 12862
1 3121 35057
1 3122 40822
1 3123 95079
1 3124 33945
1 3125 17083
1 3126 30728
1 3127 76882
1 3128 71142
1 3129 12770
1 3130 52442
1 3131 80199
1 3132 48710
1 3133 10118
1 3134 49036
1 3135 52613
1 3136 42362
1 3137 16139
1 3138 4333
1 3139 30144
1 3140 16264
1 3141 13651
1 3142 7302
1 3143 52328
1 3144 95765
1 3145 29453
1 3146 64280
1 3147 96000
1 3148 38621
1 3149 52343
1 3150 9747
1 3151 61985
1 3152 53144
1 3153 6035
1 3154 57854
1 3155 77287
1 3156 89846
1 3157 56556
1 3158 14655
1 3159 39878
1 3160 62055
1 3161 88737
1 3162 83907
1 3163 50669
1 3164 24044
1 3165 13920
1 3166 50439
1 3167 19781
1 3168 12419
1 3169 77567
1 3170 76191
1 3171 76735
1 3172 10592
1 3173 98108
1 3174 23998
1 3175 78008
1 3176 84505
1 3177 75190
1 3178 91966
1 3179 79975
1 3180 86894
1 3181 10787
1 3182 76957
1 3183 61034
1 3184 78760
1 3185 72170
1 3186 39819
1 3187 33197
1 3188 64779
1 3189 30085
1 3190 56869
1 3191 34874
1 3192 38719
1 3193 97913
1 3194 43310
1 3195 7876
1 3196 44863
1 3197 72961
1 3198 28193
1 3199 30172
1 3200 74316
1 3201 23896
1 3202 78565
1 3203 42703
1 3204 16316
1 3205 61620
1 3206 94470
1 3207 63957
1 3208 74246
1 3209 79727
1 3210 285
1 3211 72731
1 3212 99571
1 3213 11725
1 3214 74178
1 3215 26325
1 3216 48555
1 3217 60163
1 3218 65390
1 3219 19560
1 3220 15826
1 3221 40710
1 3222 19566
1 3223 383
1 3224 64959
1 3225 20584
1 3226 40332
1 3227 99339
1 3228 17221
1 3229 23063
1 3230 26601
1 3231 63005
1 3232 28772
1 3233 56666
1 3234 26064
1 3235 33308
1 3236 22324
1 3237 51484
1 3238 54408
1 3239 25792
1 3240 8503
1 3241 41894
1 3242 75486
1 3243 66788
1 3244 6418
1 3245 41199
1 3246 33556
1 3247 54139
1 3248 52289
1 3249 86400
1 3250 80397
1 3251 84410
1 3252 41935
1 3253 46043
1 3254 32993
1 3255 38891
1 3256 64432
1 3257 20725
1 3258 60666
1 3259 30829
1 3260 85079
1 3261 81785
1 3262 36580
1 3263 68801
1 3264 57388
1 3265 17731
1 3266 64644
1 3267 86892
1 3268 59281
1 3269 64086
1 3270 28489
1 3271 3899
1 3272 42236
1 3273 6104
1 3274 88970
1 3275 95384
1 3276 90229
1 3277 53434
1 3278 65020
1 3279 88381
1 3280 61586
1 3281 62966
1 3282 4965
1 3283 67887
1 3284 58000
1 3285 54619
1 3286 87138
1 3287 34597
1 3288 10055
1 3289 56848
1 3290 81124
1 3291 46110
1 3292 90603
1 3293 33688
1 3294 69225
1 3295 53755
1 3296 11000
1 3297 58614
1 3298 51739
1 3299 94248
1 3300 30656
1 3301 86239
1 3302 15546
1 3303 28328
1 3304 7820
1 3305 99967
1 3306 21163
1 3307 25737
1 3308 41836
1 3309 71027
1 3310 99415
1 3311 15774
1 3312 96868
1 3313 1917
1 3314 79288
1 3315 6848
1 3316 30418
1 3317 25676
1 3318 67616
1 3319 68281
1 3320 70916
1 3321 30696
1 3322 97428
1 3323 74042
1 3324 77696
1 3325 3417
1 3326 52385
1 3327 26478
1 3328 76935
1 3329 36423
1 3330 38734
1 3331 91295
1 3332 86308
1 3333 67338
1 3334 50824
1 3335 49749
1 3336 20133
1 3337 9486
1 3338 93080
1 3339 88673
1 3340 6041
1 3341 14911
1 3342 39677
1 3343 77043
1 3344 68572
1 3345 51367
1 3346 73336
1 3347 59356
1 3348 26032
1 3349 1802
1 3350 1292
1 3351 397
1 3352 87647
1 3353 73523
1 3354 93284
1 3355 44516
1 3356 39851
1 3357 33719
1 3358 64398
1 3359 72552
1 3360 58349
1 3361 56812
1 3362 50383
1 3363 42171
1 3364 17349
1 3365 60470
1 3366 76816
1 3367 29956
1 3368 88824
1 3369 15107
1 3370 64487
1 3371 62280
1 3372 73928
1 3373 6728
1 3374 7807
1 3375 57447
1 3376 70240
1 3377 53692
1 3378 76943
1 3379 95509
1 3380 55045
1 3381 2806
1 3382 59535
1 3383 99327
1 3384 79949
1 3385 96953
1 3386 34723
1 3387 2133
1 3388 23532
1 3389 58903
1 3390 62333
1 3391 94957
1 3392 10344
1 3393 86599
1 3394 405
1 3395 20315
1 3396 13978
1 3397 53290
1 3398 36768
1 3399 49173
1 3400 89800
1 3401 15278
1 3402 36624
1 3403 27320
1 3404 23224
1 3405 88843
1 3406 53185
1 3407 70789
1 3408 53002
1 3409 20384
1 3410 56108
1 3411 99173
753 1909
1628 2123
3018 250
1629 1236
2269 1476
2005 1734
1805 3023
780 1474
2247 2891
1083 2145
246 1545
1566 2811
170 1975
579 504
2435 2212
136 278
3072 1269
3404 826
991 779
455 2915
2117 205
1155 3395
2054 2257
1880 2694
2064 2804
1635 2861
860 948
869 1589
817 222
440 1091
1514 1910
2020 2338
3069 144
1625 1782
2695 3011
2997 1228
197 631
41 1593
2785 2125
2760 2764
271 247
3203 3301
228 5
972 1180
806 94
2950 185
2137 3385
3322 322
298 3274
2108 1056
3196 2705
2488 1456
2528 3241
581 2373
929 2800
2455 1405
51 3001
3052 1907
2912 3079
1647 1427
2726 2601
2366 726
483 2842
2616 3153
2529 1970
248 2600
1927 843
1634 3164
2378 2894
2050 1457
2968 1031
298 3314
716 3166
1713 167
2356 3385
2313 1105
3023 3164
378 745
1698 235
1120 1247
971 1946
11 2407
549 2748
2516 3152
190 2388
1789 2496
917 3260
308 1872
1710 3315
2169 1322
1477 2309
2238 200
2296 2107
2013 2302
3315 1987
2649 1458
2279 1467
3367 914
2567 109
1190 2866
2402 2301
3211 3094
3172 3051
2565 1854
1693 1837
2806 2371
3192 1334
2077 2539
1737 361
3169 959
2043 489
2853 583
319 2135
1590 356
3311 3250
728 3374
1265 1448
394 1617
3083 1850
1087 3275
1980 3056
1791 1571
138 220
1771 2444
2447 3036
1133 2119
1995 161
767 604
2729 867
1994 803
2874 2624
105 744
1348 3300
1915 2889
1197 1671
1284 669
3117 3350
2917 1110
2707 741
855 417
3369 389
2817 504
2273 387
693 1600
936 357
2800 1113
56 1128
2316 1842
1910 1285
407 2647
2804 2290
406 1312
2221 2568
179 176
2692 1678
904 588
249 1302
644 1654
823 3064
1625 671
7 612
2579 924
1355 2383
53 1438
1354 179
2226 2661
1320 2435
311 1706
1769 601
2045 40
3102 3170
2941 1812
185 1062
3135 3203
1346 2146
2057 1603
1020 884
487 3226
350 3007
2756 2951
2843 2024
2979 82
1586 2459
588 3407
304 1177
1317 1646
2800 2488
440 967
2087 3246
647 2162
243 378
1282 2653
1517 1485
530 2510
2640 3357
2 674
1489 235
1215 180
2732 1512
3405 3135
2100 176
887 2093
363 2463
1185 162
3253 1508
214 2164
1577 1152
115 3133
2177 3034
1925 1872
404 382
2620 1029
394 1165
2655 152
2059 1114
628 2815
1833 1849
2753 539
914 322
3076 1051
818 1984
1889 2316
1714 3114
841 160
1169 937
1637 2535
2849 1144
1273 1919
182 3100
1689 2761
3317 1312
1652 1922
3309 2682
1837 3310
732 2073
2446 2114
1376 1369
2593 1975
2321 3027
830 1236
252 1680
2022 505
164 1550
1450 2796
2683 909
2166 2611
3120 1043
46 525
207 2200
338 2022
2607 2928
995 2371
2179 2477
1202 2429
2369 596
3012 3030
3163 3328
2673 839
3302 2169
276 559
1261 890
2909 1553
1191 342
2513 1203
3158 1694
556 3392
2850 467
277 1062
1113 128
1964 449
2484 1705
3203 1229
2655 1328
2211 2251
2451 1754
2818 2659
1772 3225
1911 1223
458 1688
3086 3179
346 92
3329 1064
204 2590
1540 1359
2409 572
1297 1883
1530 3386
3114 2638
2837 3294
1922 942
2172 2350
3207 680
1923 2974
2770 2257
2303 1683
1784 2709
2387 206
49 304
1932 3218
196 666
3341 1303
385 1565
1878 2066
2193 445
2448 3049
3149 63
2157 2210
1089 2756
1982 770
881 1094
301 206
2840 1788
2613 1909
2628 2164
490 1789
1324 1969
1480 394
1108 2061
1770 2887
2987 1909
2569 2732
382 1738
536 2724
2079 1483
1197 1970
1436 1609
2103 2015
2020 1566
1217 1134
58 1725
762 2885
1175 1011
1042 2297
1504 2527
653 2919
458 614
2655 1878
887 2328
2633 2567
1698 2409
2283 1234
1520 62
1951 108
177 3287
1859 881
1647 2482
2306 1670
3030 3086
2497 1772
3073 2017
1272 844
870 2814
702 251
2320 2887
1610 564
2166 2304
2138 1432
3144 425
3331 2364
522 2300
1538 94
2939 152
897 1057
2495 2912
3366 2060
978 2407
1729 3039
1793 2090
2835 1913
1819 1691
1541 985
304 341
1260 73
843 2112
3304 45
1527 2512
224 1261
3351 1555
1924 2016
915 2632
3222 1274
138 2167
3067 942
2676 3158
137 2477
432 2293
1170 437
169 2185
2091 1015
1485 1231
986 498
753 2119
2034 1525
3325 884
438 3305
2438 3120
675 633
2119 2555
1809 1094
1703 1232
285 1664
60 1443
3001 3034
2487 601
982 177
2616 312
2649 3098
219 2936
1266 2337
1593 2918
2216 704
640 2465
1406 1055
369 607
1170 2310
2334 42
2544 1778
3385 894
534 2978
1976 215
331 1324
1740 1561
1836 2420
2289 117
1054 2183
2276 1614
209 2673
3089 2547
3171 1475
1869 928
2051 1705
1167 2046
471 366
2961 2132
551 643
23 1771
2361 1126
3378 2400
1170 2617
1747 157
1633 750
1410 753
3260 70
438 3215
3140 1977
1046 2522
1947 304
3390 2617
2531 1060
1792 85
2658 2847
1029 1087
2200 1894
3349 2235
1576 266
578 2672
2774 1706
2715 2746
552 1988
801 3197
2604 2412
651 3015
2308 420
3150 153
163 411
2089 84
2229 707
104 2836
3250 785
2459 770
1801 200
772 1372
748 1399
1768 332
1438 133
2213 2690
3124 787
3067 1029
3112 1741
3241 2627
2795 1703
2095 3104
3219 1289
2032 848
1372 2511
124 31
709 2835
3330 3024
1206 1153
1434 3306
2851 416
2898 1199
404 1629
452 2941
2407 3032
2351 1612
2771 218
1373 1696
1847 406
730 425
115 3355
3190 2675
2171 3385
1670 3126
2049 2274
2733 2125
485 1730
2728 2386
480 254
2447 1360
1377 2263
369 360
1818 1332
2951 635
280 2222
1378 2887
3223 2298
1630 282
519 132
188 292
1263 3208
2261 474
2502 2498
1844 741
3406 3037
778 1040
1392 1851
1608 1343
467 215
566 10
2396 2194
900 2320
1777 97
1210 2936
2530 2025
2475 2368
3291 2593
2489 1774
2297 1942
177 2270
905 743
1440 2640
2351 448
722 3252
1683 1070
2566 3293
1942 2751
3399 236
1815 2611
1814 1957
990 916
3109 1041
118 1437
2667 2515
2984 1532
3078 361
148 2186
1486 1719
130 466
2651 2580
2800 2479
3331 643
749 1170
2074 1035
2934 2585
1757 434
2284 2650
699 633
435 1155
2623 2155
3402 1201
3354 1744
2720 2042
382 2504
2345 2860
1388 2100
1905 150
2733 1666
2009 2080
694 2514
3114 3295
2406 1688
2467 1643
248 465
3387 1555
330 136
2046 108
1445 2420
2439 1700
2184 3064
1300 571
1833 346
873 2260
657 2242
640 2526
514 2696
1902 283
2413 2797
1315 1125
502 1918
589 930
2667 568
2480 566
1237 1537
1654 3267
325 2208
688 1910
3304 3004
1542 2508
2230 2864
2513 827
2157 2397
1427 3294
3043 2458
2128 1965
3174 3199
2349 1607
506 2583
810 1528
364 164
2756 2521
2375 586
955 3044
1266 3352
2500 157
835 3067
1903 2252
2459 2132
1607 2373
2320 2790
457 1601
1049 3366
874 3381
827 1223
504 2510
1650 829
2756 412
3243 2846
2504 410
1251 1671
690 2647
382 2096
378 1399
1947 2783
678 3116
852 1628
195 34
1894 3366
3370 674
737 2557
1925 2566
1407 721
1005 553
2728 1577
2324 2207
2931 1193
2459 1426
3008 1052
587 303
317 857
856 845
2998 3341
2623 383
647 2651
3368 699
979 2595
2989 1220
2446 744
2817 882
2261 1165
3053 1521
2386 59
1743 491
1071 1253
2049 2721
188 2735
383 2001
2242 2516
1228 3246
777 846
1651 1285
2711 3211
2440 949
1240 656
2133 2390
1878 1254
262 3293
1333 1920
2309 2573
438 2115
3228 431
3303 1346
3304 2473
1998 1154
731 2726
2705 2715
2257 1013
461 3385
2838 3089
3095 3338
2146 867
2160 1172
157 620
1046 727
2883 559
1318 3254
1532 1690
634 3197
1528 1990
1487 1948
891 2998
103 2920
2759 737
2032 1109
75 2767
2988 1157
2197 903
99 1444
682 302
135 152
2884 2448
3084 2549
2662 336
1055 1292
764 554
1407 1628
1773 862
1943 2723
1513 1434
775 823
1745 2672
1782 2907
1698 1696
408 2612
300 1198
3191 3018
274 2241
859 3169
2825 232
2927 3281
2630 1873
1758 513
310 474
2380 129
129 1573
1804 2489
188 2879
640 2901
1567 309
2843 2658
2126 2235
2359 3299
2582 132
1224 188
3226 30
1879 356
1378 1253
2713 3133
94 582
3167 1264
2705 314
3146 395
372 1373
2131 2368
3272 1067
2540 390
1002 1770
2458 1875
315 1965
1675 2951
1033 177
3098 2085
1499 2336
542 1066
1230 3115
2402 295
652 2423
566 1869
2881 2843
426 201
2538 297
2040 824
1165 2490
1623 674
2302 1097
1295 1203
139 1358
1674 3122
1867 1959
2082 1135
1958 958
1800 1999
933 1863
1193 2647
1809 3370
1540 2280
160 341
2998 1497
36 2905
1108 3262
3073 734
851 1581
1475 854
549 1671
3309 1289
1488 1989
2729 1776
377 428
1520 1398
2690 2775
606 1946
2278 913
1464 532
2174 329
1661 2970
828 1060
3 3103
2893 3263
3115 1324
1922 1674
723 994
1872 3253
2350 2032
2421 2232
2594 390
1776 2289
1233 1281
1917 1956
1513 153
1840 1172
2197 3079
647 1285
666 3248
165 2819
728 1988
1739 2636
2218 1592
1089 3338
1027 321
2439 1565
1072 1929
247 79
3125 3024
3070 711
1547 3056
326 595
1230 119
2417 2818
410 3108
3109 1182
596 3176
2512 1962
972 623
1302 3062
652 100
1910 2279
2698 1410
3016 489
2918 752
3057 1262
906 1145
29 1453
1304 101
2126 2026
101 1222
706 1891
429 581
2391 2662
3196 3354
2088 3106
727 533
1799 1310
1103 2016
1266 2720
414 1568
2244 872
1916 3304
3398 1533
1964 556
3190 376
180 594
841 3001
3247 967
1115 510
3297 877
868 488
1985 2883
527 1204
768 2211
575 3222
3384 20
2974 1654
624 289
684 2198
1465 2821
3064 2227
1347 2435
3304 2524
3232 1012
2140 537
2530 1715
2870 3102
2389 1963
1556 3328
1884 1753
789 2234
2808 719
1498 2546
3411 475
2808 3103
866 815
926 1332
1163 811
2625 2087
1913 2053
347 2513
3182 1067
2637 1544
2546 1023
2223 1973
187 537
933 1697
1122 2365
2471 1658
441 1923
1302 732
2416 1398
2796 1043
2026 1702
2783 2497
2189 1363
1834 1187
1247 2220
3020 2004
1380 2283
2975 2696
3250 644
3044 1847
1823 1895
1290 1356
1780 2595
2601 1430
2091 2834
2144 2773
2782 1927
3268 834
2560 1592
2560 1964
174 1391
2495 3372
1331 1580
2566 669
3338 3104
3279 2589
1497 2573
2537 1025
827 3000
2166 93
3338 3021
2830 1971
135 984
1787 2676
2284 1402
345 1604
1240 905
2563 2332
650 128
2267 634
1661 829
996 2588
169 1373
3053 429
536 110
1956 339
748 8
34 174
895 2706
2318 1621
1276 2643
2537 1578
2018 941
356 2688
1413 2728
1097 106
1741 2554
2501 3352
675 613
458 645
2983 487
822 2755
427 1725
1849 2203
3103 1204
1410 1553
1557 3331
2173 242
2470 2075
2286 2696
134 1578
2138 517
