76 81
1 3 98
2 4 37
3 4 81
4 5 44
5 6 48
3 6 51
2 10 64
7 8 35
7 9 13
7 10 65
7 11 14
8 12 87
11 19 6
13 14 86
13 15 91
13 16 48
13 17 59
14 18 32
14 19 100
14 24 26
20 22 97
21 24 83
22 23 12
23 24 40
24 25 31
25 26 88
26 27 97
27 28 23
22 28 83
27 32 8
29 31 75
30 36 86
31 32 9
32 33 88
33 34 59
34 35 98
35 36 39
31 36 18
26 37 68
37 39 63
38 42 29
39 40 61
40 41 32
41 42 50
42 43 82
39 43 8
7 46 43
44 46 48
45 46 12
46 47 79
47 48 69
48 49 78
49 50 82
50 51 59
46 51 65
29 53 11
52 53 61
52 54 60
52 55 81
52 56 4
53 57 20
31 61 8
58 59 70
58 60 76
58 61 62
58 62 88
58 63 87
59 64 85
59 65 91
50 67 37
66 67 8
66 68 93
66 69 91
67 70 22
64 75 100
71 73 16
72 75 18
73 74 42
74 75 21
75 76 49
73 76 10
47
61 377
33 351
16 417
47 146
39 298
20 255
73 409
65 97
31 187
66 478
29 357
47 306
70 225
68 230
2 336
6 320
14 284
41 407
71 288
7 232
18 418
67 72
11 381
50 148
66 430
16 212
17 450
69 283
2 241
24 55
75 175
10 258
56 330
7 21
40 21
32 442
69 426
10 349
57 456
15 294
55 130
5 424
10 36
33 181
5 159
14 445
20 307
