165 178
1 3 64
2 5 2
3 4 15
4 5 76
5 6 40
6 7 51
7 8 89
8 9 50
3 9 33
3 15 25
10 12 99
11 17 97
12 13 85
13 14 83
14 15 49
15 16 33
16 17 7
12 17 54
1 22 63
18 20 27
19 21 13
20 21 87
21 22 67
20 22 92
2 24 96
23 25 86
24 25 72
25 26 55
26 27 56
27 28 29
28 29 10
25 29 22
25 34 28
30 31 26
30 32 98
30 33 79
30 34 60
30 35 54
31 36 74
31 37 94
31 38 11
19 43 92
39 41 34
40 44 27
41 42 96
42 43 80
43 44 48
41 44 62
12 51 77
45 47 37
46 47 16
47 48 61
48 49 9
49 50 95
50 51 58
47 51 60
27 52 86
52 54 13
53 54 49
54 55 4
55 56 87
56 57 71
54 57 96
28 64 90
58 59 85
58 60 49
58 61 89
59 62 7
59 63 93
59 64 86
60 65 60
62 72 73
66 68 68
67 69 84
68 69 11
69 70 6
70 71 23
71 72 73
72 73 15
68 73 4
39 76 72
74 76 90
75 76 92
76 77 14
77 78 27
76 78 66
41 80 17
79 81 21
80 82 28
81 82 21
82 83 89
83 84 70
84 85 29
85 86 56
86 87 43
87 88 88
81 88 33
84 90 35
89 91 45
90 91 33
91 92 9
92 93 34
93 94 2
94 95 95
95 96 89
91 96 72
42 97 42
97 98 96
97 99 24
97 100 11
97 101 51
98 102 80
69 106 21
103 105 56
104 106 72
105 106 58
106 107 61
107 108 6
108 109 89
105 109 31
92 118 19
110 112 42
111 112 61
112 113 21
113 114 28
114 115 52
115 116 55
116 117 77
117 118 44
118 119 71
112 119 38
101 125 94
120 122 60
121 125 45
122 123 30
123 124 10
124 125 12
125 126 14
126 127 54
127 128 34
122 128 32
20 132 64
129 130 67
129 131 79
129 132 10
129 133 99
129 134 41
130 135 68
130 136 31
130 137 80
130 138 31
34 139 10
139 140 78
139 141 32
139 142 12
140 143 40
140 144 83
140 145 76
141 146 71
141 147 100
10 156 94
148 149 17
148 150 36
148 151 66
148 152 16
148 153 94
149 154 100
149 155 89
149 156 92
48 160 98
157 158 85
157 159 25
157 160 13
157 161 96
157 162 99
158 163 55
158 164 43
158 165 17
87
70 269
82 241
65 124
51 192
94 114
58 278
70 433
60 434
79 426
128 38
54 73
156 451
109 416
85 212
63 415
50 399
149 449
5 5
25 329
84 141
20 320
81 257
93 138
23 380
8 268
65 52
147 454
28 20
99 457
15 34
64 101
36 211
144 371
73 418
152 462
95 129
72 356
3 345
149 323
128 3
153 368
131 146
144 321
155 69
10 257
146 374
149 53
27 9
15 61
9 332
165 233
125 471
63 133
109 220
72 281
58 441
120 84
118 131
53 485
96 311
144 137
9 351
100 451
81 162
118 218
13 339
160 304
16 58
126 425
113 484
127 212
119 121
146 423
19 366
85 263
86 12
155 331
32 354
113 440
61 206
40 71
107 221
115 476
120 118
14 392
6 272
115 134
