746 808
1 3 3
2 5 2
3 4 5
4 5 4
3 5 3
1 8 40
6 8 2
7 10 1
8 9 3
9 10 3
10 11 5
11 12 3
8 12 4
4 16 10
13 15 2
14 15 4
15 16 4
16 17 2
17 18 4
18 19 4
15 19 3
7 26 57
20 22 1
21 22 5
22 23 5
23 24 4
24 25 2
25 26 1
26 27 1
22 27 1
27 28 51
28 30 4
29 30 1
30 31 3
31 32 5
32 33 4
33 34 5
34 35 3
35 36 2
36 37 3
30 37 2
31 41 52
38 39 4
38 40 3
38 41 1
38 42 4
39 43 3
39 44 3
10 46 28
45 47 3
46 48 5
47 48 1
48 49 3
47 49 4
17 52 23
50 52 5
51 54 3
52 53 3
53 54 1
54 55 2
52 55 1
36 58 70
56 57 5
56 58 4
56 59 5
56 60 5
58 64 67
61 63 3
62 67 4
63 64 4
64 65 5
65 66 1
66 67 1
67 68 1
63 68 2
25 69 57
69 71 2
70 74 2
71 72 2
72 73 4
73 74 3
74 75 2
71 75 4
62 77 29
76 78 5
77 79 3
78 79 1
79 80 3
80 81 1
81 82 5
82 83 1
83 84 4
78 84 3
6 89 76
85 86 1
85 87 4
85 88 1
86 89 5
86 90 1
86 91 4
87 92 2
87 93 3
87 94 2
22 97 87
95 97 5
96 98 3
97 98 5
98 99 5
99 100 2
100 101 2
97 101 3
86 105 97
102 104 4
103 107 3
104 105 2
105 106 3
106 107 3
104 107 4
84 113 41
108 109 5
108 110 3
108 111 1
109 112 4
109 113 4
109 114 5
110 115 1
82 117 94
116 118 5
117 118 1
118 119 1
119 120 2
120 121 5
121 122 2
122 123 2
123 124 1
118 124 4
115 130 34
125 126 2
125 127 1
125 128 3
125 129 5
126 130 1
126 131 2
126 132 2
126 133 5
64 140 73
134 135 4
134 136 4
134 137 4
134 138 4
134 139 3
135 140 1
135 141 2
135 142 1
135 143 4
64 146 96
144 145 1
144 146 4
144 147 5
144 148 3
145 149 3
43 154 36
150 152 5
151 156 2
152 153 1
153 154 4
154 155 5
155 156 5
156 157 1
157 158 1
158 159 5
152 159 3
101 160 78
160 161 2
160 162 3
160 163 1
160 164 2
161 165 3
161 166 3
161 167 2
161 168 4
162 169 3
3 171 21
170 172 2
171 172 1
172 173 4
173 174 3
174 175 1
175 176 4
176 177 3
177 178 2
178 179 5
172 179 4
132 183 25
180 181 3
180 182 3
180 183 3
181 184 3
181 185 1
181 186 2
37 188 58
187 188 4
187 189 3
187 190 2
187 191 5
187 192 1
35 201 15
193 194 3
193 195 2
193 196 2
193 197 1
193 198 1
194 199 2
194 200 4
194 201 4
194 202 4
5 204 77
203 205 5
204 209 1
205 206 1
206 207 2
207 208 1
208 209 1
209 210 2
205 210 2
19 214 73
211 212 3
211 213 1
211 214 1
212 215 1
212 216 3
143 218 70
217 218 4
217 219 4
217 220 5
217 221 3
217 222 5
218 223 2
218 224 5
218 225 4
86 231 44
226 227 5
226 228 4
226 229 3
226 230 1
227 231 3
227 232 4
227 233 1
227 234 1
207 238 53
235 237 4
236 238 4
237 238 2
238 239 5
237 239 5
229 244 66
240 242 3
241 242 2
242 243 1
243 244 5
244 245 3
242 245 4
85 249 87
246 248 5
247 250 2
248 249 4
249 250 2
248 250 5
249 256 59
251 252 1
251 253 4
251 254 4
252 255 4
252 256 1
46 261 2
257 258 3
257 259 5
257 260 2
257 261 2
145 270 2
262 264 1
263 264 4
264 265 3
265 266 4
266 267 5
267 268 2
268 269 5
269 270 3
270 271 3
264 271 3
223 273 18
272 273 4
272 274 3
272 275 2
272 276 3
25 280 1
277 279 3
278 281 5
279 280 2
280 281 2
281 282 5
279 282 5
8 292 30
283 285 3
284 285 2
285 286 3
286 287 2
287 288 5
288 289 1
289 290 3
290 291 3
291 292 1
285 292 5
44 294 49
293 295 2
294 298 2
295 296 5
296 297 3
297 298 4
295 298 1
76 306 70
299 300 1
299 301 1
299 302 4
299 303 3
299 304 4
300 305 3
300 306 4
266 307 93
307 309 3
308 309 5
309 310 3
310 311 4
311 312 2
309 312 1
278 316 50
313 314 5
313 315 4
313 316 3
313 317 1
21 325 32
318 319 2
318 320 1
318 321 1
319 322 2
319 323 4
319 324 4
320 325 1
140 334 29
326 328 3
327 330 3
328 329 2
329 330 2
330 331 3
331 332 1
332 333 5
333 334 3
334 335 2
328 335 5
191 338 92
336 338 5
337 339 5
338 339 2
339 340 3
340 341 4
341 342 3
342 343 5
338 343 1
228 344 42
344 345 5
344 346 4
344 347 3
344 348 5
344 349 2
345 350 1
324 352 43
351 353 2
352 356 2
353 354 4
354 355 2
355 356 4
356 357 2
353 357 5
10 363 4
358 359 1
358 360 4
358 361 3
359 362 3
359 363 5
327 367 19
364 366 4
365 366 5
366 367 5
367 368 5
368 369 2
366 369 3
89 374 87
370 372 4
371 372 4
372 373 3
373 374 4
372 374 5
68 382 1
375 376 4
375 377 5
375 378 3
375 379 2
376 380 5
376 381 1
376 382 5
376 383 2
377 384 5
198 391 34
385 387 1
386 391 2
387 388 5
388 389 2
389 390 1
390 391 4
391 392 1
392 393 3
387 393 5
189 395 6
394 395 2
394 396 3
394 397 5
395 398 5
395 399 1
395 400 2
396 401 2
396 402 3
220 407 50
403 404 4
403 405 3
403 406 3
404 407 1
403 409 73
408 410 4
409 410 5
410 411 3
411 412 2
412 413 1
413 414 4
414 415 1
415 416 2
416 417 1
410 417 4
114 419 61
418 420 1
419 420 1
420 421 1
421 422 4
422 423 1
420 423 3
167 425 15
424 426 4
425 429 1
426 427 3
427 428 5
428 429 4
429 430 1
426 430 1
265 436 95
431 432 4
431 433 5
431 434 2
432 435 4
432 436 2
432 437 5
49 442 92
438 440 5
439 440 5
440 441 5
441 442 5
440 442 2
319 446 35
443 445 3
444 445 5
445 446 4
446 447 3
447 448 5
445 448 3
216 457 92
449 451 3
450 452 4
451 452 1
452 453 1
453 454 5
454 455 3
455 456 1
456 457 4
457 458 2
451 458 4
89 466 66
459 461 2
460 468 5
461 462 5
462 463 1
463 464 5
464 465 1
465 466 5
466 467 3
467 468 3
461 468 4
123 475 41
469 471 2
470 473 2
471 472 5
472 473 3
473 474 1
474 475 5
475 476 4
476 477 2
477 478 1
471 478 3
325 480 23
479 481 5
480 483 2
481 482 1
482 483 3
481 483 1
248 490 8
484 486 5
485 486 4
486 487 4
487 488 4
488 489 3
489 490 2
490 491 3
491 492 4
486 492 3
221 495 6
493 495 3
494 495 3
495 496 1
496 497 1
497 498 1
498 499 2
499 500 1
500 501 2
495 501 2
245 504 60
502 504 4
503 504 5
504 505 3
505 506 2
506 507 3
507 508 1
504 508 4
66 510 89
509 510 2
509 511 4
509 512 3
509 513 2
509 514 2
510 515 2
510 516 5
164 519 81
517 519 2
518 521 5
519 520 3
520 521 4
521 522 4
522 523 4
519 523 2
227 524 53
524 525 2
524 526 4
524 527 3
524 528 3
383 533 13
529 531 2
530 531 2
531 532 2
532 533 5
531 533 4
141 534 68
534 535 3
534 536 3
534 537 1
534 538 2
156 545 23
539 541 5
540 544 4
541 542 2
542 543 3
543 544 4
544 545 3
545 546 4
541 546 1
199 550 18
547 549 2
548 551 1
549 550 4
550 551 1
549 551 3
488 552 31
552 554 2
553 554 4
554 555 3
555 556 1
556 557 1
557 558 2
554 558 1
533 560 53
559 560 2
559 561 4
559 562 2
559 563 2
222 569 72
564 566 2
565 566 3
566 567 1
567 568 3
568 569 1
566 569 3
364 572 2
570 571 3
570 572 3
570 573 2
571 574 1
571 575 5
571 576 1
188 579 65
577 579 1
578 579 3
579 580 2
580 581 4
581 582 5
582 583 5
583 584 4
584 585 2
585 586 5
579 586 1
476 587 78
587 589 5
588 589 2
589 590 4
590 591 5
591 592 5
589 592 4
495 600 92
593 594 2
593 595 4
593 596 5
593 597 2
593 598 3
594 599 3
594 600 2
594 601 4
379 605 55
602 603 5
602 604 1
602 605 4
602 606 4
603 607 3
537 611 86
608 610 2
609 610 5
610 611 5
611 612 3
610 612 3
417 614 64
613 615 3
614 615 1
615 616 5
616 617 3
617 618 4
618 619 3
619 620 4
620 621 4
615 621 1
300 626 2
622 624 2
623 628 3
624 625 5
625 626 4
626 627 1
627 628 2
628 629 4
629 630 3
624 630 3
239 634 8
631 633 4
632 635 3
633 634 3
634 635 2
635 636 5
633 636 5
318 642 48
637 639 3
638 639 5
639 640 4
640 641 1
641 642 1
642 643 5
639 643 1
192 649 59
644 645 2
644 646 4
644 647 1
644 648 3
645 649 3
645 650 1
645 651 1
645 652 3
646 653 4
495 659 2
654 655 4
654 656 5
654 657 1
654 658 5
655 659 4
655 660 3
655 661 5
655 662 4
289 664 33
663 664 5
663 665 4
663 666 5
663 667 1
664 668 5
128 671 24
669 670 3
669 671 1
669 672 1
670 673 5
496 675 86
674 676 4
675 680 1
676 677 1
677 678 5
678 679 1
679 680 2
680 681 4
681 682 4
682 683 3
676 683 5
332 692 45
684 686 4
685 686 3
686 687 2
687 688 3
688 689 4
689 690 4
690 691 1
691 692 3
686 692 4
304 695 92
693 695 3
694 701 4
695 696 3
696 697 3
697 698 1
698 699 4
699 700 5
700 701 2
695 701 2
535 703 15
702 704 3
703 704 4
704 705 1
705 706 2
706 707 3
707 708 4
708 709 5
709 710 5
710 711 5
704 711 4
13 717 7
712 714 1
713 714 5
714 715 3
715 716 3
716 717 1
714 717 2
70 722 20
718 720 3
719 721 5
720 721 4
721 722 3
722 723 4
723 724 1
720 724 4
663 727 67
725 727 4
726 728 1
727 728 1
728 729 5
729 730 5
730 731 5
727 731 3
156 734 87
732 734 2
733 736 3
734 735 2
735 736 4
734 736 1
418 738 71
737 738 5
737 739 5
737 740 4
738 741 1
738 742 3
738 743 2
739 744 4
739 745 2
739 746 4
59
507 66
314 44
477 97
564 14
262 100
12 51
226 61
66 29
308 29
290 98
324 20
531 60
381 18
127 51
601 80
333 61
131 58
154 37
618 71
29 12
291 68
362 36
270 88
348 41
419 88
412 12
277 20
446 64
10 15
595 27
514 13
213 76
410 45
98 10
576 26
200 35
38 58
745 59
305 35
494 91
363 90
302 26
445 85
385 12
56 74
513 91
650 60
124 62
257 30
127 54
632 90
460 12
491 58
605 87
648 88
631 12
84 89
690 37
129 54
