337 344
1 3 4
2 6 3
3 4 4
4 5 3
5 6 1
6 7 1
7 8 3
8 9 5
9 10 2
10 11 4
11 12 5
12 13 1
13 14 1
14 15 1
15 16 5
16 17 3
17 18 3
18 19 2
19 20 2
20 21 3
21 22 4
22 23 2
23 24 3
3 24 5
23 52 85
25 27 1
26 51 4
27 28 1
28 29 4
29 30 1
30 31 3
31 32 5
32 33 2
33 34 3
34 35 5
35 36 4
36 37 2
37 38 4
38 39 3
39 40 3
40 41 5
41 42 5
42 43 3
43 44 4
44 45 2
45 46 4
46 47 4
47 48 5
48 49 1
49 50 2
50 51 3
51 52 3
52 53 1
53 54 2
54 55 2
55 56 4
27 56 2
9 57 14
57 59 5
58 85 5
59 60 4
60 61 4
61 62 3
62 63 3
63 64 4
64 65 4
65 66 2
66 67 2
67 68 2
68 69 3
69 70 1
70 71 3
71 72 4
72 73 1
73 74 2
74 75 1
75 76 4
76 77 1
77 78 3
78 79 3
79 80 1
80 81 5
81 82 4
82 83 4
83 84 5
84 85 5
85 86 1
86 87 1
87 88 2
59 88 2
19 112 34
89 90 1
89 91 4
89 92 3
89 93 1
89 94 2
89 95 1
89 96 2
90 97 3
90 98 1
90 99 4
90 100 4
90 101 5
90 102 1
90 103 1
91 104 4
91 105 5
91 106 2
91 107 4
91 108 5
91 109 3
91 110 2
92 111 4
92 112 4
92 113 4
92 114 1
92 115 3
105 139 35
116 117 1
116 118 5
116 119 4
116 120 2
116 121 1
116 122 3
116 123 3
116 124 1
116 125 4
117 126 1
117 127 2
117 128 1
117 129 2
117 130 3
117 131 4
117 132 2
117 133 2
117 134 2
118 135 3
118 136 3
118 137 3
118 138 2
118 139 2
118 140 2
118 141 4
118 142 1
118 143 4
119 144 1
119 145 1
119 146 2
119 147 5
119 148 3
119 149 4
16 166 24
150 151 3
150 152 5
150 153 4
150 154 1
151 155 5
151 156 1
151 157 5
151 158 3
152 159 5
152 160 5
152 161 2
152 162 3
153 163 3
153 164 4
153 165 1
153 166 2
154 167 3
154 168 1
154 169 5
154 170 1
155 171 3
155 172 1
155 173 1
155 174 2
156 175 4
156 176 3
156 177 1
156 178 5
157 179 2
157 180 3
157 181 4
157 182 1
158 183 3
158 184 2
158 185 4
16 206 91
186 188 2
187 188 4
188 189 4
189 190 5
190 191 4
191 192 5
192 193 2
193 194 5
194 195 2
195 196 2
196 197 2
197 198 4
198 199 2
199 200 2
200 201 2
201 202 3
202 203 4
203 204 4
204 205 4
205 206 2
206 207 4
207 208 5
208 209 1
209 210 2
210 211 4
188 211 1
192 221 35
212 214 4
213 214 3
214 215 1
215 216 2
216 217 3
217 218 4
218 219 3
219 220 3
220 221 4
221 222 1
222 223 1
223 224 5
224 225 4
225 226 1
226 227 1
227 228 3
228 229 4
229 230 5
230 231 3
231 232 3
232 233 4
233 234 2
234 235 4
235 236 5
236 237 5
237 238 5
238 239 3
239 240 4
240 241 2
241 242 4
242 243 3
243 244 5
244 245 5
245 246 1
246 247 3
214 247 1
102 254 5
248 250 3
249 250 5
250 251 3
251 252 1
252 253 1
253 254 4
254 255 2
255 256 1
256 257 1
257 258 3
258 259 1
259 260 5
260 261 3
261 262 4
262 263 5
263 264 4
264 265 1
265 266 1
266 267 5
267 268 1
268 269 4
269 270 4
270 271 4
271 272 2
272 273 4
273 274 3
274 275 2
275 276 1
276 277 2
277 278 2
278 279 3
279 280 4
280 281 5
281 282 3
282 283 3
283 284 2
250 284 2
164 308 99
285 287 3
286 287 1
287 288 5
288 289 2
289 290 3
290 291 5
291 292 5
292 293 5
293 294 3
294 295 5
295 296 5
296 297 4
297 298 4
298 299 3
299 300 4
300 301 1
301 302 3
302 303 3
303 304 4
304 305 2
305 306 5
306 307 1
307 308 1
308 309 3
309 310 3
287 310 2
82 311 23
311 313 1
312 313 4
313 314 3
314 315 4
315 316 2
316 317 4
317 318 1
318 319 3
319 320 2
320 321 1
321 322 2
322 323 4
323 324 1
324 325 5
325 326 5
326 327 1
327 328 1
328 329 3
329 330 2
330 331 5
331 332 2
332 333 5
333 334 4
334 335 3
335 336 3
336 337 3
313 337 1
76
298 267
139 422
69 341
281 131
143 344
95 496
191 494
19 227
77 270
294 469
29 114
13 396
147 36
309 262
332 437
167 89
59 471
262 160
154 413
100 148
311 411
187 298
258 421
106 358
282 485
23 69
133 252
277 133
202 19
266 236
142 371
150 498
86 165
335 322
322 454
120 14
315 400
108 93
302 468
26 213
320 145
69 220
252 208
109 4
320 113
274 293
207 286
127 333
98 118
46 55
314 258
56 441
114 375
3 157
128 333
166 233
129 19
219 493
143 52
20 348
320 292
205 460
263 372
337 193
78 344
47 171
30 132
254 442
324 172
223 494
103 308
316 153
54 263
208 65
38 491
242 128
