345 353
1 3 1
2 10 2
3 4 3
4 5 2
5 6 5
6 7 1
7 8 1
8 9 1
9 10 5
10 11 4
11 12 4
12 13 1
13 14 2
14 15 3
15 16 2
16 17 2
17 18 3
18 19 2
19 20 2
20 21 2
21 22 5
22 23 2
23 24 2
24 25 1
25 26 1
26 27 3
27 28 2
28 29 2
29 30 1
30 31 1
31 32 2
32 33 3
33 34 3
34 35 2
35 36 4
3 36 2
5 59 35
37 39 1
38 39 5
39 40 1
40 41 4
41 42 5
42 43 2
43 44 5
44 45 2
45 46 5
46 47 1
47 48 3
48 49 2
49 50 2
50 51 5
51 52 5
52 53 2
53 54 3
54 55 5
55 56 5
56 57 1
57 58 4
58 59 4
59 60 3
60 61 4
61 62 1
62 63 3
63 64 3
64 65 1
65 66 1
66 67 4
67 68 2
68 69 4
69 70 3
70 71 1
39 71 4
10 87 55
72 73 3
72 74 2
72 75 4
72 76 5
72 77 1
72 78 1
72 79 3
72 80 4
72 81 3
72 82 5
72 83 2
72 84 1
72 85 1
72 86 1
72 87 5
72 88 5
72 89 2
73 90 3
73 91 3
73 92 4
73 93 1
73 94 3
73 95 2
73 96 4
73 97 2
73 98 2
73 99 5
73 100 1
73 101 4
73 102 1
73 103 5
73 104 2
73 105 2
73 106 2
83 115 3
107 109 5
108 109 1
109 110 3
110 111 5
111 112 1
112 113 3
113 114 5
114 115 5
115 116 1
116 117 3
117 118 5
118 119 5
119 120 5
120 121 2
121 122 2
122 123 2
123 124 2
124 125 2
125 126 2
126 127 2
127 128 3
128 129 4
129 130 2
130 131 4
131 132 3
132 133 5
133 134 4
134 135 3
135 136 4
136 137 4
137 138 3
109 138 1
103 142 67
139 141 2
140 152 4
141 142 5
142 143 4
143 144 4
144 145 2
145 146 1
146 147 5
147 148 1
148 149 1
149 150 4
150 151 2
151 152 1
152 153 4
153 154 3
154 155 2
155 156 1
156 157 2
157 158 2
158 159 4
159 160 1
160 161 4
161 162 3
162 163 3
163 164 4
164 165 1
165 166 3
166 167 3
167 168 2
168 169 3
169 170 5
170 171 2
171 172 3
141 172 3
172 173 31
173 175 2
174 188 1
175 176 4
176 177 4
177 178 2
178 179 3
179 180 2
180 181 3
181 182 1
182 183 4
183 184 5
184 185 1
185 186 1
186 187 5
187 188 5
188 189 4
189 190 1
190 191 5
191 192 1
192 193 3
193 194 4
194 195 1
195 196 2
175 196 2
47 217 86
197 198 5
197 199 4
197 200 3
197 201 5
197 202 3
197 203 4
197 204 4
197 205 3
197 206 3
197 207 4
197 208 5
197 209 4
197 210 3
197 211 1
197 212 4
197 213 5
198 214 3
198 215 4
198 216 3
198 217 2
198 218 4
198 219 1
198 220 5
198 221 1
198 222 4
198 223 5
198 224 2
198 225 2
198 226 3
198 227 4
184 233 58
228 230 1
229 249 1
230 231 1
231 232 3
232 233 5
233 234 5
234 235 5
235 236 5
236 237 3
237 238 3
238 239 3
239 240 3
240 241 1
241 242 1
242 243 1
243 244 2
244 245 4
245 246 1
246 247 4
247 248 3
248 249 5
249 250 2
250 251 2
251 252 3
252 253 2
253 254 4
254 255 5
255 256 4
256 257 4
257 258 5
258 259 4
259 260 2
260 261 5
261 262 1
262 263 3
263 264 3
264 265 2
265 266 2
230 266 3
211 278 17
267 269 4
268 281 2
269 270 4
270 271 3
271 272 1
272 273 5
273 274 3
274 275 3
275 276 1
276 277 2
277 278 1
278 279 2
279 280 1
280 281 5
281 282 2
282 283 3
283 284 2
284 285 5
285 286 2
286 287 4
287 288 5
288 289 4
289 290 5
290 291 2
291 292 3
292 293 5
293 294 3
269 294 5
277 303 11
295 297 2
296 303 2
297 298 2
298 299 5
299 300 2
300 301 5
301 302 2
302 303 4
303 304 5
304 305 5
305 306 1
306 307 5
307 308 2
308 309 4
309 310 5
310 311 3
311 312 5
312 313 1
313 314 1
314 315 4
315 316 4
316 317 3
297 317 5
254 331 19
318 320 5
319 332 2
320 321 4
321 322 2
322 323 3
323 324 2
324 325 2
325 326 1
326 327 1
327 328 3
328 329 1
329 330 1
330 331 3
331 332 3
332 333 2
333 334 3
334 335 1
335 336 4
336 337 1
337 338 1
338 339 3
339 340 5
340 341 3
341 342 2
342 343 1
343 344 5
344 345 5
320 345 1
73
57 253
330 142
149 226
306 218
278 61
70 221
293 82
176 82
126 64
317 87
91 110
54 165
18 38
23 221
307 263
334 277
10 205
108 203
18 84
148 245
282 137
231 181
316 161
208 230
316 10
255 113
244 113
129 176
192 173
269 15
238 93
34 263
226 94
141 17
125 113
303 287
123 286
241 23
245 124
232 35
333 120
284 72
258 170
209 63
169 286
131 161
47 206
159 204
317 136
236 299
326 270
323 265
293 74
189 246
275 223
184 182
48 282
95 153
161 171
126 94
293 204
123 291
247 256
72 243
342 237
162 163
26 277
40 201
91 197
326 116
244 242
197 48
190 245
