4506 4576
1 3 54
2 23 87
3 4 9
4 5 87
5 6 99
6 7 3
7 8 66
8 9 55
9 10 51
10 11 11
11 12 24
12 13 78
13 14 63
14 15 91
15 16 20
16 17 65
17 18 17
18 19 16
19 20 91
20 21 17
21 22 65
22 23 91
23 24 73
24 25 57
25 26 14
26 27 82
27 28 11
28 29 77
29 30 12
30 31 85
31 32 91
32 33 57
33 34 4
34 35 33
35 36 86
36 37 64
37 38 72
38 39 26
39 40 71
3 40 46
16 84 73
41 43 58
42 55 20
43 44 14
44 45 83
45 46 92
46 47 21
47 48 81
48 49 92
49 50 27
50 51 55
51 52 25
52 53 20
53 54 97
54 55 72
55 56 40
56 57 13
57 58 79
58 59 45
59 60 28
60 61 1
61 62 70
62 63 76
63 64 100
64 65 39
65 66 48
66 67 46
67 68 63
68 69 87
69 70 90
70 71 64
71 72 45
72 73 34
73 74 61
74 75 39
75 76 54
76 77 100
77 78 36
78 79 90
79 80 28
80 81 22
81 82 18
82 83 100
83 84 40
84 85 90
85 86 24
86 87 8
87 88 84
88 89 20
89 90 68
90 91 85
91 92 100
92 93 22
93 94 43
94 95 80
95 96 11
96 97 31
97 98 37
98 99 47
99 100 56
100 101 96
101 102 24
102 103 86
103 104 6
104 105 49
105 106 60
43 106 99
38 135 2
107 109 31
108 115 89
109 110 53
110 111 46
111 112 21
112 113 15
113 114 57
114 115 23
115 116 46
116 117 24
117 118 21
118 119 37
119 120 65
120 121 98
121 122 1
122 123 87
123 124 23
124 125 23
125 126 58
126 127 90
127 128 99
128 129 83
129 130 96
130 131 13
131 132 31
132 133 85
133 134 71
134 135 64
109 135 95
77 144 57
136 138 71
137 138 33
138 139 96
139 140 61
140 141 65
141 142 82
142 143 60
143 144 29
144 145 53
145 146 89
146 147 65
147 148 39
148 149 30
149 150 96
150 151 2
151 152 79
152 153 40
153 154 59
154 155 59
155 156 92
156 157 37
157 158 63
158 159 32
159 160 76
160 161 9
161 162 73
162 163 67
163 164 93
164 165 17
165 166 87
166 167 78
167 168 91
168 169 7
169 170 92
170 171 23
171 172 72
138 172 52
155 234 100
173 175 43
174 175 7
175 176 21
176 177 14
177 178 7
178 179 96
179 180 55
180 181 31
181 182 74
182 183 50
183 184 95
184 185 55
185 186 5
186 187 35
187 188 32
188 189 34
189 190 43
190 191 8
191 192 64
192 193 5
193 194 88
194 195 11
195 196 41
196 197 23
197 198 95
198 199 3
199 200 27
200 201 86
201 202 3
202 203 83
203 204 11
204 205 75
205 206 91
206 207 100
207 208 24
208 209 85
209 210 93
210 211 32
211 212 90
212 213 100
213 214 24
214 215 7
215 216 3
216 217 5
217 218 90
218 219 5
219 220 41
220 221 98
221 222 7
222 223 5
223 224 42
224 225 64
225 226 32
226 227 44
227 228 25
228 229 90
229 230 82
230 231 48
231 232 97
232 233 46
233 234 29
234 235 14
235 236 83
236 237 70
237 238 83
238 239 12
239 240 80
240 241 38
241 242 88
242 243 85
243 244 51
244 245 85
245 246 53
246 247 29
247 248 19
248 249 41
249 250 7
175 250 35
172 265 96
251 253 63
252 253 41
253 254 28
254 255 87
255 256 92
256 257 97
257 258 1
258 259 86
259 260 37
260 261 65
261 262 13
262 263 91
263 264 34
264 265 6
265 266 48
266 267 67
267 268 56
268 269 56
269 270 81
270 271 40
271 272 79
272 273 73
273 274 9
274 275 31
275 276 68
276 277 84
277 278 47
278 279 86
279 280 47
280 281 21
281 282 53
282 283 19
283 284 97
284 285 92
285 286 89
286 287 66
287 288 86
288 289 98
289 290 71
290 291 99
291 292 35
292 293 41
293 294 6
294 295 70
295 296 27
296 297 36
297 298 77
298 299 5
299 300 19
300 301 58
301 302 47
302 303 63
303 304 5
304 305 40
305 306 37
306 307 60
307 308 26
308 309 40
309 310 93
310 311 83
311 312 1
312 313 63
313 314 94
253 314 77
258 346 64
315 317 40
316 359 11
317 318 46
318 319 76
319 320 63
320 321 7
321 322 78
322 323 80
323 324 26
324 325 42
325 326 5
326 327 76
327 328 89
328 329 77
329 330 61
330 331 59
331 332 77
332 333 53
333 334 47
334 335 100
335 336 45
336 337 80
337 338 63
338 339 92
339 340 74
340 341 61
341 342 57
342 343 45
343 344 32
344 345 60
345 346 69
346 347 96
347 348 100
348 349 14
349 350 54
350 351 44
351 352 28
352 353 6
353 354 3
354 355 93
355 356 88
356 357 24
357 358 97
358 359 70
359 360 87
360 361 61
361 362 3
362 363 28
363 364 41
317 364 78
111 367 23
365 367 17
366 393 65
367 368 98
368 369 35
369 370 30
370 371 20
371 372 32
372 373 21
373 374 23
374 375 100
375 376 76
376 377 44
377 378 8
378 379 8
379 380 16
380 381 38
381 382 35
382 383 62
383 384 79
384 385 71
385 386 73
386 387 33
387 388 44
388 389 70
389 390 79
390 391 2
391 392 66
392 393 40
393 394 75
394 395 15
395 396 28
396 397 38
397 398 22
367 398 91
290 409 38
399 400 78
399 401 9
399 402 13
399 403 2
399 404 34
399 405 93
399 406 40
399 407 28
399 408 62
399 409 58
399 410 6
399 411 84
399 412 9
399 413 58
399 414 94
399 415 67
399 416 95
399 417 5
400 418 40
400 419 30
400 420 96
400 421 97
58 468 51
422 424 48
423 424 60
424 425 26
425 426 54
426 427 79
427 428 49
428 429 11
429 430 1
430 431 11
431 432 45
432 433 99
433 434 89
434 435 21
435 436 83
436 437 43
437 438 64
438 439 34
439 440 48
440 441 42
441 442 65
442 443 44
443 444 44
444 445 71
445 446 97
446 447 5
447 448 2
448 449 57
449 450 99
450 451 78
451 452 40
452 453 36
453 454 11
454 455 7
455 456 93
456 457 69
457 458 14
458 459 73
459 460 2
460 461 6
461 462 65
462 463 14
463 464 38
464 465 16
465 466 61
466 467 20
467 468 46
468 469 24
469 470 76
470 471 98
471 472 20
472 473 24
473 474 37
474 475 15
475 476 70
476 477 24
477 478 44
478 479 48
479 480 85
480 481 54
481 482 54
482 483 87
483 484 9
484 485 60
485 486 78
486 487 25
487 488 29
488 489 76
489 490 54
490 491 77
424 491 66
279 537 35
492 494 37
493 516 33
494 495 68
495 496 62
496 497 99
497 498 91
498 499 99
499 500 88
500 501 4
501 502 91
502 503 3
503 504 66
504 505 2
505 506 71
506 507 44
507 508 20
508 509 31
509 510 41
510 511 42
511 512 34
512 513 51
513 514 78
514 515 26
515 516 70
516 517 46
517 518 80
518 519 73
519 520 79
520 521 97
521 522 93
522 523 6
523 524 9
524 525 45
525 526 96
526 527 43
527 528 13
528 529 18
529 530 15
530 531 34
531 532 92
532 533 6
533 534 30
534 535 76
535 536 65
536 537 43
537 538 16
494 538 57
256 552 86
539 541 17
540 564 67
541 542 62
542 543 20
543 544 86
544 545 45
545 546 33
546 547 1
547 548 19
548 549 86
549 550 81
550 551 52
551 552 40
552 553 47
553 554 85
554 555 18
555 556 30
556 557 49
557 558 74
558 559 68
559 560 77
560 561 58
561 562 50
562 563 94
563 564 86
564 565 46
565 566 46
566 567 61
567 568 30
568 569 42
569 570 73
570 571 30
571 572 36
572 573 11
573 574 13
574 575 28
575 576 22
576 577 36
577 578 31
578 579 10
579 580 1
580 581 24
581 582 6
582 583 2
583 584 93
584 585 97
585 586 24
586 587 91
587 588 70
541 588 90
462 612 90
589 591 92
590 617 85
591 592 87
592 593 87
593 594 33
594 595 85
595 596 100
596 597 61
597 598 41
598 599 62
599 600 65
600 601 51
601 602 70
602 603 1
603 604 9
604 605 2
605 606 49
606 607 65
607 608 19
608 609 48
609 610 6
610 611 73
611 612 9
612 613 74
613 614 58
614 615 69
615 616 71
616 617 39
617 618 93
618 619 6
619 620 26
620 621 64
621 622 16
622 623 1
623 624 49
624 625 6
625 626 50
626 627 55
627 628 79
628 629 40
629 630 67
630 631 35
631 632 94
632 633 44
633 634 71
634 635 92
635 636 59
636 637 24
637 638 67
638 639 14
639 640 50
640 641 99
641 642 53
642 643 14
643 644 68
591 644 11
84 651 73
645 647 80
646 647 95
647 648 100
648 649 35
649 650 24
650 651 76
651 652 10
652 653 11
653 654 66
654 655 64
655 656 84
656 657 24
657 658 94
658 659 61
659 660 56
660 661 58
661 662 78
662 663 85
663 664 38
664 665 5
665 666 70
666 667 46
667 668 16
668 669 66
669 670 68
670 671 54
671 672 74
672 673 24
647 673 6
449 701 74
674 676 60
675 676 88
676 677 82
677 678 99
678 679 49
679 680 84
680 681 95
681 682 30
682 683 72
683 684 40
684 685 46
685 686 13
686 687 37
687 688 90
688 689 19
689 690 1
690 691 70
691 692 92
692 693 25
693 694 84
694 695 40
695 696 37
696 697 52
697 698 63
698 699 15
699 700 50
700 701 71
701 702 99
702 703 53
703 704 19
704 705 71
705 706 36
706 707 74
707 708 14
676 708 49
654 725 53
709 711 58
710 734 81
711 712 60
712 713 64
713 714 87
714 715 14
715 716 98
716 717 7
717 718 9
718 719 27
719 720 70
720 721 17
721 722 69
722 723 84
723 724 62
724 725 23
725 726 82
726 727 94
727 728 91
728 729 30
729 730 55
730 731 76
731 732 84
732 733 15
733 734 97
734 735 43
735 736 71
736 737 20
737 738 1
738 739 62
739 740 77
740 741 27
741 742 62
711 742 11
311 743 83
743 745 30
744 745 55
745 746 83
746 747 73
747 748 87
748 749 20
749 750 72
750 751 71
751 752 30
752 753 80
753 754 13
754 755 90
755 756 60
756 757 42
757 758 53
758 759 67
759 760 18
760 761 16
745 761 15
240 779 83
762 763 26
762 764 98
762 765 63
762 766 49
762 767 57
762 768 44
763 769 17
763 770 98
763 771 9
763 772 7
763 773 86
763 774 77
764 775 26
764 776 84
764 777 63
764 778 36
764 779 59
764 780 2
765 781 16
461 803 57
782 783 80
782 784 7
782 785 29
782 786 53
782 787 90
782 788 95
782 789 42
782 790 78
782 791 85
782 792 1
782 793 35
782 794 15
782 795 62
782 796 31
782 797 77
782 798 94
782 799 75
782 800 22
782 801 67
782 802 18
782 803 13
782 804 92
782 805 17
782 806 77
782 807 80
782 808 88
782 809 9
782 810 16
782 811 80
782 812 71
782 813 36
782 814 96
782 815 10
782 816 99
782 817 15
782 818 68
782 819 34
782 820 1
782 821 22
782 822 60
783 823 90
783 824 13
783 825 1
783 826 58
783 827 35
783 828 70
783 829 6
783 830 77
783 831 59
783 832 55
783 833 70
783 834 14
783 835 59
783 836 10
783 837 76
783 838 76
783 839 82
783 840 27
783 841 21
783 842 78
783 843 20
783 844 58
783 845 21
783 846 91
783 847 26
783 848 73
783 849 40
783 850 23
783 851 91
783 852 51
783 853 78
9 855 89
854 856 39
855 863 96
856 857 25
857 858 24
858 859 20
859 860 61
860 861 9
861 862 10
862 863 64
863 864 19
864 865 75
865 866 52
866 867 94
867 868 89
868 869 34
869 870 31
870 871 25
871 872 81
872 873 67
856 873 89
784 905 98
874 876 18
875 879 96
876 877 2
877 878 16
878 879 15
879 880 24
880 881 65
881 882 87
882 883 80
883 884 86
884 885 81
885 886 39
886 887 39
887 888 14
888 889 43
889 890 2
890 891 57
891 892 7
892 893 16
893 894 15
894 895 40
895 896 2
896 897 35
897 898 81
898 899 29
899 900 38
900 901 62
901 902 84
902 903 41
903 904 14
904 905 10
876 905 54
349 932 31
906 908 96
907 918 62
908 909 81
909 910 30
910 911 16
911 912 62
912 913 8
913 914 14
914 915 46
915 916 33
916 917 52
917 918 97
918 919 90
919 920 51
920 921 6
921 922 82
922 923 83
923 924 29
924 925 27
925 926 52
926 927 35
927 928 68
928 929 69
929 930 55
930 931 36
931 932 2
932 933 23
933 934 40
908 934 90
59 940 27
935 937 4
936 937 46
937 938 10
938 939 90
939 940 32
940 941 89
941 942 76
942 943 34
943 944 77
944 945 11
945 946 69
946 947 73
947 948 23
948 949 68
949 950 5
950 951 54
951 952 11
952 953 22
953 954 28
954 955 84
955 956 13
956 957 10
957 958 78
958 959 4
959 960 28
960 961 57
961 962 100
962 963 69
963 964 83
964 965 43
965 966 60
966 967 31
967 968 44
968 969 94
969 970 82
970 971 59
971 972 46
972 973 15
973 974 52
974 975 99
975 976 97
937 976 74
781 995 90
977 978 80
977 979 12
977 980 67
977 981 56
977 982 56
977 983 97
977 984 97
977 985 5
977 986 19
977 987 90
977 988 88
977 989 39
977 990 91
977 991 51
977 992 78
977 993 39
977 994 89
977 995 90
978 996 48
978 997 69
978 998 58
978 999 93
978 1000 31
978 1001 77
978 1002 10
978 1003 100
978 1004 8
978 1005 98
978 1006 22
978 1007 57
978 1008 31
978 1009 27
576 1015 12
1010 1011 27
1010 1012 72
1010 1013 57
1010 1014 93
1010 1015 94
1010 1016 56
1010 1017 32
1010 1018 66
1010 1019 81
1010 1020 28
1010 1021 37
1010 1022 37
1010 1023 76
1010 1024 35
1010 1025 17
1010 1026 81
1010 1027 30
1010 1028 92
1010 1029 12
1010 1030 76
1010 1031 19
1010 1032 4
1011 1033 72
462 1044 65
1034 1035 62
1034 1036 54
1034 1037 88
1034 1038 86
1035 1039 42
1035 1040 53
1035 1041 42
1035 1042 49
1036 1043 84
1036 1044 24
1036 1045 80
1036 1046 37
1037 1047 22
1037 1048 25
1037 1049 63
1037 1050 52
1038 1051 63
1038 1052 13
1038 1053 29
1038 1054 78
152 1061 14
1055 1056 67
1055 1057 80
1055 1058 52
1055 1059 5
1055 1060 90
1055 1061 3
1055 1062 65
1055 1063 67
1055 1064 64
1055 1065 78
1055 1066 16
1055 1067 35
1055 1068 76
1055 1069 82
1055 1070 58
1055 1071 79
1055 1072 71
1055 1073 10
1055 1074 65
1055 1075 8
1055 1076 72
1055 1077 81
1055 1078 46
1055 1079 76
1055 1080 46
1055 1081 18
1055 1082 90
1055 1083 50
1056 1084 31
1056 1085 63
1056 1086 47
1056 1087 17
1056 1088 96
1056 1089 40
1056 1090 99
1056 1091 77
1056 1092 71
1056 1093 34
1056 1094 45
1056 1095 6
1056 1096 61
1056 1097 52
1056 1098 62
1056 1099 96
1056 1100 94
1056 1101 64
1056 1102 31
1056 1103 19
843 1133 13
1104 1106 63
1105 1106 2
1106 1107 70
1107 1108 44
1108 1109 62
1109 1110 13
1110 1111 31
1111 1112 87
1112 1113 75
1113 1114 43
1114 1115 56
1115 1116 96
1116 1117 41
1117 1118 59
1118 1119 17
1119 1120 87
1120 1121 85
1121 1122 53
1122 1123 51
1123 1124 95
1124 1125 95
1125 1126 50
1126 1127 59
1127 1128 62
1128 1129 69
1129 1130 48
1130 1131 9
1131 1132 81
1132 1133 67
1133 1134 64
1134 1135 82
1135 1136 86
1136 1137 41
1137 1138 53
1138 1139 97
1139 1140 85
1140 1141 8
1141 1142 13
1142 1143 20
1143 1144 18
1144 1145 74
1145 1146 99
1146 1147 7
1147 1148 20
1148 1149 70
1149 1150 76
1150 1151 78
1151 1152 42
1106 1152 83
16 1153 36
1153 1154 53
1153 1155 60
1153 1156 66
1153 1157 74
1153 1158 27
1153 1159 84
1153 1160 12
1153 1161 24
1153 1162 95
1153 1163 40
1153 1164 81
1153 1165 28
1153 1166 84
1153 1167 41
1153 1168 47
1153 1169 37
1153 1170 53
1153 1171 18
1153 1172 84
1153 1173 51
1153 1174 42
1153 1175 73
1153 1176 83
1153 1177 55
1153 1178 96
1153 1179 48
1154 1180 82
1154 1181 49
1154 1182 47
1154 1183 19
1154 1184 59
1154 1185 60
1154 1186 41
1154 1187 84
1154 1188 53
1154 1189 18
1154 1190 98
1154 1191 3
1154 1192 78
1154 1193 20
1154 1194 78
1154 1195 26
1154 1196 99
1154 1197 75
1154 1198 24
1154 1199 26
1154 1200 59
1154 1201 4
1154 1202 49
1154 1203 51
1154 1204 20
1154 1205 23
1155 1206 93
1155 1207 98
1155 1208 29
428 1233 70
1209 1210 90
1209 1211 36
1209 1212 42
1209 1213 52
1209 1214 31
1209 1215 21
1209 1216 61
1209 1217 72
1209 1218 65
1209 1219 35
1209 1220 8
1209 1221 86
1209 1222 4
1209 1223 35
1209 1224 88
1209 1225 87
1209 1226 34
1209 1227 50
1209 1228 89
1209 1229 8
1209 1230 62
1209 1231 76
1209 1232 29
1209 1233 58
1209 1234 100
1209 1235 82
1209 1236 81
1210 1237 72
1210 1238 82
1210 1239 80
1210 1240 98
1210 1241 46
1210 1242 62
1210 1243 50
1210 1244 31
1210 1245 91
1210 1246 36
1210 1247 12
1210 1248 57
1210 1249 54
1210 1250 39
1210 1251 70
1210 1252 80
1210 1253 57
1210 1254 22
1210 1255 39
1210 1256 67
1210 1257 54
1210 1258 28
429 1264 12
1259 1261 23
1260 1264 1
1261 1262 54
1262 1263 22
1263 1264 12
1264 1265 27
1265 1266 63
1266 1267 25
1267 1268 7
1268 1269 56
1269 1270 23
1270 1271 49
1271 1272 93
1261 1272 21
88 1323 80
1273 1275 28
1274 1275 16
1275 1276 86
1276 1277 48
1277 1278 25
1278 1279 76
1279 1280 39
1280 1281 53
1281 1282 51
1282 1283 21
1283 1284 89
1284 1285 77
1285 1286 79
1286 1287 21
1287 1288 55
1288 1289 82
1289 1290 49
1290 1291 2
1291 1292 26
1292 1293 12
1293 1294 69
1294 1295 11
1295 1296 11
1296 1297 88
1297 1298 87
1298 1299 31
1299 1300 94
1300 1301 83
1301 1302 36
1302 1303 70
1303 1304 97
1304 1305 1
1305 1306 62
1306 1307 100
1307 1308 45
1308 1309 88
1309 1310 40
1310 1311 68
1311 1312 31
1312 1313 61
1313 1314 43
1314 1315 3
1315 1316 15
1316 1317 89
1317 1318 70
1318 1319 48
1319 1320 49
1320 1321 72
1321 1322 46
1322 1323 29
1323 1324 19
1324 1325 90
1325 1326 38
1326 1327 95
1327 1328 45
1328 1329 12
1329 1330 32
1330 1331 41
1331 1332 91
1332 1333 58
1333 1334 55
1334 1335 70
1335 1336 42
1336 1337 24
1337 1338 70
1338 1339 21
1339 1340 74
1340 1341 8
1341 1342 44
1342 1343 16
1343 1344 75
1344 1345 71
1345 1346 73
1346 1347 87
1347 1348 82
1348 1349 87
1349 1350 47
1275 1350 97
410 1367 61
1351 1353 34
1352 1355 73
1353 1354 68
1354 1355 87
1355 1356 33
1356 1357 69
1357 1358 9
1358 1359 40
1359 1360 92
1360 1361 51
1361 1362 97
1362 1363 40
1363 1364 51
1364 1365 28
1365 1366 65
1366 1367 3
1367 1368 23
1368 1369 13
1369 1370 36
1370 1371 13
1371 1372 69
1372 1373 52
1373 1374 13
1353 1374 71
365 1377 3
1375 1376 28
1375 1377 10
1375 1378 3
1375 1379 24
1375 1380 57
1375 1381 10
1375 1382 58
1375 1383 53
1375 1384 46
1375 1385 57
1375 1386 86
1375 1387 77
1375 1388 23
1375 1389 9
1375 1390 50
1375 1391 78
1375 1392 84
1375 1393 59
1375 1394 42
1375 1395 4
1375 1396 75
1375 1397 12
1376 1398 4
311 1443 47
1399 1400 40
1399 1401 71
1399 1402 99
1399 1403 51
1399 1404 68
1399 1405 69
1399 1406 32
1399 1407 39
1399 1408 44
1399 1409 93
1399 1410 50
1399 1411 31
1399 1412 76
1399 1413 51
1399 1414 31
1399 1415 14
1399 1416 78
1399 1417 2
1399 1418 100
1399 1419 74
1399 1420 70
1400 1421 18
1400 1422 30
1400 1423 88
1400 1424 75
1400 1425 70
1400 1426 65
1400 1427 41
1400 1428 100
1400 1429 46
1400 1430 99
1400 1431 61
1400 1432 82
1400 1433 7
1400 1434 15
1400 1435 25
1400 1436 95
1400 1437 78
1400 1438 20
1400 1439 47
1400 1440 54
1400 1441 60
1401 1442 69
1401 1443 30
1401 1444 76
1401 1445 74
1401 1446 6
1401 1447 61
1401 1448 72
1401 1449 5
1401 1450 36
1401 1451 16
1401 1452 48
1401 1453 46
1401 1454 14
1401 1455 23
1401 1456 59
1401 1457 68
1401 1458 61
1401 1459 13
1401 1460 32
1401 1461 35
1401 1462 3
1402 1463 17
1402 1464 97
1402 1465 7
1402 1466 7
1402 1467 93
1402 1468 19
1402 1469 16
1402 1470 28
1402 1471 89
1402 1472 67
1402 1473 41
305 1480 79
1474 1475 4
1474 1476 73
1474 1477 34
1474 1478 100
1474 1479 38
1474 1480 59
1474 1481 89
1474 1482 38
1474 1483 75
1474 1484 18
1474 1485 79
1474 1486 10
1474 1487 86
1474 1488 26
1474 1489 79
1474 1490 33
1474 1491 84
1474 1492 49
1474 1493 7
1474 1494 1
1474 1495 10
1474 1496 71
173 1520 64
1497 1498 20
1497 1499 14
1497 1500 19
1497 1501 59
1497 1502 42
1497 1503 36
1497 1504 92
1497 1505 65
1497 1506 46
1497 1507 25
1497 1508 83
1497 1509 32
1497 1510 16
1497 1511 71
1497 1512 73
1497 1513 2
1497 1514 44
1497 1515 20
1497 1516 51
1497 1517 100
1497 1518 77
1497 1519 37
1497 1520 93
115 1523 29
1521 1523 31
1522 1567 84
1523 1524 93
1524 1525 94
1525 1526 28
1526 1527 65
1527 1528 5
1528 1529 55
1529 1530 49
1530 1531 45
1531 1532 66
1532 1533 100
1533 1534 26
1534 1535 80
1535 1536 12
1536 1537 77
1537 1538 90
1538 1539 48
1539 1540 49
1540 1541 50
1541 1542 99
1542 1543 64
1543 1544 83
1544 1545 43
1545 1546 25
1546 1547 77
1547 1548 77
1548 1549 29
1549 1550 69
1550 1551 22
1551 1552 50
1552 1553 96
1553 1554 30
1554 1555 78
1555 1556 19
1556 1557 15
1557 1558 97
1558 1559 64
1559 1560 16
1560 1561 29
1561 1562 38
1562 1563 59
1563 1564 59
1564 1565 10
1565 1566 90
1566 1567 56
1567 1568 81
1568 1569 60
1569 1570 57
1570 1571 5
1571 1572 15
1572 1573 46
1573 1574 86
1574 1575 11
1575 1576 5
1576 1577 9
1577 1578 2
1578 1579 96
1579 1580 35
1580 1581 82
1581 1582 97
1523 1582 5
902 1590 86
1583 1585 7
1584 1599 80
1585 1586 63
1586 1587 55
1587 1588 61
1588 1589 97
1589 1590 45
1590 1591 86
1591 1592 49
1592 1593 31
1593 1594 23
1594 1595 14
1595 1596 87
1596 1597 70
1597 1598 35
1598 1599 2
1599 1600 45
1600 1601 1
1601 1602 83
1602 1603 49
1603 1604 40
1604 1605 54
1605 1606 98
1606 1607 14
1607 1608 93
1608 1609 91
1609 1610 55
1610 1611 59
1611 1612 38
1612 1613 1
1613 1614 59
1614 1615 59
1615 1616 19
1616 1617 100
1617 1618 64
1618 1619 81
1619 1620 43
1620 1621 51
1621 1622 11
1622 1623 44
1623 1624 15
1624 1625 54
1625 1626 43
1626 1627 70
1627 1628 94
1628 1629 71
1629 1630 41
1630 1631 24
1631 1632 99
1632 1633 47
1633 1634 44
1634 1635 61
1635 1636 79
1636 1637 73
1637 1638 32
1585 1638 75
1471 1681 88
1639 1641 77
1640 1642 18
1641 1642 15
1642 1643 45
1643 1644 88
1644 1645 87
1645 1646 20
1646 1647 92
1647 1648 27
1648 1649 29
1649 1650 81
1650 1651 14
1651 1652 98
1652 1653 58
1653 1654 95
1654 1655 6
1655 1656 59
1656 1657 45
1657 1658 87
1658 1659 92
1659 1660 40
1660 1661 64
1661 1662 68
1662 1663 38
1663 1664 42
1664 1665 59
1665 1666 28
1666 1667 97
1667 1668 80
1668 1669 83
1669 1670 26
1670 1671 8
1671 1672 18
1672 1673 53
1673 1674 81
1674 1675 11
1675 1676 97
1676 1677 44
1677 1678 76
1678 1679 52
1679 1680 68
1680 1681 56
1681 1682 40
1682 1683 57
1683 1684 57
1684 1685 46
1685 1686 28
1686 1687 63
1687 1688 80
1688 1689 39
1689 1690 39
1690 1691 71
1691 1692 68
1692 1693 8
1693 1694 33
1641 1694 42
621 1716 43
1695 1697 74
1696 1697 57
1697 1698 18
1698 1699 24
1699 1700 33
1700 1701 41
1701 1702 44
1702 1703 94
1703 1704 34
1704 1705 6
1705 1706 65
1706 1707 89
1707 1708 90
1708 1709 16
1709 1710 70
1710 1711 34
1711 1712 40
1712 1713 5
1713 1714 39
1714 1715 89
1715 1716 51
1716 1717 20
1717 1718 52
1718 1719 72
1719 1720 32
1720 1721 89
1721 1722 97
1722 1723 70
1723 1724 7
1724 1725 97
1725 1726 31
1726 1727 51
1727 1728 88
1728 1729 50
1729 1730 12
1730 1731 93
1731 1732 53
1732 1733 83
1733 1734 47
1734 1735 27
1697 1735 21
1037 1781 55
1736 1738 47
1737 1783 28
1738 1739 29
1739 1740 75
1740 1741 20
1741 1742 83
1742 1743 8
1743 1744 38
1744 1745 16
1745 1746 45
1746 1747 24
1747 1748 1
1748 1749 100
1749 1750 22
1750 1751 66
1751 1752 65
1752 1753 45
1753 1754 15
1754 1755 40
1755 1756 87
1756 1757 66
1757 1758 97
1758 1759 91
1759 1760 38
1760 1761 48
1761 1762 87
1762 1763 4
1763 1764 36
1764 1765 72
1765 1766 73
1766 1767 3
1767 1768 51
1768 1769 93
1769 1770 38
1770 1771 68
1771 1772 99
1772 1773 37
1773 1774 54
1774 1775 45
1775 1776 99
1776 1777 54
1777 1778 47
1778 1779 3
1779 1780 19
1780 1781 75
1781 1782 35
1782 1783 41
1783 1784 39
1784 1785 77
1785 1786 44
1786 1787 50
1787 1788 15
1788 1789 56
1789 1790 9
1790 1791 30
1791 1792 48
1792 1793 63
1793 1794 91
1794 1795 100
1795 1796 63
1796 1797 76
1797 1798 50
1738 1798 31
175 1838 81
1799 1801 74
1800 1801 67
1801 1802 1
1802 1803 8
1803 1804 84
1804 1805 56
1805 1806 51
1806 1807 15
1807 1808 20
1808 1809 88
1809 1810 36
1810 1811 88
1811 1812 72
1812 1813 30
1813 1814 86
1814 1815 51
1815 1816 4
1816 1817 83
1817 1818 34
1818 1819 77
1819 1820 88
1820 1821 19
1821 1822 60
1822 1823 69
1823 1824 43
1824 1825 65
1825 1826 36
1826 1827 4
1827 1828 100
1828 1829 70
1829 1830 53
1830 1831 44
1831 1832 48
1832 1833 34
1833 1834 88
1834 1835 65
1835 1836 25
1836 1837 15
1837 1838 57
1838 1839 73
1839 1840 74
1840 1841 9
1841 1842 52
1842 1843 89
1843 1844 15
1844 1845 4
1845 1846 85
1846 1847 65
1847 1848 84
1848 1849 55
1849 1850 34
1850 1851 44
1851 1852 40
1852 1853 34
1853 1854 91
1854 1855 39
1855 1856 69
1856 1857 39
1857 1858 29
1858 1859 30
1801 1859 71
511 1883 14
1860 1862 39
1861 1862 95
1862 1863 79
1863 1864 9
1864 1865 85
1865 1866 27
1866 1867 31
1867 1868 13
1868 1869 60
1869 1870 16
1870 1871 6
1871 1872 85
1872 1873 48
1873 1874 79
1874 1875 94
1875 1876 97
1876 1877 82
1877 1878 16
1878 1879 39
1879 1880 88
1880 1881 32
1881 1882 52
1882 1883 95
1883 1884 36
1884 1885 95
1885 1886 53
1886 1887 36
1887 1888 34
1888 1889 77
1889 1890 28
1890 1891 5
1891 1892 1
1892 1893 8
1893 1894 97
1894 1895 37
1895 1896 97
1896 1897 45
1897 1898 70
1898 1899 50
1899 1900 29
1900 1901 11
1901 1902 41
1902 1903 69
1903 1904 1
1904 1905 21
1905 1906 40
1906 1907 13
1907 1908 1
1908 1909 55
1909 1910 41
1910 1911 2
1911 1912 70
1912 1913 20
1913 1914 47
1862 1914 92
1054 1935 56
1915 1917 43
1916 1944 19
1917 1918 46
1918 1919 43
1919 1920 60
1920 1921 50
1921 1922 70
1922 1923 37
1923 1924 47
1924 1925 45
1925 1926 6
1926 1927 77
1927 1928 1
1928 1929 38
1929 1930 73
1930 1931 27
1931 1932 76
1932 1933 84
1933 1934 69
1934 1935 97
1935 1936 10
1936 1937 68
1937 1938 34
1938 1939 21
1939 1940 33
1940 1941 30
1941 1942 53
1942 1943 21
1943 1944 86
1944 1945 65
1945 1946 20
1946 1947 74
1947 1948 54
1948 1949 36
1949 1950 8
1950 1951 59
1951 1952 43
1952 1953 38
1953 1954 7
1954 1955 14
1955 1956 82
1956 1957 62
1957 1958 2
1958 1959 28
1959 1960 52
1960 1961 71
1961 1962 15
1962 1963 36
1963 1964 41
1964 1965 57
1965 1966 14
1966 1967 22
1967 1968 63
1968 1969 58
1969 1970 41
1970 1971 5
1971 1972 31
1972 1973 21
1973 1974 15
1974 1975 52
1975 1976 68
1976 1977 27
1977 1978 90
1978 1979 65
1979 1980 50
1980 1981 8
1981 1982 65
1982 1983 44
1983 1984 31
1984 1985 57
1985 1986 98
1986 1987 63
1987 1988 82
1988 1989 83
1989 1990 12
1990 1991 97
1917 1991 4
138 1997 54
1992 1994 3
1993 1996 47
1994 1995 34
1995 1996 16
1996 1997 92
1997 1998 39
1998 1999 16
1999 2000 99
2000 2001 82
2001 2002 98
1994 2002 34
959 2017 75
2003 2005 61
2004 2021 76
2005 2006 13
2006 2007 62
2007 2008 90
2008 2009 89
2009 2010 62
2010 2011 3
2011 2012 18
2012 2013 39
2013 2014 35
2014 2015 29
2015 2016 5
2016 2017 49
2017 2018 9
2018 2019 85
2019 2020 70
2020 2021 1
2021 2022 2
2022 2023 25
2023 2024 35
2024 2025 100
2025 2026 23
2026 2027 11
2027 2028 30
2028 2029 79
2029 2030 95
2030 2031 76
2031 2032 39
2032 2033 49
2033 2034 46
2034 2035 36
2035 2036 78
2036 2037 77
2037 2038 31
2038 2039 70
2039 2040 87
2040 2041 66
2005 2041 13
39 2087 89
2042 2044 17
2043 2046 14
2044 2045 11
2045 2046 74
2046 2047 62
2047 2048 5
2048 2049 73
2049 2050 88
2050 2051 57
2051 2052 85
2052 2053 20
2053 2054 90
2054 2055 81
2055 2056 100
2056 2057 42
2057 2058 6
2058 2059 61
2059 2060 65
2060 2061 80
2061 2062 79
2062 2063 61
2063 2064 43
2064 2065 21
2065 2066 38
2066 2067 39
2067 2068 72
2068 2069 83
2069 2070 79
2070 2071 71
2071 2072 83
2072 2073 6
2073 2074 71
2074 2075 8
2075 2076 86
2076 2077 72
2077 2078 37
2078 2079 81
2079 2080 90
2080 2081 62
2081 2082 54
2082 2083 42
2083 2084 12
2084 2085 45
2085 2086 11
2086 2087 92
2087 2088 1
2088 2089 50
2089 2090 37
2090 2091 11
2091 2092 67
2092 2093 94
2093 2094 56
2094 2095 8
2095 2096 22
2096 2097 1
2097 2098 7
2044 2098 49
1368 2158 17
2099 2101 54
2100 2138 48
2101 2102 75
2102 2103 97
2103 2104 61
2104 2105 39
2105 2106 91
2106 2107 20
2107 2108 13
2108 2109 44
2109 2110 51
2110 2111 72
2111 2112 2
2112 2113 80
2113 2114 81
2114 2115 21
2115 2116 11
2116 2117 73
2117 2118 29
2118 2119 55
2119 2120 40
2120 2121 30
2121 2122 14
2122 2123 70
2123 2124 86
2124 2125 17
2125 2126 59
2126 2127 100
2127 2128 91
2128 2129 100
2129 2130 18
2130 2131 35
2131 2132 5
2132 2133 79
2133 2134 57
2134 2135 76
2135 2136 60
2136 2137 72
2137 2138 80
2138 2139 67
2139 2140 90
2140 2141 5
2141 2142 61
2142 2143 40
2143 2144 22
2144 2145 38
2145 2146 81
2146 2147 22
2147 2148 90
2148 2149 49
2149 2150 87
2150 2151 43
2151 2152 53
2152 2153 58
2153 2154 72
2154 2155 99
2155 2156 11
2156 2157 15
2157 2158 64
2158 2159 67
2159 2160 9
2160 2161 40
2161 2162 38
2162 2163 57
2163 2164 38
2101 2164 22
907 2177 33
2165 2167 91
2166 2167 15
2167 2168 19
2168 2169 13
2169 2170 88
2170 2171 39
2171 2172 36
2172 2173 64
2173 2174 69
2174 2175 12
2175 2176 18
2176 2177 86
2177 2178 62
2178 2179 93
2179 2180 72
2180 2181 15
2181 2182 86
2182 2183 83
2183 2184 95
2184 2185 25
2185 2186 99
2186 2187 20
2187 2188 98
2188 2189 84
2189 2190 22
2190 2191 90
2191 2192 40
2192 2193 92
2193 2194 49
2194 2195 71
2195 2196 28
2196 2197 89
2197 2198 70
2198 2199 23
2199 2200 10
2200 2201 8
2201 2202 46
2202 2203 40
2203 2204 94
2204 2205 51
2205 2206 93
2206 2207 71
2207 2208 99
2208 2209 7
2209 2210 73
2210 2211 14
2211 2212 54
2212 2213 8
2167 2213 78
1474 2248 73
2214 2216 39
2215 2224 91
2216 2217 47
2217 2218 98
2218 2219 60
2219 2220 73
2220 2221 72
2221 2222 7
2222 2223 58
2223 2224 8
2224 2225 40
2225 2226 28
2226 2227 19
2227 2228 67
2228 2229 92
2229 2230 30
2230 2231 98
2231 2232 80
2232 2233 63
2233 2234 46
2234 2235 7
2235 2236 70
2236 2237 44
2237 2238 65
2238 2239 86
2239 2240 2
2240 2241 16
2241 2242 93
2242 2243 62
2243 2244 75
2244 2245 3
2245 2246 6
2246 2247 39
2247 2248 95
2216 2248 2
982 2288 19
2249 2251 4
2250 2262 45
2251 2252 26
2252 2253 50
2253 2254 80
2254 2255 10
2255 2256 66
2256 2257 60
2257 2258 73
2258 2259 50
2259 2260 71
2260 2261 27
2261 2262 97
2262 2263 73
2263 2264 26
2264 2265 48
2265 2266 81
2266 2267 50
2267 2268 20
2268 2269 47
2269 2270 60
2270 2271 92
2271 2272 28
2272 2273 1
2273 2274 3
2274 2275 56
2275 2276 55
2276 2277 1
2277 2278 73
2278 2279 27
2279 2280 94
2280 2281 53
2281 2282 59
2282 2283 86
2283 2284 54
2284 2285 96
2285 2286 75
2286 2287 36
2287 2288 47
2288 2289 46
2289 2290 56
2290 2291 2
2291 2292 6
2292 2293 51
2293 2294 76
2294 2295 23
2295 2296 47
2296 2297 65
2297 2298 61
2298 2299 100
2299 2300 94
2300 2301 2
2301 2302 79
2302 2303 30
2251 2303 13
909 2312 37
2304 2306 75
2305 2326 69
2306 2307 15
2307 2308 57
2308 2309 8
2309 2310 76
2310 2311 85
2311 2312 93
2312 2313 50
2313 2314 48
2314 2315 47
2315 2316 22
2316 2317 75
2317 2318 85
2318 2319 44
2319 2320 32
2320 2321 82
2321 2322 100
2322 2323 30
2323 2324 14
2324 2325 6
2325 2326 40
2326 2327 45
2327 2328 56
2328 2329 7
2329 2330 13
2330 2331 67
2331 2332 90
2332 2333 73
2333 2334 65
2334 2335 16
2335 2336 54
2336 2337 80
2337 2338 43
2306 2338 85
2077 2392 8
2339 2340 46
2339 2341 82
2339 2342 13
2339 2343 40
2339 2344 52
2339 2345 70
2339 2346 1
2339 2347 65
2339 2348 77
2339 2349 53
2339 2350 73
2339 2351 35
2339 2352 8
2339 2353 44
2339 2354 58
2339 2355 30
2339 2356 93
2339 2357 2
2339 2358 2
2339 2359 22
2339 2360 3
2339 2361 18
2339 2362 24
2339 2363 32
2339 2364 82
2339 2365 78
2339 2366 21
2339 2367 14
2339 2368 9
2339 2369 51
2339 2370 95
2339 2371 76
2339 2372 9
2339 2373 38
2339 2374 19
2339 2375 41
2339 2376 28
2339 2377 100
2339 2378 47
2339 2379 14
2340 2380 44
2340 2381 53
2340 2382 88
2340 2383 71
2340 2384 12
2340 2385 42
2340 2386 90
2340 2387 86
2340 2388 16
2340 2389 54
2340 2390 14
2340 2391 95
2340 2392 40
2340 2393 11
2340 2394 72
2340 2395 33
2340 2396 89
2340 2397 70
2340 2398 32
2340 2399 97
2043 2458 58
2400 2402 15
2401 2413 33
2402 2403 15
2403 2404 50
2404 2405 27
2405 2406 38
2406 2407 41
2407 2408 55
2408 2409 40
2409 2410 62
2410 2411 88
2411 2412 92
2412 2413 32
2413 2414 72
2414 2415 92
2415 2416 96
2416 2417 77
2417 2418 17
2418 2419 71
2419 2420 20
2420 2421 82
2421 2422 18
2422 2423 12
2423 2424 92
2424 2425 50
2425 2426 73
2426 2427 37
2427 2428 86
2428 2429 98
2429 2430 27
2430 2431 97
2431 2432 63
2432 2433 40
2433 2434 100
2434 2435 90
2435 2436 56
2436 2437 28
2437 2438 52
2438 2439 69
2439 2440 57
2440 2441 62
2441 2442 98
2442 2443 13
2443 2444 71
2444 2445 29
2445 2446 8
2446 2447 35
2447 2448 22
2448 2449 100
2449 2450 65
2450 2451 79
2451 2452 38
2452 2453 49
2453 2454 7
2454 2455 80
2455 2456 12
2456 2457 97
2457 2458 67
2458 2459 94
2459 2460 8
2460 2461 44
2461 2462 37
2402 2462 23
173 2484 64
2463 2465 84
2464 2491 68
2465 2466 39
2466 2467 26
2467 2468 92
2468 2469 45
2469 2470 20
2470 2471 86
2471 2472 67
2472 2473 100
2473 2474 36
2474 2475 81
2475 2476 59
2476 2477 12
2477 2478 50
2478 2479 73
2479 2480 77
2480 2481 73
2481 2482 4
2482 2483 82
2483 2484 28
2484 2485 77
2485 2486 66
2486 2487 75
2487 2488 70
2488 2489 91
2489 2490 33
2490 2491 88
2491 2492 73
2492 2493 52
2493 2494 36
2494 2495 8
2495 2496 18
2496 2497 40
2497 2498 36
2498 2499 64
2499 2500 78
2500 2501 86
2501 2502 74
2502 2503 41
2503 2504 72
2504 2505 3
2505 2506 73
2506 2507 63
2507 2508 54
2465 2508 63
2381 2515 76
2509 2511 84
2510 2511 94
2511 2512 49
2512 2513 65
2513 2514 8
2514 2515 66
2515 2516 50
2516 2517 76
2517 2518 87
2518 2519 32
2519 2520 48
2520 2521 95
2521 2522 70
2522 2523 26
2523 2524 88
2524 2525 73
2525 2526 47
2526 2527 36
2527 2528 59
2528 2529 12
2529 2530 58
2530 2531 73
2531 2532 82
2532 2533 74
2533 2534 31
2534 2535 48
2535 2536 79
2536 2537 21
2537 2538 44
2538 2539 25
2539 2540 81
2540 2541 37
2541 2542 1
2542 2543 21
2543 2544 79
2544 2545 15
2545 2546 37
2546 2547 45
2547 2548 51
2548 2549 66
2549 2550 2
2550 2551 39
2551 2552 56
2552 2553 26
2553 2554 78
2554 2555 47
2555 2556 69
2556 2557 87
2557 2558 88
2558 2559 91
2559 2560 80
2560 2561 59
2561 2562 86
2562 2563 55
2563 2564 87
2564 2565 91
2565 2566 55
2566 2567 7
2567 2568 47
2568 2569 41
2569 2570 12
2570 2571 63
2571 2572 8
2572 2573 83
2573 2574 29
2574 2575 49
2575 2576 35
2576 2577 81
2577 2578 31
2578 2579 98
2579 2580 90
2580 2581 53
2581 2582 78
2582 2583 17
2583 2584 59
2584 2585 78
2511 2585 98
485 2634 83
2586 2588 80
2587 2610 59
2588 2589 18
2589 2590 19
2590 2591 24
2591 2592 75
2592 2593 34
2593 2594 4
2594 2595 72
2595 2596 1
2596 2597 73
2597 2598 90
2598 2599 84
2599 2600 20
2600 2601 3
2601 2602 24
2602 2603 99
2603 2604 2
2604 2605 98
2605 2606 58
2606 2607 96
2607 2608 56
2608 2609 10
2609 2610 98
2610 2611 34
2611 2612 65
2612 2613 73
2613 2614 84
2614 2615 11
2615 2616 5
2616 2617 55
2617 2618 39
2618 2619 70
2619 2620 14
2620 2621 33
2621 2622 70
2622 2623 37
2623 2624 49
2624 2625 15
2625 2626 71
2626 2627 87
2627 2628 80
2628 2629 47
2629 2630 62
2630 2631 14
2631 2632 80
2632 2633 25
2633 2634 14
2634 2635 40
2635 2636 68
2636 2637 84
2637 2638 52
2638 2639 28
2639 2640 88
2640 2641 2
2641 2642 27
2642 2643 2
2643 2644 97
2644 2645 53
2645 2646 21
2646 2647 92
2647 2648 20
2648 2649 32
2649 2650 34
2650 2651 55
2588 2651 8
2177 2665 100
2652 2654 97
2653 2654 53
2654 2655 94
2655 2656 86
2656 2657 12
2657 2658 53
2658 2659 38
2659 2660 36
2660 2661 53
2661 2662 73
2662 2663 36
2663 2664 69
2664 2665 48
2665 2666 64
2666 2667 80
2667 2668 46
2668 2669 20
2669 2670 76
2670 2671 87
2654 2671 56
1980 2683 45
2672 2673 71
2672 2674 83
2672 2675 99
2672 2676 7
2672 2677 3
2672 2678 84
2672 2679 90
2672 2680 75
2672 2681 25
2672 2682 5
2672 2683 72
2672 2684 89
2672 2685 57
2672 2686 65
2672 2687 67
2672 2688 98
2672 2689 59
2672 2690 9
2672 2691 13
2672 2692 31
2672 2693 69
2672 2694 78
2672 2695 58
2673 2696 75
2673 2697 66
2673 2698 37
2673 2699 38
2673 2700 43
2673 2701 96
2673 2702 60
2673 2703 72
2673 2704 79
475 2709 89
2705 2707 54
2706 2715 60
2707 2708 96
2708 2709 75
2709 2710 74
2710 2711 22
2711 2712 44
2712 2713 82
2713 2714 37
2714 2715 29
2707 2715 80
2075 2758 60
2716 2717 5
2716 2718 42
2716 2719 37
2716 2720 26
2716 2721 24
2716 2722 52
2716 2723 13
2716 2724 99
2716 2725 81
2716 2726 69
2716 2727 26
2716 2728 12
2716 2729 72
2716 2730 98
2716 2731 61
2716 2732 7
2716 2733 59
2716 2734 29
2716 2735 1
2716 2736 89
2716 2737 63
2716 2738 23
2716 2739 25
2716 2740 53
2716 2741 27
2716 2742 94
2716 2743 62
2716 2744 88
2716 2745 63
2716 2746 84
2716 2747 52
2717 2748 4
2717 2749 100
2717 2750 76
2717 2751 94
2717 2752 28
2717 2753 12
2717 2754 12
2717 2755 78
2717 2756 74
2717 2757 27
2717 2758 65
2717 2759 56
2717 2760 97
2717 2761 21
2717 2762 79
2717 2763 1
2717 2764 61
2717 2765 74
2717 2766 5
2717 2767 64
2717 2768 44
2717 2769 27
2717 2770 24
2717 2771 12
2717 2772 43
2717 2773 67
2717 2774 31
1096 2809 37
2775 2776 1
2775 2777 20
2775 2778 79
2775 2779 58
2775 2780 39
2775 2781 73
2775 2782 33
2775 2783 62
2775 2784 67
2775 2785 49
2775 2786 95
2775 2787 82
2775 2788 41
2775 2789 56
2775 2790 31
2775 2791 72
2775 2792 40
2775 2793 32
2775 2794 67
2775 2795 6
2775 2796 75
2775 2797 40
2775 2798 77
2775 2799 60
2775 2800 91
2775 2801 84
2775 2802 30
2775 2803 69
2775 2804 34
2776 2805 49
2776 2806 20
2776 2807 68
2776 2808 39
2776 2809 56
2776 2810 2
2776 2811 74
2776 2812 7
2776 2813 39
2776 2814 61
2776 2815 56
2776 2816 27
2776 2817 36
2776 2818 56
2776 2819 89
2776 2820 26
2776 2821 98
2776 2822 94
2776 2823 49
2776 2824 76
2776 2825 46
2776 2826 80
2776 2827 26
2776 2828 98
2776 2829 77
2776 2830 75
2776 2831 71
2776 2832 84
2776 2833 99
2777 2834 60
2777 2835 31
2777 2836 37
2740 2840 71
2837 2838 9
2837 2839 22
2837 2840 47
2837 2841 25
2837 2842 74
2837 2843 18
2837 2844 55
2837 2845 46
2837 2846 86
2837 2847 75
2837 2848 94
1179 2862 94
2849 2850 30
2849 2851 58
2849 2852 33
2849 2853 84
2849 2854 32
2849 2855 86
2849 2856 69
2849 2857 47
2849 2858 13
2849 2859 14
2849 2860 12
2849 2861 58
2849 2862 64
2849 2863 66
2849 2864 91
2849 2865 33
2849 2866 48
2849 2867 71
2849 2868 20
2849 2869 18
2849 2870 47
2849 2871 71
2849 2872 30
2849 2873 93
2849 2874 7
2849 2875 93
2850 2876 79
2850 2877 62
2850 2878 80
2850 2879 57
2850 2880 77
2850 2881 2
2850 2882 72
2850 2883 65
2850 2884 18
2850 2885 8
2850 2886 44
2850 2887 99
2850 2888 34
2850 2889 99
2850 2890 44
2850 2891 88
2850 2892 30
2850 2893 51
2850 2894 70
2850 2895 100
2850 2896 18
2850 2897 21
2850 2898 51
2850 2899 53
2850 2900 64
2850 2901 8
2851 2902 87
2851 2903 19
2851 2904 14
2851 2905 45
2851 2906 31
2851 2907 48
2851 2908 55
2851 2909 21
2851 2910 2
2851 2911 96
2851 2912 94
2851 2913 75
2851 2914 90
2851 2915 51
2851 2916 47
349 2928 92
2917 2919 75
2918 2957 25
2919 2920 99
2920 2921 34
2921 2922 99
2922 2923 69
2923 2924 8
2924 2925 61
2925 2926 87
2926 2927 99
2927 2928 44
2928 2929 43
2929 2930 14
2930 2931 38
2931 2932 89
2932 2933 30
2933 2934 97
2934 2935 68
2935 2936 4
2936 2937 52
2937 2938 77
2938 2939 83
2939 2940 59
2940 2941 46
2941 2942 81
2942 2943 94
2943 2944 79
2944 2945 24
2945 2946 96
2946 2947 79
2947 2948 96
2948 2949 53
2949 2950 35
2950 2951 24
2951 2952 56
2952 2953 2
2953 2954 26
2954 2955 83
2955 2956 52
2956 2957 11
2957 2958 15
2958 2959 50
2959 2960 86
2960 2961 15
2961 2962 54
2962 2963 48
2963 2964 84
2964 2965 53
2965 2966 14
2966 2967 3
2967 2968 92
2968 2969 29
2969 2970 60
2970 2971 3
2971 2972 61
2972 2973 55
2973 2974 85
2974 2975 83
2975 2976 4
2976 2977 11
2977 2978 12
2978 2979 31
2979 2980 56
2980 2981 31
2981 2982 25
2982 2983 4
2983 2984 19
2984 2985 82
2985 2986 39
2986 2987 45
2987 2988 26
2988 2989 25
2989 2990 14
2990 2991 89
2991 2992 40
2992 2993 18
2919 2993 95
1502 2994 63
2994 2996 8
2995 2996 82
2996 2997 29
2997 2998 77
2998 2999 49
2999 3000 49
3000 3001 15
3001 3002 97
3002 3003 44
3003 3004 24
3004 3005 59
3005 3006 71
3006 3007 91
3007 3008 48
3008 3009 23
3009 3010 69
3010 3011 73
3011 3012 55
3012 3013 99
3013 3014 49
3014 3015 22
3015 3016 100
2996 3016 39
1265 3021 34
3017 3018 40
3017 3019 7
3017 3020 32
3017 3021 25
3017 3022 72
3017 3023 17
3017 3024 8
3017 3025 58
3017 3026 50
3017 3027 94
3017 3028 45
3017 3029 53
3017 3030 67
3017 3031 60
3017 3032 24
3017 3033 63
3017 3034 14
3017 3035 65
3017 3036 87
3017 3037 99
3017 3038 15
3017 3039 34
3017 3040 73
3017 3041 42
3017 3042 20
3017 3043 32
3017 3044 25
3017 3045 40
3017 3046 90
3017 3047 46
3017 3048 9
3017 3049 34
3017 3050 15
3017 3051 82
3018 3052 21
3018 3053 80
3018 3054 39
3018 3055 91
3018 3056 80
3018 3057 7
3018 3058 68
3018 3059 13
3018 3060 58
3018 3061 84
3018 3062 23
3018 3063 27
3018 3064 27
3018 3065 17
3018 3066 85
3018 3067 88
3018 3068 46
3018 3069 72
3018 3070 83
3018 3071 90
3018 3072 34
3018 3073 88
3018 3074 60
3018 3075 71
3018 3076 83
3018 3077 59
3018 3078 44
3018 3079 84
3018 3080 17
3018 3081 56
3018 3082 39
3018 3083 73
3018 3084 95
3018 3085 51
3019 3086 84
3019 3087 80
3019 3088 78
3019 3089 49
1320 3107 50
3090 3092 55
3091 3092 40
3092 3093 29
3093 3094 74
3094 3095 23
3095 3096 40
3096 3097 24
3097 3098 79
3098 3099 63
3099 3100 34
3100 3101 36
3101 3102 59
3102 3103 87
3103 3104 74
3104 3105 18
3105 3106 47
3106 3107 72
3107 3108 98
3108 3109 15
3109 3110 27
3110 3111 36
3111 3112 20
3112 3113 21
3113 3114 9
3114 3115 4
3115 3116 84
3116 3117 97
3117 3118 25
3118 3119 96
3119 3120 78
3120 3121 26
3121 3122 58
3122 3123 34
3123 3124 58
3124 3125 66
3125 3126 19
3126 3127 61
3127 3128 63
3128 3129 22
3129 3130 34
3130 3131 75
3131 3132 66
3132 3133 67
3133 3134 80
3134 3135 92
3135 3136 57
3136 3137 93
3137 3138 66
3138 3139 80
3139 3140 19
3092 3140 59
3129 3167 89
3141 3143 3
3142 3143 62
3143 3144 97
3144 3145 75
3145 3146 66
3146 3147 34
3147 3148 70
3148 3149 11
3149 3150 42
3150 3151 88
3151 3152 44
3152 3153 63
3153 3154 16
3154 3155 15
3155 3156 40
3156 3157 65
3157 3158 39
3158 3159 6
3159 3160 19
3160 3161 63
3161 3162 4
3162 3163 31
3163 3164 21
3164 3165 80
3165 3166 1
3166 3167 62
3167 3168 37
3168 3169 25
3143 3169 3
1035 3220 85
3170 3171 36
3170 3172 20
3170 3173 34
3170 3174 83
3170 3175 27
3170 3176 44
3170 3177 67
3170 3178 66
3170 3179 53
3170 3180 90
3170 3181 44
3170 3182 37
3170 3183 13
3170 3184 98
3170 3185 64
3170 3186 17
3170 3187 91
3170 3188 76
3170 3189 73
3170 3190 51
3170 3191 67
3170 3192 9
3170 3193 49
3170 3194 23
3170 3195 31
3170 3196 97
3170 3197 4
3170 3198 78
3170 3199 17
3171 3200 43
3171 3201 65
3171 3202 88
3171 3203 77
3171 3204 83
3171 3205 45
3171 3206 24
3171 3207 30
3171 3208 93
3171 3209 23
3171 3210 60
3171 3211 55
3171 3212 28
3171 3213 80
3171 3214 10
3171 3215 81
3171 3216 54
3171 3217 93
3171 3218 13
3171 3219 34
3171 3220 85
3171 3221 2
3171 3222 75
3171 3223 65
3171 3224 35
3171 3225 77
3171 3226 57
3171 3227 37
3171 3228 62
3172 3229 81
3172 3230 25
3172 3231 96
749 3241 65
3232 3234 4
3233 3234 59
3234 3235 67
3235 3236 47
3236 3237 10
3237 3238 8
3238 3239 90
3239 3240 53
3240 3241 11
3234 3241 17
3059 3254 82
3242 3243 77
3242 3244 20
3242 3245 67
3242 3246 72
3242 3247 79
3242 3248 10
3242 3249 27
3242 3250 67
3242 3251 68
3242 3252 11
3242 3253 94
3242 3254 20
3242 3255 71
3242 3256 22
3242 3257 26
3242 3258 89
3242 3259 77
3242 3260 4
3242 3261 33
3242 3262 26
3242 3263 36
3242 3264 88
3242 3265 96
3242 3266 93
3242 3267 2
3242 3268 5
3242 3269 47
3243 3270 16
3243 3271 1
3243 3272 91
3243 3273 83
3243 3274 83
3243 3275 26
3243 3276 59
3243 3277 67
3243 3278 46
3243 3279 65
3243 3280 38
3243 3281 5
3243 3282 98
3243 3283 11
3243 3284 18
3243 3285 41
3243 3286 26
3243 3287 21
3243 3288 87
3243 3289 13
3243 3290 87
3243 3291 15
3243 3292 18
3243 3293 97
3243 3294 47
3243 3295 28
3243 3296 50
3244 3297 96
3244 3298 13
3244 3299 71
3244 3300 80
3244 3301 86
3244 3302 56
3244 3303 50
3244 3304 8
3244 3305 58
3244 3306 32
3244 3307 10
3244 3308 14
3244 3309 74
870 3325 63
3310 3312 23
3311 3314 43
3312 3313 64
3313 3314 52
3314 3315 18
3315 3316 15
3316 3317 12
3317 3318 50
3318 3319 42
3319 3320 25
3320 3321 31
3321 3322 36
3322 3323 1
3323 3324 70
3324 3325 19
3325 3326 61
3326 3327 13
3327 3328 36
3328 3329 11
3329 3330 74
3330 3331 99
3331 3332 74
3332 3333 85
3333 3334 24
3334 3335 66
3335 3336 56
3336 3337 75
3337 3338 5
3338 3339 20
3339 3340 57
3340 3341 56
3341 3342 81
3312 3342 7
1512 3385 28
3343 3345 6
3344 3375 20
3345 3346 93
3346 3347 38
3347 3348 97
3348 3349 59
3349 3350 19
3350 3351 13
3351 3352 84
3352 3353 2
3353 3354 59
3354 3355 63
3355 3356 73
3356 3357 87
3357 3358 66
3358 3359 13
3359 3360 96
3360 3361 31
3361 3362 32
3362 3363 28
3363 3364 33
3364 3365 56
3365 3366 59
3366 3367 54
3367 3368 19
3368 3369 10
3369 3370 5
3370 3371 16
3371 3372 78
3372 3373 32
3373 3374 31
3374 3375 7
3375 3376 2
3376 3377 7
3377 3378 66
3378 3379 39
3379 3380 87
3380 3381 67
3381 3382 97
3382 3383 27
3383 3384 13
3384 3385 66
3385 3386 74
3386 3387 86
3387 3388 69
3388 3389 23
3389 3390 100
3345 3390 53
2316 3419 1
3391 3393 12
3392 3411 55
3393 3394 54
3394 3395 56
3395 3396 38
3396 3397 89
3397 3398 67
3398 3399 34
3399 3400 5
3400 3401 4
3401 3402 40
3402 3403 22
3403 3404 28
3404 3405 69
3405 3406 82
3406 3407 73
3407 3408 51
3408 3409 33
3409 3410 80
3410 3411 45
3411 3412 15
3412 3413 27
3413 3414 52
3414 3415 71
3415 3416 53
3416 3417 55
3417 3418 61
3418 3419 12
3419 3420 64
3420 3421 54
3421 3422 27
3422 3423 100
3423 3424 91
3424 3425 96
3425 3426 82
3426 3427 44
3427 3428 8
3428 3429 71
3429 3430 25
3393 3430 91
92 3434 61
3431 3432 98
3431 3433 46
3431 3434 4
3431 3435 46
3431 3436 28
3431 3437 1
3431 3438 57
3431 3439 57
3431 3440 53
3431 3441 84
3431 3442 84
3431 3443 73
3431 3444 38
3431 3445 41
3431 3446 90
3431 3447 45
3431 3448 70
3431 3449 74
3431 3450 89
3431 3451 44
3431 3452 86
3431 3453 96
3431 3454 59
3431 3455 28
3431 3456 13
3432 3457 15
3432 3458 80
3432 3459 42
3432 3460 20
3432 3461 5
3432 3462 53
3432 3463 47
3432 3464 12
3432 3465 2
3432 3466 83
3432 3467 96
3432 3468 17
3432 3469 27
3432 3470 71
3432 3471 87
3345 3497 39
3472 3473 77
3472 3474 28
3472 3475 4
3472 3476 58
3472 3477 27
3472 3478 29
3472 3479 49
3472 3480 80
3473 3481 69
3473 3482 26
3473 3483 48
3473 3484 9
3473 3485 89
3473 3486 12
3473 3487 89
3473 3488 99
3474 3489 81
3474 3490 48
3474 3491 40
3474 3492 7
3474 3493 76
3474 3494 25
3474 3495 13
3474 3496 45
3475 3497 72
3475 3498 1
3475 3499 84
3475 3500 72
3475 3501 25
2844 3508 54
3502 3504 71
3503 3519 76
3504 3505 82
3505 3506 14
3506 3507 20
3507 3508 6
3508 3509 25
3509 3510 81
3510 3511 14
3511 3512 97
3512 3513 94
3513 3514 58
3514 3515 96
3515 3516 24
3516 3517 62
3517 3518 63
3518 3519 39
3519 3520 50
3520 3521 6
3521 3522 32
3522 3523 97
3523 3524 54
3524 3525 78
3525 3526 6
3526 3527 91
3527 3528 77
3528 3529 50
3529 3530 35
3530 3531 68
3531 3532 24
3532 3533 66
3533 3534 10
3534 3535 30
3535 3536 54
3536 3537 94
3537 3538 22
3538 3539 17
3539 3540 72
3540 3541 43
3541 3542 92
3542 3543 97
3504 3543 17
1388 3610 60
3544 3545 61
3544 3546 34
3544 3547 41
3544 3548 41
3544 3549 2
3544 3550 31
3544 3551 50
3544 3552 88
3544 3553 57
3544 3554 63
3544 3555 98
3544 3556 20
3544 3557 29
3544 3558 8
3544 3559 36
3544 3560 11
3544 3561 6
3544 3562 63
3544 3563 100
3544 3564 2
3544 3565 55
3544 3566 78
3544 3567 19
3544 3568 60
3544 3569 36
3544 3570 86
3544 3571 89
3544 3572 82
3544 3573 31
3544 3574 41
3544 3575 53
3545 3576 25
3545 3577 38
3545 3578 38
3545 3579 17
3545 3580 68
3545 3581 51
3545 3582 85
3545 3583 81
3545 3584 18
3545 3585 56
3545 3586 44
3545 3587 36
3545 3588 70
3545 3589 16
3545 3590 67
3545 3591 26
3545 3592 6
3545 3593 100
3545 3594 82
3545 3595 3
3545 3596 66
3545 3597 14
3545 3598 99
3545 3599 16
3545 3600 48
3545 3601 61
3545 3602 48
3545 3603 25
3545 3604 36
3545 3605 11
3545 3606 56
3546 3607 87
3546 3608 86
3546 3609 43
3546 3610 66
3546 3611 45
3546 3612 48
3546 3613 90
3546 3614 25
3546 3615 52
3546 3616 34
3546 3617 38
3546 3618 30
3546 3619 4
404 3630 2
3620 3622 39
3621 3630 91
3622 3623 95
3623 3624 36
3624 3625 92
3625 3626 92
3626 3627 5
3627 3628 41
3628 3629 16
3629 3630 12
3630 3631 40
3631 3632 65
3632 3633 71
3622 3633 49
1503 3642 44
3634 3636 14
3635 3636 14
3636 3637 74
3637 3638 37
3638 3639 89
3639 3640 87
3640 3641 47
3641 3642 35
3642 3643 40
3643 3644 67
3644 3645 64
3645 3646 38
3646 3647 80
3647 3648 7
3648 3649 84
3649 3650 39
3650 3651 61
3651 3652 93
3652 3653 84
3653 3654 68
3654 3655 56
3655 3656 79
3656 3657 80
3657 3658 1
3658 3659 26
3659 3660 39
3660 3661 11
3661 3662 79
3662 3663 34
3663 3664 40
3664 3665 41
3665 3666 47
3666 3667 60
3667 3668 70
3668 3669 70
3636 3669 51
3208 3698 46
3670 3672 44
3671 3698 53
3672 3673 57
3673 3674 58
3674 3675 76
3675 3676 30
3676 3677 53
3677 3678 29
3678 3679 49
3679 3680 59
3680 3681 18
3681 3682 23
3682 3683 93
3683 3684 91
3684 3685 98
3685 3686 41
3686 3687 4
3687 3688 70
3688 3689 82
3689 3690 44
3690 3691 37
3691 3692 100
3692 3693 18
3693 3694 31
3694 3695 27
3695 3696 67
3696 3697 55
3697 3698 33
3698 3699 49
3699 3700 45
3700 3701 32
3701 3702 55
3702 3703 33
3703 3704 16
3704 3705 6
3705 3706 21
3706 3707 15
3707 3708 94
3708 3709 7
3709 3710 1
3710 3711 38
3711 3712 26
3712 3713 88
3713 3714 54
3714 3715 62
3715 3716 100
3716 3717 95
3717 3718 38
3718 3719 78
3719 3720 57
3720 3721 57
3721 3722 80
3722 3723 50
3723 3724 5
3724 3725 25
3725 3726 39
3726 3727 82
3727 3728 62
3728 3729 2
3729 3730 57
3730 3731 31
3731 3732 51
3732 3733 88
3733 3734 20
3672 3734 49
684 3737 17
3735 3736 16
3735 3737 94
3735 3738 55
3735 3739 27
3735 3740 46
3735 3741 22
3735 3742 44
3735 3743 28
3735 3744 72
3735 3745 33
3164 3749 75
3746 3748 7
3747 3753 33
3748 3749 20
3749 3750 64
3750 3751 74
3751 3752 85
3752 3753 37
3753 3754 37
3754 3755 23
3748 3755 35
2982 3762 48
3756 3758 25
3757 3775 15
3758 3759 49
3759 3760 45
3760 3761 94
3761 3762 3
3762 3763 52
3763 3764 33
3764 3765 63
3765 3766 31
3766 3767 41
3767 3768 5
3768 3769 89
3769 3770 74
3770 3771 3
3771 3772 43
3772 3773 80
3773 3774 80
3774 3775 56
3775 3776 88
3776 3777 5
3777 3778 5
3778 3779 72
3779 3780 46
3780 3781 51
3781 3782 81
3782 3783 44
3783 3784 68
3784 3785 4
3758 3785 38
2880 3808 22
3786 3788 4
3787 3788 95
3788 3789 43
3789 3790 22
3790 3791 54
3791 3792 86
3792 3793 30
3793 3794 6
3794 3795 65
3795 3796 7
3796 3797 64
3797 3798 78
3798 3799 46
3799 3800 62
3800 3801 91
3801 3802 38
3802 3803 46
3803 3804 88
3804 3805 83
3805 3806 45
3806 3807 61
3807 3808 92
3808 3809 63
3809 3810 72
3810 3811 60
3811 3812 100
3812 3813 57
3813 3814 37
3814 3815 75
3815 3816 19
3816 3817 88
3817 3818 56
3818 3819 26
3819 3820 68
3820 3821 92
3821 3822 85
3822 3823 81
3823 3824 85
3824 3825 33
3825 3826 49
3826 3827 2
3827 3828 28
3828 3829 74
3829 3830 69
3830 3831 52
3831 3832 22
3832 3833 9
3833 3834 42
3834 3835 10
3835 3836 12
3836 3837 44
3837 3838 13
3838 3839 56
3839 3840 17
3788 3840 96
1084 3868 7
3841 3843 64
3842 3843 43
3843 3844 66
3844 3845 69
3845 3846 52
3846 3847 98
3847 3848 52
3848 3849 8
3849 3850 36
3850 3851 50
3851 3852 60
3852 3853 47
3853 3854 68
3854 3855 36
3855 3856 50
3856 3857 94
3857 3858 93
3858 3859 77
3859 3860 46
3860 3861 70
3861 3862 82
3862 3863 74
3863 3864 55
3864 3865 64
3865 3866 77
3866 3867 9
3867 3868 26
3868 3869 43
3869 3870 10
3870 3871 24
3871 3872 71
3872 3873 43
3873 3874 24
3874 3875 32
3875 3876 50
3876 3877 70
3877 3878 17
3878 3879 68
3879 3880 61
3880 3881 70
3881 3882 40
3882 3883 8
3883 3884 28
3884 3885 64
3885 3886 73
3886 3887 44
3887 3888 25
3888 3889 27
3889 3890 86
3890 3891 54
3843 3891 11
2670 3902 3
3892 3894 30
3893 3895 36
3894 3895 73
3895 3896 85
3896 3897 72
3897 3898 84
3898 3899 20
3899 3900 67
3900 3901 31
3901 3902 26
3902 3903 84
3903 3904 30
3904 3905 67
3905 3906 45
3906 3907 50
3907 3908 58
3908 3909 79
3909 3910 28
3910 3911 100
3911 3912 98
3912 3913 24
3913 3914 20
3894 3914 68
3535 3941 47
3915 3917 40
3916 3935 23
3917 3918 38
3918 3919 49
3919 3920 16
3920 3921 95
3921 3922 87
3922 3923 62
3923 3924 88
3924 3925 41
3925 3926 15
3926 3927 32
3927 3928 80
3928 3929 88
3929 3930 38
3930 3931 57
3931 3932 45
3932 3933 9
3933 3934 34
3934 3935 35
3935 3936 10
3936 3937 42
3937 3938 11
3938 3939 35
3939 3940 16
3940 3941 53
3917 3941 16
191 3984 89
3942 3944 37
3943 3988 73
3944 3945 22
3945 3946 29
3946 3947 52
3947 3948 5
3948 3949 89
3949 3950 97
3950 3951 62
3951 3952 25
3952 3953 52
3953 3954 89
3954 3955 76
3955 3956 21
3956 3957 10
3957 3958 83
3958 3959 56
3959 3960 97
3960 3961 22
3961 3962 81
3962 3963 37
3963 3964 88
3964 3965 32
3965 3966 90
3966 3967 98
3967 3968 72
3968 3969 96
3969 3970 6
3970 3971 22
3971 3972 99
3972 3973 94
3973 3974 66
3974 3975 51
3975 3976 85
3976 3977 41
3977 3978 50
3978 3979 74
3979 3980 66
3980 3981 14
3981 3982 66
3982 3983 54
3983 3984 95
3984 3985 17
3985 3986 27
3986 3987 24
3987 3988 95
3988 3989 36
3989 3990 99
3990 3991 80
3991 3992 84
3992 3993 82
3993 3994 96
3994 3995 22
3995 3996 49
3996 3997 38
3997 3998 46
3998 3999 49
3999 4000 92
4000 4001 41
4001 4002 93
4002 4003 8
4003 4004 14
4004 4005 3
4005 4006 10
4006 4007 8
4007 4008 72
3944 4008 72
855 4031 63
4009 4010 55
4009 4011 46
4009 4012 20
4009 4013 56
4009 4014 54
4009 4015 21
4009 4016 8
4009 4017 76
4009 4018 73
4009 4019 86
4009 4020 15
4009 4021 71
4009 4022 1
4009 4023 98
4009 4024 50
4009 4025 8
4009 4026 20
4009 4027 26
4009 4028 42
4009 4029 56
4009 4030 76
4009 4031 21
4010 4032 56
4010 4033 4
4010 4034 72
4010 4035 92
4010 4036 91
4010 4037 23
4010 4038 39
4010 4039 1
4010 4040 56
4010 4041 46
4010 4042 73
4010 4043 84
1360 4072 100
4044 4046 55
4045 4084 47
4046 4047 29
4047 4048 44
4048 4049 98
4049 4050 33
4050 4051 16
4051 4052 53
4052 4053 96
4053 4054 89
4054 4055 6
4055 4056 26
4056 4057 40
4057 4058 11
4058 4059 91
4059 4060 78
4060 4061 97
4061 4062 30
4062 4063 94
4063 4064 37
4064 4065 95
4065 4066 53
4066 4067 47
4067 4068 27
4068 4069 15
4069 4070 88
4070 4071 45
4071 4072 65
4072 4073 32
4073 4074 18
4074 4075 6
4075 4076 46
4076 4077 30
4077 4078 94
4078 4079 33
4079 4080 75
4080 4081 19
4081 4082 17
4082 4083 2
4083 4084 12
4084 4085 63
4085 4086 90
4086 4087 72
4087 4088 61
4088 4089 74
4089 4090 9
4090 4091 44
4091 4092 24
4092 4093 38
4093 4094 60
4094 4095 60
4095 4096 8
4096 4097 98
4097 4098 13
4098 4099 15
4099 4100 24
4100 4101 37
4101 4102 10
4102 4103 1
4103 4104 79
4104 4105 81
4105 4106 18
4106 4107 18
4107 4108 78
4108 4109 63
4109 4110 30
4110 4111 56
4111 4112 27
4112 4113 54
4113 4114 41
4114 4115 19
4115 4116 49
4116 4117 64
4117 4118 2
4118 4119 39
4119 4120 42
4120 4121 28
4121 4122 88
4122 4123 38
4046 4123 98
1878 4125 18
4124 4125 70
4124 4126 68
4124 4127 37
4124 4128 89
4124 4129 62
4124 4130 32
4124 4131 30
4124 4132 57
4124 4133 40
4124 4134 79
4124 4135 62
4124 4136 8
4124 4137 56
4124 4138 78
4124 4139 90
4124 4140 18
4124 4141 73
4124 4142 92
4124 4143 1
4124 4144 63
4124 4145 16
4125 4146 67
4125 4147 75
4125 4148 55
4125 4149 43
4125 4150 25
4125 4151 44
4125 4152 63
4125 4153 82
4125 4154 69
4125 4155 48
4125 4156 67
4125 4157 61
4125 4158 8
4125 4159 37
4125 4160 70
4125 4161 100
4125 4162 94
4125 4163 84
4125 4164 37
4125 4165 28
4125 4166 42
4126 4167 5
4126 4168 20
4126 4169 12
4126 4170 60
4126 4171 58
4126 4172 53
4126 4173 55
4126 4174 68
4126 4175 95
3091 4179 80
4176 4178 45
4177 4193 86
4178 4179 48
4179 4180 28
4180 4181 80
4181 4182 88
4182 4183 11
4183 4184 54
4184 4185 90
4185 4186 79
4186 4187 61
4187 4188 55
4188 4189 32
4189 4190 100
4190 4191 81
4191 4192 70
4192 4193 53
4193 4194 79
4194 4195 7
4195 4196 86
4196 4197 3
4197 4198 27
4198 4199 68
4199 4200 64
4200 4201 36
4201 4202 53
4202 4203 49
4203 4204 15
4204 4205 22
4205 4206 60
4206 4207 8
4207 4208 43
4208 4209 59
4209 4210 73
4210 4211 91
4211 4212 10
4212 4213 17
4213 4214 36
4214 4215 87
4215 4216 44
4216 4217 77
4217 4218 73
4218 4219 19
4219 4220 74
4220 4221 3
4221 4222 18
4222 4223 9
4223 4224 22
4224 4225 100
4225 4226 46
4226 4227 55
4227 4228 77
4228 4229 63
4229 4230 1
4230 4231 24
4231 4232 60
4232 4233 43
4233 4234 32
4234 4235 45
4235 4236 16
4236 4237 9
4237 4238 70
4238 4239 77
4239 4240 4
4240 4241 55
4241 4242 30
4242 4243 18
4243 4244 99
4244 4245 97
4245 4246 5
4246 4247 88
4247 4248 72
4178 4248 29
1382 4266 58
4249 4250 15
4249 4251 70
4249 4252 37
4249 4253 60
4249 4254 57
4249 4255 49
4249 4256 6
4249 4257 51
4249 4258 15
4249 4259 82
4249 4260 15
4249 4261 43
4249 4262 73
4249 4263 62
4249 4264 48
4249 4265 73
4249 4266 21
4249 4267 82
4249 4268 18
4249 4269 18
4249 4270 92
4249 4271 41
4250 4272 92
4250 4273 52
4250 4274 50
4250 4275 15
4250 4276 61
4250 4277 16
4250 4278 37
4250 4279 49
4250 4280 75
4250 4281 42
4250 4282 30
4250 4283 84
4250 4284 97
4250 4285 84
4250 4286 53
4250 4287 86
4250 4288 29
4250 4289 16
4250 4290 10
4250 4291 72
4250 4292 88
4250 4293 20
4251 4294 3
4251 4295 45
4251 4296 77
4251 4297 45
4251 4298 92
4251 4299 44
4251 4300 81
4251 4301 72
4251 4302 62
4251 4303 43
4251 4304 57
4251 4305 94
4251 4306 55
2254 4326 16
4307 4309 54
4308 4309 71
4309 4310 34
4310 4311 77
4311 4312 1
4312 4313 71
4313 4314 98
4314 4315 21
4315 4316 64
4316 4317 46
4317 4318 33
4318 4319 4
4319 4320 26
4320 4321 3
4321 4322 44
4322 4323 60
4323 4324 42
4324 4325 3
4325 4326 1
4326 4327 37
4327 4328 11
4328 4329 44
4329 4330 70
4330 4331 19
4331 4332 23
4332 4333 33
4333 4334 71
4334 4335 53
4335 4336 61
4336 4337 97
4337 4338 81
4338 4339 93
4339 4340 77
4340 4341 89
4341 4342 58
4342 4343 82
4343 4344 72
4344 4345 29
4309 4345 77
1717 4384 48
4346 4348 61
4347 4371 52
4348 4349 82
4349 4350 33
4350 4351 64
4351 4352 60
4352 4353 9
4353 4354 9
4354 4355 40
4355 4356 32
4356 4357 80
4357 4358 47
4358 4359 57
4359 4360 79
4360 4361 70
4361 4362 78
4362 4363 28
4363 4364 61
4364 4365 88
4365 4366 68
4366 4367 47
4367 4368 7
4368 4369 18
4369 4370 55
4370 4371 64
4371 4372 12
4372 4373 14
4373 4374 99
4374 4375 75
4375 4376 25
4376 4377 24
4377 4378 82
4378 4379 49
4379 4380 51
4380 4381 62
4381 4382 13
4382 4383 11
4383 4384 92
4384 4385 82
4385 4386 76
4386 4387 62
4387 4388 84
4388 4389 13
4389 4390 39
4390 4391 54
4391 4392 7
4392 4393 24
4393 4394 31
4394 4395 17
4395 4396 53
4396 4397 20
4397 4398 10
4398 4399 12
4399 4400 89
4400 4401 40
4348 4401 15
783 4437 90
4402 4404 19
4403 4404 11
4404 4405 90
4405 4406 99
4406 4407 68
4407 4408 32
4408 4409 98
4409 4410 40
4410 4411 76
4411 4412 24
4412 4413 35
4413 4414 20
4414 4415 55
4415 4416 45
4416 4417 57
4417 4418 42
4418 4419 3
4419 4420 66
4420 4421 37
4421 4422 72
4422 4423 25
4423 4424 2
4424 4425 11
4425 4426 33
4426 4427 12
4427 4428 42
4428 4429 5
4429 4430 19
4430 4431 97
4431 4432 47
4432 4433 25
4433 4434 37
4434 4435 28
4435 4436 46
4436 4437 41
4437 4438 73
4438 4439 10
4439 4440 25
4440 4441 73
4441 4442 17
4442 4443 35
4443 4444 43
4444 4445 48
4445 4446 39
4446 4447 95
4404 4447 50
2938 4449 28
4448 4449 20
4448 4450 90
4448 4451 84
4448 4452 35
4448 4453 86
4448 4454 58
4448 4455 69
4448 4456 85
4448 4457 31
4448 4458 82
4448 4459 40
4448 4460 74
4448 4461 67
4448 4462 71
4448 4463 50
4448 4464 81
4448 4465 9
4448 4466 99
4448 4467 12
4448 4468 68
4448 4469 92
4448 4470 23
4448 4471 32
4448 4472 80
1580 4494 51
4473 4475 15
4474 4475 66
4475 4476 48
4476 4477 44
4477 4478 65
4478 4479 58
4479 4480 22
4480 4481 33
4481 4482 98
4482 4483 78
4483 4484 55
4484 4485 93
4485 4486 22
4486 4487 28
4487 4488 68
4488 4489 78
4489 4490 93
4490 4491 47
4491 4492 83
4492 4493 68
4493 4494 39
4494 4495 31
4495 4496 19
4496 4497 60
4497 4498 11
4498 4499 68
4499 4500 22
4500 4501 97
4501 4502 46
4502 4503 59
4503 4504 23
4504 4505 49
4505 4506 19
4475 4506 67
66
3312 2277
3758 9300
1532 4872
2075 2747
2638 148
802 8451
2236 2081
517 9652
905 131
3005 141
1495 8705
3761 6587
1710 2078
4267 9036
795 4073
2367 4358
3218 7046
2582 2480
2004 9108
4136 9076
1690 1342
4046 4768
532 3117
232 3355
3257 1865
4352 1198
2036 2019
1329 14
1702 9703
2266 7964
3762 8342
4479 6010
1757 3414
758 3688
2118 4279
1307 3735
842 2910
1083 2276
1265 2122
1593 7637
2157 260
2297 5749
3851 8148
2929 986
2952 3199
3966 1101
956 4463
1135 4925
1402 5058
2557 2911
1492 4360
710 2134
372 4614
3810 9387
4276 2939
1029 6001
4043 9320
1596 9648
1042 4937
974 3983
2646 8114
410 1478
3979 7697
891 2112
1261 3233
1831 4500
