52 55
1 3 3
2 7 2
3 4 1
4 5 4
5 6 2
6 7 3
7 8 1
8 9 4
9 10 1
3 10 4
7 19 44
11 13 4
12 13 5
13 14 5
14 15 1
15 16 2
16 17 2
17 18 3
18 19 2
13 19 2
7 24 99
20 22 5
21 22 3
22 23 2
23 24 4
24 25 4
25 26 5
26 27 4
22 27 1
19 36 80
28 29 1
28 30 1
28 31 2
28 32 5
28 33 5
29 34 1
29 35 5
29 36 3
24 37 78
37 39 3
38 39 2
39 40 4
40 41 5
41 42 2
42 43 3
43 44 4
44 45 3
45 46 3
39 46 2
2 52 16
47 48 4
47 49 2
47 50 4
48 51 3
48 52 3
33
29 34
8 40
32 21
31 15
11 23
16 18
26 12
40 20
40 35
19 16
17 39
36 11
40 13
13 12
34 27
51 23
36 18
20 37
5 15
27 25
1 38
17 40
17 21
47 25
42 30
19 37
15 22
5 33
30 10
48 38
10 19
24 28
39 15
