42 45
1 3 5
2 7 3
3 4 2
4 5 5
5 6 4
6 7 1
3 7 3
6 11 96
8 10 1
9 13 1
10 11 3
11 12 3
12 13 2
10 13 3
3 16 1
14 15 1
14 16 5
14 17 4
15 18 1
9 20 59
19 21 5
20 24 4
21 22 2
22 23 3
23 24 5
24 25 2
21 25 3
17 29 22
26 28 5
27 28 2
28 29 3
29 30 4
30 31 5
31 32 4
32 33 3
28 33 1
8 37 32
34 35 3
34 36 3
34 37 5
34 38 5
35 39 1
35 40 3
35 41 4
35 42 2
30
32 19
27 10
28 13
17 13
29 24
21 37
28 14
1 40
9 33
7 38
17 35
2 33
23 26
16 29
14 10
35 13
38 18
29 36
27 23
12 18
40 20
7 29
33 10
16 19
41 32
6 28
29 25
18 38
22 27
5 11
