95 458909303
87 24
55 22 87 58
53 94 79 88
57 23 83 31
52 59 3 8
45 94 79 5
77 15 9 26
16 42 78 6
13 86 80 83
75 4 14 86
19 89 18 72
79 83 65 82
46 15 76 4
68 4 2 63
56 4 85 18
91 81 56 6
53 60 94 55
69 63 16 71
93 74 75 56
37 56 28 40
6 15 2 56
44 43 3 52
12 44 35 16
33 91 77 16
88 58 59 28
91 22 71 15
7 19 21 79
94 39 54 82
20 49 13 87
92 48 52 77
7 67 25 85
10 75 28 32
51 57 32 27
92 19 54 65
3 20 94 73
70 94 2 75
71 51 34 62
49 31 92 24
61 42 17 94
53 54 37 36
18 32 71 44
32 57 67 32
12 28 28 90
9 37 65 3
90 89 85 12
62 26 64 25
67 45 75 73
13 40 36 1
90 9 38 25
60 54 2 58
63 80 83 67
43 52 78 67
22 30 85 4
43 21 60 42
33 56 54 31
18 61 7 62
48 77 84 90
16 89 79 44
5 41 62 49
54 3 81 31
86 88 74 14
46 62 75 81
24 33 39 1
36 72 3 55
57 86 5 79
71 89 49 65
65 32 29 49
26 2 8 56
21 44 23 74
52 34 18 84
66 35 39 1
46 43 47 53
85 7 77 47
81 12 87 39
57 7 15 90
95 71 24 28
91 25 11 9
53 5 54 37
59 53 30 73
4 95 68 9
28 34 69 77
42 72 24 93
81 33 58 1
60 69 59 7
27 62 7 34
66 54 81 50
16 24 40 58
30 36 8 10
34 51 31 36
19 50 12 10
40 7 32 12
26 71 22 65
73 30 77 47
90 82 71 76
81 48 32 72
3 89 68 55
