100 1048665577
40 95
39 14 15 90
49 88 80 70
37 16 63 57
71 82 63 30
54 9 78 58
42 18 29 33
12 13 6 65
20 73 68 64
66 5 54 20
58 39 28 64
13 42 44 39
27 54 18 72
54 50 94 45
37 71 24 69
30 15 60 52
43 85 67 1
39 63 30 14
5 16 8 66
41 44 34 26
81 15 32 74
92 99 20 32
43 36 90 61
42 60 16 14
97 50 82 12
33 11 4 69
63 49 49 34
46 75 4 64
78 43 35 87
6 92 8 31
89 78 54 78
14 5 9 94
82 29 45 92
37 21 59 74
89 45 67 21
100 39 43 65
94 41 68 84
36 17 89 66
21 32 55 100
87 28 30 96
100 9 30 24
4 19 75 66
13 15 68 49
6 6 26 82
79 97 72 72
7 58 42 4
89 67 26 83
7 83 3 65
40 44 28 92
86 92 12 14
75 65 100 90
70 79 88 90
72 99 25 7
21 25 10 39
68 40 75 90
13 55 2 40
9 85 68 21
18 64 75 86
29 31 38 36
62 13 91 65
84 65 43 74
65 25 22 85
20 28 35 44
33 39 97 53
12 67 8 6
84 49 36 48
68 67 73 41
24 15 30 21
80 92 61 100
22 54 3 52
70 10 44 38
48 46 39 14
30 66 12 78
79 5 60 99
94 6 48 100
33 59 70 69
39 98 87 21
92 35 22 46
17 17 79 26
26 8 78 74
13 92 33 6
46 34 89 10
82 2 74 57
1 87 83 55
71 16 45 85
19 32 1 33
39 42 76 52
12 93 87 37
50 82 23 60
10 58 89 80
100 72 61 1
89 48 72 25
13 70 30 65
94 6 21 40
53 76 8 43
65 39 26 51
1 8 68 85
98 89 39 59
74 22 79 57
93 33 19 83
74 88 5 51
