98 781047823
31 70
12 77 56 12
65 2 72 25
3 50 13 80
75 31 29 10
7 42 6 75
8 33 14 75
47 9 20 28
83 57 44 56
25 31 78 70
71 55 63 42
70 72 84 34
62 71 55 43
92 70 12 34
31 78 23 54
23 11 60 32
48 47 76 60
35 24 72 37
17 77 23 64
22 32 68 79
70 44 72 43
53 71 62 80
7 81 80 55
81 75 68 91
29 18 89 64
73 76 62 67
34 33 60 51
86 96 26 41
62 14 86 9
51 71 53 25
22 1 82 31
11 35 71 6
40 89 51 83
89 22 1 19
7 43 45 66
55 95 55 87
29 45 45 38
94 90 60 42
52 23 92 62
32 46 22 76
94 59 48 6
12 27 81 91
97 79 29 66
1 39 26 76
2 67 56 14
80 21 75 91
68 29 63 46
11 23 30 88
32 4 23 75
50 80 44 28
89 94 40 29
20 85 71 91
9 35 3 41
20 11 27 83
23 59 63 85
80 18 44 89
68 60 67 97
3 34 57 89
86 32 68 29
6 26 50 97
43 72 39 2
62 3 68 38
81 51 9 19
17 40 45 4
83 12 88 39
7 34 22 54
42 74 16 16
87 73 54 64
79 31 84 21
44 91 3 55
8 37 33 68
33 54 39 31
45 94 53 75
15 4 46 96
32 80 72 83
7 60 21 63
10 47 18 21
90 63 61 46
31 24 89 55
54 18 17 73
30 40 98 43
36 70 5 74
43 51 47 43
35 37 19 75
15 39 36 61
47 60 33 12
63 52 55 60
97 13 35 22
88 85 82 88
42 5 77 14
42 80 78 86
13 98 63 81
69 71 97 22
86 46 86 23
79 5 24 79
98 32 53 52
46 50 57 71
40 62 5 30
5 91 93 49
