55 637910297
29 50
43 33 13 35
7 19 45 7
9 27 15 19
49 3 30 48
36 51 7 53
47 54 40 52
20 38 22 31
46 7 6 12
55 47 25 29
39 39 1 36
26 6 21 51
24 10 25 26
21 38 14 11
47 16 20 10
19 13 3 26
51 32 6 31
14 17 20 6
21 22 41 8
5 43 18 51
53 51 11 42
41 29 55 23
6 17 19 5
45 41 26 36
18 23 50 38
55 46 1 30
45 25 55 19
36 53 38 25
10 55 35 5
14 31 27 18
46 7 20 13
28 3 21 39
50 23 7 15
23 29 13 1
55 33 28 8
6 21 1 11
38 5 1 14
17 33 24 53
35 23 29 51
24 9 22 9
26 23 49 54
52 17 29 19
21 52 49 27
42 32 9 2
39 31 19 27
50 8 19 42
26 6 26 35
2 52 30 22
45 11 25 22
16 25 5 23
23 44 21 51
10 43 44 27
6 47 10 18
53 29 1 35
51 21 22 24
4 30 42 28
