20
7693.8640 2216.7215
7594.1466 2581.4264
7584.8918 2601.7035
7535.6402 2697.4163
7492.0690 2769.8692
6258.0935 3700.7938
6214.4690 3718.6624
5727.5827 3883.9281
4447.0186 4090.6865
4290.8105 4097.1887
2888.5084 3983.3487
2273.7569 3823.5511
2245.4233 3814.1878
1619.7892 3549.6226
986.9549 3104.4577
848.2078 2958.1216
782.3384 2876.4118
563.5283 2474.0699
558.9580 2460.4786
545.3175 2416.3412
504.1496 2195.9998
572.7435 1699.9763
1158.0078 947.3485
1398.3510 778.1638
1568.0749 678.2384
1915.7590 510.1895
2534.8533 298.9102
2592.2416 283.8631
2660.6121 266.8213
2994.5551 196.6249
3531.0118 125.1385
3656.2195 115.2543
4023.9522 100.4463
4188.1307 100.5994
4261.5667 102.0152
4480.1287 111.1808
5892.8011 365.6463
5953.7909 385.5499
6875.3994 826.1948
6984.3713 903.2448
