50
7098.9550 2152.7851
7084.1363 2305.4054
6807.7951 2960.9674
6585.4926 3219.9855
6515.3068 3286.2720
6380.4001 3399.5342
6326.2826 3440.5912
6294.8205 3463.4536
6209.3990 3522.1167
6068.1210 3609.4517
5967.1720 3665.4135
5943.6057 3677.7787
5842.0779 3728.2457
5623.2167 3823.0220
5591.5312 3835.2982
5189.5555 3963.4340
5173.7557 3967.5056
5037.9225 3999.7428
5002.7119 4007.3089
4954.9154 4017.0718
4551.3665 4077.2336
4430.1866 4087.8494
4351.0813 4092.9830
4218.2636 4098.4454
3911.2099 4096.0359
3632.8817 4075.6069
2730.7449 3879.5306
2718.6392 3875.3676
2566.1171 3818.8114
2507.9991 3795.1608
2337.3010 3718.3520
2288.9180 3694.4323
2145.1015 3617.0691
1802.0191 3385.6963
1672.2177 3274.8992
1496.2401 3093.4082
1481.9875 3076.6179
1433.6205 3016.6170
1418.6525 2997.0014
1293.7910 2807.1669
1230.6448 2683.7811
1203.4501 2620.6826
1101.1390 2044.8929
1126.0369 1837.0735
1133.7785 1800.7196
1180.4146 1640.0381
1190.8889 1611.4317
1206.5334 1571.7531
1232.2035 1512.8248
1344.0268 1309.8913
1350.9730 1299.2085
1480.5788 1125.0624
1551.4853 1044.8385
1649.6679 946.0940
1668.8979 928.1558
1704.8730 895.6806
1932.4134 717.3185
1987.8262 679.7149
2387.9448 457.6620
2457.3238 426.4655
2535.4623 393.5128
2538.8706 392.1261
2838.7052 285.3515
3067.5106 222.1803
3432.8154 150.0866
3460.4305 145.9784
3564.4056 132.1316
3632.6241 124.4202
3732.9498 115.0260
4065.2132 100.1345
4082.2672 100.0349
4223.2997 101.6899
4315.2821 105.1562
4596.5566 127.5868
4833.8409 160.7587
5011.6234 194.5758
5371.5825 288.5453
5432.9550 308.2620
5529.0638 341.4935
5646.2999 386.1406
5661.2198 392.1628
5810.1899 456.7985
6007.9836 556.6129
6114.3270 617.8864
6490.4528 891.5601
6540.5373 936.9049
6624.4974 1019.4831
6673.6778 1072.3420
6724.5152 1131.1702
6734.4311 1143.2060
6786.6691 1210.1039
6943.7604 1462.9838
6947.9965 1471.4511
6950.6925 1476.9066
6964.2507 1505.1824
7002.0998 1593.2381
7019.5457 1639.9261
7031.8723 1676.1945
7046.3965 1723.6152
7049.3497 1734.0393
