50
7891.6953 2232.1532
7867.8927 2359.4395
7856.6617 2401.1945
7845.4960 2437.5239
7776.2759 2606.1931
7488.3742 3005.3427
7480.7920 3013.1610
7370.9381 3117.9774
7367.4034 3121.1171
7241.0900 3225.5720
7187.9409 3265.5989
6980.6524 3404.3547
6812.6974 3500.5611
6790.4021 3512.4237
6743.6995 3536.6448
6631.2056 3591.7128
6612.0256 3600.6672
6429.8065 3679.9998
6313.9229 3725.5019
6166.9518 3778.2551
5967.1386 3841.9219
5954.2634 3845.7274
5841.3051 3877.6589
5820.2328 3883.3330
5528.1667 3953.3745
5336.6960 3991.1210
4516.5611 4087.9468
4426.7453 4092.5928
3595.3349 4082.2839
3207.3974 4044.0413
2954.7950 4007.0147
2783.0255 3976.0466
2505.0899 3915.3136
2460.8005 3904.3519
1931.8163 3742.4915
1839.3670 3707.5944
1608.9981 3610.3438
1505.6641 3561.3603
1148.7434 3359.8734
1083.2017 3316.1116
1038.6331 3284.8574
865.1225 3149.4118
727.4143 3021.5286
553.8380 2818.7121
552.0625 2816.2806
544.6354 2806.0056
541.3934 2801.4664
300.0416 2090.6375
314.6618 1924.4796
326.2611 1865.2757
342.3268 1802.3210
384.7656 1679.9244
493.9377 1469.2297
531.6837 1412.3329
820.5552 1089.6324
1229.8176 789.2673
1394.5983 695.5352
1556.8541 613.9235
1719.1204 541.2331
1891.1625 472.5828
1919.6943 461.9596
2229.1132 359.1925
2408.0211 309.1950
2426.0575 304.5058
2583.4914 266.1688
2718.4672 236.8594
3952.4808 101.5076
4100.4045 100.0000
4862.3074 140.6565
4931.8464 148.5085
5248.4640 193.5283
5252.3054 194.1705
5261.1337 195.6553
5262.2307 195.8407
5313.7936 204.7731
5454.1851 231.3060
5501.1063 240.9128
5675.4348 279.9817
5895.6055 337.3684
6323.6930 478.1966
6347.6616 487.3752
6502.0985 550.2772
6712.0315 647.3978
6922.3689 760.8150
7058.9179 845.1143
7319.9700 1037.9639
7360.8358 1073.0839
7445.2859 1151.3076
7449.1735 1155.1148
7467.0646 1172.8957
7506.0799 1213.2524
7576.8909 1292.9621
7629.6279 1359.0852
7680.9547 1430.7789
7751.0045 1545.4504
7756.0230 1554.6861
7775.3032 1591.8540
7849.7935 1775.9634
7891.2823 1964.6044
7898.4715 2043.2789
