80
8093.5542 2213.4955
8089.0359 2247.9804
8081.2390 2293.4785
8080.3872 2297.8114
8048.4358 2420.0995
8046.2738 2426.6968
8027.0344 2480.2634
8026.5426 2481.5309
8018.4908 2501.6932
7986.9924 2572.0408
7687.9259 2984.1363
7634.5483 3036.3451
7600.4160 3067.8698
7540.2669 3120.3632
7537.2474 3122.9040
7379.2978 3245.2298
7359.4396 3259.3159
7266.5786 3321.9636
7120.8045 3410.9863
6967.1452 3494.5858
6722.8219 3610.0335
6659.6076 3636.9132
6544.4181 3683.0998
6427.9112 3726.4094
6311.7124 3766.4579
6259.0687 3783.6287
5923.2179 3880.1599
5839.2635 3901.0388
5813.8729 3907.1137
5813.7421 3907.1447
5333.5201 4002.5265
5275.8553 4011.6331
5149.5356 4029.9271
5041.2871 4043.8350
4999.6864 4048.7537
4945.4667 4054.8137
4920.9404 4057.4254
4878.0228 4061.8028
4512.7312 4089.3248
4386.8645 4094.8502
4278.2285 4098.0137
4092.5581 4099.9965
4023.7857 4099.6369
3944.0546 4098.4795
3651.1316 4087.3674
3629.3988 4086.1102
3618.2299 4085.4406
3496.3938 4077.0976
3378.9906 4067.2408
3308.0167 4060.4057
3100.6135 4036.5709
3035.8330 4027.9230
2931.3175 4012.7324
2916.9040 4010.5159
2668.0538 3967.4535
2298.8439 3885.7657
2241.4974 3871.0144
2149.2059 3846.0242
2054.0804 3818.5905
1784.0312 3730.6662
1569.3944 3648.8734
1287.6502 3522.2068
1243.6300 3500.1027
1162.6385 3457.5629
1097.5558 3421.4886
550.3840 3021.9851
522.1122 2994.2481
458.8485 2927.9517
458.6185 2927.6987
441.7560 2908.8960
438.8716 2905.6269
348.0359 2793.3191
323.6074 2759.3290
251.9158 2645.9506
249.0799 2640.9285
233.8931 2613.1318
216.1791 2578.5226
197.7831 2539.5178
161.1597 2448.4026
128.4583 2338.1474
116.9661 2284.0113
100.0186 2106.0933
100.2020 2079.8988
100.3681 2072.8664
100.9488 2056.4402
101.1321 2052.4203
102.7014 2026.5088
104.9223 2000.8106
214.7388 1624.4094
269.4264 1524.0863
298.1188 1478.3692
308.3536 1462.9330
338.1378 1420.2219
344.6736 1411.2469
349.9227 1404.1336
392.6238 1349.1069
406.1668 1332.6024
467.7349 1262.3470
500.8466 1227.3468
539.1705 1188.8890
622.4428 1111.7445
644.4391 1092.6397
646.6368 1090.7574
648.1898 1089.4301
738.0744 1016.3192
866.8090 922.4521
998.5044 836.9952
1309.5377 667.0555
1472.8853 591.8332
1547.4001 560.1758
1659.0036 515.5808
1707.0739 497.3534
1829.0519 453.5800
2103.8382 366.8426
2106.2784 366.1406
2198.6108 340.4035
2284.9268 317.7606
2991.0015 178.4042
3000.5530 177.0325
3264.1334 144.1545
3300.7346 140.3333
3328.0523 137.5973
3474.7051 124.5883
3617.1342 114.6259
3691.3248 110.4658
3821.5153 104.8530
3846.4514 104.0220
4129.0938 100.0529
4336.3925 103.4956
4868.0377 137.2138
4991.9060 150.3524
5061.9324 158.6933
5690.4793 264.8995
5742.1377 276.3098
5756.5334 279.5676
5797.1136 288.9364
5804.6687 290.7112
5905.0508 315.2177
6031.4852 348.6173
6383.9421 458.0798
6471.4882 489.4067
6550.0816 519.0904
6659.3575 562.9827
7005.2625 725.2773
7061.7084 755.7267
7207.6169 840.7624
7214.6315 845.1026
7282.3881 888.3476
7360.2603 941.2611
7428.6897 990.9661
7442.2094 1001.1783
7539.6644 1079.1292
7812.3636 1355.2926
7828.4715 1375.6899
7854.9822 1410.7779
7923.4451 1512.3634
8018.7232 1698.8739
8068.6492 1850.0883
8070.6010 1857.9628
8095.7799 2008.1532
