80
8099.8054 2119.7301
8097.2561 2174.0664
8089.5877 2244.2135
8070.3995 2342.8619
8052.4739 2407.3882
8048.6519 2419.4324
8033.7024 2462.6244
7926.4374 2682.7472
7825.4348 2828.2059
7724.1364 2946.4093
7714.1443 2957.0241
7650.3878 3021.2419
7519.9823 3137.2706
7418.8099 3216.4118
7231.3158 3344.4739
7229.0514 3345.8970
7202.3829 3362.4600
7059.0223 3445.7514
7055.8008 3447.5201
6889.6190 3533.3550
6575.5318 3670.9664
6536.9824 3685.9632
6197.8102 3802.8794
6179.0300 3808.6277
6116.8094 3827.1711
6009.7464 3857.3324
5925.8399 3879.4879
5754.2857 3920.9433
5621.7160 3949.6203
5390.7060 3993.0186
5275.2029 4011.7334
5274.9835 4011.7671
4932.4938 4056.2051
4869.2246 4062.6700
4791.0172 4069.9299
4718.6181 4075.9372
4595.2980 4084.6083
4535.1749 4088.1287
4450.2549 4092.3178
4434.8559 4092.9796
4170.4145 4099.6901
4127.5013 4099.9527
4003.7749 4099.4212
3943.2532 4098.4638
3550.6057 4081.0455
3434.1259 4072.0935
3029.4123 4027.0341
2823.2068 3995.3759
2671.4086 3968.0957
2602.5909 3954.5731
2373.2691 3904.0510
2125.2843 3839.2885
2110.6468 3835.1134
1994.2267 3800.4204
1873.9890 3761.6915
1844.0184 3751.5559
1793.5705 3734.0428
1655.0061 3682.8775
1599.8319 3661.1822
1237.6066 3497.0240
1187.6655 3470.9766
1166.4552 3459.6245
1144.6596 3447.7725
952.4852 3334.2154
638.3372 3102.1091
431.8550 2897.6077
420.0247 2883.8657
326.2386 2763.0846
324.6435 2760.8107
277.5602 2689.2694
271.6184 2679.5460
270.9342 2678.4149
199.9127 2544.2182
152.9055 2424.2087
144.7585 2398.3557
107.7124 2224.1370
100.1710 2081.5079
100.7552 2061.1374
102.0927 2035.3138
104.0859 2009.6246
107.0250 1981.5190
109.8026 1960.0674
136.1257 1831.8113
143.8720 1804.5972
217.2014 1619.4080
346.5482 1408.6969
390.6786 1351.5124
527.2239 1200.6571
533.7741 1194.1809
565.4812 1163.6271
652.3714 1085.8677
820.3526 955.0204
1055.1726 802.9817
1076.8178 790.3847
1283.4221 679.8866
1329.0124 657.6384
1385.9436 630.8253
1443.4255 604.7900
1455.2653 599.5519
1507.0818 577.1101
1837.5729 450.6498
1847.5529 447.2385
1905.1459 427.9791
1937.3683 417.5149
2036.6037 386.6410
2117.9018 362.8121
2561.3056 253.8947
2717.3740 223.2778
2806.1129 207.5244
3208.1822 150.3423
3733.1448 108.4292
4049.5377 100.1592
4060.7483 100.0963
4239.8936 101.2235
4262.1777 101.6445
4270.5358 101.8185
4290.4183 102.2675
4304.8726 102.6250
4328.6466 103.2701
4337.6117 103.5318
4475.4945 108.8318
4483.0963 109.1938
4649.1332 118.9364
5099.5575 163.4512
5270.8653 187.6013
5571.4972 240.2490
5585.5279 243.0397
5686.8854 264.1218
6178.7558 391.2889
6301.3188 430.1051
6328.3530 439.0934
6332.8267 440.5961
6578.8651 530.3481
6671.4058 568.0182
6674.5613 569.3438
6778.3547 614.5357
6949.9290 696.6197
6959.3680 701.4280
7084.9659 768.6493
7187.1164 828.2185
7359.5431 940.7568
7388.8504 961.6390
7425.6767 988.7086
7535.9163 1075.9786
7670.5370 1198.4367
7743.8272 1274.9965
7846.8901 1399.8545
7879.0805 1444.5324
7898.0490 1472.5402
7929.4800 1522.2710
7931.4840 1525.6024
7950.0972 1557.6092
7964.5558 1583.9552
7970.0509 1594.3553
8001.3600 1658.5847
8029.7385 1726.7857
8046.7861 1774.8541
8059.0064 1814.4004
8081.1345 1905.9846
8099.8926 2085.3464
