100
6100.0000 2100.1330
6099.9788 2109.2187
6090.9004 2290.5664
6089.0895 2308.6218
6088.5602 2313.6081
6086.7384 2329.9359
6086.2862 2333.8101
6035.5318 2603.7028
6028.1868 2631.1269
5981.5257 2778.1306
5976.8807 2790.8827
5945.9615 2869.6922
5933.4821 2898.9639
5901.4211 2968.8395
5846.1304 3075.2069
5831.0628 3101.7094
5593.6793 3430.0083
5476.2581 3551.1766
5475.0632 3552.3089
5424.1856 3598.8437
5278.9373 3715.5825
5256.0566 3732.0335
5251.5722 3735.2007
5103.5992 3829.9678
4961.3128 3905.0319
4934.5554 3917.5580
4920.6241 3923.8904
4851.5293 3953.4302
4778.0531 3981.5536
4747.6161 3992.2456
4739.5299 3994.9938
4714.5327 4003.2471
4681.8999 4013.4766
4604.5865 4035.3016
4582.9583 4040.8120
4436.7433 4071.4472
4414.0438 4075.1902
4360.1830 4083.0040
4358.7265 4083.1945
4235.9911 4095.3712
4212.7204 4096.8210
4202.4598 4097.3738
3904.8717 4090.4585
3861.4942 4085.7278
3807.4910 4078.4940
3751.1742 4069.3452
3748.7054 4068.9063
3550.2073 4022.9477
3545.7083 4021.6557
3507.2365 4010.1391
3332.8717 3947.0285
3323.8765 3943.2667
3248.9313 3909.8845
3216.6910 3894.3704
3188.2141 3880.0692
3169.6316 3870.4278
3124.7923 3846.1300
3083.9602 3822.6907
3046.9761 3800.3355
3017.7290 3781.8708
2957.5801 3741.6080
2953.7996 3738.9706
2848.0825 3659.7123
2814.5865 3632.2245
2613.5586 3438.0927
2610.6925 3434.9019
2567.2195 3384.7506
2556.4255 3371.7617
2549.6395 3363.4802
2506.8118 3309.0291
2499.3322 3299.1091
2468.8309 3257.2759
2421.0724 3186.8312
2405.0493 3161.6694
2402.8896 3158.2138
2381.3986 3122.9415
2337.3800 3045.0771
2337.0814 3044.5199
2320.0613 3012.0407
2315.2577 3002.6045
2297.8571 2967.3414
2264.4234 2894.1401
2258.2382 2879.6880
2252.1743 2865.2059
2247.5855 2854.0296
2213.6098 2764.4788
2150.0118 2544.4613
2141.9301 2507.3848
2138.6220 2491.1473
2125.3985 2417.7244
2108.7900 2287.3035
2101.8624 2186.2915
2100.3917 2139.5801
2100.3311 2136.3884
2101.5280 2021.8350
2103.3517 1984.2616
2104.2603 1969.5275
2107.2965 1929.3167
2114.8028 1857.1169
2117.2366 1837.9896
2118.1278 1831.3320
2120.9076 1811.5673
2128.8267 1761.6574
2136.3511 1720.4173
2136.7456 1718.3823
2162.5098 1603.8835
2170.1529 1574.9381
2185.2722 1522.2305
2189.9043 1507.0965
2190.6873 1504.5798
2228.0969 1395.7425
2230.5620 1389.2247
2292.0421 1244.8461
2315.6186 1196.6823
2336.9015 1155.8158
2387.5200 1066.8436
2520.1979 873.5314
2543.4048 844.2088
2592.0506 786.1931
2600.1615 776.9413
2685.2721 686.3009
2860.8231 530.1463
2911.6758 491.3094
2914.6812 489.0936
2924.1005 482.2051
2927.6025 479.6655
2975.5242 446.0489
3018.6018 417.5678
3086.7254 375.6814
3108.4113 363.1201
3139.7009 345.6267
3217.9624 305.0043
3232.4867 297.9399
3243.4703 292.6935
3323.2979 256.9770
3350.9122 245.5817
3473.6910 200.5956
3553.8635 176.0107
3561.6123 173.8280
3563.4071 173.3272
3566.5405 172.4573
3599.7371 163.5762
3630.1404 155.9753
3651.7589 150.8772
3736.8537 133.2451
3751.0136 130.6832
3818.6605 119.8868
3832.9491 117.9092
3965.9838 104.4951
3972.5236 104.0667
4174.3857 101.3838
4185.2074 101.8159
4225.5442 103.9442
4378.6484 119.5064
4416.9934 125.2810
4463.9674 133.3969
4627.6527 170.8596
4723.6175 199.7102
4804.9829 228.3699
4810.4127 230.4242
4881.0910 258.8327
5014.0608 321.0979
5062.8350 347.0172
5104.8715 370.7709
5134.4041 388.2734
5353.6929 541.7143
5408.9797 587.8584
5412.6575 591.0500
5521.4843 693.0948
5534.6766 706.5500
5557.4572 730.3947
5601.4807 778.8052
5618.8070 798.7601
5640.4925 824.5068
5714.4144 919.4636
5748.1051 966.9733
5771.2248 1001.3609
5830.2800 1096.9390
5844.3951 1121.6925
5855.0832 1140.9990
5856.0829 1142.8308
5869.4852 1167.8400
5876.2495 1180.7950
5905.2251 1239.0921
5928.4451 1289.5751
5960.3870 1365.8608
5982.0153 1423.2294
6011.3029 1510.9998
6026.6117 1563.1878
6053.1533 1669.6605
6055.8205 1681.9497
6068.9208 1748.7867
6071.6409 1764.3927
6076.3805 1793.5364
6080.3046 1820.0114
6083.6883 1845.0865
6088.9568 1890.1169
6097.1313 1992.9170
6098.6162 2025.6150
6098.9630 2035.6023
