100
8099.9882 2104.8642
8099.8285 2118.5200
8097.6168 2169.0290
8091.5283 2230.0980
8089.8944 2242.0764
8088.8989 2248.9004
8087.9705 2254.9928
8086.3178 2265.2802
8040.9416 2442.4103
8024.8243 2485.9256
8009.1594 2523.8139
7985.7971 2574.4947
7979.9033 2586.4027
7972.4866 2600.9610
7949.8893 2642.7596
7881.0347 2752.6439
7798.8688 2861.3097
7714.7280 2956.4084
7714.0394 2957.1346
7630.7979 3039.8759
7615.6740 3053.9440
7601.3888 3066.9897
7550.7080 3111.5106
7539.0845 3121.3591
7520.8166 3136.5826
7363.2639 3256.6232
7329.8937 3279.8079
7316.6417 3288.8247
7237.1169 3340.8160
7203.1327 3361.9992
7165.6286 3384.7102
7063.4258 3443.3268
7033.6381 3459.5742
7013.8241 3470.1851
6947.5925 3504.5655
6902.7825 3526.9207
6861.4927 3546.9069
6854.3455 3550.3086
6799.5443 3575.8439
6745.3904 3600.1591
6557.1320 3678.1716
6555.4245 3678.8358
6361.6259 3749.6248
6173.1677 3810.4075
6058.8704 3843.7622
5863.0590 3895.2453
5809.6604 3908.1110
5804.8328 3909.2502
5698.9830 3933.2521
5674.4920 3938.5439
5642.6245 3945.2852
5538.0679 3966.2771
5429.2567 3986.3375
5426.5383 3986.8158
5313.8960 4005.6794
5296.0437 4008.4994
5243.4743 4016.5377
4929.3352 4056.5405
4848.9732 4064.6271
4785.2335 4070.4349
4753.4319 4073.1337
4675.1251 4079.2190
4575.9695 4085.7903
4531.2218 4088.3440
4473.7388 4091.2508
4197.0936 4099.4107
4128.1859 4099.9503
4097.8185 4099.9997
4059.1637 4099.8958
3834.2994 4095.5828
3816.1726 4094.9588
3714.0231 4090.6671
3694.0855 4089.6754
3603.0176 4084.5030
3491.9249 4076.7552
3375.3223 4066.9038
3240.9115 4053.3284
3133.8510 4040.7831
3106.1720 4037.2858
3006.5254 4023.8187
2596.9411 3953.4302
2498.1615 3932.6288
2276.9055 3880.1914
1975.4159 3794.5606
1928.2863 3779.5580
1858.2766 3756.4024
1718.0275 3706.7208
1561.6052 3645.6836
1544.1508 3638.4761
1542.9658 3637.9838
1505.7872 3622.3386
1484.6753 3613.2809
1472.7700 3608.1166
1166.0051 3459.3817
1130.8278 3440.1508
1120.3330 3434.3148
988.5847 3356.8905
977.4819 3349.9880
974.0740 3347.8568
971.8354 3346.4536
953.7475 3335.0198
449.4991 2917.5945
323.0344 2758.5079
300.5034 2725.2650
235.9909 2617.0671
205.5705 2556.4589
152.8284 2423.9740
136.1744 2368.3686
118.4906 2292.0827
105.7051 2206.7800
102.4253 2169.6360
100.0952 2113.8004
113.3522 1936.7214
119.1755 1904.4007
139.6146 1819.2208
160.1366 1754.5018
216.3705 1621.0893
369.3825 1378.4577
428.5502 1306.2027
502.7641 1225.3723
509.4091 1218.5726
593.5691 1137.5886
645.0862 1092.0850
690.3631 1054.2495
810.2835 962.2648
857.6422 928.7703
1089.5091 783.0960
1109.0713 771.9991
1212.2141 716.1022
1227.4421 708.2016
1268.3282 687.4107
2067.6658 377.3844
2103.1849 367.0308
2116.4796 363.2180
2134.8956 357.9922
2343.3345 303.1885
2545.8198 257.1406
2604.0033 245.1419
2627.0815 240.5302
2649.6760 236.0955
2691.3945 228.1139
3123.2833 160.5397
3124.5666 160.3783
3131.4493 159.5162
3419.6278 129.1440
3549.9237 119.0018
3888.1557 102.8068
4098.2830 100.0002
4162.0244 100.2405
4183.7817 100.4388
4200.9122 100.6366
4222.9047 100.9443
4302.8312 102.5729
4354.0760 104.0387
4422.3159 106.5035
4729.4957 124.9218
4788.8288 129.8785
4881.2692 138.5198
5018.2872 153.4165
5325.6189 196.1973
5328.7959 196.7094
5332.8087 197.3582
5391.8226 207.1718
5398.5471 208.3225
5410.6745 210.4146
5466.4507 220.3183
5962.0037 329.9052
6042.5167 351.6702
6052.2255 354.3758
6173.3577 389.6501
6566.7649 525.5897
6608.9488 542.3434
6609.8439 542.7040
6725.0391 590.9299
6772.9170 612.0891
6991.0934 717.8297
7033.3604 740.2760
7063.0754 756.4800
7089.9766 771.4632
7165.3767 815.1395
7207.2280 840.5225
7301.5196 901.0137
7354.8509 937.4655
7459.3084 1014.2920
7501.8586 1047.9356
7529.5050 1070.6197
7582.7937 1116.3654
7705.8437 1234.2790
7713.1705 1241.9501
7840.2054 1390.9755
7849.0211 1402.7123
7905.2824 1483.5938
7914.1295 1497.4189
7951.6587 1560.3878
7987.7912 1629.6066
7997.6733 1650.5162
8031.2317 1730.7381
8038.7832 1751.4362
8053.4997 1795.9275
8095.9631 2010.1682
