200 388 250
83 24 91 59 68 71 25 24 66 16 5 63 73 6 21 97 41 65 97 93 96 55 17 57 67 2 33 96 5 30 40 32 14 87 96 93 20 33 88 62 17 87 57 89 40 98 49 64 26 45 80 46 38 63 82 54 36 54 59 27 59 79 33 66 12 74 62 81 94 61 42 60 33 26 6 60 15 45 24 67 97 93 29 75 92 60 53 30 62 21 100 9 33 51 81 13 24 73 29 61 39 46 6 82 23 19 10 91 55 31 14 3 99 95 69 31 75 31 92 5 96 74 56 27 21 52 58 70 82 18 26 53 86 48 36 19 87 21 35 59 91 93 1 10 51 65 52 99 44 8 22 78 19 17 11 32 6 39 7 11 26 55 63 14 64 35 2 86 35 63 50 14 12 4 58 18 45 70 54 21 65 7 60 57 41 87 15 98 53 28 41 33 43 23 60 75 44 1 28 71
172 184
59 197
81 161
169 195
179 198
137 163
156 160
113 155
3 10
42 149
116 182
99 107
1 13
123 142
11 14
68 159
177 199
123 128
20 25
194 197
196 199
155 200
141 178
108 174
126 156
88 194
75 168
55 89
128 171
60 118
188 195
161 197
77 152
63 161
160 177
113 119
151 172
38 105
84 153
71 171
122 155
133 195
89 92
151 183
2 17
192 199
196 200
16 24
159 171
56 118
54 127
29 67
91 195
71 108
105 138
168 179
161 167
178 184
119 175
105 139
62 180
173 181
177 183
152 164
21 22
150 187
152 174
171 188
175 179
133 154
54 190
158 171
49 136
96 152
75 92
100 120
43 75
191 197
118 154
93 200
117 130
87 159
18 22
163 182
153 174
25 27
182 193
21 23
181 192
197 200
136 198
12 14
183 187
51 127
78 85
58 190
67 101
46 102
77 98
45 169
114 170
100 109
42 52
185 200
190 196
3 26
51 125
181 196
97 182
186 195
68 82
21 27
95 164
27 86
13 26
135 140
124 136
46 172
1 21
16 21
111 164
36 200
53 167
19 24
83 126
10 27
24 26
178 199
170 181
158 169
5 19
98 144
26 139
58 85
167 191
187 199
156 180
160 173
13 20
175 193
139 180
101 185
165 195
48 119
140 145
63 106
112 144
130 198
48 140
128 156
73 142
136 196
146 182
32 152
138 146
17 19
41 56
3 7
80 182
91 141
79 182
168 185
189 194
102 119
65 121
30 186
161 200
44 113
107 190
38 112
22 26
37 51
7 18
125 164
165 189
111 157
129 196
118 183
74 189
179 189
132 175
172 179
127 198
62 187
34 161
119 162
117 162
155 186
68 86
81 167
156 178
65 106
67 85
162 187
58 185
17 27
13 17
4 21
47 178
183 198
164 177
125 159
6 8
120 168
64 178
94 127
115 189
12 24
166 198
67 183
66 107
9 16
46 150
70 122
143 197
107 135
53 188
175 185
80 102
159 170
112 166
136 169
5 9
106 179
103 118
177 181
85 150
92 100
176 193
168 197
109 148
14 25
34 119
2 9
121 142
8 17
42 157
144 154
61 179
157 162
28 140
195 200
40 181
104 186
184 192
45 85
7 20
146 195
64 196
145 192
35 50
84 110
69 194
86 176
174 190
149 155
22 24
131 137
147 177
166 175
101 108
17 22
8 11
134 172
96 161
186 189
93 100
60 92
134 165
146 164
102 122
11 21
119 190
110 194
173 188
104 199
137 164
15 23
88 198
77 123
28 106
158 173
79 105
142 168
61 170
53 130
83 106
138 165
2 10
72 142
94 132
141 186
88 140
188 197
50 123
195 199
169 186
47 169
47 98
27 95
71 106
193 199
61 153
185 190
178 189
195 198
131 141
117 189
78 104
51 132
131 192
37 76
33 183
31 193
44 95
186 191
48 184
63 85
54 80
98 151
154 194
79 101
6 27
11 23
180 199
102 162
149 174
118 138
162 177
76 195
191 199
104 157
110 117
82 103
181 193
135 171
5 26
163 175
14 19
148 171
152 199
154 177
62 153
39 194
7 22
148 167
43 100
105 118
28 175
138 198
45 187
137 190
151 177
108 193
60 137
107 199
185 193
112 182
157 189
69 131
157 176
92 164
44 121
183 191
106 152
130 176
130 179
169 197
69 109
52 131
133 180
75 198
25 26
57 180
100 106
106 171
179 191
154 169
191 194
23 25
172 187
134 200
8 12
56 112
90 154
85 89
22 25
29 196
P 72
P 37
T 136 184
P 153
P 137
T 114 199
P 60
T 126 177
T 47 51
T 58 135
T 195 135
P 177
T 55 34
T 81 190
P 13
P 97
T 57 117
T 126 164
T 7 73
P 158
P 71
T 172 99
P 141
T 90 162
P 9
T 164 46
T 139 81
P 96
P 144
P 105
P 53
T 145 125
P 78
T 17 38
P 197
T 20 73
P 194
P 67
P 14
T 35 153
P 103
T 42 25
P 22
P 146
T 92 138
T 177 180
T 121 51
T 7 65
T 105 15
T 71 174
P 143
P 77
P 40
T 12 129
T 2 111
P 152
T 199 79
T 13 78
P 62
T 20 129
P 11
T 50 126
P 32
T 77 167
P 178
T 110 171
T 154 172
T 199 19
P 66
T 178 123
P 131
P 159
T 172 8
P 23
P 166
P 157
T 115 131
P 20
T 188 199
P 8
T 165 103
P 163
P 67
P 79
P 146
P 68
P 78
T 138 28
P 138
T 155 145
P 185
P 100
P 71
P 8
T 193 52
T 136 184
P 190
T 138 72
T 47 10
T 193 34
T 63 169
T 96 98
P 171
P 155
T 135 108
T 84 6
P 64
P 182
P 41
P 80
T 138 79
T 60 140
P 194
T 51 73
P 117
P 53
P 155
P 94
T 54 7
T 112 145
P 131
T 156 199
T 83 151
P 155
T 154 66
T 36 199
T 105 8
T 20 132
T 99 73
P 77
P 136
P 122
P 178
P 50
P 194
P 12
P 171
T 130 48
P 157
P 168
P 200
P 123
P 117
P 66
P 151
T 144 157
P 117
P 68
T 93 199
T 143 108
T 77 115
P 182
P 36
T 198 104
P 58
T 190 174
P 95
T 53 38
P 23
P 128
T 89 129
P 179
T 172 51
T 139 179
T 145 1
P 90
P 84
P 31
T 134 104
T 106 173
T 148 109
P 110
P 117
P 25
T 172 106
T 29 157
P 184
P 65
T 175 42
T 96 111
P 98
P 55
P 134
P 81
T 154 33
P 172
P 98
P 107
P 123
T 118 28
P 79
P 100
T 120 185
P 79
P 177
T 54 189
P 177
P 165
T 71 39
T 128 30
T 196 23
P 93
P 130
T 39 103
P 183
P 149
P 187
T 104 48
P 19
T 102 104
T 147 72
T 169 78
P 85
T 105 85
T 36 49
T 167 185
T 47 160
P 117
P 121
P 67
P 167
P 15
T 27 66
P 145
T 22 46
T 111 52
T 47 186
P 117
T 178 198
T 147 129
T 8 183
P 95
P 21
T 76 13
P 159
T 77 29
P 99
T 60 180
T 78 150
T 45 32
T 161 72
T 31 178
P 12
P 104
P 179
T 80 194
P 164
P 45
P 156
P 16
