200 199 250
30 34 39 29 39 37 96 96 40 70 57 40 38 84 28 84 81 45 15 58 62 41 6 91 19 74 100 3 16 37 2 64 40 2 40 10 52 55 71 8 24 53 6 50 57 13 63 63 9 73 83 21 60 53 13 33 99 20 10 90 97 78 23 15 17 45 5 22 52 28 22 20 30 48 88 71 19 95 43 17 5 38 41 52 18 29 81 18 92 69 42 99 99 30 24 36 76 5 100 37 69 98 65 90 29 67 19 94 57 68 8 14 75 72 66 66 50 89 95 78 2 66 45 42 44 27 91 26 86 91 45 79 83 83 99 49 87 13 97 79 48 24 34 67 30 94 78 3 10 8 16 48 59 46 1 71 9 32 18 66 88 52 96 48 70 78 97 72 39 74 41 13 45 3 68 38 29 89 51 41 77 84 1 59 25 99 6 19 55 58 53 13 61 99 26 25 3 8 5 98
100 101
85 86
76 77
9 10
20 21
73 74
43 44
143 144
117 118
174 175
180 181
14 15
30 31
110 111
147 148
101 102
59 60
167 168
96 97
70 71
69 70
66 67
19 20
172 173
109 110
89 90
182 183
62 63
187 188
38 39
134 135
17 18
164 165
61 62
136 137
124 125
102 103
25 26
48 49
35 36
34 35
55 56
161 162
84 85
15 16
186 187
193 194
120 121
31 32
163 164
154 155
192 193
126 127
103 104
195 196
150 151
160 161
58 59
32 33
79 80
22 23
53 54
13 14
52 53
36 37
105 106
91 92
165 166
54 55
112 113
173 174
18 19
116 117
115 116
60 61
98 99
148 149
152 153
29 30
196 197
179 180
8 9
107 108
23 24
183 184
24 25
144 145
93 94
40 41
108 109
33 34
80 81
171 172
168 169
177 178
16 17
27 28
113 114
121 122
111 112
44 45
92 93
87 88
118 119
184 185
63 64
138 139
42 43
90 91
83 84
12 13
191 192
194 195
106 107
135 136
129 130
188 189
197 198
157 158
190 191
114 115
175 176
97 98
56 57
82 83
4 5
78 79
6 7
10 11
137 138
159 160
189 190
51 52
104 105
170 171
21 22
122 123
75 76
1 2
131 132
99 100
155 156
74 75
158 159
39 40
11 12
7 8
57 58
140 141
127 128
166 167
49 50
181 182
149 150
162 163
198 199
156 157
178 179
141 142
47 48
50 51
142 143
46 47
72 73
95 96
94 95
169 170
88 89
3 4
139 140
41 42
151 152
153 154
119 120
86 87
77 78
125 126
123 124
2 3
65 66
67 68
68 69
133 134
45 46
145 146
130 131
146 147
199 200
132 133
81 82
26 27
5 6
28 29
128 129
185 186
71 72
37 38
176 177
64 65
T 99 39
P 83
P 83
T 3 185
T 183 137
T 156 20
P 52
T 124 149
P 126
T 119 171
P 103
P 24
P 162
P 152
T 174 140
P 30
P 54
T 150 148
P 93
T 120 92
T 46 170
P 91
T 119 197
T 164 120
P 7
P 139
P 70
T 76 117
T 150 91
P 187
T 90 85
P 60
P 181
T 27 170
T 15 45
P 118
T 172 169
T 86 10
P 151
P 65
T 62 49
T 119 116
T 176 35
T 155 143
T 11 168
T 110 53
T 23 198
P 33
P 82
T 126 160
P 200
T 101 186
P 135
T 139 27
P 26
T 1 198
P 1
T 196 91
T 2 107
P 150
T 143 101
P 97
T 121 175
T 25 53
P 127
P 43
T 24 153
T 170 145
P 117
T 123 44
T 102 181
P 89
P 174
P 76
P 50
T 85 19
T 173 39
T 173 187
T 183 36
T 182 103
T 17 182
T 125 194
T 170 73
T 165 190
T 69 151
T 152 102
T 115 77
T 19 122
T 10 188
P 199
P 182
P 192
P 31
T 117 56
T 15 38
T 166 155
T 200 102
P 74
P 56
T 103 149
P 78
P 14
T 6 89
T 174 45
P 95
P 187
T 141 88
P 190
T 193 60
T 183 157
T 71 66
P 115
T 199 105
T 34 135
P 165
P 152
P 153
P 139
P 144
T 192 54
T 126 36
T 14 197
P 194
T 125 151
P 119
T 72 106
T 164 186
T 20 10
P 190
P 136
T 153 15
T 99 21
T 119 11
T 119 22
T 20 198
P 56
P 138
T 159 72
P 30
P 40
P 139
T 197 85
T 83 16
T 175 31
T 100 39
T 74 73
P 57
P 105
P 165
T 125 196
T 68 167
T 110 178
P 170
T 10 46
T 194 81
P 137
P 159
T 127 157
P 19
P 158
T 38 109
P 133
P 63
P 165
T 3 195
T 171 164
T 184 144
T 48 105
T 134 7
T 49 56
P 39
T 83 33
T 154 166
T 95 139
P 141
P 65
T 191 176
T 160 24
P 180
T 157 35
T 104 89
P 4
T 20 123
P 64
T 124 193
T 193 165
T 12 161
P 164
P 77
P 16
P 173
P 189
P 43
P 110
P 49
T 186 25
T 151 188
T 86 94
T 62 73
T 14 167
P 40
T 86 48
T 32 47
T 128 192
T 54 126
T 13 192
T 48 52
P 191
P 33
T 113 14
T 4 81
P 85
P 176
P 26
T 82 5
T 190 64
P 166
P 170
P 131
P 108
P 189
T 86 85
T 21 162
T 118 179
P 145
P 106
P 49
P 63
P 178
P 108
P 108
T 90 175
T 18 67
T 99 130
P 23
T 6 112
P 124
T 73 154
T 200 49
P 169
P 98
T 199 116
P 79
P 154
T 172 69
T 177 191
P 36
P 97
T 164 55
P 129
