300 1602 300
24 1 32 26 5 82 1 56 29 47 81 89 54 40 44 87 52 22 48 11 32 54 62 91 42 83 86 49 95 56 63 61 49 2 82 2 81 2 48 86 25 95 54 66 8 10 10 78 63 91 72 69 57 52 20 45 28 77 85 12 22 47 34 91 15 78 31 49 45 51 72 33 49 67 79 33 34 65 57 4 51 77 68 92 9 69 89 68 16 76 60 1 91 78 73 18 7 60 82 82 96 71 62 14 100 38 34 18 86 68 34 29 84 58 66 40 27 96 23 2 3 70 81 97 40 65 93 51 66 18 34 78 94 55 11 41 95 28 39 90 44 68 60 4 60 20 18 41 49 71 63 84 10 70 89 62 99 27 72 50 78 64 80 56 7 33 12 90 42 72 70 43 23 51 82 49 16 91 59 51 97 17 10 8 72 19 85 74 51 14 78 51 95 41 9 4 85 43 66 79 87 71 34 100 50 14 10 10 79 15 51 87 59 45 23 30 29 74 60 45 4 61 97 77 93 100 38 70 25 45 64 54 12 16 85 49 64 19 73 24 59 49 19 92 93 79 69 93 90 16 55 99 51 5 55 49 56 55 48 75 17 14 30 89 65 95 5 94 46 13 62 8 7 91 69 63 66 10 89 44 25 85 14 52 80 28 100 68 98 98 72 27 84 18 32 11 45 23 21 97
148 215
17 183
172 234
261 299
163 246
59 77
119 128
163 165
270 287
36 227
73 256
287 288
287 292
280 292
122 233
175 216
135 221
41 255
248 288
36 283
145 166
128 208
87 197
165 238
75 83
265 282
28 196
209 242
23 115
181 225
63 248
74 110
142 149
144 246
63 96
151 229
111 140
40 44
171 243
126 266
191 272
181 285
184 251
246 272
99 237
64 150
97 268
50 90
106 183
65 283
47 67
148 183
74 175
193 223
138 173
179 255
226 298
100 283
184 218
169 209
236 294
244 271
284 292
74 246
119 232
102 290
3 252
153 267
211 283
96 260
169 188
213 277
94 177
132 275
108 132
236 250
177 224
64 191
71 134
107 173
16 216
53 260
61 224
76 117
87 266
3 283
164 235
62 146
244 286
87 233
106 142
64 193
105 156
261 288
104 229
92 275
108 173
289 296
133 292
23 140
62 292
182 274
288 293
108 270
24 130
172 216
97 279
124 212
168 190
247 287
93 173
211 250
35 203
267 278
100 273
49 231
189 239
269 296
171 257
22 51
192 269
181 278
206 277
274 293
228 297
236 264
163 257
190 202
139 143
211 289
244 282
257 266
169 269
12 171
280 297
140 185
173 292
171 238
220 265
277 290
125 261
103 217
199 225
168 255
213 228
16 296
221 227
40 258
125 276
29 214
251 289
121 225
189 287
287 297
166 243
272 277
191 262
18 155
269 275
121 157
81 271
67 261
90 105
16 220
236 241
139 297
159 199
103 224
64 209
184 212
193 253
71 180
195 292
227 292
197 294
38 198
87 257
224 275
183 231
117 180
139 236
279 281
183 217
206 261
204 222
237 298
235 261
76 268
228 276
156 191
271 286
33 158
119 241
259 277
243 258
36 143
224 274
81 265
293 295
195 252
72 204
134 280
44 138
143 147
188 260
171 247
258 278
115 204
28 76
21 100
191 266
64 213
118 273
95 212
94 257
120 172
122 288
43 289
45 186
277 293
55 131
23 230
5 294
197 297
118 197
119 257
3 114
205 273
76 153
169 242
205 268
96 248
284 298
141 248
96 119
122 258
175 194
35 154
124 141
287 300
190 291
100 262
132 248
207 226
119 195
280 291
281 290
101 203
244 290
275 295
102 249
59 238
261 286
60 136
110 260
104 178
131 172
227 279
68 115
207 292
177 265
27 275
256 267
115 298
272 289
235 245
221 263
213 269
246 253
24 120
265 279
207 227
17 74
138 212
195 233
174 214
59 181
186 277
262 271
291 300
165 213
140 299
182 258
259 261
264 293
27 143
236 300
85 208
138 144
208 247
216 219
33 282
293 297
195 228
155 184
7 152
276 288
210 243
11 252
54 191
116 237
97 286
216 250
155 224
189 246
284 286
291 294
121 227
104 221
31 255
99 165
213 241
208 223
278 284
116 218
216 265
88 107
264 281
172 288
169 237
102 138
216 223
151 184
58 231
176 197
6 181
265 280
248 258
70 89
206 256
201 213
46 57
262 293
9 181
40 214
83 114
191 282
41 81
135 261
227 266
76 111
200 266
223 265
181 300
73 154
203 289
28 204
182 265
86 106
6 97
87 169
49 59
106 138
175 232
153 183
39 175
11 179
126 281
150 257
272 276
111 229
12 232
114 269
153 229
269 289
157 282
84 228
80 257
144 253
163 227
204 226
255 267
241 283
58 249
7 17
203 256
80 280
238 248
44 48
55 135
141 210
231 249
83 205
211 240
29 99
110 263
4 290
17 213
111 202
80 259
268 291
41 274
244 251
288 289
82 91
49 79
249 272
128 257
142 300
228 262
68 194
83 255
166 171
100 299
236 239
293 299
100 284
258 272
59 162
146 278
202 204
148 270
143 256
177 293
208 280
8 43
192 221
211 280
268 269
63 262
276 292
90 217
209 215
44 133
174 233
213 296
93 160
276 297
170 269
277 285
80 224
264 268
107 226
13 36
9 286
228 250
172 245
51 83
226 252
85 249
183 295
52 249
194 237
44 263
84 184
79 184
99 199
124 300
244 246
36 244
55 277
182 249
145 250
114 218
184 259
109 243
124 165
253 283
154 237
175 209
245 299
13 232
278 285
235 255
84 114
291 293
215 277
71 221
284 289
95 292
159 195
190 204
191 220
49 67
283 293
216 221
109 204
21 182
33 240
281 296
130 173
206 286
11 260
237 299
202 241
59 218
131 184
194 245
153 208
191 267
146 243
37 53
55 152
130 224
99 181
247 280
264 288
27 171
275 283
259 299
87 146
100 232
72 300
111 177
228 261
120 170
260 300
6 43
57 250
236 282
119 284
50 121
66 67
52 212
78 179
145 153
275 282
261 282
151 186
259 269
146 258
7 187
36 40
74 157
276 290
196 259
124 148
196 211
12 198
169 243
214 276
95 295
193 284
119 152
281 283
230 247
50 128
11 212
214 245
84 248
36 277
283 294
187 295
200 217
109 286
134 287
257 259
195 278
132 293
216 291
100 121
155 257
125 253
66 231
237 277
54 227
148 296
64 119
116 248
231 242
231 283
284 299
28 127
141 293
296 297
81 291
69 71
139 250
101 222
143 261
284 297
75 109
268 283
168 253
69 193
162 174
201 290
210 242
208 261
36 220
187 194
290 299
27 69
130 245
126 192
80 173
255 269
85 283
248 275
83 148
94 191
237 259
191 200
168 186
259 276
265 294
33 60
110 128
90 252
252 258
257 291
84 290
153 299
224 291
165 247
226 279
208 228
149 250
121 144
64 268
6 198
143 176
132 197
151 293
109 250
51 173
13 266
104 124
245 256
41 205
258 283
228 251
253 272
68 195
278 294
135 268
276 284
55 249
250 259
84 137
129 153
184 242
117 263
185 276
178 251
245 295
165 171
259 291
271 293
206 279
68 208
96 215
25 59
107 267
250 291
114 155
177 300
257 267
48 55
257 298
148 288
12 13
128 190
108 274
268 300
99 163
292 293
29 259
84 154
172 228
280 282
222 261
218 229
184 283
88 154
22 143
155 182
283 285
289 292
59 60
108 257
130 200
193 275
104 265
280 281
273 293
141 152
56 235
257 283
268 279
69 275
6 144
139 162
218 237
276 300
145 225
268 289
90 102
74 232
82 100
146 256
168 269
289 299
1 254
157 198
284 287
240 295
213 246
239 253
195 209
50 101
120 174
229 246
11 243
111 244
232 269
284 288
211 262
14 78
260 277
289 293
23 239
5 7
206 292
281 284
256 281
261 279
168 220
179 250
59 121
57 232
85 134
249 290
24 165
247 282
194 275
191 264
118 198
133 136
288 290
250 251
109 226
246 277
126 129
281 294
40 131
151 158
184 205
108 199
62 167
75 225
196 244
116 165
259 284
86 167
271 275
157 240
277 297
228 290
257 264
2 170
5 148
241 284
176 251
264 274
85 244
172 219
115 155
260 273
192 253
151 152
85 143
97 140
167 194
25 146
125 281
91 247
55 68
205 257
112 197
123 142
203 265
29 216
101 162
187 245
246 298
128 300
177 234
240 272
120 147
96 131
258 287
198 271
258 265
154 199
73 286
40 67
172 176
24 72
100 237
176 201
104 256
73 127
225 290
286 292
218 296
208 295
82 277
287 290
137 226
27 276
43 62
117 296
163 249
209 253
206 281
143 262
88 172
95 200
116 245
153 226
183 207
122 198
270 300
106 177
35 102
98 225
233 267
148 151
245 298
38 187
249 293
235 291
157 160
114 171
188 212
252 270
44 231
183 208
156 238
177 244
197 298
206 230
274 289
157 278
7 268
201 204
29 249
233 254
276 283
168 258
236 299
118 258
213 298
55 174
86 225
104 116
119 174
202 277
113 131
134 207
137 147
254 278
29 33
251 265
274 283
166 189
290 300
215 238
143 278
56 133
91 121
130 162
146 178
141 230
51 185
255 284
65 206
288 294
265 296
59 210
17 102
165 262
113 219
22 200
293 300
172 224
245 250
33 73
216 236
112 144
140 272
46 129
28 89
80 165
160 218
163 182
264 286
135 184
267 286
246 281
60 158
271 276
218 275
227 290
58 197
73 192
243 269
68 116
56 194
83 244
268 281
202 283
27 75
119 220
88 189
238 296
126 249
146 271
32 219
136 167
149 283
143 150
181 209
58 176
121 277
127 204
221 229
79 284
135 252
83 194
226 273
266 285
156 190
241 259
78 190
248 259
74 108
71 100
200 283
69 216
144 300
235 269
196 208
58 210
20 247
60 144
25 113
71 269
114 168
237 278
238 274
36 157
287 296
243 254
221 264
58 259
157 174
41 285
195 291
92 126
80 159
217 248
27 121
130 187
79 187
267 281
108 168
221 265
46 69
166 168
148 280
257 287
221 252
68 95
32 147
181 206
41 51
109 158
166 263
130 251
275 293
110 243
165 167
196 242
251 255
71 288
287 294
272 280
216 272
237 245
23 81
107 285
210 220
263 284
196 239
74 268
272 288
44 226
8 279
240 278
196 282
286 299
10 51
189 202
84 91
242 273
14 280
211 278
244 274
272 286
209 227
8 96
125 131
7 128
250 272
50 131
13 52
274 290
83 101
64 68
227 260
249 275
120 300
87 108
253 275
195 207
230 285
122 285
225 244
128 267
87 230
219 249
46 55
166 264
74 215
183 252
269 281
54 252
223 266
287 289
94 259
17 93
12 266
50 114
166 244
4 250
91 133
248 281
168 172
148 210
288 299
217 278
206 270
157 171
12 256
41 123
24 75
95 162
225 282
199 240
248 255
240 268
91 195
85 153
33 42
269 297
92 283
211 260
5 251
54 129
234 244
111 232
218 294
69 280
87 202
16 51
58 126
225 286
181 205
26 52
183 230
3 25
34 184
16 141
209 263
129 238
240 284
278 283
24 39
145 290
177 213
140 142
251 298
281 282
83 123
199 216
16 170
118 269
114 116
144 225
193 232
189 267
156 219
246 258
107 134
114 264
63 294
203 212
203 292
203 241
54 236
246 261
37 205
132 188
106 185
96 159
146 154
17 142
262 280
233 289
267 268
13 99
27 243
204 241
259 297
92 268
183 290
175 257
72 198
218 247
65 204
288 295
197 239
270 298
157 242
213 289
177 267
79 102
58 226
291 298
132 142
62 116
187 198
221 240
64 89
113 282
263 279
45 152
83 195
289 297
266 276
281 288
49 267
122 238
19 200
230 287
203 247
39 217
172 218
46 176
134 297
230 296
151 224
50 88
280 295
261 296
281 291
56 271
66 137
79 200
269 277
183 291
28 188
267 298
269 284
118 187
209 280
84 145
237 239
243 282
23 192
17 107
32 158
88 197
233 278
188 213
89 297
109 246
42 102
227 231
269 287
36 150
215 278
193 246
161 190
92 225
109 241
284 291
227 295
290 294
255 257
278 298
285 296
109 220
84 88
196 298
258 262
200 202
122 152
169 190
107 283
6 276
241 272
85 135
79 170
107 260
146 190
12 124
268 274
19 244
158 161
50 137
165 286
44 170
114 178
139 180
108 261
238 267
270 276
130 281
7 14
184 203
191 256
152 274
199 284
144 148
71 290
255 282
25 246
238 249
192 296
12 78
154 240
216 261
268 276
240 274
165 269
211 215
253 291
217 277
80 160
182 295
166 201
225 298
267 276
39 81
134 159
184 223
116 127
111 172
206 299
197 258
37 189
283 297
60 132
276 299
192 212
156 240
269 298
275 288
15 143
118 265
8 66
165 283
282 293
246 286
23 176
23 283
46 188
188 228
193 205
89 187
93 98
120 247
184 243
264 275
208 218
198 270
27 291
134 176
41 250
52 298
295 298
210 284
144 191
108 250
212 238
134 223
188 208
275 296
260 263
186 213
24 202
193 215
72 266
148 271
17 87
36 171
235 293
111 234
9 109
258 285
13 199
86 241
21 237
72 155
287 299
131 149
33 180
3 178
148 191
132 219
169 230
155 162
39 194
171 213
218 263
215 237
259 293
153 292
144 149
179 287
95 96
101 235
178 203
93 170
27 267
214 231
210 272
79 107
241 265
46 67
209 254
98 107
274 296
69 159
192 238
79 144
114 234
163 176
270 280
172 297
245 251
14 41
42 54
197 198
269 295
261 287
77 179
6 209
143 232
104 262
33 63
255 288
165 257
149 171
153 211
231 255
233 299
280 298
240 245
188 283
270 285
209 290
173 215
180 234
122 242
286 288
40 188
4 295
124 251
54 221
5 268
182 271
96 132
144 199
34 242
258 294
90 103
151 175
213 225
257 296
44 262
149 240
264 273
123 236
272 274
50 259
238 294
146 269
71 243
94 218
21 252
227 277
244 266
147 299
227 249
252 277
44 142
32 101
74 136
24 118
237 300
40 49
117 241
188 251
270 274
287 293
121 284
43 124
188 217
50 67
11 82
259 270
126 141
41 198
71 138
241 266
203 244
139 268
189 214
157 195
289 298
197 231
135 148
145 148
288 292
134 158
142 202
87 218
102 262
246 273
197 247
295 300
213 237
212 236
91 276
208 244
40 116
12 130
294 296
71 199
272 284
209 287
267 290
90 127
231 297
245 275
187 213
144 268
189 197
191 260
195 283
117 184
166 260
238 290
57 161
68 105
133 275
113 270
258 295
3 29
73 292
155 222
83 154
90 191
270 275
64 244
109 190
228 299
196 230
270 290
171 259
39 223
79 266
134 203
193 282
146 287
128 171
233 260
119 190
137 165
45 116
21 69
248 254
24 116
118 155
168 236
35 79
293 294
144 242
236 290
38 195
261 283
3 109
153 273
98 143
62 192
288 298
63 166
135 292
223 229
73 156
156 169
212 244
11 295
14 282
96 235
74 188
292 298
275 285
135 136
289 294
33 89
189 248
3 225
238 289
241 268
12 178
141 295
93 119
8 276
280 290
176 214
267 269
133 220
102 235
103 233
40 170
201 268
290 296
250 292
163 217
264 276
139 217
286 294
177 295
190 243
176 229
102 213
118 177
200 293
60 236
69 111
42 285
6 123
247 263
151 177
187 240
75 143
3 229
68 145
244 297
290 297
30 59
104 230
226 232
100 268
281 297
220 238
247 268
166 167
126 165
276 277
21 208
152 251
33 233
6 47
95 123
1 195
3 223
244 247
199 200
248 274
132 228
67 246
203 260
286 296
145 230
189 243
16 142
44 144
93 163
156 229
39 98
253 264
22 212
177 235
66 259
233 269
76 123
181 263
81 90
80 82
136 298
118 259
187 232
59 100
21 269
24 265
38 234
T 131 240
T 270 146
P 155
P 62
P 272
T 107 80
P 223
P 214
P 290
P 114
P 214
P 112
T 204 253
T 103 294
P 23
P 175
P 100
T 54 280
T 19 175
P 113
T 21 103
P 20
P 231
T 104 120
P 199
P 260
P 287
P 140
T 88 247
T 255 42
P 164
P 222
P 116
P 270
T 297 103
T 175 198
P 101
T 145 84
T 100 223
P 151
T 95 99
P 25
P 82
P 101
T 249 102
P 240
T 281 38
P 205
P 188
T 96 133
P 130
P 3
P 80
T 59 228
T 212 39
T 29 12
P 278
P 23
T 270 243
T 130 16
T 179 14
P 17
T 163 44
P 158
P 10
P 60
P 256
P 51
T 44 282
P 114
P 260
P 119
T 262 207
P 227
T 145 233
T 230 278
P 73
T 115 46
P 231
P 94
T 45 286
T 211 33
T 245 92
P 194
T 233 195
T 36 287
T 146 215
P 56
T 101 244
P 98
T 296 245
P 140
T 186 21
T 90 198
P 8
P 84
T 225 208
T 40 295
T 186 212
T 134 143
P 42
P 56
P 227
P 271
P 30
P 88
T 286 188
T 12 79
P 45
T 159 54
P 241
T 8 237
T 98 120
P 101
P 126
P 242
P 150
T 252 225
P 261
P 192
T 30 280
P 202
P 216
T 24 114
T 118 145
T 36 102
P 44
T 153 267
T 172 265
T 1 188
T 61 70
P 121
P 249
P 178
T 204 283
T 226 17
T 89 71
T 145 240
T 193 221
P 126
T 216 191
T 209 56
T 66 42
P 298
P 64
T 149 43
P 284
T 120 45
P 297
T 131 203
T 6 289
T 21 47
T 32 200
P 280
P 110
T 236 147
P 228
T 184 101
T 222 225
P 198
P 38
T 205 276
T 225 182
T 16 108
P 237
T 50 203
T 192 269
P 256
P 39
T 210 99
T 214 276
P 142
T 278 144
P 219
T 257 204
T 272 7
P 235
T 259 76
P 93
P 281
P 1
P 52
P 2
T 153 94
P 207
P 77
T 70 249
T 253 139
P 143
T 42 220
P 287
T 83 108
P 136
T 229 77
P 72
T 179 147
P 147
T 205 237
P 21
T 197 113
T 247 298
T 242 34
T 64 63
P 98
T 162 211
P 219
P 228
T 120 189
P 54
T 29 117
T 187 239
T 104 291
T 119 12
P 69
P 267
T 82 183
P 158
T 23 109
P 188
P 33
P 198
P 30
T 261 170
P 67
T 65 134
P 282
P 3
P 28
P 8
T 161 270
T 278 124
P 200
P 295
T 112 240
T 171 275
P 85
T 84 150
T 76 81
P 276
T 29 285
T 50 238
T 15 210
P 57
T 215 17
T 225 70
P 98
P 232
P 11
P 108
T 199 258
P 104
P 281
P 260
T 61 3
T 209 21
T 247 260
T 300 149
P 87
P 273
T 40 59
T 191 142
P 127
T 97 239
T 210 12
T 264 188
P 153
T 38 162
T 25 197
T 29 155
P 247
T 178 66
T 67 132
T 130 97
P 181
T 146 204
P 262
T 159 120
P 42
P 224
P 108
P 111
P 7
T 159 241
P 207
T 216 257
T 245 109
P 18
P 238
P 40
T 138 94
T 62 96
P 51
T 230 156
T 72 199
T 162 68
P 16
P 229
T 142 204
P 171
P 234
