300 1592 300
44 37 94 23 1 93 43 63 99 56 91 76 52 88 40 13 85 25 37 94 26 38 31 7 94 34 87 96 83 46 51 23 27 16 99 27 66 76 43 26 27 44 16 100 78 35 36 32 98 13 94 95 80 51 49 74 72 60 54 52 13 38 1 48 97 49 2 89 42 11 44 3 61 38 81 84 83 97 3 54 31 2 9 77 18 62 25 54 50 5 21 64 54 11 80 84 37 10 63 35 88 70 24 66 65 66 61 81 54 73 80 76 86 58 58 52 42 28 5 18 22 25 60 22 73 95 63 24 86 35 16 30 39 29 75 25 9 89 84 97 15 85 1 84 78 29 72 41 9 69 4 97 69 66 37 63 94 34 5 22 41 62 21 65 5 82 66 13 74 92 23 3 57 91 50 67 21 38 71 9 21 11 75 70 52 35 13 64 97 40 87 28 8 42 84 24 6 69 59 59 74 74 44 69 37 48 43 73 94 68 55 19 71 68 13 89 22 74 89 4 77 70 33 46 48 6 40 68 1 82 54 22 50 63 47 44 58 89 17 63 85 41 63 38 5 83 59 94 97 70 89 63 37 8 64 87 99 66 86 28 26 97 73 81 50 21 97 89 83 3 37 46 53 100 51 56 68 67 87 25 4 11 23 49 31 59 21 17 48 23 45 81 11 61 51 19 26 10 61 17
17 24
188 245
249 280
81 119
260 279
126 205
282 289
265 300
60 116
240 279
163 199
98 274
253 294
161 297
141 149
259 299
142 213
67 83
260 286
151 207
275 299
85 142
200 258
162 201
204 233
38 43
44 212
110 249
32 45
193 229
256 271
126 221
76 102
124 201
17 25
165 235
156 274
251 271
69 130
243 279
162 279
143 190
67 98
35 46
160 169
164 283
250 291
173 250
238 250
260 292
279 292
104 196
193 263
216 285
132 210
36 41
166 219
97 138
233 298
258 275
62 193
205 274
208 281
288 297
68 260
88 143
237 245
136 233
216 243
245 288
271 283
120 277
131 161
24 42
154 253
69 253
260 277
197 283
147 193
248 290
11 43
122 159
131 216
266 292
158 276
67 78
219 286
205 243
10 32
165 290
207 251
138 247
43 118
152 293
38 41
212 290
105 147
191 273
174 229
220 265
117 264
107 186
189 220
63 230
289 299
85 287
153 247
244 283
266 296
202 289
271 298
43 80
1 17
224 275
143 156
263 297
145 300
263 272
223 271
237 281
80 274
78 150
251 280
181 232
213 290
116 275
225 292
139 246
71 259
240 277
55 277
90 271
47 94
64 124
263 270
142 267
15 45
252 270
152 208
100 205
144 224
262 287
222 251
67 223
147 230
68 79
104 151
44 285
239 268
157 255
132 196
287 294
157 271
262 298
288 300
106 163
86 131
33 40
248 275
160 170
261 285
188 248
124 217
196 283
242 255
244 288
257 289
11 25
267 300
135 255
262 293
126 232
208 236
257 276
150 185
170 278
221 258
147 286
288 299
226 257
159 253
136 266
74 101
204 216
214 270
257 278
275 291
113 228
242 300
64 132
168 176
123 147
131 215
196 298
153 209
156 266
262 294
255 280
145 284
252 278
235 290
179 186
5 44
255 285
110 240
111 179
235 273
148 248
64 176
90 154
138 245
186 297
148 182
224 251
168 198
269 291
97 236
7 8
144 273
129 172
18 39
63 138
73 121
209 223
181 231
208 224
18 20
255 277
269 287
164 264
164 201
239 281
267 293
276 298
168 246
81 237
149 240
74 265
158 242
118 293
178 230
78 155
112 264
121 145
72 276
121 297
184 202
220 271
224 257
193 261
75 142
60 231
95 257
279 298
274 281
171 283
17 22
25 39
267 296
5 45
269 281
40 44
286 298
48 85
77 150
18 33
66 124
222 276
116 186
96 233
262 291
282 291
173 222
3 8
117 247
77 278
198 265
272 279
219 285
207 232
134 234
170 204
242 293
187 257
37 42
286 296
116 163
216 262
230 238
287 300
103 131
273 295
18 46
109 228
126 185
156 224
48 102
250 263
157 294
236 299
150 186
229 259
34 43
180 298
44 115
68 275
21 27
136 280
187 276
48 140
210 276
224 295
99 261
131 242
173 181
144 156
226 253
36 44
209 238
11 21
173 257
97 219
269 290
102 223
31 33
135 258
157 266
198 258
68 115
208 297
124 236
105 156
272 300
11 26
62 127
26 46
125 240
116 142
225 295
271 278
152 207
175 192
132 212
153 197
74 92
37 45
237 265
97 190
258 272
252 260
254 285
121 290
100 184
139 250
185 225
261 274
62 208
62 120
177 297
25 45
112 191
158 222
73 281
23 43
198 290
201 239
213 267
83 195
55 145
151 253
244 290
5 19
18 43
197 216
126 287
220 260
122 139
277 298
249 256
6 43
107 163
116 172
123 184
120 209
180 270
189 244
171 214
122 253
196 273
214 281
274 284
7 22
197 221
265 282
81 135
279 287
59 174
246 296
171 257
156 236
183 209
190 289
194 222
264 288
134 238
133 289
237 270
253 289
158 195
76 222
269 278
186 235
130 226
61 190
125 205
154 227
251 290
247 259
260 272
82 125
152 203
180 202
260 273
198 300
82 170
129 204
104 244
227 271
48 152
133 174
213 226
275 283
286 293
151 224
221 241
31 37
21 26
169 213
21 35
71 103
62 167
151 269
105 219
81 294
134 211
166 201
102 130
183 259
271 299
93 172
105 142
106 120
100 294
128 241
156 203
268 286
85 156
173 225
160 231
66 242
11 23
232 288
62 235
194 229
222 254
190 228
229 287
190 203
280 293
178 224
249 257
213 238
257 279
286 294
25 30
232 259
177 249
258 284
255 289
91 218
124 276
201 248
121 157
233 287
175 221
169 206
287 297
159 284
177 213
269 280
162 265
205 226
175 247
34 45
82 215
167 279
149 222
84 226
250 277
24 29
30 38
55 300
57 216
74 83
132 203
181 275
253 261
203 270
205 258
222 278
232 242
37 40
75 294
187 283
73 238
26 37
214 277
189 199
76 125
56 131
55 166
195 255
127 234
257 297
160 285
221 277
224 261
38 44
9 34
57 79
251 279
45 73
47 104
164 267
276 292
95 144
125 150
272 285
119 174
226 272
50 217
141 202
233 292
93 150
137 157
217 240
154 186
38 42
106 261
122 287
69 99
136 276
283 299
120 138
112 202
68 117
28 33
176 185
54 129
264 284
81 176
63 200
77 222
71 181
97 181
38 45
245 292
101 142
81 198
177 223
50 235
90 208
106 150
213 258
208 237
93 250
240 296
70 226
54 120
24 46
113 246
158 168
30 39
188 274
163 278
190 288
126 278
32 39
57 194
236 292
129 211
92 280
52 144
173 282
126 160
177 204
86 150
169 217
202 296
30 32
168 257
138 290
173 289
17 46
227 278
87 250
82 97
26 40
266 295
198 294
252 289
36 39
18 19
35 36
163 290
260 271
129 282
56 234
204 252
183 273
77 293
250 292
41 111
58 274
237 255
57 270
266 278
258 289
159 255
122 179
197 300
267 295
120 193
50 74
245 273
6 17
226 252
136 185
198 289
264 299
148 169
279 289
81 184
177 196
259 284
249 300
287 299
30 34
70 263
242 266
64 239
119 210
159 203
237 262
133 263
175 280
198 226
167 265
59 210
144 252
135 174
66 245
129 249
13 46
189 297
158 201
289 300
125 132
153 295
150 232
223 254
279 291
4 5
22 37
127 156
105 128
237 248
53 161
77 187
241 295
263 273
56 177
6 42
82 165
55 83
43 268
92 266
239 251
167 200
73 99
227 237
166 284
204 230
197 224
145 228
214 285
159 183
50 130
50 123
268 279
90 285
196 278
93 253
96 158
256 298
249 277
51 104
16 41
170 244
96 105
139 282
197 271
106 146
32 40
80 232
19 36
90 231
43 141
266 293
97 144
162 300
42 235
104 209
162 266
189 266
243 261
221 245
216 263
227 259
45 228
57 278
283 294
197 218
203 225
56 187
56 296
33 45
63 73
58 225
35 43
60 74
207 268
55 100
17 19
184 296
67 158
205 227
214 268
109 292
23 29
47 79
18 41
121 248
172 257
73 102
221 252
9 32
120 259
242 292
191 208
245 257
135 189
122 243
258 298
245 296
13 41
171 229
122 274
97 169
247 281
63 144
86 203
178 187
276 295
178 217
22 33
279 296
211 232
183 235
140 193
84 96
132 253
85 259
277 297
132 245
69 276
15 44
14 17
154 295
122 211
73 277
109 195
207 235
11 33
274 295
183 256
153 253
11 15
220 247
214 231
20 29
216 273
230 261
180 279
39 43
246 272
181 246
87 269
107 130
145 279
263 289
28 31
179 283
185 264
226 249
251 295
252 295
35 37
89 113
26 38
217 236
289 297
48 191
226 242
18 36
232 291
281 298
33 36
226 260
283 298
186 256
192 239
265 290
281 289
193 223
278 288
107 165
182 225
75 297
160 242
162 260
20 26
55 71
141 185
68 110
223 249
93 106
170 269
58 184
9 26
156 261
188 205
115 252
219 264
191 201
18 24
249 286
250 275
243 262
263 285
35 38
171 244
96 278
251 292
194 244
95 158
179 207
90 223
67 281
139 236
96 182
97 148
121 139
278 294
87 296
272 294
124 240
133 144
250 258
36 45
252 268
77 119
223 289
180 225
241 298
251 274
160 272
26 33
147 167
209 265
180 264
201 270
70 81
69 193
242 297
25 31
253 300
37 41
38 40
47 218
119 251
272 290
122 157
35 45
131 217
93 292
276 284
4 38
82 271
60 89
239 289
156 221
108 216
108 205
112 248
260 285
167 197
100 282
247 260
30 43
205 295
92 278
157 295
224 298
113 154
159 202
189 239
28 34
34 39
190 248
191 212
227 262
98 122
114 280
189 268
73 178
149 296
147 204
268 298
90 287
251 264
120 130
93 270
143 162
137 276
223 261
191 291
268 277
225 286
27 29
63 184
236 273
69 202
231 272
133 292
131 247
57 210
60 267
24 43
121 158
129 156
227 295
268 281
34 46
269 285
131 141
116 281
220 242
83 194
108 190
44 184
232 293
220 227
251 299
267 290
129 158
32 35
207 219
222 258
93 234
68 276
50 278
143 206
159 167
111 289
163 219
77 191
263 271
261 300
270 298
168 239
43 180
30 37
162 239
29 43
279 293
179 192
259 282
233 286
170 207
272 284
260 280
274 299
168 272
176 220
157 265
147 220
58 133
87 109
286 297
256 281
259 286
2 16
106 160
225 293
85 118
32 41
109 194
48 126
77 224
127 241
208 242
208 217
75 277
256 270
87 264
104 166
18 40
241 300
277 288
73 272
129 157
279 300
188 239
144 206
283 290
8 9
263 291
249 262
240 256
243 269
132 292
266 273
127 159
108 140
62 278
223 263
56 105
75 296
201 211
229 293
273 289
282 300
56 168
244 259
139 272
62 256
15 39
109 158
85 276
141 278
109 173
195 300
201 293
24 27
75 218
39 46
198 205
288 296
160 293
197 289
112 198
13 27
96 177
194 284
257 281
216 244
271 280
87 300
223 235
258 292
81 142
125 246
204 213
21 33
48 111
105 116
249 299
220 234
281 299
205 299
34 37
213 266
162 272
165 236
47 274
231 268
53 171
280 290
110 136
37 46
238 252
126 289
157 298
136 145
285 294
242 269
256 277
231 250
275 298
225 234
269 284
4 40
216 224
218 292
51 248
252 293
180 296
88 222
5 23
129 197
96 202
151 291
279 299
5 13
164 233
17 34
203 214
164 241
170 217
16 45
253 287
226 251
57 76
286 295
111 266
67 241
70 155
181 200
64 232
21 46
262 279
69 232
129 236
60 192
122 255
101 175
26 29
121 238
68 242
276 288
202 248
39 44
92 107
64 152
151 277
19 43
81 167
271 294
98 140
234 243
268 278
164 239
20 24
267 297
228 275
178 220
84 269
153 180
63 101
263 292
88 113
243 263
267 288
196 208
282 299
109 296
55 199
5 31
86 167
273 297
239 254
21 32
239 271
93 287
149 173
192 269
7 45
121 246
28 30
35 44
92 109
29 39
43 77
282 294
166 279
25 29
266 300
161 237
229 256
158 208
283 297
3 17
285 295
66 76
74 283
182 212
262 283
116 130
62 149
35 41
173 259
220 232
220 257
106 281
164 248
160 260
239 275
21 41
149 220
119 230
240 280
107 185
228 281
153 190
275 287
248 258
161 174
77 280
119 154
5 21
6 29
189 198
198 235
217 274
82 244
202 249
100 241
170 235
27 39
225 268
85 294
177 279
158 256
136 146
97 261
236 288
262 292
20 28
260 295
144 239
271 291
17 23
176 208
27 37
120 230
68 180
237 292
171 250
113 260
140 278
82 235
165 201
275 284
148 298
267 282
173 238
253 263
117 200
107 203
31 45
282 293
180 192
130 299
273 288
267 283
102 143
162 270
44 175
241 291
57 186
170 198
69 289
5 20
272 293
55 181
257 286
134 178
166 258
49 161
223 267
31 40
195 244
216 271
190 235
231 242
3 10
195 284
78 291
174 245
259 298
193 250
236 296
87 240
166 244
162 289
266 274
145 223
119 202
273 287
204 240
274 300
205 298
47 77
101 185
282 292
116 218
191 231
72 90
145 270
95 285
116 226
102 210
102 280
50 81
20 37
156 187
231 266
145 192
268 291
229 268
169 186
190 264
48 199
31 38
268 293
223 273
269 293
225 235
23 27
173 208
43 187
149 208
262 299
114 184
4 30
20 38
154 231
180 285
65 299
267 286
27 44
181 300
177 293
208 230
236 268
254 288
90 215
27 35
132 165
280 294
124 271
135 150
233 255
140 280
223 231
225 281
205 215
35 39
131 185
23 24
256 294
232 247
227 250
256 286
43 299
187 287
96 284
150 198
275 285
72 197
24 36
116 279
245 265
246 273
169 247
67 300
17 40
111 260
149 207
75 115
282 296
72 250
257 293
180 197
246 298
169 233
60 279
212 299
52 181
62 173
117 164
93 113
171 281
14 27
23 31
46 81
159 264
161 217
265 289
263 295
214 263
138 163
45 232
164 253
56 98
66 290
58 190
92 189
206 217
21 25
150 187
283 295
58 221
249 265
79 290
24 39
157 217
158 224
141 246
4 13
5 30
108 214
189 196
250 297
250 268
188 208
215 226
16 44
101 194
44 187
141 165
12 46
285 293
179 262
231 285
199 256
168 190
60 221
175 217
279 288
20 35
91 253
96 117
201 221
107 278
259 295
151 220
26 44
44 60
59 226
265 285
251 293
239 264
35 40
249 297
50 207
196 270
271 292
262 273
149 214
85 297
64 93
26 35
56 184
231 263
244 270
8 32
98 168
141 151
259 266
240 289
239 261
147 258
265 297
168 197
194 218
141 289
183 263
126 281
226 261
109 220
177 205
164 256
136 214
171 265
188 297
216 261
64 168
26 30
53 63
265 287
169 263
134 267
21 40
252 285
85 92
109 125
137 153
245 297
149 293
56 295
278 289
109 203
227 248
27 46
281 290
197 232
163 196
107 183
4 8
37 39
257 283
68 152
237 272
110 286
21 22
27 33
156 237
63 218
55 125
155 281
36 40
17 29
65 245
143 295
254 262
119 222
94 132
156 298
82 220
15 33
5 40
123 272
29 42
20 31
246 282
63 269
187 290
42 150
250 280
217 228
6 39
19 22
194 205
183 243
36 42
175 211
274 297
228 295
121 224
69 258
120 127
31 42
213 242
271 287
240 264
146 238
289 298
72 104
288 295
59 198
90 260
246 290
255 271
31 46
225 255
143 227
98 200
221 295
139 287
15 28
256 288
124 289
247 277
277 293
163 279
17 36
284 299
126 169
60 107
169 251
T 140 27
P 94
T 173 248
P 41
T 246 184
P 254
P 251
P 142
P 202
T 280 87
T 59 190
P 111
P 172
T 235 210
T 144 79
T 151 293
T 152 106
P 237
T 200 215
T 182 142
T 235 89
T 300 189
P 169
P 49
T 156 219
P 153
T 230 133
T 112 266
T 109 77
P 278
T 194 196
P 253
T 152 104
P 240
P 215
T 43 156
T 229 85
T 237 85
P 148
T 116 70
P 276
T 235 121
T 86 124
T 56 64
P 58
P 179
T 285 17
P 196
P 45
T 19 158
P 62
P 139
T 241 81
T 76 161
T 279 251
T 110 119
T 148 280
T 298 245
T 171 126
P 42
P 200
P 146
P 55
P 173
T 226 249
T 57 67
P 172
P 211
T 205 287
T 196 279
T 10 31
P 247
T 42 95
T 25 295
P 199
T 50 251
P 152
P 185
T 213 26
T 102 82
T 1 277
P 76
P 75
P 156
P 24
P 127
P 37
P 92
T 92 264
T 211 1
P 286
P 64
T 151 190
P 282
P 214
P 123
P 223
T 220 234
T 62 216
P 114
T 259 243
T 52 131
P 245
P 243
P 180
P 179
T 111 23
P 162
P 184
T 265 106
T 245 173
T 162 224
P 211
T 276 20
T 146 260
P 138
T 81 289
T 26 217
P 117
P 66
T 73 88
P 252
T 200 48
T 59 200
P 254
T 261 270
T 21 147
T 144 130
P 156
T 256 251
P 95
P 41
T 219 52
P 116
T 259 119
T 59 162
T 170 150
P 252
T 234 143
T 142 147
P 280
T 116 36
P 203
T 180 95
T 266 139
P 121
T 274 243
T 300 3
T 120 235
T 123 185
P 3
T 191 114
P 18
P 110
P 263
T 47 55
T 143 36
T 176 254
P 194
P 88
P 34
P 285
P 289
P 156
P 8
T 290 12
T 28 97
T 52 97
T 263 264
T 266 67
P 195
P 269
T 30 121
T 109 169
P 2
P 270
P 185
T 174 93
T 257 58
P 241
P 30
P 31
P 227
T 62 293
P 166
T 135 140
P 117
P 15
P 144
T 171 194
P 240
P 193
T 142 99
T 82 261
T 175 126
T 165 221
T 243 24
P 16
T 160 179
P 80
T 294 136
T 204 62
P 108
T 184 148
T 20 155
P 124
P 160
P 240
T 245 139
P 124
P 179
P 295
T 74 60
P 252
T 90 65
P 200
P 271
P 2
T 44 261
P 35
T 86 225
T 118 165
P 115
T 52 61
T 56 195
T 276 80
P 207
T 45 290
T 98 190
P 50
P 122
T 1 100
P 3
T 93 201
T 47 78
T 293 85
T 30 232
T 1 44
P 47
T 101 84
P 85
P 279
T 176 181
T 191 8
P 65
P 289
T 182 7
P 136
P 134
P 231
P 184
P 296
T 170 88
P 293
P 76
T 16 73
T 288 113
T 145 139
P 249
P 231
T 101 40
T 147 215
P 251
P 230
P 256
T 225 220
P 59
P 40
T 42 66
T 188 34
T 8 109
P 43
P 86
T 32 290
T 137 136
P 243
P 191
P 265
P 165
P 259
P 187
T 192 123
P 35
P 124
P 172
P 235
P 238
T 29 277
P 128
P 232
T 228 298
T 9 229
T 264 115
P 260
P 245
T 193 50
P 1
P 182
P 130
P 163
