300 8538 350
76 2 64 4 11 9 41 50 15 100 36 7 20 44 13 21 21 82 70 56 73 69 23 80 21 54 81 61 50 85 3 71 72 15 92 57 46 19 57 9 78 4 49 41 99 18 37 47 29 60 13 8 64 94 83 69 24 18 30 4 36 75 97 73 67 89 35 12 66 29 88 70 39 80 57 59 65 6 89 37 99 48 43 84 39 75 67 79 90 3 16 64 53 75 92 83 33 93 92 93 91 61 95 9 43 9 93 98 3 43 71 25 27 64 56 18 71 78 100 42 18 18 34 94 3 37 64 8 75 99 97 97 11 19 53 57 18 77 18 88 14 41 76 23 83 87 91 79 60 74 56 65 14 90 91 12 53 43 19 91 38 18 11 44 19 42 22 100 20 65 35 70 26 100 10 92 25 63 78 41 75 31 65 63 63 89 43 100 26 77 65 75 11 60 4 73 69 15 60 93 70 54 95 50 76 62 70 46 34 97 52 54 73 93 20 11 43 90 47 55 49 92 76 18 13 6 44 82 34 15 96 31 8 9 33 58 36 54 33 80 18 33 63 5 96 5 42 43 81 12 31 97 18 35 42 42 31 78 72 95 50 86 29 84 74 10 47 38 27 44 54 50 41 30 100 35 40 9 96 35 21 71 51 1 53 79 80 20 88 87 26 2 57 26 52 10 4 86 34 68
72 97
141 295
35 87
8 123
35 66
17 93
166 233
91 133
49 52
56 117
40 64
121 218
185 279
132 220
183 269
86 107
42 150
39 122
116 175
77 148
157 265
101 215
45 82
142 264
111 237
20 38
44 128
129 278
120 224
30 77
39 62
119 243
136 199
15 26
54 71
121 295
5 17
135 239
47 100
59 99
140 280
164 270
125 274
136 204
107 247
164 249
62 107
126 292
35 56
167 290
187 284
13 37
83 103
98 147
15 102
7 26
139 247
180 273
147 264
1 54
160 299
67 148
170 259
92 152
86 117
25 84
64 73
13 118
178 282
59 80
16 133
135 296
2 139
104 287
135 298
137 226
175 277
58 104
147 202
114 284
132 185
77 89
171 271
27 64
178 295
37 110
62 144
26 126
5 115
42 94
49 132
42 106
129 245
138 255
101 171
39 139
21 142
26 77
134 192
72 145
38 65
174 285
10 26
29 91
9 91
87 104
79 130
128 243
27 72
147 268
185 271
185 281
143 206
147 208
127 245
42 76
1 51
182 282
147 238
99 133
107 272
166 258
20 55
54 86
89 107
50 58
147 217
14 49
183 288
91 128
83 124
133 286
7 133
153 233
48 79
77 107
179 281
43 93
103 175
14 32
131 266
134 266
12 98
7 99
2 106
108 241
135 240
143 198
3 24
175 287
55 61
7 86
59 126
63 150
167 291
174 276
153 266
20 31
54 109
52 125
59 114
136 246
121 252
101 267
27 140
21 97
115 210
39 132
85 149
43 80
143 260
109 246
128 207
88 152
117 203
16 91
164 288
114 270
49 98
137 283
20 137
150 229
98 123
159 270
62 100
21 93
152 294
37 46
52 122
74 106
12 105
160 289
11 59
30 50
1 102
61 126
81 114
145 246
39 51
135 266
62 141
173 252
142 211
174 239
47 106
85 148
9 53
58 93
122 205
4 107
119 248
65 122
170 247
100 148
119 283
48 149
17 87
37 149
44 126
129 201
89 101
87 147
37 41
107 225
39 84
124 217
160 298
65 133
165 235
49 60
165 264
20 104
108 212
4 34
32 91
10 136
18 27
173 296
27 145
27 62
80 101
135 190
24 37
144 214
45 50
104 266
142 241
9 147
31 118
119 289
45 63
57 75
156 257
104 182
106 183
11 81
7 132
166 238
174 250
136 223
52 91
134 224
137 232
148 296
25 50
27 30
31 96
102 253
177 266
136 285
18 61
49 152
74 132
36 73
10 46
58 146
170 238
17 90
77 141
144 250
64 129
50 98
60 126
116 295
129 253
26 102
136 300
13 32
120 227
26 37
139 248
119 176
87 107
132 294
85 124
30 146
130 252
49 103
129 243
21 63
39 85
148 277
10 55
148 241
58 67
129 228
174 294
43 139
82 111
169 257
117 226
8 44
28 72
35 89
120 248
109 272
31 149
11 89
125 280
119 178
147 224
125 297
35 136
4 93
129 188
143 283
1 76
59 77
129 265
4 14
9 126
130 276
45 112
62 73
46 48
104 235
9 38
143 215
43 131
25 62
146 291
186 276
131 215
86 106
64 68
59 133
138 292
128 196
58 101
101 261
52 64
25 129
46 78
82 88
157 238
46 134
140 278
163 242
173 237
123 249
140 259
1 146
36 57
128 213
131 219
141 271
73 81
117 236
129 220
9 141
29 112
12 115
50 111
32 74
1 108
13 88
64 138
148 289
118 237
70 112
148 221
84 92
48 118
108 248
145 273
11 29
153 237
153 242
42 113
93 134
71 132
172 258
116 194
70 88
179 259
49 99
138 192
132 225
138 281
117 265
75 111
40 65
81 140
137 242
154 237
102 236
173 264
8 79
165 267
57 141
104 186
161 252
74 130
44 72
39 70
145 261
130 216
77 144
148 224
155 282
24 54
148 287
60 76
157 242
38 115
94 122
20 128
33 108
37 67
149 248
106 260
39 49
177 275
75 94
148 250
92 112
148 215
137 273
9 83
2 30
104 251
35 148
143 286
30 44
9 143
114 283
166 230
136 219
60 108
141 277
131 288
129 239
3 47
52 128
1 22
35 110
135 245
136 294
72 137
134 230
39 147
78 133
140 237
174 300
59 74
109 184
77 91
122 264
170 252
30 134
17 55
136 239
72 151
52 76
141 261
134 253
72 147
41 45
132 248
155 291
52 142
124 248
167 249
59 150
131 276
157 233
171 233
70 89
137 224
144 252
110 234
159 263
29 93
129 217
140 202
5 94
47 49
168 256
1 113
60 102
6 11
179 283
138 265
10 121
168 253
27 134
74 150
152 264
142 216
126 216
63 108
65 121
138 283
56 62
134 284
37 126
154 249
171 300
11 119
60 116
6 34
64 124
49 107
138 238
138 217
137 198
59 141
135 217
155 234
30 123
19 66
165 298
156 286
43 65
26 112
142 283
130 242
47 139
161 297
41 132
31 76
182 299
141 288
134 256
77 127
59 68
167 266
183 281
64 132
64 108
110 227
104 240
171 238
59 136
89 131
81 152
154 294
147 216
20 32
10 139
12 82
54 68
150 281
60 149
31 52
103 247
49 87
122 199
166 249
144 272
168 230
44 137
7 16
75 104
103 244
124 197
26 133
25 32
165 241
142 215
7 46
101 159
105 278
33 79
90 146
102 297
156 235
119 205
81 123
82 124
11 40
122 238
7 85
112 222
179 272
139 239
60 127
8 45
160 255
82 127
35 94
121 248
33 64
21 152
103 183
176 277
134 199
130 228
133 280
173 256
54 137
55 88
9 151
165 290
129 195
46 116
46 85
168 242
132 293
148 278
24 133
53 65
77 88
5 73
182 291
89 134
3 81
174 246
161 254
26 111
33 71
147 231
26 71
160 220
77 114
57 101
23 105
57 69
52 136
131 268
5 11
41 145
143 231
2 36
174 237
119 272
21 38
176 241
137 236
26 147
80 121
134 218
129 298
21 145
37 59
77 122
56 124
166 224
106 233
39 74
129 226
101 200
186 298
147 256
9 65
103 207
1 148
38 59
41 43
128 222
5 58
107 258
173 245
149 295
139 284
7 117
182 292
145 283
160 240
4 88
80 117
21 28
4 109
161 215
37 142
102 217
138 280
124 296
31 119
14 118
13 87
73 87
142 214
52 85
44 130
94 143
188 289
17 96
33 41
57 59
32 145
105 270
42 57
54 125
131 191
17 89
91 144
129 267
107 241
104 237
123 240
48 150
117 285
79 126
118 250
50 81
100 140
58 141
4 146
169 286
80 108
116 280
171 251
104 163
120 193
141 260
41 88
37 39
30 136
148 219
15 42
68 125
20 92
85 114
51 133
162 218
54 141
130 187
142 279
6 125
49 88
130 233
172 269
27 144
161 253
50 125
152 288
145 227
35 143
13 46
30 37
17 38
141 275
134 275
10 112
147 255
133 243
24 120
29 84
169 251
137 252
59 96
49 66
10 141
132 227
131 198
29 85
81 104
85 150
142 251
57 109
60 84
161 296
133 276
53 70
165 270
104 193
62 92
160 231
119 181
2 102
77 105
143 211
77 111
44 85
31 141
103 284
165 282
129 232
137 261
98 125
14 150
103 265
165 295
27 126
58 132
39 149
18 150
107 195
117 269
39 94
131 287
58 148
138 213
109 176
172 284
62 147
52 79
130 298
161 287
136 278
179 255
82 90
166 272
42 151
103 283
141 245
20 95
161 294
161 245
47 134
142 278
154 262
129 194
45 91
59 109
105 276
11 34
81 126
81 124
150 264
50 73
181 278
149 270
9 81
32 84
153 267
8 117
27 52
30 55
20 117
131 252
39 83
137 231
136 205
169 263
139 274
104 255
107 284
10 79
79 98
48 134
77 146
167 299
2 21
75 95
54 89
5 77
81 139
131 204
41 49
133 291
44 53
153 280
97 120
20 125
187 286
70 96
173 287
121 232
82 136
141 289
4 44
137 194
24 33
107 295
47 128
21 42
77 128
59 97
132 226
102 210
17 20
30 96
44 114
2 14
134 295
78 87
5 31
118 209
116 170
2 34
79 124
160 275
170 285
168 231
62 86
131 214
185 287
167 270
136 228
177 252
187 294
9 51
119 275
1 58
174 241
132 284
138 249
148 231
153 221
50 123
115 237
90 103
134 206
30 59
10 107
168 240
131 233
131 228
17 61
115 201
62 103
132 213
27 77
170 278
51 88
142 243
12 57
52 124
130 269
85 130
20 102
45 110
122 202
129 221
178 264
11 25
58 109
4 77
82 106
82 95
37 138
128 249
165 300
160 292
144 279
7 15
135 262
147 220
30 54
68 108
29 141
175 279
62 143
91 137
11 24
54 120
45 57
12 106
83 150
154 295
1 140
29 136
41 58
78 110
101 182
139 264
2 104
26 74
116 296
164 262
179 294
64 69
131 290
70 135
10 142
84 104
35 98
135 213
42 105
24 60
47 77
138 215
85 107
159 286
86 126
113 189
42 64
40 43
35 106
79 96
141 280
148 261
115 236
123 202
37 42
21 58
26 79
133 263
128 281
73 128
110 203
119 229
140 283
136 208
169 270
154 208
179 274
117 170
35 145
49 101
139 255
117 216
12 141
17 107
77 136
55 58
160 223
142 239
87 127
116 257
50 106
170 253
81 103
5 90
131 279
179 284
64 130
111 269
138 225
132 256
133 219
110 185
75 126
137 193
148 232
62 115
153 269
128 265
119 201
68 120
9 100
166 253
28 75
135 209
58 122
25 104
70 100
105 235
160 272
3 145
147 214
14 95
138 278
60 89
50 100
11 106
20 80
1 8
111 260
31 40
58 71
27 39
74 136
148 237
58 138
9 58
77 125
1 81
90 147
174 270
125 215
148 295
60 73
134 234
62 129
141 293
36 55
44 86
148 213
92 137
136 291
135 264
2 127
178 284
145 268
14 145
131 253
52 95
29 40
139 280
148 262
50 129
172 299
20 134
160 283
101 169
128 186
4 70
41 73
166 290
24 83
64 74
148 212
168 235
42 79
148 240
37 70
53 139
99 145
47 71
133 203
97 125
29 57
148 226
177 281
79 147
124 254
74 126
8 134
60 111
57 80
118 202
142 296
102 213
39 69
77 134
168 239
15 96
144 206
168 227
58 127
147 263
110 271
148 235
131 265
20 141
138 271
49 134
62 98
171 278
4 9
128 239
140 256
42 108
38 89
75 141
160 258
116 206
27 148
137 296
50 87
37 145
9 140
165 288
161 292
133 214
162 235
122 209
13 139
84 100
176 250
128 236
20 108
108 240
123 176
65 74
125 190
54 115
35 141
106 229
13 42
59 124
135 279
54 88
66 117
156 296
151 263
161 256
7 77
171 297
143 262
36 118
175 238
119 225
22 131
81 151
55 79
131 283
118 192
1 82
11 72
104 178
170 277
59 139
140 203
118 205
4 117
39 146
173 240
96 136
116 197
7 24
131 218
7 126
166 288
124 250
119 247
21 43
179 296
37 136
59 137
20 61
136 214
104 169
163 247
139 271
17 112
72 130
32 61
42 88
56 101
57 115
87 137
22 138
58 65
58 86
123 205
60 86
57 134
142 265
125 246
134 260
161 219
133 266
106 171
119 180
168 299
141 263
52 134
123 235
165 236
139 287
17 146
181 289
5 24
17 33
92 111
58 107
85 131
146 246
53 78
130 229
23 103
161 264
154 223
170 280
60 94
135 285
135 276
54 147
104 162
118 180
142 217
3 18
148 243
92 120
62 126
64 99
125 299
65 87
37 115
34 112
152 251
146 222
79 121
106 274
46 148
118 248
112 248
58 120
147 296
176 292
103 271
137 276
179 267
85 146
152 235
154 234
49 148
16 148
119 285
184 265
120 186
125 290
17 138
104 297
96 123
86 105
8 128
115 192
170 283
75 135
53 54
119 187
130 188
35 81
49 74
21 64
61 118
169 232
162 290
143 276
36 149
124 251
133 238
24 102
184 282
116 263
123 298
114 201
60 132
165 225
128 295
81 131
81 118
154 216
165 278
168 283
85 101
65 134
49 81
128 248
97 116
102 163
170 241
111 236
60 122
25 108
23 59
141 300
84 152
81 90
85 99
41 89
8 119
125 278
20 67
164 261
4 84
135 220
170 254
167 227
148 268
54 136
123 299
59 117
75 144
83 96
136 210
148 254
84 138
2 98
16 23
187 280
173 255
41 131
7 48
115 171
126 243
167 281
65 101
106 179
45 124
42 52
20 110
142 288
175 293
16 89
179 275
185 268
58 123
150 296
160 235
91 132
169 245
9 24
38 151
4 19
117 293
9 134
104 201
93 117
74 93
125 282
120 293
77 145
134 207
129 187
20 88
60 142
115 191
131 192
13 79
71 127
86 122
59 134
141 227
45 128
128 266
17 133
128 291
50 70
170 234
20 111
16 33
10 127
35 65
104 188
107 244
27 99
26 125
64 105
158 215
153 279
130 193
79 132
39 57
115 211
160 218
125 268
146 289
103 258
166 248
90 108
152 226
29 107
144 202
119 300
134 222
21 29
128 276
125 277
10 113
4 111
72 140
106 269
125 288
156 272
65 98
59 122
120 269
123 248
69 110
124 228
27 60
150 290
129 234
34 126
65 135
91 129
17 73
21 48
102 202
122 188
60 147
138 274
141 238
125 207
125 237
67 77
125 226
128 299
54 134
125 296
156 233
123 226
174 291
173 279
132 236
10 11
79 85
97 121
26 98
16 152
59 104
84 145
9 40
54 102
142 230
17 141
4 27
29 72
4 57
52 54
65 93
104 172
7 60
144 295
47 67
130 222
102 262
48 65
55 128
30 101
84 144
88 129
162 215
3 120
145 233
57 121
41 83
10 123
147 287
108 230
135 267
63 107
147 273
177 247
59 119
138 219
148 265
19 144
25 36
157 252
131 259
58 119
142 228
168 296
141 267
45 66
81 147
62 133
171 240
141 262
57 60
150 210
166 227
139 205
161 275
49 128
123 278
81 117
129 197
14 70
77 96
121 208
124 229
128 189
13 102
133 284
175 258
162 257
128 283
137 253
58 145
65 112
57 112
42 143
80 103
81 113
133 216
171 266
45 100
108 177
59 116
169 293
42 91
125 262
179 297
171 269
41 124
125 256
128 182
1 34
152 214
31 93
154 212
41 130
179 291
177 298
152 299
132 190
53 99
176 269
104 215
26 151
152 298
105 216
171 237
182 260
175 255
82 114
74 131
27 65
54 78
11 125
141 291
93 137
116 227
42 118
124 234
6 131
82 137
162 239
131 220
158 290
4 58
111 164
42 124
131 264
47 121
40 74
129 211
107 264
154 266
42 55
179 251
14 61
40 132
114 285
147 212
130 184
12 135
48 120
16 73
79 125
173 294
147 267
120 180
125 193
47 113
2 31
132 283
105 241
37 146
77 150
130 280
148 201
37 139
24 103
165 257
21 151
147 247
8 126
11 33
102 164
121 195
148 245
25 48
48 114
81 145
21 121
47 123
79 88
50 71
26 64
59 105
135 238
102 279
106 204
109 259
89 152
59 72
101 262
79 140
75 150
105 190
174 240
57 126
97 119
125 255
161 269
169 269
121 289
19 96
123 294
115 222
30 97
59 135
119 182
168 248
104 212
75 139
57 82
20 96
54 57
82 118
84 134
35 60
32 69
2 40
24 73
37 47
7 66
39 81
49 141
1 69
75 119
107 226
9 107
187 287
57 150
27 98
46 111
150 295
156 227
72 104
173 259
103 209
92 144
10 126
35 93
64 91
123 254
70 108
101 231
8 17
60 134
135 289
163 233
168 285
167 279
25 114
121 224
107 271
150 253
75 85
101 161
67 74
166 264
147 245
170 263
15 83
31 129
93 144
57 63
65 136
46 89
138 284
182 286
13 72
153 288
10 36
37 57
170 265
155 296
44 46
84 148
106 188
162 220
139 233
107 234
176 274
9 15
12 56
63 143
10 30
73 143
166 246
132 259
35 140
115 220
168 281
20 62
46 133
20 116
82 148
26 40
157 253
1 127
109 194
140 198
44 97
148 283
115 250
9 59
59 98
139 270
38 93
81 98
137 269
139 203
10 21
160 294
54 59
17 23
109 250
57 88
130 299
51 131
26 68
148 236
119 192
88 136
116 203
9 76
86 111
17 36
147 276
42 135
147 201
105 184
8 84
166 277
132 249
140 216
71 89
121 177
128 224
57 119
153 292
161 244
57 130
122 179
131 263
48 104
171 268
173 281
165 276
168 284
107 187
74 128
121 217
29 147
74 129
104 271
46 113
42 73
107 294
144 247
64 94
42 81
167 298
133 236
144 201
60 150
108 165
64 133
168 246
9 89
101 286
45 117
25 37
62 110
13 137
42 98
147 277
39 140
137 220
152 228
160 241
26 150
141 292
177 276
60 105
43 149
153 268
64 134
142 235
86 149
131 185
137 247
79 129
147 209
5 28
52 126
131 254
121 178
46 110
48 97
42 123
119 172
154 273
100 151
110 298
125 239
102 194
71 140
142 268
24 115
49 105
29 48
148 225
60 139
50 52
130 272
46 95
172 289
49 127
2 103
1 119
44 52
64 85
8 75
160 232
10 103
167 262
104 241
27 118
40 105
1 14
65 88
89 108
114 269
10 86
75 93
141 194
34 42
157 263
44 103
182 279
156 266
6 49
91 106
153 223
148 216
11 93
61 120
121 277
130 221
39 91
165 258
20 34
61 90
50 93
107 196
1 135
107 176
70 137
40 82
29 37
2 24
24 111
119 209
44 102
137 291
55 105
145 282
79 92
20 26
4 65
137 250
139 257
65 143
178 296
136 212
3 41
45 73
67 138
170 260
161 258
54 100
141 237
182 258
80 149
4 23
20 45
39 142
26 90
59 128
151 237
115 263
142 246
49 92
24 28
103 213
28 29
2 77
136 261
134 229
24 52
25 148
177 291
175 244
118 214
16 53
20 118
50 143
187 299
24 36
123 281
41 54
165 240
74 97
136 242
9 124
115 199
44 93
54 140
83 110
182 269
49 102
136 288
165 283
121 269
8 116
7 55
116 187
14 58
145 266
157 223
102 193
127 293
27 37
37 144
81 89
111 282
133 249
123 217
33 61
106 167
65 145
47 137
126 195
102 215
165 250
78 105
104 185
54 64
17 83
37 151
43 52
92 147
4 21
173 270
63 103
37 150
118 259
13 45
119 185
166 282
157 245
30 138
49 136
121 234
9 77
125 210
42 87
26 75
131 187
131 213
46 118
28 56
172 292
93 148
154 288
3 80
67 152
12 127
129 250
31 63
10 48
106 287
1 78
59 91
113 183
39 134
5 123
17 72
137 205
171 262
24 68
147 297
181 265
7 107
145 230
111 191
68 86
114 243
149 233
171 296
11 71
106 219
183 270
174 244
30 61
46 91
30 140
38 73
32 81
14 50
45 90
26 141
1 70
118 172
161 241
119 198
130 270
26 124
46 129
104 286
32 38
107 163
164 246
7 22
19 98
181 273
23 25
29 55
129 208
162 234
153 294
19 141
108 188
9 144
145 218
129 223
1 60
129 199
139 276
173 269
154 268
63 70
126 181
160 213
57 128
128 227
16 95
18 115
88 130
184 290
82 132
49 113
109 196
62 152
50 75
161 217
153 250
128 268
54 73
77 143
7 100
135 256
42 62
54 114
45 152
41 151
178 261
144 291
60 63
130 183
119 266
161 282
145 290
106 298
123 221
131 184
50 122
128 225
172 256
70 102
19 78
138 199
9 146
174 277
45 104
122 228
116 244
21 146
147 232
125 198
163 251
125 273
44 64
119 212
64 92
139 265
37 100
26 123
77 117
60 79
54 72
178 279
117 241
107 185
78 92
139 198
129 216
174 281
72 113
6 72
4 59
133 205
131 201
25 95
136 196
41 63
125 221
27 33
146 250
31 91
175 240
26 88
49 145
50 66
139 295
121 290
131 291
31 135
122 211
102 266
129 184
26 45
160 276
37 105
138 222
116 248
20 112
18 143
158 282
13 41
107 260
83 140
113 169
152 231
137 251
131 205
9 25
59 112
29 62
14 143
110 215
141 240
134 291
134 219
135 291
104 217
123 194
112 216
32 50
92 129
27 142
188 286
148 300
53 84
179 298
145 250
119 200
117 281
134 259
175 281
180 263
166 243
59 94
98 142
44 91
35 63
90 127
17 21
64 72
139 194
40 124
46 77
154 232
5 33
45 80
132 277
41 96
122 212
10 144
41 82
28 140
107 189
187 283
27 100
141 265
102 189
159 279
4 151
99 149
40 138
178 247
3 104
60 71
108 219
70 103
112 221
30 121
21 141
30 143
45 70
142 242
111 198
53 128
170 236
138 299
89 114
36 119
101 248
104 190
131 270
15 91
44 106
184 299
67 85
41 98
31 46
109 206
153 297
88 119
25 143
24 85
10 129
27 107
29 90
91 142
1 149
50 63
167 241
55 120
26 61
164 241
135 283
10 18
121 212
119 234
5 103
114 268
118 261
115 241
119 230
59 103
131 239
39 98
28 63
144 287
8 76
54 62
27 89
39 63
45 134
45 92
27 51
10 131
59 76
35 130
147 259
144 199
96 112
131 211
33 141
138 268
131 230
172 298
101 294
19 37
37 141
143 214
188 296
27 36
89 113
77 94
125 257
102 156
103 228
129 287
22 38
30 127
64 70
121 207
149 241
89 118
78 94
54 131
134 251
37 117
102 286
58 129
65 131
140 195
188 300
27 46
104 194
65 147
20 99
172 260
45 138
106 216
14 89
134 269
11 120
170 300
139 202
92 149
92 110
141 196
45 105
17 40
124 186
176 278
64 148
20 84
17 120
9 129
103 162
119 226
69 76
142 257
121 200
127 184
166 237
148 238
32 51
13 103
8 9
165 254
58 75
164 260
2 119
57 147
44 56
162 274
84 121
30 75
155 241
133 282
134 201
142 202
58 114
17 116
170 237
115 174
126 236
47 112
102 166
83 114
141 281
29 83
57 72
95 131
174 242
156 213
72 83
113 261
130 220
128 279
7 123
81 108
177 248
60 115
67 140
142 249
85 109
147 266
134 277
58 89
148 255
46 57
35 135
145 203
108 224
155 266
83 144
128 208
42 138
45 59
54 99
94 132
82 121
32 136
157 231
58 95
25 86
38 56
102 155
88 145
66 132
165 244
134 212
171 275
1 12
7 144
130 191
11 143
124 232
36 114
2 133
124 291
60 103
169 266
131 212
20 65
115 218
21 92
134 241
157 247
128 294
48 81
116 210
134 278
57 66
37 147
65 73
22 70
177 254
77 92
45 120
121 258
59 64
43 98
32 36
161 279
131 195
113 264
104 263
57 120
35 51
128 235
50 104
105 272
124 255
121 266
174 262
107 174
48 89
103 252
117 205
170 269
103 277
133 242
9 116
10 138
106 289
170 273
157 246
141 294
7 65
1 122
154 279
3 70
30 108
156 224
42 112
30 120
134 200
135 288
44 104
13 64
77 140
104 219
1 42
159 223
159 222
54 91
30 91
80 141
38 103
7 57
153 209
114 251
57 113
125 203
104 211
2 39
122 249
35 95
36 116
17 135
171 277
138 239
38 87
157 286
43 58
46 58
170 266
62 136
3 141
179 265
44 151
122 200
133 245
73 125
7 136
81 112
25 49
90 143
50 60
147 239
74 101
130 281
1 47
115 297
31 102
111 264
103 260
29 49
24 53
148 228
29 82
4 32
2 48
96 113
15 18
11 20
42 119
44 84
139 217
14 130
2 108
120 255
49 59
118 240
27 124
167 242
49 86
138 288
117 174
45 146
115 275
183 267
118 191
91 147
3 150
52 146
1 77
120 273
15 134
153 225
168 254
37 82
76 98
106 244
119 235
65 105
35 76
72 127
106 209
2 86
184 279
126 234
128 193
19 87
65 113
22 116
38 116
31 121
102 190
129 272
24 57
134 231
122 265
107 202
170 268
148 204
132 196
131 243
21 133
50 149
139 216
17 152
62 88
147 227
119 232
170 246
23 26
16 37
167 248
173 291
149 239
134 292
49 120
176 262
148 286
150 223
129 291
106 201
139 226
40 66
92 123
29 139
2 65
19 91
125 289
175 300
154 284
106 263
153 299
70 129
60 87
129 273
154 233
105 234
173 258
143 265
2 4
65 150
54 152
123 232
175 298
104 207
117 210
54 66
113 225
136 194
47 74
133 213
106 161
1 21
150 259
111 176
85 118
30 107
116 239
129 230
27 127
15 100
46 97
126 259
31 113
59 131
103 212
32 100
63 106
39 112
185 266
139 261
30 95
6 110
65 76
119 264
121 256
157 234
5 138
39 121
123 181
161 230
108 203
152 246
26 92
146 274
134 232
129 257
39 150
16 103
71 93
16 46
29 81
74 123
29 145
177 255
141 258
45 113
120 204
96 121
92 138
56 107
13 68
26 72
16 113
162 261
145 213
156 258
45 148
77 138
125 233
131 299
168 269
158 296
129 213
106 280
14 100
175 285
119 191
116 265
46 73
168 258
188 292
132 195
20 44
156 259
54 132
161 220
10 109
107 183
148 251
60 143
131 255
123 231
35 125
187 281
95 121
169 288
94 125
24 135
64 90
5 105
29 41
54 104
37 128
134 267
170 264
130 257
109 216
38 62
50 62
134 270
42 115
7 150
31 106
141 209
129 233
174 253
129 262
30 52
35 72
118 298
121 297
118 245
31 98
59 65
138 207
94 148
123 193
127 224
2 136
56 121
32 147
67 96
41 108
89 148
125 206
129 186
60 121
39 128
9 104
39 99
26 83
138 236
54 148
18 72
41 85
31 61
147 207
21 79
119 268
115 240
118 236
9 82
27 55
7 135
136 265
44 89
133 300
168 260
132 241
9 95
37 95
21 74
99 150
161 218
126 275
27 68
134 233
1 43
126 228
128 280
78 86
2 60
132 264
47 61
54 74
153 265
81 93
156 292
2 64
139 283
46 107
107 243
42 66
159 240
162 267
168 247
23 53
168 275
136 254
5 142
42 140
1 85
29 130
46 108
76 112
148 242
134 210
5 114
67 126
124 207
167 286
111 221
80 95
2 96
140 262
46 71
93 126
117 197
14 116
118 294
44 77
136 235
132 287
114 192
78 118
15 104
16 63
46 114
39 119
52 121
57 139
46 99
43 129
19 60
108 173
148 206
57 68
62 80
48 86
45 77
121 246
102 284
141 233
146 202
72 139
57 100
161 280
44 117
128 297
26 59
83 116
31 103
104 158
83 102
44 136
44 109
91 131
118 197
163 297
77 101
11 116
53 107
115 252
123 293
47 70
18 74
177 286
24 113
60 67
154 236
7 25
16 129
139 250
20 48
87 131
164 280
56 93
82 92
161 281
131 281
143 230
41 100
10 99
27 66
41 46
62 113
145 234
186 280
148 218
18 95
29 31
44 80
178 274
38 55
123 185
167 287
2 109
121 213
109 248
1 56
170 245
139 244
66 135
30 102
156 283
64 75
139 266
63 133
40 76
11 48
119 183
167 229
26 99
65 130
170 298
72 112
168 297
106 227
78 106
124 204
183 274
8 20
10 62
7 146
152 286
27 90
123 267
58 72
63 111
113 204
25 71
83 131
21 33
154 217
21 82
130 206
104 275
128 270
161 236
145 284
174 284
109 241
25 144
21 137
60 114
136 258
125 247
79 115
147 265
92 132
124 205
139 230
44 65
39 105
128 221
129 256
135 211
5 57
42 117
136 203
13 28
129 209
141 220
181 296
17 97
35 58
177 279
69 136
130 190
29 43
151 256
139 231
88 121
101 244
2 80
142 226
59 108
82 123
4 69
7 58
45 114
136 237
10 69
157 251
1 6
51 148
107 288
112 218
103 259
186 282
104 222
152 225
21 60
153 272
75 89
147 241
131 216
175 266
74 115
129 207
82 102
44 129
9 12
180 294
49 58
9 16
74 114
116 183
79 107
81 138
138 202
122 260
50 79
60 151
21 143
129 227
134 297
41 144
136 296
126 237
11 55
70 117
39 95
47 51
139 213
1 106
150 233
172 277
65 151
120 256
179 288
152 250
142 270
182 290
50 77
20 47
117 234
45 141
148 208
115 259
23 36
128 285
104 256
4 127
99 125
139 296
92 130
179 254
44 139
41 110
7 69
26 31
119 271
32 149
121 189
44 100
41 92
72 152
2 115
146 218
168 257
7 8
8 62
184 269
37 55
1 65
65 104
177 257
37 62
102 224
123 242
134 247
106 159
160 217
122 226
44 79
153 289
64 145
161 214
152 205
175 243
35 107
130 265
74 124
141 234
140 248
121 255
29 104
161 298
117 229
53 74
162 279
40 147
27 74
135 268
32 108
55 106
49 150
30 148
157 258
10 125
134 214
93 127
164 267
24 74
35 78
45 79
98 134
140 274
60 85
37 49
80 112
136 227
48 78
57 116
5 12
47 55
120 252
1 36
18 122
13 113
38 112
162 249
15 98
165 266
104 285
104 159
87 132
136 226
60 120
177 264
9 37
136 190
173 300
120 238
23 138
119 255
161 268
40 79
132 246
45 121
134 235
171 267
142 293
125 248
128 195
25 146
36 115
186 277
68 126
2 29
44 95
163 235
130 248
137 240
187 296
44 88
44 59
130 211
146 249
74 148
168 292
121 220
5 134
14 126
73 102
159 242
113 198
24 108
58 98
74 83
123 261
2 135
40 148
118 211
169 295
94 144
167 253
27 141
87 146
1 11
139 227
148 290
104 283
1 109
138 293
98 126
130 236
42 152
175 295
164 259
41 78
132 223
88 104
102 214
1 110
125 192
80 97
161 251
12 79
2 73
30 48
97 127
79 127
35 62
14 64
90 122
1 62
126 218
125 225
92 150
139 210
175 274
60 145
16 102
16 90
159 293
136 275
95 147
9 67
53 91
33 142
118 206
13 39
158 265
116 264
16 32
39 67
108 228
150 246
132 208
136 295
26 65
69 86
119 288
106 174
147 293
5 131
118 263
142 260
40 121
182 256
58 124
109 295
154 231
162 283
6 106
11 22
39 92
106 206
133 270
124 224
110 187
79 99
79 136
131 190
2 150
81 137
75 137
132 271
102 161
116 218
172 236
41 79
52 137
54 67
171 259
26 84
160 238
106 162
7 101
130 227
170 276
123 252
123 246
131 277
160 268
55 122
76 86
50 99
166 260
57 145
133 269
77 131
14 109
62 94
129 299
27 84
11 111
60 144
166 228
139 293
25 141
122 191
4 141
170 256
50 54
149 202
8 73
21 45
48 93
160 279
39 151
50 103
118 195
68 134
134 213
46 102
118 229
154 261
116 241
45 115
13 95
44 47
88 131
29 79
62 114
106 261
55 131
110 270
29 143
81 133
128 218
9 121
92 146
13 147
85 97
47 63
47 97
104 161
158 277
99 144
2 74
161 286
104 197
115 254
59 144
34 56
12 36
22 67
34 60
106 271
17 101
45 150
137 241
106 278
104 274
153 217
124 285
123 183
135 263
29 137
2 89
85 127
122 244
60 130
42 104
121 280
184 294
103 161
141 257
144 267
154 243
24 117
87 118
105 299
103 188
89 124
67 144
10 149
9 45
107 299
1 99
17 51
1 121
147 298
134 228
25 80
161 239
32 55
124 177
136 232
182 264
21 144
56 71
59 87
32 62
21 115
77 119
35 99
62 108
116 182
173 249
31 75
107 274
105 196
48 139
174 249
36 144
161 291
59 121
156 220
150 230
49 140
161 221
136 274
173 236
177 284
79 94
136 241
187 292
70 113
167 284
101 242
129 191
120 192
10 122
7 93
30 137
49 79
103 250
165 245
32 87
26 118
180 279
29 38
24 46
111 243
141 218
138 237
27 125
177 278
172 253
125 300
40 71
5 74
67 121
86 148
142 240
30 58
156 242
1 38
10 145
53 101
39 40
154 269
50 131
9 133
32 40
35 90
121 176
35 132
46 132
22 140
42 89
1 133
170 272
102 257
41 102
2 85
149 206
173 238
118 292
11 70
103 221
126 225
49 131
26 138
156 246
32 146
109 239
37 48
112 286
5 53
77 151
35 57
112 249
128 246
96 111
29 32
122 288
129 290
41 141
75 87
26 43
159 249
120 259
130 203
74 135
168 294
41 62
122 234
143 242
65 82
138 267
26 28
53 118
141 203
62 146
168 273
146 208
121 230
108 295
1 112
147 204
104 244
11 39
71 111
105 267
59 82
30 106
64 117
167 257
176 297
125 194
54 150
166 223
161 290
136 247
45 127
174 267
123 289
54 85
52 70
27 28
20 130
162 216
115 248
130 255
67 109
75 100
45 93
100 135
119 280
48 127
175 288
25 26
2 92
141 207
49 63
59 148
45 129
129 214
115 212
60 152
165 229
137 275
108 275
58 84
101 236
27 105
106 222
26 53
166 285
37 44
96 151
39 126
20 107
130 218
141 239
2 58
46 101
139 208
13 19
37 85
3 133
51 85
64 98
42 149
72 117
119 184
106 256
173 250
11 126
126 200
13 126
9 79
65 106
47 107
9 73
162 251
125 267
55 136
170 233
141 212
137 196
160 266
148 260
168 270
133 200
60 93
104 260
132 218
23 118
27 121
162 265
33 84
170 287
81 119
107 216
121 196
129 254
45 96
21 125
116 231
18 105
141 235
78 124
30 84
35 116
41 103
63 87
108 206
71 95
50 61
96 132
161 260
137 229
1 35
134 239
150 222
119 228
80 111
50 120
59 132
118 241
62 123
48 124
48 76
41 112
4 50
12 97
130 212
122 232
118 268
32 99
121 257
92 124
130 279
152 229
46 130
139 286
123 280
168 243
74 141
14 119
135 207
116 189
79 128
62 117
46 151
137 213
24 134
88 144
72 102
39 77
55 112
46 112
7 76
5 88
30 135
42 141
175 241
29 102
135 254
152 297
154 274
39 106
134 294
35 101
125 284
93 107
57 79
19 92
122 236
36 70
139 236
133 239
26 69
115 176
31 74
70 115
116 178
75 149
114 279
96 130
107 207
141 285
62 112
49 77
85 140
64 83
162 260
49 90
129 183
138 276
146 214
123 195
138 273
121 282
59 138
10 96
146 271
137 201
59 129
147 222
54 94
20 35
58 135
8 98
113 173
178 257
163 224
32 56
139 259
147 225
105 193
107 197
32 134
107 179
135 189
89 123
165 293
171 287
170 286
29 100
35 75
50 92
37 99
44 82
115 198
170 288
17 57
136 298
40 44
30 78
27 101
48 116
29 64
137 288
92 128
4 132
12 101
43 105
45 52
49 64
69 141
90 111
9 71
141 248
123 282
11 133
177 261
57 92
34 131
86 132
33 123
50 116
45 149
123 180
150 236
115 178
163 261
120 263
173 293
6 130
104 294
74 113
158 287
134 276
169 273
60 75
130 194
171 245
62 91
20 79
41 123
104 205
137 212
49 94
154 282
107 213
135 236
137 266
35 146
81 99
148 229
19 82
62 140
48 141
168 265
81 116
48 106
39 78
168 267
48 146
2 56
5 71
128 300
64 120
137 218
62 72
57 108
50 110
106 239
141 197
164 264
36 112
106 195
181 288
90 118
133 232
13 122
156 277
65 94
125 272
21 101
155 255
108 268
106 285
71 152
150 221
45 102
95 141
126 273
1 91
75 112
30 110
88 114
39 88
182 284
119 237
11 150
59 95
168 282
48 62
177 244
37 74
1 26
136 257
136 234
40 67
177 263
47 117
10 92
32 142
122 274
29 116
107 221
42 134
128 197
137 249
20 54
10 135
134 187
110 232
108 171
128 217
26 106
134 287
35 112
74 147
81 143
6 56
174 271
165 228
84 107
183 294
160 227
148 266
136 201
171 248
92 135
40 112
179 258
138 259
53 71
81 87
171 284
113 270
18 109
123 198
47 52
160 300
57 132
167 268
172 240
10 116
162 253
125 287
39 100
32 152
35 128
128 233
178 291
54 144
25 130
138 216
132 204
148 294
8 71
42 49
147 281
37 113
59 152
169 291
137 246
27 116
66 123
39 111
107 237
102 241
124 181
24 45
52 120
98 140
106 190
108 296
162 280
145 277
119 250
157 298
135 216
166 293
121 181
5 68
110 292
59 78
57 93
102 229
40 87
101 154
46 142
13 43
87 109
39 148
80 107
134 246
174 287
177 299
64 101
81 125
180 282
42 109
25 47
130 197
103 216
153 291
153 278
11 137
59 111
138 269
60 104
58 73
135 196
104 167
167 296
81 97
49 84
25 82
126 244
54 60
57 127
103 201
179 253
162 286
61 89
25 39
61 128
149 285
118 288
178 251
187 289
139 224
116 260
24 55
161 234
149 250
77 102
113 212
50 83
19 90
121 271
39 53
24 51
67 91
137 287
171 289
38 71
150 239
171 270
35 42
2 142
60 113
17 41
74 96
182 277
1 117
6 23
24 124
139 297
44 105
86 102
155 257
44 98
45 64
132 272
57 94
119 262
153 210
74 111
62 76
137 199
95 132
122 192
49 95
173 257
10 19
59 62
35 147
136 211
176 294
128 210
9 108
138 282
65 100
135 194
48 88
178 293
169 236
65 125
180 288
107 182
107 300
9 21
94 129
50 76
131 274
5 14
5 13
131 207
119 258
37 120
179 286
165 261
39 101
62 127
39 76
5 113
106 236
121 203
43 106
14 108
10 45
24 34
65 111
48 90
76 90
65 96
44 107
102 170
35 84
106 187
165 262
103 231
170 282
79 117
178 255
1 52
153 275
161 271
60 101
14 48
122 193
160 214
170 239
55 67
55 129
29 129
54 96
7 19
71 125
17 88
45 142
96 148
85 100
141 243
181 271
102 228
1 27
163 266
25 103
121 192
31 94
107 180
116 195
115 242
124 210
117 274
107 181
54 61
52 96
1 64
128 199
137 217
134 243
148 258
8 46
97 143
41 150
188 290
95 129
8 11
148 203
147 244
140 220
147 250
167 228
60 80
21 72
25 55
88 125
7 129
123 258
116 205
141 266
164 235
21 120
58 144
24 112
75 124
58 90
152 293
71 108
90 105
9 93
120 272
81 111
12 88
58 137
161 257
162 224
154 272
29 109
53 100
35 100
137 259
42 68
55 109
48 108
125 200
142 262
17 127
4 20
148 230
40 85
129 192
138 208
132 278
35 59
154 281
162 269
176 284
77 110
129 281
133 225
49 93
154 287
130 231
145 211
64 152
162 226
93 112
128 251
9 33
82 117
77 103
137 263
125 230
119 222
20 46
39 80
27 34
110 279
25 66
187 279
10 23
75 148
32 132
35 115
36 37
26 95
172 264
65 116
107 287
84 93
16 58
58 100
138 210
142 219
5 61
77 142
58 69
8 120
82 119
47 98
26 140
160 226
163 275
29 71
10 66
154 228
132 207
107 209
7 61
82 96
132 286
52 75
1 29
54 116
137 190
7 124
161 232
58 142
42 147
70 124
16 28
118 242
57 144
42 97
161 250
147 300
173 243
147 285
14 138
139 219
142 207
120 284
54 145
3 16
177 273
60 70
40 62
104 278
21 126
13 109
116 268
74 84
173 271
72 96
41 60
170 255
116 200
79 134
4 94
177 265
102 280
78 84
8 68
119 224
104 203
58 60
60 92
67 150
167 293
37 51
60 72
1 137
39 120
26 36
166 241
99 128
57 105
147 275
79 142
29 45
57 74
142 258
29 113
21 68
122 231
102 157
17 19
5 112
79 143
179 269
115 289
40 107
134 226
4 87
49 57
79 150
124 237
18 137
37 63
2 66
129 237
1 67
20 127
118 222
59 89
136 282
116 269
67 147
13 97
150 231
119 295
132 192
141 276
125 266
113 200
84 123
118 279
181 279
114 226
154 210
119 297
130 263
184 266
142 225
165 287
183 273
55 100
154 227
108 164
125 281
119 238
49 50
52 90
48 68
39 124
42 51
152 238
10 130
147 282
57 107
59 142
108 250
129 279
169 244
96 150
104 259
174 264
30 67
168 244
24 126
186 300
49 129
49 51
60 133
160 288
150 269
27 108
103 296
132 210
131 203
54 126
137 243
109 253
110 291
67 112
91 136
139 218
31 34
2 138
116 217
148 282
114 247
116 230
89 137
21 27
113 245
76 115
67 103
2 111
26 127
159 289
7 94
10 93
144 268
9 80
62 125
2 117
98 116
21 77
116 255
54 121
80 123
44 147
165 273
139 192
154 225
117 273
135 218
32 60
136 262
107 165
1 126
116 245
9 137
167 292
60 100
58 94
132 253
167 244
54 55
49 133
67 128
86 104
171 283
147 294
42 139
144 215
37 107
81 91
24 75
41 66
176 285
183 277
116 275
142 197
126 281
104 187
99 147
121 262
58 113
58 152
176 298
16 31
168 263
11 76
129 295
113 251
111 211
158 239
94 124
74 125
35 137
42 46
157 276
55 150
65 70
119 196
42 129
158 278
116 277
57 97
65 71
167 246
27 91
77 135
173 292
125 191
37 103
30 124
147 236
26 60
30 147
96 140
65 75
141 202
58 105
105 183
42 54
170 229
42 131
17 67
134 223
145 263
64 139
17 50
102 291
92 109
35 139
167 294
181 298
105 291
58 143
185 265
8 106
148 279
123 241
170 294
139 253
148 275
50 127
132 209
11 49
27 81
106 160
74 151
72 103
27 110
89 104
26 33
58 133
42 69
132 285
123 208
118 221
11 91
138 290
142 232
167 237
154 263
136 272
84 132
161 265
137 277
147 299
137 278
137 280
172 276
95 115
86 95
171 298
153 284
108 200
78 139
179 292
17 45
138 277
139 228
150 282
10 80
133 264
45 75
41 116
19 83
143 289
171 265
137 281
125 204
170 279
16 74
21 83
16 41
81 106
139 273
20 85
91 121
150 266
11 142
40 70
50 107
188 288
29 94
42 82
60 69
125 240
108 232
157 249
11 64
161 289
150 288
75 122
29 42
106 247
24 31
146 293
77 149
170 242
156 268
158 222
141 255
57 81
107 273
10 38
53 73
91 151
162 297
45 69
44 74
50 144
133 189
94 135
127 215
11 44
9 52
91 107
154 253
5 146
184 261
153 253
169 237
121 214
1 90
185 267
29 87
144 251
150 251
148 280
174 256
3 68
94 127
41 106
162 222
81 148
153 281
129 293
132 214
106 180
103 290
179 264
58 128
45 74
153 277
65 114
2 32
39 115
101 194
65 108
19 129
164 220
40 135
132 299
104 262
186 297
6 55
40 45
37 87
59 107
75 109
52 69
27 53
19 24
83 115
95 150
102 298
50 84
62 120
107 246
10 111
116 249
85 112
70 123
137 211
24 48
161 255
102 260
1 104
73 149
156 298
50 130
2 146
119 236
47 124
123 263
129 266
148 273
39 102
1 30
173 242
29 65
130 296
33 74
158 279
121 283
141 269
102 255
119 197
32 111
81 127
28 117
11 135
10 57
137 256
95 123
45 60
5 100
9 31
163 262
34 45
38 132
129 300
64 82
53 115
65 137
157 280
139 290
35 69
72 82
173 276
84 101
26 129
137 295
93 129
37 86
143 196
42 128
147 215
165 255
41 44
50 146
139 279
29 39
138 297
86 151
64 93
107 162
132 237
59 125
130 210
153 234
40 60
23 67
94 131
53 85
59 63
164 291
17 134
102 287
106 202
170 249
44 135
140 215
106 297
122 216
2 81
19 31
35 86
58 136
163 257
126 254
130 274
170 289
160 259
9 10
102 227
175 278
123 238
100 141
163 277
104 218
37 66
25 140
139 292
30 32
119 256
106 198
145 206
94 108
121 298
17 95
154 244
174 290
48 130
147 233
133 294
6 76
82 152
26 93
63 97
119 261
105 300
154 209
10 16
30 41
16 96
41 64
102 249
2 123
14 139
145 237
49 97
9 149
13 71
147 279
10 61
77 97
99 141
9 26
119 239
55 78
46 123
44 94
118 203
24 63
123 273
20 90
182 281
149 273
57 110
18 36
66 94
59 123
4 13
119 186
81 105
134 215
29 88
121 239
7 95
60 125
25 138
130 246
32 114
116 291
5 66
27 97
169 253
153 238
101 156
11 32
30 115
58 131
143 273
166 269
60 119
178 294
4 140
25 38
117 295
153 264
48 135
18 59
85 116
10 28
136 218
39 43
144 255
32 75
161 284
14 128
119 203
27 45
81 102
7 152
168 290
173 278
168 251
169 249
121 229
44 115
41 133
80 129
99 129
145 223
154 296
138 230
1 131
160 297
39 104
32 135
115 270
119 290
177 253
33 134
134 272
145 242
175 250
67 114
171 249
117 177
35 82
148 249
37 43
49 72
47 152
160 228
158 266
38 75
74 81
47 59
106 288
27 83
30 63
15 36
103 269
29 142
57 143
162 242
110 266
44 116
93 141
102 282
124 212
23 74
150 243
97 152
162 282
26 121
49 82
130 293
1 145
131 206
154 270
30 126
168 255
75 97
9 94
49 100
139 212
13 18
144 197
16 88
27 119
2 129
139 300
11 61
20 136
147 286
81 141
177 256
119 249
148 297
35 103
59 130
116 271
30 99
165 268
55 95
58 70
138 220
49 119
166 280
134 236
89 119
141 198
57 65
46 138
75 107
93 111
62 84
161 272
185 299
124 214
185 262
90 119
94 147
132 240
9 145
157 281
83 126
15 147
103 245
4 121
74 110
48 80
133 224
102 247
133 277
82 125
119 231
136 233
21 110
121 204
133 241
54 65
77 106
39 110
47 80
60 124
42 96
160 221
7 80
15 16
104 296
138 247
40 56
21 30
30 62
138 287
13 125
137 206
52 82
148 269
116 209
115 190
112 234
148 217
154 241
37 125
92 121
65 120
77 104
80 104
48 94
116 196
41 77
146 295
147 249
179 299
43 82
91 152
47 104
173 272
129 289
154 275
104 258
136 224
121 292
42 90
129 242
134 250
172 271
103 196
7 11
142 196
72 107
44 54
125 244
119 177
5 8
173 284
81 128
27 133
147 211
176 287
49 56
141 229
121 226
67 141
4 45
76 146
24 29
25 42
14 28
25 53
186 285
137 260
99 143
77 130
5 65
136 195
25 31
154 226
133 199
21 78
52 140
35 48
137 203
165 299
49 54
44 62
105 285
139 263
20 37
7 10
7 97
58 96
60 140
42 61
37 116
37 90
30 36
11 101
31 56
170 250
157 271
174 272
25 118
102 296
38 108
80 110
30 76
116 247
120 217
39 46
11 145
106 215
102 205
119 284
129 297
81 135
137 255
45 67
123 274
138 257
13 60
48 59
143 228
61 101
108 259
160 260
25 131
69 94
64 97
138 295
155 268
84 122
77 123
177 277
170 267
136 193
20 120
117 223
98 124
118 182
148 222
115 197
23 89
49 55
132 221
118 224
152 247
113 213
1 5
128 287
26 144
162 294
21 132
134 198
128 228
129 258
46 146
57 77
29 115
45 68
149 294
132 233
167 230
103 172
50 101
75 92
62 68
183 292
24 146
44 68
57 103
151 222
145 217
42 137
110 180
42 78
126 223
183 271
107 251
139 242
14 86
87 148
37 69
44 149
166 278
4 62
25 51
13 81
96 144
75 143
151 233
145 255
150 209
35 108
130 288
60 112
46 103
125 185
169 228
168 279
73 85
65 102
74 85
41 119
44 110
45 135
187 293
180 287
107 261
89 105
180 271
153 207
119 179
135 261
135 280
77 121
137 227
9 120
7 91
37 132
39 66
44 145
136 286
55 132
137 228
161 293
142 224
9 123
72 85
169 274
125 227
173 263
27 132
41 76
172 290
113 294
108 161
178 276
157 261
87 96
54 75
132 212
42 136
16 134
148 256
47 151
168 274
85 122
113 216
15 133
153 254
20 93
32 115
37 45
171 242
120 190
49 70
18 75
128 191
49 106
171 260
181 286
128 232
48 74
2 6
64 143
24 88
26 48
8 147
115 232
50 88
1 150
54 149
136 248
15 114
163 284
121 184
5 108
102 240
128 185
37 118
137 289
147 203
21 36
154 222
172 246
24 64
137 208
81 142
181 295
111 234
5 122
81 149
13 40
135 228
27 80
27 123
142 292
161 227
22 28
44 111
30 43
123 199
132 206
48 133
55 143
20 113
57 87
65 86
141 226
114 173
135 204
103 279
179 282
156 291
144 294
54 118
26 97
116 254
138 229
97 122
37 137
5 120
137 290
157 290
45 83
122 187
139 281
170 232
106 212
139 299
98 122
50 94
118 193
119 193
140 219
7 62
31 90
26 73
147 270
131 298
30 83
16 36
140 291
39 145
92 133
33 66
62 104
48 70
9 152
119 188
165 284
141 250
21 23
42 60
23 116
109 183
132 267
33 37
29 98
138 246
142 233
79 90
85 132
168 276
106 241
42 56
128 252
30 92
174 258
7 67
119 219
79 149
104 279
128 223
125 181
107 186
48 152
9 92
125 196
80 106
50 86
47 141
47 89
165 281
59 75
89 146
1 120
136 213
15 101
4 136
132 193
108 234
29 131
157 295
48 58
33 80
59 100
24 87
26 44
154 299
114 190
142 204
42 45
62 121
30 60
136 268
188 287
120 205
119 276
61 140
54 81
188 297
119 254
13 100
141 251
81 96
106 294
53 76
153 232
119 227
171 253
36 137
49 151
64 123
157 218
37 98
116 283
148 270
4 152
186 289
137 258
137 274
103 243
58 110
18 80
65 132
82 99
160 267
107 198
86 99
125 252
6 12
29 77
152 245
152 254
2 52
72 111
133 233
65 152
165 222
83 98
148 248
77 108
133 197
86 140
164 284
77 84
9 117
157 244
85 115
26 39
26 82
41 135
91 138
38 120
29 95
83 119
48 52
2 137
139 197
142 213
54 97
135 299
72 89
84 110
95 138
116 258
135 290
128 216
134 197
116 184
141 283
57 106
132 228
110 265
133 261
186 283
131 244
125 218
161 262
3 76
2 125
10 134
162 236
60 137
147 206
22 134
26 89
105 191
16 75
14 55
114 260
26 34
150 284
37 77
30 139
106 172
130 253
139 288
116 234
1 49
13 48
130 241
149 284
46 115
44 141
85 94
74 102
65 103
49 67
176 260
133 283
157 256
5 44
62 79
79 139
31 136
49 71
119 213
99 146
83 106
20 133
37 89
44 124
27 114
171 264
133 193
17 121
148 284
118 232
119 253
111 186
8 28
121 240
27 40
147 292
130 277
170 261
91 111
179 266
110 241
25 115
179 300
20 43
137 223
1 136
143 202
50 133
6 143
10 87
161 285
114 198
132 234
71 77
55 62
64 87
135 237
115 179
182 283
9 35
130 278
137 234
9 19
2 121
21 98
141 225
121 281
163 292
115 195
24 30
64 147
77 112
174 292
71 107
141 247
46 67
137 299
62 128
57 131
58 106
6 36
2 116
141 279
121 237
39 61
128 237
108 236
136 287
125 245
168 241
175 253
123 187
148 281
89 135
85 142
91 118
119 245
37 143
120 264
2 126
10 85
24 132
176 258
107 276
45 97
106 277
54 77
75 90
171 258
141 284
35 54
47 56
130 244
51 134
169 278
138 234
125 275
149 220
2 17
146 299
16 97
5 19
92 116
42 65
39 41
48 75
154 245
170 230
94 117
152 268
45 122
90 104
26 101
38 86
60 68
138 261
116 185
42 111
86 100
152 284
25 72
96 137
23 58
110 262
135 192
93 121
1 128
168 264
110 216
91 117
30 53
26 76
40 117
15 67
162 281
104 208
119 221
168 229
127 243
26 114
30 132
182 268
130 208
121 270
160 251
38 43
161 237
1 129
108 184
60 88
30 103
129 269
93 123
169 260
166 257
44 90
174 293
106 207
92 142
156 293
28 113
54 113
188 293
37 129
165 265
137 293
130 285
65 142
3 82
108 235
44 119
15 87
174 280
135 224
147 246
155 264
41 117
160 247
152 273
119 269
119 210
9 69
142 295
75 84
37 119
155 283
96 133
147 235
27 71
134 263
82 100
25 96
121 228
2 107
136 251
40 52
125 294
49 73
145 202
1 123
126 190
144 269
161 300
130 258
42 74
45 51
22 106
72 143
82 134
161 242
107 169
163 280
116 173
71 102
64 151
53 86
44 67
42 67
13 152
26 116
97 135
157 257
129 283
165 279
46 137
64 146
85 129
176 246
18 128
35 150
141 201
154 300
52 81
146 230
53 132
175 297
38 135
142 261
171 290
144 282
10 97
35 61
105 179
32 72
150 249
107 193
119 206
48 63
171 235
148 207
147 237
20 27
108 299
103 200
16 86
96 117
103 261
177 296
59 93
104 189
78 121
27 151
4 29
102 261
36 92
144 284
42 50
128 212
26 56
171 281
75 115
2 145
2 72
160 261
6 58
155 290
122 222
41 52
108 189
173 261
62 83
1 37
18 35
167 251
24 151
136 222
137 204
7 47
2 120
41 128
24 25
121 210
141 241
150 292
136 243
81 95
60 107
128 275
13 115
102 259
170 270
116 208
37 111
100 146
7 149
136 270
107 200
182 257
60 95
160 243
147 252
15 17
1 132
175 265
175 264
119 175
144 289
39 108
129 259
67 137
7 70
64 107
54 80
42 132
180 251
88 139
103 267
139 272
123 239
47 82
20 52
148 276
45 116
42 53
39 123
137 254
66 74
20 42
132 219
166 276
9 138
45 118
29 60
186 292
172 254
147 205
139 267
50 67
126 241
118 173
32 103
116 188
1 130
4 15
148 264
54 151
129 189
49 78
161 263
57 85
79 151
150 220
15 86
126 247
65 115
88 151
106 234
25 69
139 251
177 250
154 276
31 115
42 146
162 292
162 289
103 187
148 247
138 263
27 41
173 283
11 151
132 262
9 96
116 276
121 243
60 109
128 269
101 179
35 113
32 37
87 117
170 235
41 42
71 110
164 285
51 147
124 287
9 63
36 131
106 175
133 202
127 240
49 104
24 152
65 89
17 52
183 263
27 67
165 247
86 142
131 289
143 251
36 77
132 282
181 257
39 138
40 80
16 42
49 75
7 75
139 201
35 96
128 264
126 180
121 211
144 270
22 54
134 238
131 223
70 127
46 86
176 247
115 215
25 135
157 230
141 221
106 225
76 150
41 109
44 125
152 266
149 204
21 94
100 136
79 102
82 142
61 92
30 46
54 92
11 19
157 239
44 131
7 71
135 195
32 106
160 282
38 67
136 206
7 12
70 111
166 279
37 92
62 93
81 122
150 286
166 281
4 150
165 259
31 84
136 197
120 270
154 211
129 274
69 113
170 231
156 234
107 204
66 115
16 43
41 72
92 141
175 273
26 117
61 109
57 61
10 54
10 101
73 137
44 123
47 88
77 126
26 85
5 46
51 151
57 117
35 43
118 287
24 92
7 74
23 51
5 26
136 200
177 293
154 255
35 83
141 249
173 262
39 87
106 290
17 78
66 129
139 222
7 134
21 85
35 104
130 262
59 101
59 83
35 131
93 128
123 206
119 204
71 105
21 87
131 210
9 148
163 236
139 256
60 106
7 113
65 140
58 74
130 226
132 244
22 151
59 85
125 263
166 231
108 183
14 83
120 174
47 116
70 152
30 89
161 247
8 63
8 59
163 258
63 121
65 148
119 208
162 231
3 20
11 54
133 268
115 238
162 271
64 77
128 187
7 120
46 81
49 121
77 124
168 237
137 235
139 260
133 273
92 145
142 201
12 85
74 87
11 96
137 233
96 122
42 148
4 142
71 137
121 268
48 128
126 299
107 268
27 38
175 280
5 41
45 137
64 119
145 204
92 119
39 42
42 48
121 187
37 76
55 84
142 298
41 90
35 97
23 150
52 127
1 92
132 231
27 117
128 284
177 251
17 47
148 239
54 142
30 90
27 92
125 249
44 112
173 246
137 216
4 145
145 209
52 139
64 125
150 275
52 99
59 147
29 67
1 24
167 271
174 260
130 250
118 188
11 66
65 123
130 297
45 88
84 96
186 296
175 248
139 225
126 221
133 208
29 110
64 137
27 122
126 222
130 219
154 251
181 281
104 246
130 223
175 296
150 225
22 51
35 44
132 252
116 199
41 125
57 96
133 235
48 96
154 215
119 292
14 60
39 89
136 215
154 291
80 119
148 210
115 175
134 296
44 150
119 279
175 245
133 278
131 286
13 104
14 113
67 79
165 242
110 194
63 115
138 262
46 125
139 220
161 277
49 53
156 270
10 118
151 215
59 145
148 259
85 128
21 116
108 172
15 116
9 29
134 271
154 264
44 120
137 268
59 84
165 289
52 151
109 178
128 261
133 297
150 242
59 70
10 98
65 85
141 231
132 205
11 152
125 184
37 53
15 110
102 293
9 111
53 141
130 214
116 274
59 143
102 200
161 273
160 245
61 100
7 89
48 103
158 280
50 150
121 190
1 48
58 139
167 252
167 225
124 187
136 250
15 23
46 93
77 85
142 273
150 241
172 262
132 199
15 152
81 94
62 122
124 268
45 72
81 150
104 192
143 297
125 253
87 116
176 248
47 108
122 272
59 92
9 61
59 146
146 283
164 299
60 90
134 242
160 287
56 134
17 56
131 295
64 106
21 118
136 260
123 265
36 47
147 280
54 95
89 110
169 282
130 256
110 191
108 285
38 64
45 76
44 75
11 30
164 247
2 152
131 260
15 106
122 277
43 86
59 66
48 64
104 250
6 48
123 245
7 18
111 199
8 127
137 192
117 299
141 217
157 212
48 126
64 113
30 88
138 224
27 79
49 108
103 206
133 275
174 289
145 300
7 96
161 270
124 189
13 26
105 252
2 26
45 123
187 282
42 121
2 71
57 104
90 151
30 74
59 127
128 293
44 61
119 298
27 152
57 142
10 137
16 140
76 103
139 289
184 284
30 125
55 121
58 68
129 190
119 294
65 144
17 71
98 131
77 129
32 124
81 144
44 140
30 113
26 32
47 135
54 123
152 291
152 262
162 288
130 300
42 133
11 16
92 113
169 281
27 85
44 87
154 248
2 144
19 64
37 52
24 41
127 282
39 73
106 163
141 259
106 185
28 60
94 119
65 90
5 64
62 65
130 202
128 250
17 148
158 248
3 106
57 152
26 146
140 261
4 95
29 51
154 277
180 300
5 141
10 68
168 287
143 259
162 256
55 127
44 144
42 95
144 280
125 291
39 152
130 204
9 47
116 284
107 184
184 273
44 51
81 136
108 190
164 296
123 251
25 90
65 128
4 122
41 81
116 220
175 269
30 38
122 217
164 252
20 140
123 256
26 105
164 273
47 148
107 227
154 224
24 144
79 152
45 108
160 284
120 275
42 70
79 148
74 100
125 201
13 96
152 289
76 113
121 242
103 215
162 262
107 170
131 267
30 87
121 205
29 132
69 152
177 270
153 282
40 115
173 244
79 119
121 259
57 151
64 136
164 227
78 137
26 152
163 226
147 274
163 300
4 51
42 103
37 88
50 126
157 250
57 124
173 290
2 95
50 82
160 274
2 87
35 119
7 49
129 264
70 95
47 72
7 137
10 106
159 244
136 299
89 145
25 54
24 97
1 23
42 125
139 214
171 254
161 238
59 88
27 136
30 119
110 251
58 121
154 221
77 100
20 77
121 235
3 149
125 178
137 297
16 55
149 228
166 289
53 121
32 83
162 221
121 251
32 133
107 223
161 231
124 263
16 142
59 69
119 291
160 216
7 108
47 136
21 84
31 111
50 128
45 139
50 68
161 222
63 77
139 249
121 272
90 124
141 195
179 287
7 51
13 75
64 131
125 285
132 280
126 179
13 98
138 191
67 105
173 295
162 287
17 66
114 210
61 139
92 118
55 91
45 147
125 250
77 98
37 124
153 255
121 225
42 83
60 128
116 285
182 278
142 271
136 217
40 58
57 149
179 270
37 40
47 92
49 144
124 262
42 59
81 100
41 134
29 56
110 290
59 140
175 251
94 121
26 100
106 242
132 263
138 250
98 144
147 229
29 126
1 32
149 226
42 77
178 252
1 71
8 18
139 241
176 249
9 110
64 141
137 284
6 13
2 10
115 209
24 150
145 286
83 104
66 97
75 121
145 260
171 247
50 109
44 142
58 78
30 70
32 98
40 72
150 206
107 190
134 293
45 131
66 148
1 18
119 174
34 69
53 114
7 56
111 174
173 285
156 248
45 94
4 97
47 122
125 223
37 97
50 138
119 273
64 104
104 213
105 253
155 227
48 77
14 88
133 260
179 271
67 108
77 152
169 258
81 134
152 215
132 229
44 122
72 87
39 54
60 118
26 55
161 226
109 204
43 46
27 29
92 114
185 261
157 241
175 263
13 83
79 135
167 289
144 264
170 257
116 171
169 272
84 120
41 59
56 129
1 4
50 90
13 59
135 201
24 70
143 200
134 257
179 279
60 129
17 60
107 285
132 194
7 79
29 146
17 129
121 199
41 136
65 138
102 246
131 273
69 132
129 196
150 270
69 111
58 150
106 270
77 133
134 248
124 294
57 122
170 275
60 66
14 110
168 259
154 218
55 70
160 263
79 109
122 255
14 19
20 60
123 188
161 274
116 282
17 92
115 231
132 242
166 265
152 281
123 192
48 115
13 92
57 129
75 86
122 197
80 135
164 243
9 23
102 258
7 104
170 248
81 132
59 81
11 56
165 296
102 172
5 127
141 200
60 78
66 96
40 59
52 106
42 80
116 292
37 94
133 274
21 70
125 269
119 267
160 252
42 85
79 113
13 121
177 259
134 258
124 192
83 107
123 270
173 273
118 289
35 123
161 261
7 42
23 100
152 206
132 274
13 67
65 109
187 285
39 86
129 202
133 231
27 146
13 132
136 259
123 207
120 203
41 94
173 299
4 30
137 221
71 80
46 152
58 134
65 119
41 80
128 255
147 253
75 106
136 297
57 98
103 274
136 221
135 272
29 66
5 139
172 279
161 248
142 280
70 132
130 238
39 117
37 79
32 97
45 145
48 55
150 219
138 231
114 202
64 71
141 253
142 199
128 219
42 110
129 270
52 114
119 244
31 116
13 77
86 103
46 75
137 219
44 143
88 126
137 225
78 151
81 88
117 297
45 132
112 228
4 100
69 127
9 18
163 240
132 251
29 140
165 238
5 49
142 252
39 116
156 230
181 270
105 259
62 124
120 177
104 209
130 283
122 196
140 209
127 237
128 184
57 90
171 276
136 263
162 250
30 142
58 103
42 116
36 39
109 280
45 87
45 140
32 139
60 117
134 245
101 216
157 294
170 284
29 124
39 93
119 215
74 127
110 197
30 93
118 271
46 87
49 76
41 51
119 241
131 275
97 118
126 256
27 95
75 131
152 285
94 149
78 131
132 257
81 92
171 255
4 72
7 13
115 281
11 74
161 235
126 188
106 258
180 278
29 92
52 141
42 127
20 81
116 262
130 230
170 290
15 131
21 65
30 68
128 203
115 253
60 99
13 58
171 246
81 107
140 193
140 269
9 13
43 44
40 143
129 246
107 248
84 124
124 256
30 72
38 54
54 93
119 246
141 205
116 181
47 146
45 109
60 138
24 98
107 250
124 184
148 274
106 255
129 205
171 272
92 151
75 91
136 276
4 130
54 122
121 182
2 41
148 267
182 261
177 249
100 145
156 264
30 86
103 300
141 244
42 71
45 111
10 91
137 292
168 261
45 103
135 212
77 83
25 76
102 230
41 139
44 73
70 92
152 274
124 273
144 219
60 146
165 280
101 234
128 271
151 287
134 262
139 285
39 58
142 287
142 203
165 249
93 142
37 121
58 116
3 111
48 125
14 73
148 272
40 122
142 248
9 44
95 119
49 89
39 50
104 247
138 291
128 215
76 109
135 252
154 278
59 120
27 49
66 77
49 118
66 84
39 45
45 133
68 110
21 112
2 151
33 138
104 293
139 294
77 87
88 115
47 126
73 148
1 138
60 98
113 196
154 283
7 29
140 271
115 204
134 286
179 263
55 107
58 77
125 205
35 49
105 292
170 297
141 296
177 271
60 81
11 115
107 220
77 90
134 194
8 82
172 280
30 111
106 193
51 56
116 186
4 104
159 255
104 252
103 191
104 195
48 131
122 224
62 69
174 299
137 262
2 54
45 55
54 70
33 73
101 276
171 288
40 92
131 240
160 248
128 267
20 71
181 284
116 286
137 214
74 145
40 47
140 211
115 276
165 224
30 151
60 82
121 186
105 298
122 219
17 131
21 71
162 232
129 241
21 139
152 257
121 179
107 214
158 293
81 121
14 66
13 136
60 136
2 16
41 65
24 149
43 147
7 35
35 80
64 149
28 95
6 111
160 242
52 101
44 101
49 117
61 88
62 135
149 257
128 242
154 207
171 280
123 268
105 280
34 127
102 281
47 58
45 61
148 233
15 63
116 293
47 138
9 20
141 232
108 211
115 282
106 199
23 52
2 62
10 152
148 227
175 276
116 287
148 253
14 101
30 71
81 146
10 52
124 272
2 55
54 83
4 26
21 140
130 196
105 164
64 80
80 133
64 95
175 275
123 200
1 84
116 172
91 140
8 36
141 268
113 297
41 129
26 132
161 259
105 289
147 223
142 205
154 258
153 245
1 103
83 113
65 139
108 283
118 285
40 150
37 130
116 256
123 243
78 99
183 299
116 191
15 69
31 140
106 284
139 275
48 136
140 273
10 15
129 288
118 194
35 45
97 115
187 298
6 44
104 261
102 269
70 139
95 122
55 138
137 267
58 97
44 50
139 196
65 72
140 227
167 259
107 199
53 122
44 92
148 285
17 27
174 288
106 291
37 127
40 48
46 100
47 99
3 114
48 112
1 74
52 93
165 237
49 61
129 225
148 271
5 78
130 224
106 292
54 133
106 286
108 243
35 111
177 292
103 270
4 128
39 135
71 120
148 291
160 281
138 218
134 254
40 102
5 76
51 146
182 295
125 298
81 110
106 235
105 203
7 127
53 113
141 287
146 200
37 114
2 43
168 252
29 121
27 93
14 67
152 249
29 125
125 254
121 260
137 207
64 128
114 273
140 263
12 100
72 116
2 13
165 263
10 76
137 197
132 222
44 146
101 157
165 246
147 271
35 55
49 112
9 68
153 285
9 97
52 58
32 90
113 176
8 86
2 130
131 269
166 294
44 55
25 152
60 91
182 274
17 82
62 149
49 83
150 276
19 140
106 268
137 300
168 298
104 224
107 235
72 88
7 73
153 224
39 127
24 90
17 132
47 50
45 81
139 199
133 258
131 251
156 300
138 235
108 194
142 282
169 246
91 123
1 118
121 276
24 72
9 57
46 143
153 257
54 63
128 241
29 134
4 125
105 224
13 106
137 195
88 107
87 139
1 139
11 63
30 133
134 290
154 259
139 258
104 221
47 90
152 217
24 131
13 44
148 220
115 193
173 275
31 127
142 254
52 115
123 229
123 177
23 76
123 220
169 271
134 300
69 102
121 294
2 27
174 279
26 103
146 269
42 142
103 237
22 34
147 251
137 210
113 210
21 76
159 285
41 47
36 138
131 262
152 219
136 273
37 80
59 115
10 34
150 285
7 14
9 86
11 122
107 281
54 79
6 116
126 289
30 104
134 268
168 295
78 101
173 288
118 270
166 271
170 299
57 84
116 174
80 124
130 207
7 138
130 205
27 69
30 65
124 245
47 129
132 217
147 257
10 120
75 113
27 94
142 221
50 139
79 89
2 61
36 61
122 223
116 212
154 220
49 110
182 280
178 272
135 250
137 244
61 151
38 85
62 70
103 242
126 242
4 137
134 281
7 145
102 158
108 214
105 226
146 236
24 27
7 83
27 31
49 142
118 274
26 128
136 202
165 297
148 252
5 51
7 92
65 78
58 62
142 300
106 184
110 277
177 272
91 113
104 176
104 180
148 202
104 214
20 89
104 239
145 247
137 265
62 77
55 147
115 173
24 145
144 292
179 249
141 214
63 142
102 187
152 210
129 268
170 244
100 132
148 211
25 35
141 222
74 133
145 271
91 120
124 275
185 300
59 73
32 117
25 151
103 180
35 73
13 93
147 258
7 118
79 116
148 205
62 105
40 136
148 214
44 57
126 205
3 147
183 284
140 297
57 102
17 147
142 259
1 97
158 229
134 196
126 258
125 264
117 277
12 65
116 266
27 147
139 262
110 289
86 125
175 261
128 240
115 217
134 299
77 86
132 265
104 299
115 277
126 230
28 123
9 66
53 133
30 118
3 112
157 219
1 3
153 262
134 298
133 215
123 182
179 268
45 99
128 194
170 240
15 73
21 57
127 268
41 148
64 86
5 39
147 260
29 106
39 71
17 63
136 209
9 113
137 237
107 245
81 120
92 117
95 136
141 236
147 269
25 81
136 292
166 286
182 265
54 84
116 211
49 139
174 245
53 134
178 250
164 263
119 286
118 262
102 226
116 214
139 204
60 96
26 80
48 92
106 213
135 286
35 114
142 272
139 282
130 267
157 262
116 250
93 124
174 286
172 243
150 228
1 151
35 40
135 193
134 283
49 109
35 127
148 293
6 133
5 116
1 19
142 237
130 289
120 242
1 141
11 28
9 54
53 97
48 66
107 282
82 97
119 242
38 63
173 267
4 37
5 147
122 297
172 272
54 87
5 118
143 221
63 105
177 300
104 200
162 278
131 249
105 288
115 290
26 86
160 253
14 45
178 275
148 209
24 119
168 278
49 65
101 184
118 260
16 38
44 133
26 131
79 105
161 229
141 256
139 200
26 122
127 284
35 109
52 108
156 297
37 133
156 223
42 99
153 212
18 116
45 95
12 34
14 122
84 114
145 205
41 121
55 82
13 110
102 198
54 76
110 257
61 82
26 149
108 181
111 240
148 244
165 275
42 47
24 35
104 245
25 112
125 208
139 291
159 277
124 280
177 285
12 148
136 225
129 231
38 76
48 83
152 207
125 209
5 85
135 198
24 42
32 138
128 204
2 100
67 113
131 258
134 208
29 54
25 70
58 108
14 81
59 118
59 90
168 286
160 233
24 65
162 263
62 138
129 224
39 141
42 101
154 250
175 282
118 212
157 243
104 166
153 274
125 180
156 225
161 283
60 131
39 60
142 198
160 280
121 273
91 134
58 117
11 38
17 70
137 294
128 263
187 288
4 135
39 114
151 211
13 62
48 95
138 258
98 149
134 225
2 128
26 91
4 126
77 147
102 221
71 148
115 230
129 247
153 235
59 67
27 47
176 276
17 37
5 119
29 122
49 62
48 69
149 207
19 74
5 136
148 292
84 98
165 256
119 251
48 119
154 267
64 144
121 261
134 188
142 234
14 25
45 85
151 248
131 285
107 206
96 115
187 295
27 128
49 122
48 54
101 207
1 66
47 75
112 177
118 286
7 109
25 74
108 166
139 269
29 53
34 136
124 261
170 271
118 233
161 233
165 223
134 202
107 164
173 268
177 294
124 196
183 264
142 208
106 231
24 130
64 114
161 224
23 79
173 289
54 90
125 211
137 248
171 257
11 105
79 145
1 41
7 53
130 275
130 239
35 50
82 131
174 295
21 107
1 50
40 123
2 101
60 141
104 290
130 186
42 144
5 60
81 101
139 298
54 146
58 81
8 57
131 193
123 253
69 107
168 268
31 59
108 298
136 245
141 282
99 130
101 199
40 78
28 73
123 191
120 210
10 22
54 124
125 187
118 273
104 248
46 94
132 298
149 267
143 220
60 64
37 93
165 231
42 93
39 133
97 146
185 286
46 120
34 54
41 114
114 258
125 217
10 27
25 87
128 298
165 292
72 134
96 116
54 143
110 281
145 295
130 232
139 232
64 102
144 221
60 97
138 298
133 188
52 88
44 132
71 104
121 241
37 152
76 148
150 250
129 222
53 72
65 127
69 84
164 300
60 110
54 129
39 129
54 127
59 151
161 223
17 119
33 98
106 240
106 272
165 234
11 134
84 135
11 129
4 85
57 111
173 253
31 146
44 49
27 129
20 119
15 72
35 134
106 223
184 275
65 146
1 93
157 269
49 143
170 296
27 102
130 268
86 137
168 271
102 273
128 289
24 49
138 241
60 148
123 215
8 54
114 167
134 285
66 120
62 74
84 109
104 253
35 133
157 267
54 103
132 276
33 53
32 151
144 273
128 288
161 240
57 114
114 240
106 273
136 253
137 270
13 108
27 63
29 74
50 115
100 147
150 214
147 262
16 117
76 106
17 58
85 117
104 277
86 123
187 297
41 61
4 61
9 27
74 139
128 234
131 247
52 133
17 59
139 237
128 257
49 146
9 139
71 129
62 87
188 294
125 241
102 238
154 285
130 290
103 193
2 7
137 239
37 109
20 122
146 228
81 130
142 255
26 81
171 244
171 256
147 240
87 130
42 120
42 114
44 78
81 109
117 290
125 242
145 219
2 38
172 241
35 129
102 162
125 231
49 126
122 294
4 17
58 92
131 188
52 67
9 14
4 119
150 283
110 206
107 242
25 29
186 294
56 105
65 124
15 141
136 238
149 253
152 259
167 245
120 250
141 274
9 42
115 249
31 71
25 64
60 123
51 59
130 260
66 112
33 39
136 207
133 289
175 283
130 243
123 244
47 48
82 101
124 218
133 227
172 293
45 119
136 269
27 112
128 277
146 292
2 131
125 213
58 83
118 264
37 101
184 260
133 259
123 230
169 259
32 39
30 144
84 118
53 96
49 124
107 233
137 209
136 289
157 254
118 210
102 256
165 233
125 228
54 128
175 291
103 160
1 16
102 219
9 125
77 99
20 100
41 152
69 99
44 66
58 88
15 94
105 214
147 248
45 136
152 227
37 81
50 105
50 74
54 108
106 169
106 249
150 260
128 226
116 201
54 130
131 284
133 253
186 290
91 149
124 282
128 245
110 208
168 236
174 278
164 234
39 79
7 112
70 106
80 131
59 79
137 279
161 288
5 35
67 107
47 144
106 214
187 291
123 297
129 193
165 260
30 42
101 253
169 227
8 29
3 78
10 75
69 138
2 132
49 138
173 247
4 42
131 282
136 283
139 223
160 256
166 254
13 34
162 233
48 121
29 33
29 52
125 261
95 134
150 237
35 46
176 293
124 191
31 150
77 137
157 226
102 168
121 227
151 223
17 43
115 261
173 260
151 300
40 103
166 300
38 129
65 141
4 48
160 296
46 122
129 261
27 58
176 275
121 284
141 208
47 102
48 91
1 101
9 109
58 115
35 52
108 292
11 14
33 106
108 205
37 91
36 96
167 267
135 244
153 270
104 206
176 295
42 43
116 222
130 266
183 295
135 270
10 133
29 133
136 249
21 128
137 230
104 183
135 293
115 189
116 193
68 136
154 242
49 91
35 152
69 103
13 65
70 118
173 241
167 280
77 120
79 101
170 291
150 287
128 214
146 207
11 57
153 227
131 280
7 39
41 95
20 50
139 245
59 86
38 44
161 243
171 252
35 91
41 56
83 136
136 271
119 199
153 295
139 246
20 138
103 194
27 50
106 282
179 295
24 66
167 254
137 298
125 258
26 109
5 82
27 143
6 148
39 96
108 261
164 238
86 146
167 273
42 92
29 73
74 103
161 225
88 128
162 264
161 278
5 151
182 288
32 86
44 71
131 194
24 78
7 116
161 246
128 205
14 35
2 75
106 224
165 226
176 281
29 61
161 228
134 252
117 182
68 145
143 267
116 180
131 246
119 233
154 298
148 234
173 254
153 283
123 271
81 115
170 274
147 213
35 102
76 130
18 48
119 240
49 147
29 50
160 236
30 80
42 58
131 226
135 294
13 31
14 31
23 57
119 217
137 257
104 220
13 22
171 295
130 282
41 86
27 44
148 257
53 64
128 206
41 126
125 238
129 284
142 244
46 59
44 60
128 259
170 292
141 216
100 149
127 219
138 205
115 216
125 234
134 237
172 295
148 288
25 59
148 298
132 273
173 298
21 59
62 67
132 291
131 200
46 136
35 39
133 187
138 266
67 97
40 98
26 134
175 262
49 149
106 182
143 264
141 290
57 73
74 118
55 111
161 216
161 299
120 244
107 222
133 293
17 91
129 182
110 183
108 254
142 266
29 44
69 82
162 300
26 96
148 263
3 51
171 273
30 85
60 77
142 210
46 117
65 118
147 210
62 75
79 123
136 229
116 221
145 257
134 249
124 183
176 271
64 122
134 264
104 236
126 239
49 68
125 276
85 135
30 73
11 87
176 289
42 86
103 287
40 137
147 242
131 245
102 188
90 149
37 96
135 249
14 103
14 16
168 293
104 238
124 188
175 292
135 246
129 248
129 276
45 49
107 240
1 107
131 225
86 145
132 288
121 247
1 55
68 151
138 270
120 213
77 95
79 91
115 225
161 276
106 217
9 62
25 65
50 96
29 69
148 246
117 193
21 111
131 296
37 140
142 297
104 191
7 21
58 66
106 237
58 118
135 259
13 148
116 232
168 234
55 133
103 182
177 287
29 34
65 91
147 291
89 139
4 143
145 252
60 74
138 232
35 151
29 117
48 49
33 119
37 131
146 212
176 272
127 198
123 196
178 283
20 74
30 40
30 105
51 77
137 272
156 232
37 61
70 90
19 101
157 217
143 269
T 214 8
T 81 98
T 192 151
P 126
P 110
P 3
T 63 123
T 234 53
P 47
P 222
T 260 263
P 228
P 272
P 92
T 126 287
T 225 34
T 132 269
T 232 219
T 101 117
T 227 276
T 77 256
T 67 145
T 115 1
T 228 49
P 59
T 92 193
T 53 300
T 104 164
P 127
P 162
P 289
P 249
T 263 103
P 151
P 239
P 58
P 89
P 12
P 81
T 296 228
T 185 215
T 274 195
P 74
T 212 87
T 90 170
T 300 297
P 207
T 44 12
P 124
P 23
T 96 192
T 133 64
P 195
T 235 219
T 84 277
P 181
P 57
T 18 76
P 69
T 188 289
T 248 6
T 288 74
T 32 79
P 211
T 49 283
T 188 273
T 73 143
P 103
P 249
T 80 30
P 83
P 250
P 26
T 176 281
P 187
T 110 84
P 87
T 271 26
T 221 226
T 254 171
T 14 100
P 225
P 279
T 168 82
T 137 86
T 109 199
T 140 52
P 231
P 8
T 154 190
T 287 51
P 242
T 43 7
P 2
T 16 46
T 176 32
P 118
P 62
T 48 109
T 299 23
P 258
T 50 41
P 178
P 53
P 236
P 209
P 56
P 175
T 126 259
P 135
T 104 263
T 264 8
T 134 51
T 6 111
P 212
T 1 296
T 65 79
T 271 78
T 243 36
P 212
P 260
T 189 94
T 167 235
T 286 60
P 173
T 165 112
P 192
T 39 35
P 235
T 172 257
T 7 167
P 110
T 299 67
T 249 81
T 185 238
T 146 80
T 128 70
P 275
P 131
P 262
P 292
P 62
T 212 195
P 37
P 84
T 223 158
P 297
T 40 92
T 136 215
P 247
T 281 192
P 148
T 19 30
P 175
P 95
T 101 223
T 121 284
T 220 193
T 287 114
T 128 190
P 266
T 71 72
T 176 178
T 143 219
T 118 265
T 40 58
T 215 155
P 255
T 33 23
T 284 181
T 211 239
P 76
T 218 249
T 16 57
T 67 192
T 106 47
P 226
T 180 245
T 93 276
T 179 259
P 67
P 52
P 172
P 90
P 128
T 189 291
T 6 211
T 228 66
P 186
P 104
T 91 131
T 28 190
P 3
T 80 1
P 119
P 143
T 44 185
T 154 196
T 232 155
P 13
P 109
P 290
T 267 298
T 109 299
P 223
P 192
P 50
T 75 182
T 37 127
T 286 39
P 153
T 157 291
T 47 197
P 282
T 99 284
T 32 47
T 56 130
T 241 100
P 186
P 10
P 148
T 88 233
T 257 212
P 174
P 133
P 154
T 67 219
P 13
T 215 238
P 27
P 39
T 35 250
P 138
P 68
P 126
P 160
P 181
P 237
T 146 235
P 270
P 216
T 255 30
P 262
P 254
T 256 245
T 213 181
T 263 11
T 200 18
P 83
T 63 15
T 255 51
P 40
P 157
T 186 75
P 215
P 264
T 24 219
P 124
T 93 97
P 222
T 169 188
T 48 9
P 189
P 263
P 24
T 90 268
T 90 205
T 179 65
P 75
T 283 97
P 175
T 259 58
T 161 117
P 93
T 117 107
P 151
P 129
P 91
P 31
P 197
T 96 46
T 161 20
P 81
P 222
T 216 117
T 82 89
P 161
P 34
T 203 14
T 90 46
P 156
T 246 127
T 257 183
T 278 89
T 132 62
P 39
T 284 55
T 206 141
P 264
T 115 192
T 180 278
T 168 234
T 99 243
T 165 215
P 69
T 291 254
P 102
T 188 56
P 72
P 241
P 67
P 223
T 100 185
T 106 141
T 21 167
P 7
T 163 294
P 161
T 74 123
T 223 265
T 83 207
T 229 280
P 271
T 145 276
P 186
P 85
T 258 211
T 105 71
T 147 225
T 218 297
T 136 267
P 138
P 177
P 9
T 120 201
T 37 118
T 174 240
P 112
T 28 19
T 170 24
P 145
T 26 198
P 30
P 84
P 221
P 124
P 293
P 54
P 230
P 218
