300 10191 350
16 65 85 100 13 90 22 47 51 83 90 7 26 9 25 8 94 40 91 9 99 24 84 39 70 16 58 96 51 27 48 98 80 2 49 6 12 52 71 81 17 54 1 48 27 82 48 71 24 39 74 95 52 14 18 48 13 40 83 48 74 91 26 51 19 80 64 74 1 36 21 85 2 55 97 40 38 14 12 88 67 99 59 87 54 50 66 62 44 31 83 7 50 71 100 80 99 48 51 18 64 96 94 81 9 36 14 33 39 50 11 15 38 64 94 49 59 20 60 95 63 34 31 88 31 27 32 73 39 10 100 14 79 6 19 93 46 65 68 10 23 7 90 93 68 78 85 74 3 27 99 81 36 52 2 29 84 56 31 35 62 84 26 35 3 70 2 75 88 4 8 37 98 31 79 83 23 92 22 64 91 42 91 26 14 69 9 21 2 61 61 46 55 91 92 17 9 7 35 71 29 51 12 91 34 17 89 90 57 33 57 69 29 41 20 89 44 18 99 11 58 93 7 61 81 19 55 23 96 77 88 27 35 45 52 35 45 86 69 94 40 57 49 73 90 87 28 19 16 56 89 43 50 45 90 87 36 91 12 58 50 52 77 2 28 91 20 29 46 28 43 25 23 94 77 36 46 80 99 27 4 42 38 49 62 94 46 33 47 24 19 11 23 81 66 93 16 80 71 8
62 114
74 284
117 274
168 265
148 262
57 120
16 101
37 39
93 282
132 279
139 277
8 125
135 285
106 253
131 220
17 21
2 16
139 233
18 82
167 296
118 229
64 98
57 104
77 201
40 62
155 283
15 102
83 278
147 257
49 105
131 284
107 252
124 242
25 60
119 238
34 57
93 187
57 132
116 188
23 67
41 120
13 42
20 99
133 281
9 131
143 246
83 207
108 198
48 121
5 59
48 75
162 273
102 217
8 121
122 283
151 263
123 264
121 251
121 226
125 282
88 235
46 125
135 236
83 275
68 118
70 220
91 266
78 253
77 168
80 154
152 283
154 255
19 57
123 280
165 278
110 218
87 242
46 117
4 58
18 89
26 132
120 244
1 54
42 102
150 263
48 92
28 132
76 285
24 91
11 43
24 118
148 217
98 210
56 128
57 87
43 113
153 255
158 298
123 237
110 293
134 234
30 41
46 132
128 238
157 246
104 190
3 103
128 275
18 133
147 264
3 116
2 23
69 134
103 299
14 35
74 160
131 260
111 286
79 204
146 214
142 241
6 125
115 221
48 103
36 41
42 89
89 169
29 42
168 284
89 171
83 178
31 65
74 271
29 51
6 105
84 180
55 100
166 264
91 281
86 209
105 211
149 279
158 240
5 41
139 256
132 243
73 265
83 162
35 105
87 227
38 133
92 232
154 248
87 277
144 294
102 197
38 94
3 43
145 269
114 206
132 277
21 86
54 110
90 219
11 26
100 223
99 293
145 261
44 122
14 21
154 271
81 266
52 67
139 266
69 107
68 103
18 120
51 106
86 159
141 249
22 61
46 131
145 227
9 115
52 93
27 70
146 231
5 98
8 119
83 170
82 277
157 291
117 195
29 62
60 97
52 77
13 19
102 293
130 220
16 115
45 122
151 258
83 203
50 68
103 293
134 258
40 89
66 94
28 102
7 58
7 112
80 300
2 50
51 114
82 175
19 133
30 33
103 244
9 99
167 255
83 265
131 218
23 125
31 59
17 27
157 266
37 83
125 222
17 120
44 77
71 185
108 232
18 95
128 209
21 99
43 57
142 235
134 273
133 204
134 200
162 267
112 262
112 245
73 284
123 225
131 267
109 224
154 254
7 46
61 89
149 274
89 182
82 183
35 66
124 255
43 82
18 114
53 77
137 262
67 112
43 110
156 290
13 43
92 293
79 245
67 116
18 66
37 91
159 272
74 280
124 286
9 97
71 138
93 239
110 288
12 101
144 254
41 62
25 118
4 100
34 98
115 283
37 56
5 64
81 164
16 104
150 248
123 199
107 260
85 178
62 94
47 111
64 104
98 262
107 275
19 77
31 44
41 59
18 92
9 92
132 230
52 92
47 53
110 255
64 131
106 218
136 258
149 273
126 251
160 289
3 86
100 185
116 196
21 35
103 224
105 293
45 102
99 280
24 106
77 261
157 285
108 282
109 204
89 223
94 288
122 287
120 298
108 200
142 267
122 200
141 286
146 233
155 290
78 278
20 121
136 293
53 121
130 275
147 293
144 243
106 244
16 78
35 78
79 216
72 235
84 154
137 209
148 231
125 279
96 291
166 286
103 178
110 182
88 264
150 284
29 105
45 120
154 288
87 295
74 217
137 280
160 275
23 88
82 245
163 286
76 263
46 61
24 36
121 273
95 165
43 97
71 251
50 120
9 117
156 255
102 299
142 285
45 80
121 192
108 261
48 64
126 216
128 260
63 129
143 288
83 211
137 277
31 120
81 178
146 268
140 277
132 253
40 55
4 67
68 121
125 285
128 201
123 290
165 289
86 227
59 74
74 243
46 54
165 247
29 93
66 100
129 260
123 235
161 246
3 93
96 206
32 77
150 237
101 239
45 86
110 225
104 275
158 268
31 32
78 236
128 271
133 254
121 289
157 238
109 227
76 246
98 233
150 251
43 105
37 52
124 224
126 236
140 217
6 7
106 254
55 86
152 261
89 284
106 274
76 189
54 117
80 169
84 191
144 258
145 224
75 233
89 173
36 62
129 242
66 114
160 257
68 111
56 121
67 119
74 185
40 77
47 108
17 107
75 189
149 227
164 300
150 281
108 201
90 267
67 98
53 67
3 49
54 107
100 200
102 206
158 292
31 45
12 50
103 234
130 206
8 87
166 259
72 267
3 95
12 134
39 67
26 90
162 241
60 126
36 125
136 224
36 75
40 124
105 267
49 58
32 103
158 253
64 90
83 230
5 17
108 277
116 276
30 108
26 115
86 290
21 73
54 105
46 115
40 71
20 28
53 89
11 16
56 104
163 264
5 52
16 91
10 82
129 265
115 184
1 55
10 11
25 62
6 116
94 170
76 145
91 200
81 223
139 253
17 53
87 190
53 125
43 122
142 237
30 101
31 112
47 72
1 17
154 286
116 214
44 110
161 254
124 274
145 230
46 129
70 281
137 261
21 81
37 59
119 209
108 218
148 227
60 110
50 57
66 103
2 24
20 67
66 131
102 242
50 116
32 46
80 160
145 226
44 80
155 257
156 256
74 193
6 12
120 269
97 252
124 268
61 107
67 104
1 97
167 280
34 111
148 281
37 73
39 102
143 285
57 93
76 182
119 229
141 218
60 88
52 115
22 67
43 99
122 237
142 220
10 93
63 80
17 48
30 45
103 253
164 251
7 121
67 101
3 83
36 105
89 184
112 195
24 62
120 236
110 208
100 212
134 296
99 212
5 46
68 102
128 243
40 88
91 169
103 210
26 92
167 268
2 57
75 293
2 25
10 18
136 231
94 187
106 265
79 175
152 254
36 78
79 166
139 215
102 297
162 292
6 101
125 266
37 108
94 179
19 52
46 99
36 72
70 168
9 109
14 74
137 240
109 266
26 105
71 219
61 97
152 251
165 273
127 250
82 153
102 202
167 281
110 192
161 239
88 230
143 295
162 257
121 227
144 269
105 183
63 78
133 248
9 29
68 110
131 207
83 221
3 75
160 245
139 252
10 122
46 56
130 298
95 183
108 254
58 84
77 253
168 266
60 98
74 216
146 234
26 111
34 93
25 45
155 240
76 158
98 214
104 214
84 213
27 128
11 48
67 95
17 132
34 75
2 133
138 236
29 133
71 146
99 231
63 108
161 262
38 41
85 219
139 229
146 300
146 270
6 19
41 90
14 80
150 259
50 70
143 215
144 284
122 290
145 239
104 217
24 75
9 116
104 287
122 190
64 108
147 281
109 296
98 217
77 270
119 191
8 10
75 272
2 54
13 73
100 246
75 286
150 224
113 193
133 267
91 201
100 291
71 255
121 212
40 101
35 72
94 228
78 186
80 241
145 254
87 258
73 226
93 232
41 121
105 254
127 262
148 260
13 126
121 200
121 216
101 244
71 159
46 80
75 186
70 273
148 295
132 272
135 253
142 228
2 120
134 201
14 73
131 290
1 98
112 239
10 43
43 81
57 129
61 133
59 118
114 276
71 212
112 243
18 72
139 290
76 252
107 203
113 187
98 245
139 210
140 259
74 236
124 267
82 209
151 238
24 83
157 243
154 234
155 264
167 288
142 275
16 64
84 247
163 249
85 244
33 109
46 119
114 256
116 272
33 104
113 200
97 209
66 117
107 220
100 195
100 204
26 88
88 260
28 114
43 130
101 281
51 68
96 290
133 258
67 100
102 248
138 252
81 229
15 80
50 133
52 83
38 51
69 113
29 53
12 56
31 84
74 208
11 93
146 266
138 279
132 262
33 123
106 255
144 245
123 230
45 73
17 112
44 84
78 174
103 169
158 270
82 211
30 57
25 87
142 300
59 127
73 244
91 262
7 93
90 217
128 251
28 34
19 50
121 257
122 211
18 57
91 215
59 117
53 66
71 245
74 274
44 97
15 70
136 226
108 195
8 53
26 27
150 255
161 257
54 74
55 77
144 281
53 96
94 280
121 244
49 89
149 234
107 190
138 205
98 182
145 279
44 67
91 206
60 87
167 299
2 122
3 20
21 82
70 150
82 251
124 250
97 170
77 251
135 287
71 258
146 232
74 259
46 58
55 90
82 160
3 132
8 69
150 286
155 296
13 37
2 126
98 190
134 223
111 293
120 206
94 236
133 282
38 130
148 238
89 199
80 230
39 112
30 109
75 197
24 131
120 257
34 128
11 79
72 218
88 171
80 234
32 60
108 186
45 134
134 255
40 132
76 230
139 249
126 194
20 74
17 125
26 43
37 112
135 222
132 233
19 113
134 236
31 35
55 73
124 212
154 250
102 276
108 244
75 251
13 117
132 237
148 246
82 287
69 105
115 290
163 266
146 284
10 96
149 253
140 300
47 133
13 29
18 30
120 289
100 173
57 75
154 280
111 185
112 266
72 175
96 207
31 43
107 196
30 102
128 208
64 91
38 124
30 88
28 90
166 290
25 57
60 79
97 225
10 134
106 298
5 81
150 232
117 186
29 97
96 218
149 299
80 221
106 296
97 189
56 117
69 100
136 223
11 127
137 296
6 89
113 231
44 98
12 15
135 286
128 278
124 289
19 112
97 273
141 207
28 71
164 274
119 270
127 293
60 77
34 78
88 201
70 236
125 259
108 214
108 236
28 84
125 206
50 83
76 216
44 51
19 41
29 114
129 202
11 52
44 78
26 72
144 217
116 199
62 133
154 258
148 257
3 22
99 240
2 36
141 247
18 65
49 119
120 270
110 181
56 134
113 237
16 54
62 132
2 72
5 29
99 267
43 56
142 284
16 112
156 237
57 77
113 252
61 127
128 239
20 90
28 101
124 241
70 199
103 171
44 76
115 288
4 128
63 82
78 164
100 271
79 189
113 278
53 90
136 299
8 93
43 104
142 239
89 249
50 87
129 292
44 127
114 227
14 99
90 291
166 277
120 196
35 102
71 226
92 289
62 116
156 293
149 281
123 210
49 56
59 106
70 249
31 133
93 246
110 246
110 229
159 262
21 56
64 126
22 119
115 280
48 97
109 293
40 51
46 91
32 134
120 239
15 85
43 101
31 122
93 273
46 107
93 194
49 67
153 267
167 286
135 265
48 131
130 232
21 50
102 181
150 233
49 64
7 83
78 249
137 287
143 249
110 272
29 129
149 291
23 77
113 281
93 253
75 163
21 83
45 58
26 78
111 218
8 84
123 288
28 113
128 231
81 283
58 111
8 91
6 108
167 285
127 198
4 134
127 292
139 297
146 280
132 249
87 254
65 109
137 284
85 211
4 8
16 73
109 251
134 207
17 130
108 269
100 279
138 256
56 88
34 67
107 255
34 117
2 21
94 265
8 117
57 125
55 121
140 288
143 238
74 154
107 189
155 278
135 219
144 230
17 106
142 236
16 60
138 276
114 298
84 236
24 66
91 293
164 297
11 95
7 123
140 254
55 108
44 95
17 60
141 260
105 175
94 165
31 114
133 284
7 14
126 291
13 18
154 240
75 271
58 105
121 236
43 58
89 287
120 187
40 93
44 90
139 207
139 288
156 281
98 188
88 262
115 187
76 295
166 300
97 185
36 58
121 223
28 79
84 155
122 221
119 200
26 67
38 64
3 25
109 201
18 45
152 248
22 25
113 209
18 110
86 238
75 215
142 276
163 276
135 276
35 83
100 169
78 214
90 172
69 106
136 266
147 261
145 253
85 224
7 26
37 97
48 88
2 37
148 261
106 287
157 237
155 282
19 66
145 289
110 297
68 100
88 296
83 246
127 200
118 264
41 54
34 42
8 114
52 121
111 233
57 76
39 129
127 244
101 263
16 72
16 42
133 278
111 212
160 291
23 36
71 188
148 284
79 211
157 269
89 232
83 258
24 59
44 115
117 286
99 270
43 63
164 283
140 209
89 240
85 175
133 214
4 6
122 208
102 224
74 170
87 166
31 127
130 238
138 211
137 274
119 236
142 280
65 132
112 299
46 86
137 256
110 198
13 23
81 244
78 147
121 225
124 243
75 191
157 234
97 199
122 288
124 269
133 297
22 94
62 129
3 33
44 52
132 227
115 249
138 246
30 46
25 81
128 196
26 35
121 230
56 80
104 236
11 106
31 83
143 264
23 26
71 250
17 88
112 231
10 121
92 223
124 277
11 69
36 55
151 252
83 242
96 225
147 248
110 281
48 55
52 89
96 204
26 32
74 157
130 202
43 92
141 245
92 259
118 251
49 70
52 101
152 299
110 224
61 106
53 134
54 100
40 97
8 14
46 63
161 267
153 296
133 237
90 211
27 110
95 207
54 71
158 294
42 121
166 283
125 248
35 95
81 265
92 173
151 278
59 78
112 279
70 234
156 235
2 32
167 298
31 87
77 162
124 294
112 199
106 204
55 66
38 104
122 253
132 242
115 269
78 156
7 23
62 91
28 109
30 64
53 97
36 92
70 297
60 103
22 51
76 220
54 68
82 192
107 193
43 68
1 117
80 202
94 169
83 270
94 194
128 218
71 143
131 198
15 45
109 300
120 192
160 277
106 233
150 252
166 254
39 55
25 37
100 213
158 287
123 274
124 261
36 64
165 269
136 204
125 280
43 54
128 272
29 107
29 95
142 255
80 256
154 291
117 276
108 206
22 86
17 23
8 21
83 229
121 283
155 265
17 38
37 66
154 293
76 213
142 271
132 246
5 72
108 263
155 235
104 253
5 25
150 282
166 258
19 24
36 71
142 249
17 54
160 281
53 100
31 81
145 244
123 215
22 130
118 214
93 213
43 93
34 58
82 220
2 27
59 95
36 101
41 95
96 235
142 297
135 291
14 68
78 181
17 76
2 59
12 82
29 38
50 64
123 249
75 216
158 296
40 106
25 127
54 126
132 286
94 270
20 112
11 88
72 221
10 72
49 95
34 76
84 290
153 292
26 56
10 20
92 278
64 95
123 209
121 187
3 52
120 276
2 31
84 272
22 73
53 122
46 66
58 128
121 202
105 207
3 118
82 225
75 178
26 131
128 204
85 279
135 243
29 113
15 40
134 251
124 280
72 263
13 132
87 279
81 254
127 268
8 57
16 71
162 296
97 178
68 122
145 251
50 100
102 183
138 286
139 222
93 292
105 205
19 54
67 117
97 276
5 82
5 31
106 211
136 268
126 227
50 117
112 252
43 75
112 211
81 194
21 62
70 243
39 48
127 239
108 278
89 217
63 88
15 101
136 225
144 242
38 98
89 282
67 114
28 92
100 206
98 203
145 283
43 109
140 255
74 262
132 245
71 190
131 206
75 174
14 122
108 192
10 23
88 243
158 254
48 74
133 205
112 216
92 292
132 231
90 229
89 222
117 193
28 112
61 120
132 223
49 116
93 201
148 234
60 101
124 264
47 63
146 269
99 168
20 114
98 165
18 113
162 266
33 75
51 120
141 256
147 239
138 281
106 193
96 214
124 291
62 117
74 275
53 106
9 11
17 32
24 129
100 180
92 169
153 259
58 71
133 299
123 196
17 65
118 219
139 287
39 107
29 80
123 202
114 231
30 49
162 285
54 114
26 57
120 296
38 107
142 234
139 281
31 46
74 296
145 277
21 116
35 42
121 238
122 280
29 48
112 276
50 118
138 268
133 275
65 110
86 287
116 275
75 209
88 255
36 122
15 34
145 248
114 265
131 202
25 126
20 91
128 250
74 250
119 205
78 289
144 233
163 290
76 161
91 205
116 277
25 99
95 201
122 252
10 29
109 273
102 173
98 172
124 195
35 41
38 89
153 283
135 238
88 241
168 268
100 286
54 92
13 34
108 237
52 61
14 100
80 229
93 261
135 289
54 97
98 202
26 98
165 264
97 228
139 242
37 90
136 294
62 112
12 48
50 107
150 225
161 294
49 115
98 256
42 97
117 248
62 84
140 242
70 267
28 111
60 115
23 124
56 119
161 289
57 82
106 260
71 189
94 166
82 297
22 121
21 97
125 265
103 199
94 283
9 100
89 250
109 256
27 41
157 272
16 84
112 290
152 276
10 68
91 273
24 100
112 191
11 120
165 265
31 71
131 276
30 51
141 296
156 254
135 283
93 175
70 268
18 122
80 260
137 260
137 293
90 234
112 228
69 125
157 288
18 126
121 248
45 87
78 199
144 246
110 226
97 249
112 205
135 277
124 240
141 259
64 86
124 203
74 200
76 160
15 77
3 108
105 277
19 129
120 226
54 104
168 286
134 294
137 236
18 112
142 299
16 79
8 96
113 264
154 281
41 46
149 292
142 273
111 279
24 93
19 126
78 290
81 188
142 287
116 290
132 265
87 215
150 253
133 252
164 296
93 173
1 29
146 225
10 55
111 251
156 291
93 188
159 297
110 230
157 265
127 299
137 224
134 220
154 249
100 274
38 63
139 272
129 205
18 68
139 216
144 250
166 285
146 277
4 17
74 279
22 59
113 222
34 132
89 168
40 128
16 61
146 293
166 263
93 161
49 69
36 106
113 242
16 77
23 87
69 111
69 117
111 234
77 159
81 224
22 127
88 165
150 291
13 119
97 175
71 233
107 277
13 72
57 102
49 124
127 273
77 199
7 107
81 154
72 279
132 297
167 276
151 224
156 242
165 261
81 222
100 174
142 264
165 283
131 245
121 265
94 182
157 293
88 185
139 254
93 250
87 196
74 194
31 101
92 185
22 49
150 247
93 295
98 246
116 256
158 258
109 260
9 13
78 160
149 288
79 241
138 235
94 232
121 231
24 99
157 244
157 240
70 260
46 84
86 263
133 262
139 219
104 243
30 54
123 229
105 232
51 58
131 268
31 49
110 185
58 115
156 282
141 219
131 299
163 248
143 214
74 149
86 154
102 283
68 126
17 96
44 64
29 33
158 249
49 78
50 65
16 95
63 103
38 93
68 125
18 101
20 32
10 81
25 29
142 260
17 119
33 114
44 63
112 202
6 77
70 200
11 61
93 181
86 272
98 272
108 285
106 190
75 166
6 98
98 265
3 51
148 219
28 65
115 243
32 59
162 287
160 239
11 71
116 245
88 283
32 122
45 59
166 269
147 263
133 242
161 292
97 216
106 209
86 193
29 67
36 112
163 271
123 258
138 221
88 279
30 93
120 272
11 94
90 176
8 44
61 119
40 74
148 270
86 295
166 260
148 229
104 222
2 82
6 126
40 57
53 107
132 200
35 39
43 116
21 117
92 204
84 194
80 204
87 178
20 94
104 271
78 244
145 294
31 58
44 49
136 286
156 231
34 96
66 93
148 300
4 39
152 265
10 61
24 102
16 68
50 134
116 229
130 236
49 68
90 236
118 273
76 191
14 17
80 255
117 252
58 121
88 246
95 179
60 129
145 266
51 75
7 63
124 209
2 102
16 56
25 120
17 95
54 113
157 276
16 132
22 24
116 265
93 258
18 26
6 127
3 64
147 224
147 271
8 20
45 83
84 199
139 245
97 191
70 293
12 47
77 197
65 96
3 101
132 217
14 93
45 51
12 118
8 85
75 300
17 45
115 248
83 248
18 124
4 53
20 48
78 210
28 52
155 255
16 97
135 278
104 207
42 94
96 287
120 247
102 196
102 199
24 25
10 38
19 30
52 116
158 246
98 213
96 262
30 71
130 218
153 226
83 191
92 175
156 280
75 210
108 229
25 103
33 44
139 271
25 130
3 55
75 223
166 280
77 166
40 121
5 7
68 116
49 123
33 108
105 245
29 106
8 88
22 72
71 218
74 192
54 129
28 86
128 262
135 214
104 219
9 58
24 121
164 293
93 192
18 42
81 292
1 5
141 284
138 254
99 229
29 55
19 31
119 300
132 202
23 81
31 69
57 70
11 34
108 210
89 219
18 63
162 249
71 247
7 25
111 263
154 278
130 239
15 41
116 298
146 219
15 90
70 255
122 227
74 248
102 230
26 91
3 7
141 236
70 283
62 85
30 44
151 236
36 82
163 254
10 45
137 291
107 256
39 126
161 264
129 269
8 131
118 240
109 175
64 94
31 107
85 282
25 129
121 263
21 58
59 109
102 252
14 81
22 52
155 286
142 290
28 77
103 248
167 270
147 220
2 117
142 296
77 296
156 253
8 9
37 130
168 298
2 110
10 70
9 119
55 128
24 40
145 218
12 69
115 257
62 115
37 125
48 120
19 26
53 133
66 105
30 98
40 94
30 50
45 110
17 19
106 271
85 209
137 219
137 299
123 242
25 95
1 33
133 211
118 228
108 225
26 34
134 218
141 285
34 123
105 275
160 295
79 167
80 163
8 73
108 250
37 85
145 243
152 298
34 48
133 269
23 132
83 179
75 253
31 126
100 222
142 274
6 31
138 215
88 268
53 65
123 256
144 282
115 235
149 266
74 210
97 176
145 298
45 133
105 273
90 180
35 111
142 266
12 112
105 186
89 258
7 19
75 199
40 47
137 290
77 172
70 262
34 121
6 62
139 217
146 254
20 108
134 225
94 168
89 262
52 133
41 118
122 226
84 226
105 195
20 75
130 287
138 300
46 74
40 114
78 252
146 248
128 213
139 291
116 280
122 275
68 97
16 110
144 212
79 255
50 98
141 224
80 177
121 280
29 64
34 127
153 268
17 91
109 299
157 292
2 80
37 58
70 211
88 240
108 241
112 274
85 258
155 292
67 131
166 287
98 296
142 263
8 29
105 251
5 101
83 175
100 177
9 82
36 119
125 288
88 207
77 239
71 235
7 98
160 268
21 49
98 270
74 206
25 51
44 133
17 36
87 260
49 75
104 174
81 165
6 63
128 194
106 184
3 128
7 62
106 191
100 229
136 232
107 263
84 204
48 82
144 253
77 202
115 239
79 260
75 254
19 23
85 252
49 85
90 271
149 268
1 7
152 270
71 210
73 187
29 61
131 258
31 129
35 133
152 288
42 47
51 108
136 272
2 73
14 115
116 264
98 261
126 199
121 240
124 258
73 176
143 296
49 72
47 126
129 214
130 281
146 226
116 226
91 212
92 271
85 285
121 232
8 74
72 295
113 227
83 185
92 258
108 226
129 246
59 121
152 292
28 41
87 266
70 207
33 107
7 47
78 267
55 80
34 122
78 218
142 232
83 232
158 241
131 283
98 257
116 258
97 269
19 109
128 252
76 143
149 285
53 71
30 52
27 124
101 254
120 245
129 291
85 229
102 191
21 54
47 116
143 291
80 152
28 117
107 259
68 117
125 292
129 233
71 291
125 211
77 286
69 119
22 23
8 132
66 130
57 115
10 62
83 259
150 227
89 247
93 206
80 250
12 43
153 239
35 80
137 285
102 258
121 249
146 235
44 74
155 277
89 268
35 71
135 239
104 288
22 124
18 31
1 52
26 85
25 113
89 186
36 131
41 100
165 262
53 81
133 233
116 250
133 239
42 126
141 265
121 272
98 232
88 297
13 62
30 99
133 240
23 47
116 247
166 262
37 117
41 94
141 269
116 270
116 222
104 210
166 298
76 205
86 168
130 254
59 94
49 90
36 107
11 44
6 28
121 195
94 275
146 230
94 257
158 300
100 289
28 75
60 99
81 207
104 220
19 61
110 254
105 248
94 173
153 294
91 255
78 279
33 105
76 175
63 93
166 278
145 228
66 91
19 114
109 230
110 237
155 300
37 94
45 72
58 90
105 223
18 70
131 293
9 20
32 97
120 256
25 47
65 97
17 114
93 233
1 18
7 53
81 230
110 220
145 259
104 255
149 255
20 62
59 98
77 264
10 85
14 88
37 65
132 260
62 76
142 218
43 84
104 285
132 259
15 62
122 189
23 129
21 38
75 193
114 181
35 65
124 208
64 109
103 298
44 121
105 236
120 252
110 204
22 63
8 77
19 46
65 122
17 128
124 263
2 132
117 293
65 133
46 102
115 276
106 195
102 220
2 6
18 61
107 239
147 270
137 245
97 272
110 294
98 277
54 78
129 278
87 274
152 260
97 227
81 193
138 259
15 116
46 88
105 196
122 215
5 50
33 76
68 98
80 179
159 284
7 12
17 72
71 275
157 273
117 229
39 89
112 188
33 53
129 210
107 297
93 248
122 222
84 208
119 266
51 128
93 223
94 293
73 215
40 82
137 234
118 200
141 230
94 177
98 281
97 231
47 129
80 162
52 122
145 286
53 82
155 259
120 243
114 212
94 245
147 277
26 68
3 9
111 201
144 293
107 242
3 122
110 296
131 286
70 149
117 278
14 45
87 206
113 262
111 237
41 89
44 66
55 119
70 228
113 201
73 293
76 253
88 218
120 300
135 296
145 262
103 214
124 272
148 277
83 290
103 230
8 23
21 114
142 227
70 292
86 249
54 67
142 278
109 283
149 265
8 41
19 124
53 76
11 104
142 213
89 285
103 182
36 99
133 293
117 203
31 100
84 291
40 90
82 156
54 115
120 229
154 243
144 244
153 244
5 30
18 21
113 217
73 296
45 88
85 266
72 139
145 223
124 260
137 232
127 287
123 236
111 202
141 299
121 191
37 55
81 195
82 152
30 113
58 79
15 75
6 42
20 49
13 31
98 240
132 199
47 54
121 211
167 294
2 42
70 295
164 263
106 293
166 294
114 238
114 219
110 176
145 246
36 85
120 283
106 275
2 12
163 296
59 84
60 108
21 55
120 197
122 230
150 267
28 125
130 229
134 291
162 281
53 102
123 253
96 237
50 79
162 260
42 86
162 269
107 273
24 120
117 197
40 103
3 40
132 290
120 251
167 259
156 285
58 75
42 83
84 185
90 286
84 293
162 279
44 60
47 122
43 70
26 84
4 48
31 61
85 251
146 224
152 285
28 32
124 239
15 103
18 130
59 100
130 294
76 203
109 243
99 246
85 203
157 255
157 260
49 120
7 28
3 106
45 96
89 197
137 292
120 220
4 18
36 134
79 191
51 123
128 289
138 219
43 126
56 82
80 222
113 210
113 275
138 209
55 126
46 92
22 103
98 242
12 61
2 3
31 130
166 291
168 280
85 271
71 249
82 294
31 121
47 59
10 114
105 201
116 219
150 277
113 266
54 89
47 89
152 256
39 103
8 58
102 280
59 130
88 276
150 295
80 174
46 96
16 111
32 101
121 224
117 300
152 231
137 265
157 286
26 126
150 276
17 103
19 88
5 28
74 172
21 104
120 217
87 208
42 133
26 48
24 31
104 241
128 217
37 107
8 82
60 81
84 270
34 119
132 224
142 282
158 289
54 64
21 48
157 290
66 95
34 74
48 94
16 69
159 243
87 181
74 269
62 130
7 49
106 240
37 131
162 283
29 92
162 258
111 243
105 204
7 21
51 72
98 207
55 133
114 229
18 52
93 283
84 153
158 233
13 120
73 193
95 233
98 196
87 292
50 86
1 126
87 176
39 61
50 85
8 133
106 257
54 70
113 272
41 60
144 235
102 268
69 112
102 237
148 245
41 88
150 257
94 200
134 208
83 158
8 98
17 116
103 177
3 4
149 259
57 110
1 107
153 297
67 103
152 244
18 96
71 171
22 110
31 62
27 120
137 255
109 282
10 99
165 268
11 75
50 66
28 94
96 199
118 201
96 163
42 120
55 131
103 297
59 112
10 31
104 176
91 236
55 97
80 285
5 18
123 239
132 257
15 69
100 266
116 220
16 83
71 209
40 54
39 54
163 251
80 217
15 37
159 294
56 126
129 228
31 77
18 84
145 288
21 98
81 185
103 233
66 92
119 264
16 39
25 56
8 112
26 51
10 34
160 293
117 243
61 93
115 242
156 258
88 158
100 264
99 233
106 173
1 134
11 49
105 274
85 249
101 189
137 275
9 23
100 207
52 79
164 291
31 64
2 33
113 247
93 168
119 284
43 83
138 204
28 120
117 270
31 63
114 262
36 54
81 241
112 285
3 126
35 51
52 87
24 67
83 167
11 111
112 264
30 126
86 265
71 243
141 246
34 126
120 193
121 199
36 121
83 285
123 233
9 83
86 269
107 266
141 267
70 202
145 296
13 104
145 264
26 100
4 81
122 205
24 68
158 283
100 218
158 288
78 145
61 113
113 188
15 123
115 220
161 276
74 165
42 132
106 180
71 157
86 239
95 181
55 81
106 230
5 40
45 105
62 126
146 274
86 188
9 111
78 200
37 96
157 267
115 234
21 70
160 260
91 184
165 288
128 241
137 207
56 131
133 213
85 198
15 104
40 111
104 206
163 267
95 286
49 93
73 237
63 89
135 201
49 103
149 239
49 121
36 110
84 248
117 295
28 126
16 27
123 271
18 55
73 171
83 243
54 125
155 291
18 132
116 274
21 122
8 59
44 102
24 28
78 284
70 179
150 231
159 240
145 247
42 74
145 222
74 201
41 75
97 237
147 286
120 195
151 244
130 242
79 271
114 249
54 85
118 275
57 111
161 244
133 231
140 211
88 186
150 289
142 294
156 245
131 275
133 292
19 79
46 128
161 269
23 86
164 288
117 258
40 69
110 291
16 38
17 43
5 71
126 254
134 289
121 253
142 281
124 290
134 266
119 251
68 113
16 21
29 127
1 62
94 219
30 114
92 199
108 174
112 283
130 249
31 108
83 152
165 263
110 274
137 264
152 226
44 132
30 116
2 112
9 48
100 227
62 113
73 297
4 121
15 56
157 241
88 223
75 157
32 63
85 243
90 164
25 93
94 272
112 215
14 108
101 285
24 33
42 99
145 219
81 216
126 193
54 101
102 239
150 293
21 23
97 196
128 235
106 273
16 106
106 208
23 91
57 88
83 262
157 279
42 82
54 111
6 84
133 287
37 54
78 157
83 272
40 68
155 239
84 253
124 237
155 250
152 237
75 266
154 277
160 246
12 75
9 66
140 258
19 59
162 256
149 277
96 201
155 299
139 223
43 76
40 104
39 58
115 192
99 171
136 251
149 267
79 251
154 289
123 193
104 224
36 43
47 61
73 170
152 274
155 280
131 285
134 281
104 238
40 129
66 116
35 46
97 278
28 67
88 271
28 93
108 286
34 133
115 294
4 114
159 251
132 240
130 280
77 179
43 65
120 274
2 125
42 45
141 298
75 161
87 170
66 113
15 100
109 229
123 191
107 226
76 229
146 257
143 275
83 205
92 170
106 174
23 85
76 242
83 220
84 201
153 300
76 268
42 114
16 88
12 36
83 196
74 141
8 81
100 269
67 134
84 255
156 266
109 252
149 290
70 192
33 134
11 35
153 232
80 220
87 300
6 114
92 200
149 271
131 240
116 283
151 228
30 48
44 112
107 296
29 108
88 254
20 96
89 276
158 247
44 118
26 130
119 252
157 261
144 292
31 115
108 243
77 272
93 241
121 290
115 191
5 134
158 257
58 127
125 275
59 105
155 288
66 97
14 65
156 234
112 219
28 115
138 283
44 62
35 109
47 73
154 296
98 175
134 226
37 106
85 206
93 288
31 70
70 300
22 125
140 264
142 209
39 92
4 44
7 39
151 273
5 15
167 257
84 263
146 267
97 172
99 279
135 242
35 77
76 146
24 103
161 248
77 156
98 267
92 251
17 68
5 60
80 261
130 261
115 201
43 49
106 286
139 280
127 208
139 267
3 58
3 44
5 92
102 221
79 270
165 258
54 91
150 269
155 293
101 171
99 181
68 128
89 207
156 236
131 298
70 239
10 27
132 280
30 79
31 118
23 40
137 204
114 281
150 244
146 262
126 239
129 300
80 201
52 60
91 161
84 152
20 52
143 276
25 123
70 191
37 48
25 85
127 269
164 279
57 114
129 255
121 203
110 249
77 157
164 287
7 118
157 298
151 230
42 123
4 13
80 277
130 295
154 259
63 87
92 228
49 113
9 22
81 253
112 181
126 217
125 254
4 52
43 120
44 117
29 83
8 97
26 71
2 119
139 230
30 36
133 280
50 89
135 273
108 182
80 235
109 277
22 133
168 282
47 71
40 120
39 56
89 172
29 112
141 235
37 109
59 92
6 112
23 126
70 188
34 114
9 27
3 105
31 111
121 259
137 251
120 295
108 284
7 100
81 166
164 270
104 270
11 133
159 265
99 215
135 240
150 266
30 131
26 75
159 283
37 72
82 185
85 222
137 230
98 209
138 280
70 156
64 114
104 212
12 60
160 276
25 52
19 119
56 118
3 39
94 238
134 212
5 131
14 48
19 111
123 220
97 267
43 124
52 69
138 299
107 284
60 132
155 276
144 213
134 222
19 128
4 109
95 256
63 115
155 233
130 237
36 57
100 208
37 88
17 63
132 295
106 214
59 104
66 112
86 205
24 29
145 292
150 245
109 179
78 288
25 46
42 115
144 291
84 222
6 95
40 134
73 221
8 120
76 235
138 223
81 215
139 206
19 125
29 87
116 273
42 73
92 285
90 190
77 271
80 263
131 254
25 88
23 102
68 131
90 260
65 115
136 285
4 55
160 274
126 238
142 243
3 89
12 115
115 206
49 65
54 86
74 283
49 131
142 221
42 77
74 291
155 294
17 97
22 118
130 279
86 237
105 249
136 207
120 241
21 72
86 207
156 238
118 289
16 65
2 34
74 187
29 115
107 269
133 253
155 297
40 115
41 99
117 219
118 250
37 79
50 76
25 122
3 27
133 285
35 127
35 122
57 119
16 125
71 202
41 102
141 251
137 228
29 121
89 260
31 60
74 219
12 119
155 279
106 199
123 265
20 61
84 205
85 260
115 250
30 121
17 104
7 31
26 42
89 178
131 266
31 34
11 53
13 21
160 271
75 198
69 128
101 182
92 202
24 73
98 193
126 218
99 245
158 277
150 262
97 181
59 133
141 222
36 129
2 38
49 63
61 132
97 288
58 101
1 127
137 231
49 92
158 267
72 251
125 284
3 123
14 61
125 289
3 11
58 98
71 204
99 223
78 283
128 234
25 116
139 228
103 288
146 287
10 64
36 45
68 106
17 111
98 176
50 125
59 115
10 47
24 110
49 59
144 222
82 283
97 202
41 107
26 134
134 263
134 265
54 108
6 83
30 132
120 234
103 235
140 238
37 89
26 63
137 203
116 236
140 239
50 129
152 232
19 94
8 55
118 194
66 125
80 270
82 261
59 114
1 68
22 44
77 297
81 260
117 198
28 64
97 184
5 121
12 44
22 95
13 91
16 89
53 70
75 220
151 288
70 278
166 281
142 270
17 98
53 110
149 247
125 268
152 294
39 75
115 205
128 286
139 246
22 29
16 109
52 124
99 202
167 284
17 81
137 217
112 241
115 251
100 237
139 220
4 89
110 228
61 98
29 57
28 73
125 258
116 287
93 284
115 230
71 266
146 227
116 200
92 237
20 111
5 73
81 239
48 53
145 280
7 72
110 250
24 52
8 94
115 293
123 204
148 242
124 201
165 284
85 263
109 250
121 291
13 95
42 67
105 262
109 287
82 203
1 124
4 27
40 113
146 220
145 235
52 130
29 30
99 184
6 110
80 226
64 103
9 90
108 223
60 82
160 249
38 119
141 226
87 283
28 56
62 107
79 174
138 243
140 252
44 99
15 120
137 278
108 264
57 81
29 39
123 251
103 237
121 207
109 184
107 285
6 133
103 296
106 246
65 130
74 159
9 113
85 218
33 118
87 173
40 126
110 238
38 62
141 271
98 260
84 209
107 293
99 286
143 247
73 260
89 254
71 161
50 108
86 236
126 298
121 204
131 209
83 190
43 77
10 111
98 174
150 236
134 241
70 139
113 182
108 267
84 238
44 96
115 198
153 246
79 283
29 31
106 213
102 185
75 285
45 70
100 242
160 270
136 244
51 130
84 193
95 232
54 93
7 134
113 274
144 240
52 72
93 234
136 246
19 101
81 191
19 90
2 4
103 236
50 105
92 263
8 110
40 67
46 98
30 117
150 261
77 194
49 111
56 111
141 277
132 204
71 194
146 242
95 210
108 179
146 249
83 291
76 287
90 287
120 207
162 271
122 218
24 105
44 94
117 257
34 115
125 253
94 294
44 114
133 257
145 216
59 93
65 129
10 60
10 89
66 120
157 259
25 100
99 217
110 260
73 191
41 109
124 245
163 269
54 75
71 272
99 193
50 59
127 202
164 256
146 260
59 76
132 225
54 130
120 208
52 97
146 236
36 126
29 45
153 295
61 122
91 167
35 87
110 210
71 246
82 216
138 269
12 100
34 109
130 296
112 198
146 256
70 261
38 129
154 237
147 259
56 123
110 248
93 202
141 252
155 247
80 189
94 220
95 241
120 249
133 247
128 214
126 290
42 49
37 110
117 215
141 209
19 35
80 210
141 221
100 278
50 77
75 230
28 47
14 101
149 270
57 74
132 247
40 46
88 184
34 43
120 278
75 226
103 241
42 105
27 62
144 238
42 127
100 196
10 94
136 291
145 285
54 87
105 253
160 269
160 252
93 205
90 248
138 275
134 206
138 262
13 71
81 192
83 236
90 186
17 74
137 267
87 276
19 64
102 282
17 71
115 211
127 217
65 113
25 71
29 102
100 258
87 271
91 158
62 108
22 112
115 207
118 255
99 264
121 196
11 66
47 88
119 276
13 35
109 213
157 262
25 101
74 180
99 235
61 118
113 271
96 200
25 72
76 300
72 271
10 127
41 122
132 203
29 37
156 278
97 258
25 92
43 107
127 252
42 78
77 268
147 249
166 289
107 183
76 237
124 199
155 274
40 48
116 185
98 238
112 185
61 128
105 230
1 66
80 200
50 122
50 88
121 193
54 118
108 300
83 186
149 298
154 269
130 291
76 176
149 225
133 229
148 220
26 79
116 257
145 225
24 107
51 98
159 287
75 275
21 111
112 295
113 240
94 263
153 228
142 262
5 47
113 203
146 295
126 211
79 198
84 259
65 127
158 252
46 79
108 288
151 297
35 132
57 108
65 92
121 229
94 271
96 176
28 119
7 9
84 178
130 285
43 114
89 245
102 201
159 264
25 42
51 61
43 59
134 203
30 34
59 116
121 271
142 261
114 260
49 84
33 65
107 299
100 245
151 291
75 202
59 99
83 276
59 113
147 267
145 275
56 108
132 266
136 298
57 118
122 241
97 270
124 229
46 83
132 226
10 120
29 128
63 102
6 90
167 292
82 278
10 49
94 184
161 250
129 243
28 80
52 118
159 249
137 279
32 89
26 122
30 56
123 198
37 63
44 61
144 256
147 242
105 259
102 264
14 83
3 59
15 76
12 97
26 58
16 35
155 230
106 258
108 252
77 150
168 274
49 57
25 41
20 88
58 87
113 249
153 240
113 236
3 38
120 261
39 70
4 26
54 109
18 125
146 275
91 291
132 198
127 220
71 278
40 130
161 297
97 256
163 295
70 276
49 71
1 57
7 33
36 91
94 167
70 224
46 118
121 245
94 244
44 104
4 30
58 109
89 267
85 185
144 297
142 250
37 93
137 281
34 118
60 94
139 234
28 55
49 66
136 270
140 281
114 299
87 193
123 240
35 89
159 289
26 73
80 298
160 283
5 78
145 252
110 233
28 31
83 173
110 259
163 255
120 288
81 271
4 25
133 274
121 285
3 87
19 131
2 95
75 246
32 48
78 251
161 253
60 75
27 66
165 256
43 67
110 184
5 10
124 276
94 279
145 267
80 243
129 276
63 96
86 250
138 287
34 40
119 219
97 298
141 290
122 209
4 87
29 46
124 247
100 257
46 106
89 274
39 115
60 96
115 297
105 270
50 104
85 241
56 77
110 290
68 101
132 215
158 274
106 220
27 119
36 63
106 259
137 257
98 226
19 89
46 97
22 104
109 292
125 260
2 70
112 227
53 64
160 254
46 69
139 213
65 102
144 259
143 211
93 183
85 248
111 264
135 280
110 236
71 238
42 122
51 62
137 300
57 89
90 235
167 287
70 163
161 240
84 156
7 65
117 271
31 95
13 116
145 300
43 91
136 259
36 124
25 106
10 24
17 122
143 224
24 134
50 71
144 251
53 98
10 97
85 296
136 274
108 230
26 28
83 187
25 28
137 286
106 267
120 232
162 290
18 46
128 274
142 215
131 239
46 108
14 27
82 273
109 295
97 201
134 213
110 270
80 247
58 110
121 254
148 274
25 84
88 249
63 99
148 265
1 79
65 119
99 207
117 196
144 266
44 68
108 189
127 266
83 198
120 240
146 291
65 120
68 120
26 87
68 123
2 100
87 159
75 173
70 146
48 58
72 201
79 210
103 227
157 283
42 111
50 127
140 273
21 102
83 188
75 252
137 288
49 132
152 225
3 30
100 295
148 237
141 279
96 243
75 213
137 210
129 262
36 87
29 132
33 45
65 125
19 21
122 282
152 243
166 270
110 197
93 260
26 109
10 84
12 131
138 296
92 210
76 264
96 193
143 280
141 210
79 297
108 274
115 291
109 235
6 50
93 244
76 167
15 95
158 290
55 87
77 275
89 156
23 99
89 277
58 130
13 56
82 172
118 270
89 236
23 120
142 256
11 134
137 218
11 41
78 220
150 272
66 89
113 202
99 174
95 172
30 96
157 251
122 267
139 248
28 68
81 148
34 70
23 122
138 212
66 107
13 105
101 229
102 216
101 278
13 44
161 280
38 113
58 95
138 220
100 235
122 293
92 225
123 279
20 103
115 202
28 49
52 78
41 92
104 277
151 285
7 66
127 283
11 21
49 74
46 123
13 83
98 195
98 248
119 233
50 119
160 244
155 258
162 248
86 170
83 204
74 223
11 65
31 99
105 255
168 277
138 294
44 73
117 225
3 85
105 234
128 294
117 297
23 117
116 252
50 124
116 207
29 69
145 232
7 77
35 76
167 291
29 98
113 276
44 53
47 79
142 222
98 177
105 202
81 160
157 281
8 24
28 45
147 218
136 280
90 240
86 254
32 116
54 73
69 123
146 245
81 190
97 299
28 39
28 35
124 225
14 69
37 51
103 285
112 281
67 113
23 121
58 103
66 101
135 255
113 214
101 186
25 49
141 250
11 124
148 223
84 245
132 207
15 110
62 111
133 224
146 222
34 59
166 256
91 253
166 267
49 102
52 125
5 67
29 134
85 210
44 124
101 200
128 242
146 259
143 267
24 130
78 165
18 76
78 247
91 199
17 25
22 98
132 274
88 174
60 117
124 287
137 213
163 287
102 236
44 113
137 294
144 290
98 253
146 216
83 296
21 134
85 295
3 110
143 225
45 52
136 218
110 247
44 125
104 276
37 124
99 226
136 235
109 195
127 248
100 214
98 284
34 79
6 8
18 118
10 35
94 185
21 33
9 85
45 71
133 212
61 111
37 42
75 280
70 174
149 240
63 113
51 76
4 117
52 71
94 287
149 278
116 208
110 196
162 268
88 210
133 288
146 237
144 247
60 116
18 36
15 79
90 158
157 256
122 236
168 283
83 251
17 110
70 186
28 85
24 51
80 215
164 277
123 295
98 222
3 76
106 217
46 65
138 255
90 270
61 116
138 234
140 285
116 183
10 78
90 242
19 70
45 60
2 94
26 52
143 234
147 244
59 81
84 168
166 274
31 134
34 35
22 40
13 27
20 40
152 241
165 253
16 19
28 62
90 174
21 46
75 263
117 202
160 237
59 125
83 247
48 87
82 267
122 194
19 28
10 30
95 220
2 15
79 253
94 211
16 53
139 214
108 247
78 295
117 231
119 223
28 121
157 235
55 74
138 277
84 174
136 202
49 55
154 231
47 105
18 29
121 194
150 265
94 273
83 160
93 179
37 87
60 104
154 260
165 286
160 286
89 283
8 124
158 295
136 229
142 230
24 125
56 132
17 24
128 298
124 235
86 167
37 69
86 292
72 159
112 192
120 277
18 71
139 283
84 216
130 219
2 88
161 260
121 206
73 275
39 127
158 284
30 84
121 208
31 33
82 262
20 35
165 255
19 76
86 161
30 125
58 81
19 22
154 257
40 78
28 134
144 275
11 86
91 290
92 207
36 118
113 298
159 266
70 212
168 299
66 102
44 81
105 210
26 101
36 60
73 253
138 208
46 134
103 274
83 159
115 300
16 108
84 239
71 294
29 35
87 280
54 66
123 192
98 201
29 66
116 201
130 273
145 237
39 51
79 163
115 240
24 47
124 292
74 142
45 85
55 101
25 94
88 175
18 64
144 226
139 208
11 126
108 188
76 260
139 298
97 244
120 275
93 185
120 225
29 32
139 244
29 74
5 79
75 184
104 211
142 246
14 51
158 297
13 112
36 76
111 225
162 277
63 110
20 31
131 243
149 241
138 278
27 115
116 266
107 192
111 200
157 239
77 161
79 261
118 195
85 297
91 180
126 243
71 279
55 75
40 65
94 295
45 81
91 265
146 247
106 291
20 123
59 88
34 91
77 238
52 70
1 130
59 101
72 181
163 246
110 264
148 249
7 104
56 85
26 128
30 85
71 148
67 92
59 83
156 295
112 208
128 296
103 254
94 300
89 193
147 246
5 107
111 272
50 111
134 214
71 142
30 123
87 191
49 81
26 107
121 222
42 87
135 228
50 97
144 285
91 257
70 206
77 291
30 115
7 128
53 128
82 284
70 189
93 220
21 101
39 122
110 286
161 255
53 72
44 106
19 43
79 286
3 124
141 248
32 118
7 32
58 108
112 210
26 125
41 103
123 214
126 297
117 272
133 261
165 285
93 229
120 273
115 255
105 185
87 225
88 196
16 48
140 263
84 268
149 295
120 214
100 268
129 254
48 125
111 207
25 27
68 127
121 190
124 248
27 86
134 248
98 189
53 127
45 117
9 44
11 113
113 286
80 199
66 123
83 264
28 74
63 130
111 260
4 77
76 190
25 63
94 209
103 225
58 132
81 247
161 298
135 256
95 171
81 257
87 220
21 87
18 54
137 297
120 282
108 298
109 225
124 285
64 110
77 282
40 118
132 264
19 130
56 68
120 221
43 88
93 255
152 229
155 254
128 299
43 131
36 74
89 185
41 53
90 183
97 290
149 222
77 167
48 78
19 37
35 129
144 252
55 124
38 40
110 298
121 198
28 133
98 287
61 112
143 287
32 37
2 123
37 82
8 12
59 102
155 287
75 268
164 248
154 300
129 263
42 107
39 60
155 295
166 292
89 270
15 108
139 205
99 260
159 280
3 42
85 195
26 123
93 291
112 232
128 295
138 298
132 268
20 66
76 154
102 212
3 131
100 184
150 278
86 261
125 298
160 263
94 172
62 104
94 195
121 218
73 268
9 72
94 281
41 72
122 268
143 274
46 81
16 62
138 244
130 289
25 58
158 251
84 181
141 240
44 100
143 268
21 112
1 99
136 213
50 123
69 121
54 69
18 77
70 263
75 257
17 117
81 249
82 212
54 134
2 79
22 32
14 105
29 131
104 180
36 111
29 71
58 134
84 229
146 296
3 50
147 258
121 270
7 113
15 32
75 224
5 36
24 90
9 126
65 90
21 108
142 217
107 215
113 218
138 227
35 91
86 180
133 209
56 90
93 226
90 218
75 155
89 180
21 131
123 275
138 232
137 276
27 28
71 234
13 47
86 283
97 169
52 85
97 250
44 71
16 20
136 290
104 198
76 233
31 104
31 117
137 254
59 111
86 172
89 224
156 286
8 64
168 288
121 235
21 59
85 254
45 109
49 114
121 279
104 245
37 75
31 110
140 290
55 88
90 294
92 218
105 209
26 76
8 61
100 263
3 133
23 95
57 134
117 223
94 181
99 188
128 224
36 96
80 181
30 69
113 246
162 294
105 247
128 279
149 251
131 288
84 207
77 143
85 287
2 130
122 231
10 92
68 104
40 102
147 230
152 300
138 288
8 122
41 64
115 188
75 208
89 216
3 10
72 222
108 193
98 229
119 288
9 24
70 182
115 287
80 233
133 232
38 82
117 187
158 285
117 239
73 211
82 241
153 284
2 30
4 107
142 291
25 67
4 59
95 212
44 54
100 277
147 297
157 289
99 275
89 265
22 70
30 77
86 176
106 228
142 293
93 294
54 65
29 89
18 58
13 38
23 61
64 123
65 118
37 46
43 50
120 198
47 75
48 126
75 217
166 272
152 296
90 249
134 260
63 134
36 37
89 279
31 73
136 255
19 32
94 231
120 266
36 133
108 204
10 130
141 297
98 290
19 75
82 199
11 47
129 213
84 249
89 166
124 196
111 253
89 239
81 171
86 224
49 129
98 187
1 19
37 104
153 256
52 129
2 124
120 255
151 231
8 46
167 267
95 288
23 118
22 41
10 25
19 63
61 110
31 48
136 214
20 41
70 198
152 277
62 106
35 113
103 204
105 229
163 268
42 62
124 281
158 237
77 273
50 121
153 253
98 297
45 121
93 216
68 112
100 231
98 206
133 272
148 266
144 214
112 268
69 118
38 60
168 272
121 292
159 279
28 81
118 300
138 284
86 235
137 237
41 97
85 215
146 294
21 63
110 287
137 252
31 103
34 85
148 276
42 54
43 94
157 249
130 247
36 88
19 108
96 170
74 247
87 293
19 98
60 74
57 106
78 298
88 225
109 278
133 259
153 275
81 199
42 104
99 281
160 251
32 79
33 98
94 262
7 133
150 298
43 96
7 27
80 192
142 240
75 249
52 81
134 259
7 68
168 276
141 261
126 210
32 67
141 275
88 177
37 76
29 100
106 188
17 134
143 209
90 259
37 41
45 69
81 270
94 233
41 108
94 297
38 116
136 209
62 121
141 274
16 82
154 242
121 256
17 56
88 178
116 289
84 235
132 250
25 86
66 124
22 55
129 234
9 74
100 166
30 60
78 233
2 91
40 85
66 127
121 228
36 123
124 192
36 42
96 239
1 94
12 86
100 234
122 246
59 120
113 205
97 204
4 123
10 76
78 166
76 222
2 134
141 280
24 43
98 300
77 240
157 282
26 89
119 256
97 234
68 133
148 273
88 213
105 193
37 121
98 218
8 16
50 113
108 248
127 272
154 241
149 275
17 108
150 300
19 97
9 87
8 30
74 252
106 229
112 226
26 119
9 52
75 194
75 165
135 284
165 290
166 273
14 91
55 69
55 84
34 103
78 246
88 253
21 128
36 69
116 267
161 279
60 130
3 104
105 252
27 94
72 198
31 53
87 187
140 292
82 214
95 217
72 212
118 227
94 227
44 123
20 126
29 122
93 230
128 240
62 88
16 46
131 256
133 220
26 108
92 249
17 121
87 224
133 279
100 179
29 36
26 116
110 180
83 151
79 268
120 271
150 297
104 237
138 291
156 292
144 218
43 78
14 46
47 57
65 89
16 28
168 290
129 273
114 289
54 116
37 92
78 219
16 90
150 238
126 224
31 116
146 229
147 274
4 116
38 131
70 201
116 191
89 237
83 284
23 75
31 76
6 22
68 130
46 51
79 224
81 258
71 151
142 231
18 47
126 213
29 103
141 289
101 202
19 71
90 220
62 96
100 294
84 278
45 84
156 257
7 108
106 249
112 291
51 116
149 220
15 128
149 230
112 277
46 72
104 278
40 112
94 290
55 68
102 192
4 51
21 44
25 53
166 279
98 293
107 231
121 214
40 50
140 278
112 253
79 246
75 162
54 95
14 49
155 267
104 233
23 56
1 105
79 229
122 291
5 125
106 177
138 253
10 115
24 116
19 91
135 249
94 199
91 181
157 252
138 226
135 217
40 75
80 161
44 134
131 215
106 223
97 173
10 69
150 290
20 101
133 296
155 262
103 279
117 268
80 231
83 197
95 268
20 68
80 156
21 39
88 173
140 257
143 222
148 298
3 127
16 93
76 153
58 91
144 227
75 277
4 102
144 300
21 130
72 167
142 253
41 101
102 249
3 26
25 30
137 298
88 205
76 289
13 66
66 126
5 69
160 250
5 8
122 261
45 76
47 77
124 227
50 56
116 260
162 251
152 271
151 269
83 164
121 264
8 45
93 212
10 112
9 124
66 132
30 55
74 276
53 74
103 267
28 40
159 242
146 241
78 271
45 65
90 181
36 97
152 282
22 102
122 202
136 253
23 32
36 73
7 67
148 264
154 256
69 110
69 115
2 35
98 288
91 296
89 292
11 105
134 244
40 122
107 270
61 125
77 165
51 86
9 128
73 256
28 63
131 274
138 292
105 215
62 99
83 281
38 111
23 73
63 117
133 230
133 228
29 68
36 51
76 221
123 221
32 110
116 291
121 241
158 235
100 211
37 50
131 265
139 231
89 208
126 205
64 97
136 289
72 207
133 207
97 211
86 164
30 66
29 59
127 260
161 268
43 128
150 285
93 209
54 80
70 290
85 294
50 82
131 235
93 276
153 231
155 273
33 40
79 207
165 297
104 266
138 251
141 237
52 91
68 134
139 221
29 123
144 231
164 299
135 250
56 72
17 102
25 70
81 209
131 199
107 241
7 56
93 210
101 207
62 122
132 210
105 172
164 259
123 273
57 101
41 82
125 234
37 57
90 195
131 297
146 253
116 254
71 164
40 80
41 117
131 204
158 291
100 197
133 266
18 115
139 289
155 284
120 230
8 83
130 208
30 129
140 282
84 197
151 248
163 292
74 220
29 50
18 85
140 267
1 106
149 223
157 236
78 215
15 97
110 177
109 202
26 81
17 105
114 270
46 85
22 66
154 252
102 261
162 293
59 72
28 88
33 55
44 50
5 63
86 216
68 114
86 179
24 92
77 203
102 284
130 196
100 191
81 214
81 268
103 270
5 120
80 288
131 197
71 205
62 125
142 226
49 126
77 218
88 194
19 121
6 56
145 287
121 277
136 287
67 93
152 235
52 108
147 298
42 91
75 298
88 294
89 300
9 41
143 254
104 234
103 259
14 94
82 157
24 49
86 196
46 50
62 90
78 291
86 298
30 86
153 271
112 179
138 229
94 249
120 209
100 296
108 207
93 289
93 204
46 122
142 272
19 49
23 28
90 272
123 194
6 68
36 100
160 292
79 153
5 53
114 220
154 264
145 241
73 168
31 94
75 175
80 252
117 237
89 190
71 268
69 129
79 228
110 239
133 265
115 232
70 203
154 251
53 88
28 58
50 106
21 43
47 80
124 198
61 131
77 222
71 137
29 86
30 40
19 38
82 252
99 169
83 193
125 223
57 84
151 296
110 209
31 74
159 267
108 176
109 257
75 258
33 85
131 296
117 204
90 283
147 275
36 81
145 257
13 64
132 219
74 298
136 252
25 105
42 124
93 240
135 300
27 64
18 51
129 264
127 231
120 290
140 231
80 240
134 284
81 276
55 91
13 76
31 54
70 170
132 300
26 124
77 252
46 60
107 204
89 227
37 132
35 130
18 56
107 199
153 289
55 89
110 299
14 47
98 247
114 194
26 46
110 261
45 56
158 259
29 85
112 273
14 20
69 130
17 90
94 212
1 89
122 203
81 300
36 68
132 299
21 80
124 244
54 119
19 40
89 257
75 211
144 277
163 252
121 255
22 39
24 35
132 201
99 300
92 211
37 134
109 211
30 89
150 222
74 186
36 79
17 50
31 80
155 256
121 220
84 243
151 265
29 75
42 68
105 171
78 287
70 284
160 282
91 165
134 280
107 246
124 252
95 193
40 91
9 108
106 261
152 246
71 193
107 253
150 292
63 121
109 221
33 128
86 206
13 33
135 220
154 232
149 245
82 242
124 297
102 203
107 173
40 116
113 235
125 199
162 263
18 121
5 22
115 199
94 202
81 228
128 246
106 172
123 277
85 151
2 40
36 80
24 117
40 72
124 271
144 286
49 112
115 210
168 295
165 257
3 31
162 295
116 202
99 190
24 113
122 295
147 290
30 70
22 68
29 126
57 121
29 73
107 201
40 84
39 94
74 156
80 218
95 218
92 295
55 92
97 171
103 272
84 262
36 109
103 200
139 238
139 262
158 293
20 51
132 294
31 39
125 227
20 125
78 154
31 47
35 128
2 41
152 236
28 38
80 191
3 100
90 241
164 260
25 39
3 5
150 274
157 258
96 236
125 242
86 165
20 57
85 262
31 92
157 268
46 127
7 129
109 216
74 231
42 109
72 145
16 43
43 53
124 226
134 245
160 267
90 281
147 217
120 285
113 197
38 45
133 206
102 195
18 69
29 110
120 292
19 84
21 53
79 217
40 110
23 27
84 184
52 68
71 156
148 292
69 124
66 129
80 296
131 236
47 130
92 180
2 107
103 213
156 251
119 283
80 211
72 291
146 258
161 249
53 93
78 167
8 78
75 279
100 172
20 44
127 274
137 205
99 252
6 123
65 124
84 246
162 298
102 190
29 41
109 246
17 80
162 274
139 236
136 264
110 268
79 264
71 300
92 191
123 195
2 20
106 227
87 249
168 289
78 151
44 56
108 265
8 104
108 259
11 31
135 293
100 228
36 89
85 289
48 54
49 94
108 180
59 126
3 53
42 46
26 102
11 109
63 101
6 134
61 76
70 226
53 75
23 45
46 105
109 259
8 123
82 198
93 270
108 216
67 97
52 113
67 107
71 240
56 102
99 271
115 245
52 62
108 220
6 106
42 57
71 172
151 242
89 177
105 297
64 106
146 276
41 134
44 87
141 220
123 234
162 300
161 258
159 261
4 96
8 106
50 63
132 293
37 111
37 86
29 125
62 87
116 186
80 150
45 74
29 101
157 245
48 73
5 20
150 288
78 148
14 31
135 292
50 131
24 132
105 233
118 184
116 284
117 245
124 194
83 184
158 266
88 209
84 163
17 51
17 82
2 86
70 143
43 86
139 276
133 295
51 94
143 228
62 79
35 81
80 153
13 53
4 56
39 100
70 194
50 128
101 246
2 8
90 230
137 221
8 13
43 52
119 282
141 287
35 45
44 55
75 242
57 131
154 292
81 250
97 220
51 96
53 116
83 209
19 83
11 24
115 244
115 272
46 104
40 83
118 234
17 129
124 200
166 253
50 92
128 247
154 263
130 235
94 213
25 59
45 63
19 27
92 247
157 254
46 113
123 266
41 125
103 193
144 216
78 155
110 257
12 92
79 266
117 250
95 214
57 113
76 231
25 40
132 238
16 107
49 97
126 285
37 40
78 149
30 100
28 110
141 232
62 134
44 101
55 76
52 63
69 103
30 73
33 62
25 80
132 278
166 268
123 201
69 101
50 112
37 47
77 226
152 228
119 220
141 212
151 250
163 253
150 280
81 256
15 78
156 273
26 103
145 276
37 116
86 223
85 227
25 31
88 154
82 161
13 107
40 123
120 267
28 107
109 183
49 77
120 287
16 126
23 49
23 69
13 26
108 190
83 168
7 69
132 271
38 52
48 124
152 253
74 197
33 43
36 108
122 224
1 100
147 284
50 102
166 288
89 248
168 296
143 217
150 240
85 274
139 284
112 220
26 54
19 36
5 54
49 62
69 126
112 251
112 223
58 86
125 230
98 224
137 229
35 62
61 124
80 184
148 216
8 15
12 104
26 69
31 102
114 243
106 222
20 117
152 281
79 213
143 244
9 114
115 216
59 129
87 156
158 282
116 269
5 126
83 269
144 249
143 265
71 236
83 237
140 275
110 205
29 54
29 99
26 38
37 84
80 227
150 234
17 55
141 215
88 203
88 226
48 85
19 47
18 91
89 195
105 214
152 249
111 221
39 111
75 190
110 258
37 45
17 28
84 206
132 236
140 223
127 290
110 265
31 131
29 60
128 202
76 171
15 119
136 284
148 247
80 167
163 294
37 60
10 28
106 242
64 116
80 223
46 94
71 169
99 194
66 128
123 243
66 115
127 197
7 86
135 260
20 98
136 275
127 234
9 84
97 188
74 162
4 34
165 277
84 164
45 131
5 93
29 84
145 290
90 215
125 209
74 195
54 106
80 187
152 290
165 295
97 292
100 247
103 282
46 110
149 261
163 298
75 205
19 117
85 202
142 251
13 128
88 161
4 60
31 78
102 260
34 37
19 55
153 245
157 277
26 133
66 121
136 228
16 55
144 276
94 235
83 266
145 255
110 203
125 235
112 261
16 80
144 260
99 273
17 44
1 125
23 57
37 53
118 267
81 291
11 123
13 133
13 88
106 294
79 162
34 89
14 52
49 101
2 51
82 250
4 10
85 284
26 120
84 160
25 89
116 243
27 40
41 74
62 118
25 79
61 87
113 261
143 226
124 246
54 120
160 262
137 233
53 63
105 238
117 211
126 259
4 32
41 71
79 195
18 59
8 17
50 94
67 110
115 267
48 128
133 250
152 240
130 265
21 118
142 229
28 29
41 86
3 67
19 104
133 219
19 105
16 18
78 193
81 149
120 186
3 74
128 254
112 275
138 271
96 212
155 266
65 104
165 296
2 62
149 272
117 264
123 224
3 134
5 119
122 228
104 202
153 261
46 109
151 260
158 261
89 291
7 29
109 289
164 257
127 246
90 178
47 97
41 58
165 281
75 264
44 48
23 64
160 248
100 215
5 112
167 261
113 232
124 206
75 274
121 278
37 114
8 107
159 298
97 283
3 111
17 115
58 78
84 167
132 292
102 275
102 169
121 219
74 164
71 149
136 233
34 88
99 232
162 289
16 75
137 246
34 46
35 98
157 264
151 240
148 293
158 275
100 238
40 98
53 109
122 251
99 196
98 241
131 244
133 277
153 233
53 131
95 287
13 32
4 129
19 68
127 205
109 239
23 116
37 101
11 121
93 224
28 129
34 73
146 290
55 113
124 300
22 42
50 80
117 241
44 92
109 290
46 73
44 75
152 267
152 264
9 12
167 295
88 245
86 191
129 295
54 127
63 95
24 48
140 243
54 103
80 259
121 286
121 288
66 104
162 291
123 270
17 57
105 220
134 257
105 227
130 223
106 176
147 247
88 220
107 236
51 71
144 248
120 204
81 237
3 23
98 283
128 233
94 174
104 173
10 44
8 111
16 63
83 224
89 165
89 212
90 223
134 205
3 17
115 185
30 118
42 59
82 290
46 52
134 252
83 241
37 100
59 103
81 158
123 252
5 123
108 227
29 56
155 270
30 92
99 218
36 65
128 258
53 112
25 114
103 185
135 297
29 70
35 103
119 240
138 238
149 286
41 106
98 251
39 71
17 49
68 108
21 45
97 217
81 153
4 122
151 243
45 115
39 63
127 237
33 124
123 205
40 53
107 197
50 95
128 207
13 28
72 155
36 128
151 264
90 252
17 52
161 252
80 203
22 107
150 241
37 99
55 83
86 200
133 241
121 274
70 155
133 286
118 216
18 60
134 278
92 174
107 261
42 61
122 274
55 94
159 256
148 251
25 128
46 95
70 266
138 267
142 265
97 212
154 265
70 136
50 84
42 119
151 255
110 240
158 255
21 75
1 84
38 69
15 25
115 194
122 238
101 195
165 287
4 90
65 114
136 237
124 191
110 216
48 100
31 106
115 212
52 82
50 60
46 130
57 85
152 268
87 243
145 234
131 237
66 110
109 189
98 215
58 80
24 72
90 163
81 242
101 242
30 94
24 63
119 186
29 63
45 90
16 86
14 123
21 51
36 70
70 241
150 242
17 84
77 206
113 296
80 164
7 106
43 74
157 233
87 253
156 289
64 133
128 256
152 269
49 76
152 239
139 264
110 242
133 200
63 100
38 73
76 181
13 100
40 64
13 57
94 258
97 281
112 193
45 61
57 73
148 239
111 252
110 266
149 235
18 107
95 186
76 298
145 293
30 78
43 127
75 283
13 63
56 86
37 103
44 57
79 179
17 59
17 47
157 284
69 133
136 271
130 268
158 263
93 208
83 252
49 61
43 103
115 259
90 179
75 180
16 127
45 54
158 264
121 213
100 259
113 180
21 30
77 144
71 153
67 122
22 89
14 127
48 116
128 221
153 298
146 289
78 230
65 106
33 97
12 103
74 244
91 295
57 95
131 208
30 68
17 133
39 44
126 200
61 126
26 61
31 57
44 89
36 98
130 293
28 57
127 216
75 212
70 235
44 59
106 226
62 97
138 239
27 123
162 262
127 242
11 102
145 220
74 256
54 131
64 93
137 225
120 205
139 269
57 71
167 300
2 14
42 88
28 46
158 278
42 112
31 66
119 221
31 125
79 291
30 95
25 77
49 87
7 84
120 233
117 246
68 119
47 56
142 208
107 180
14 76
132 296
90 295
36 117
145 236
99 234
74 175
98 180
104 204
135 204
166 282
112 180
109 280
130 244
41 131
84 151
4 120
74 232
153 260
71 261
160 255
25 112
84 281
120 280
84 218
53 115
10 67
141 283
36 50
146 240
102 238
76 206
153 293
66 108
27 58
58 97
108 240
103 216
46 126
43 133
38 78
40 107
139 299
47 107
5 55
141 228
141 255
19 60
16 113
47 87
9 16
82 213
132 263
14 90
94 266
10 12
133 291
150 299
121 215
131 252
80 244
97 226
112 254
130 260
3 73
136 222
109 228
145 233
5 66
19 73
34 80
39 116
15 59
113 287
36 115
92 213
22 27
74 297
60 83
145 295
158 276
70 197
139 218
112 293
116 263
114 202
159 252
33 131
6 115
99 170
136 242
144 223
16 100
3 8
51 100
139 241
93 242
141 258
74 226
85 164
125 283
118 192
130 228
153 287
26 36
111 257
139 232
135 268
40 58
11 12
20 92
132 281
109 269
64 101
27 107
59 73
38 66
34 102
143 284
114 216
28 42
22 43
70 151
36 113
29 72
26 49
108 256
40 41
144 225
13 69
22 35
44 116
149 248
35 101
149 263
107 221
157 271
119 192
36 103
30 38
76 273
155 298
136 215
16 133
71 175
3 19
164 255
12 96
37 113
160 294
149 229
70 160
32 88
3 60
7 111
89 278
136 254
12 24
135 272
44 85
81 293
36 38
154 297
40 99
90 269
7 43
78 175
74 179
98 294
155 243
47 81
19 96
27 129
101 250
108 208
82 196
49 100
87 235
137 216
75 228
74 174
166 266
153 257
162 297
16 47
141 270
47 127
49 86
45 123
148 290
155 263
21 67
144 232
138 225
42 63
100 290
93 186
123 228
92 164
81 284
148 287
68 115
160 261
140 207
147 287
54 96
150 226
111 203
44 93
106 238
78 161
168 278
43 87
158 248
138 272
52 128
85 159
85 162
75 160
96 269
42 118
59 89
17 83
110 232
160 280
123 247
108 290
11 87
109 203
90 201
142 210
114 195
154 247
110 213
94 176
113 194
59 131
16 134
154 253
160 290
97 296
115 262
166 265
131 280
26 29
73 207
145 221
120 219
157 296
37 128
80 297
60 131
99 274
112 248
31 51
94 216
109 286
86 184
144 287
106 300
67 121
51 77
108 202
111 259
29 88
1 22
112 217
158 234
124 295
74 300
133 294
99 282
155 268
106 283
100 275
7 51
18 87
21 90
6 113
108 258
26 112
106 201
37 105
16 45
87 154
137 223
146 271
42 85
145 284
131 200
65 101
21 42
158 250
144 265
82 255
155 248
102 253
41 105
47 92
13 123
138 260
30 106
30 75
21 127
22 129
105 282
134 219
133 289
1 114
116 248
2 19
78 296
3 62
17 85
93 196
76 290
82 155
98 280
100 186
11 110
40 125
51 125
84 161
36 77
56 98
41 78
36 67
126 252
69 114
143 218
35 97
132 269
98 276
93 266
77 212
167 253
11 89
132 289
118 236
3 84
150 256
9 105
80 278
155 229
54 133
123 263
67 96
13 77
140 225
146 255
139 292
77 151
89 209
47 78
118 280
3 129
136 212
31 97
59 96
141 257
71 228
141 213
128 264
24 87
106 241
159 273
142 277
121 250
145 249
22 132
42 106
127 240
95 223
165 251
138 217
36 114
4 54
89 157
78 250
48 134
118 288
121 298
104 250
49 133
57 96
29 90
10 17
28 66
74 268
88 278
129 201
93 274
115 295
55 82
140 247
109 255
22 69
88 248
167 254
36 47
74 255
138 242
121 297
43 118
35 37
77 242
133 298
163 245
62 128
107 210
21 93
18 22
36 93
88 192
113 284
151 235
146 223
156 298
92 205
2 53
86 255
71 206
137 226
4 68
146 246
106 175
49 107
57 69
17 33
31 89
168 294
96 184
91 275
50 110
83 294
77 178
34 120
26 82
17 113
60 84
128 212
138 213
71 158
115 203
21 103
164 246
78 260
106 179
13 68
161 299
153 270
93 160
149 276
81 246
3 32
140 299
21 89
37 61
116 239
88 214
51 115
19 93
139 275
65 111
26 66
10 117
109 231
43 85
19 65
117 294
38 132
13 51
22 47
26 44
120 189
14 103
85 245
138 206
134 230
100 209
29 76
83 253
97 262
57 99
68 129
98 185
53 118
21 124
46 67
56 109
68 124
94 163
41 129
81 201
29 43
140 265
45 108
159 246
128 284
88 182
86 271
71 166
165 271
49 118
112 263
5 91
50 93
166 261
13 114
49 80
117 289
78 264
90 297
87 172
57 86
132 234
9 28
135 248
136 216
144 228
104 280
81 174
166 293
2 114
17 39
86 267
107 288
21 107
47 119
61 109
44 128
112 271
123 286
138 295
83 154
132 273
128 291
71 214
74 270
68 105
115 208
86 213
89 229
165 279
22 123
98 186
54 83
32 91
162 261
22 99
112 190
63 132
108 295
131 292
29 96
93 275
111 289
76 150
98 191
113 251
143 235
20 116
167 271
115 268
57 94
117 275
16 76
87 252
54 88
144 241
163 261
75 282
71 208
66 106
29 82
81 236
88 204
116 189
37 102
93 215
4 57
86 198
140 224
154 238
84 260
76 210
49 106
46 62
27 76
146 282
165 282
62 123
26 96
73 204
8 95
44 126
152 250
27 105
164 268
115 227
49 60
99 278
158 262
8 80
11 128
96 186
128 293
40 44
96 297
146 243
40 79
85 156
74 295
121 188
125 204
16 34
155 269
140 274
109 177
150 294
128 273
100 236
148 269
116 297
55 93
132 239
106 196
42 71
66 118
129 282
30 112
101 296
149 238
87 257
8 113
123 206
77 258
137 249
136 295
99 227
125 261
116 233
133 276
99 249
64 102
17 70
28 98
41 47
87 263
157 278
45 113
64 128
78 266
64 88
136 206
83 166
57 107
18 49
121 267
74 258
131 272
101 276
82 248
81 186
106 239
133 263
120 262
151 283
94 259
28 105
37 129
162 264
3 82
41 49
108 228
141 273
37 123
101 208
126 208
67 109
10 132
164 294
87 255
134 243
22 58
129 238
100 170
146 264
10 33
27 109
115 190
54 98
57 98
117 234
81 203
37 126
155 260
24 98
62 119
79 199
105 219
128 226
44 130
93 193
114 280
121 293
76 236
120 228
75 260
143 227
20 105
110 245
84 274
58 113
166 297
121 266
37 43
50 91
158 273
115 277
93 254
124 193
1 108
95 238
40 43
86 189
116 295
81 252
78 178
107 250
30 90
21 121
168 270
102 287
75 152
82 191
41 128
9 10
71 225
77 247
25 50
120 213
103 258
30 127
132 220
141 231
83 192
46 82
42 75
159 295
102 271
38 90
91 242
141 238
114 240
19 67
144 219
50 58
112 221
7 96
107 247
14 26
89 158
168 293
18 123
47 94
49 117
11 77
123 297
141 288
58 89
76 255
16 50
55 129
27 131
122 289
107 248
165 254
80 283
34 99
26 93
155 261
78 212
102 188
81 233
72 142
133 223
84 240
57 78
44 103
5 85
123 217
13 93
74 181
12 74
66 109
93 227
91 231
23 42
10 73
110 189
166 255
42 96
25 26
34 64
153 237
93 211
143 273
123 283
119 247
11 17
30 47
28 130
26 127
48 105
92 215
123 293
97 198
158 245
162 255
2 5
157 250
136 205
137 250
44 88
50 96
69 116
104 181
78 204
119 232
132 209
84 223
18 108
99 238
28 96
80 264
22 36
107 216
156 246
152 272
44 107
2 58
85 158
56 127
120 231
86 199
157 253
128 248
136 273
123 298
133 218
47 60
103 290
53 87
81 162
97 265
146 288
104 223
34 100
165 267
27 29
101 185
81 299
151 229
152 295
11 99
40 73
69 132
145 242
85 204
106 266
80 147
136 277
3 96
16 87
53 83
130 245
31 88
73 233
167 256
120 250
51 105
40 59
134 246
166 257
19 44
139 260
20 87
31 37
128 281
133 243
149 264
156 240
2 78
145 250
126 212
26 62
93 263
36 120
37 127
84 244
31 55
46 71
16 92
112 200
164 262
153 248
24 60
37 38
22 62
147 233
8 26
99 186
118 277
38 114
75 262
84 230
95 185
37 118
24 111
44 83
131 242
161 243
86 244
52 88
30 59
16 57
40 95
141 242
156 275
71 295
104 291
109 178
115 296
89 179
94 223
6 21
18 103
73 263
148 235
131 257
129 229
116 261
105 198
53 92
59 128
73 219
28 43
45 124
45 95
140 250
90 216
143 237
18 80
64 129
152 247
115 224
121 260
28 123
6 9
155 289
148 285
137 268
84 280
31 75
107 222
155 241
110 292
144 267
43 48
106 252
9 86
152 297
24 115
130 197
158 281
11 57
74 161
70 175
136 262
90 231
87 223
19 86
6 97
27 90
88 256
92 220
84 202
2 67
37 95
23 78
115 196
14 30
30 110
129 266
107 229
82 269
86 241
50 101
151 241
50 132
165 259
57 92
84 157
5 12
62 82
163 274
70 205
146 250
107 245
99 288
163 273
13 99
101 181
30 61
80 242
105 218
14 131
49 53
160 241
29 52
131 203
86 204
82 176
22 93
78 184
16 114
109 264
110 234
97 253
15 22
126 244
99 213
141 239
125 269
14 132
105 184
20 109
97 229
20 80
43 64
144 263
124 232
95 252
67 133
134 299
18 129
50 103
142 242
126 206
132 283
152 234
24 124
29 49
105 216
112 257
29 44
38 91
121 295
106 221
107 185
46 76
150 228
107 265
28 48
95 182
89 234
116 232
100 287
116 197
90 256
128 211
128 257
49 108
43 102
166 295
72 247
140 206
54 124
93 264
132 287
77 198
78 243
136 257
123 203
34 52
123 200
130 251
35 108
74 183
162 272
44 91
100 201
81 156
22 134
16 25
155 285
38 87
86 192
34 47
43 123
139 237
149 297
92 280
122 223
78 300
146 215
19 87
8 56
157 299
115 263
13 96
70 153
108 297
35 121
141 263
145 272
132 229
133 271
122 243
117 253
124 253
107 292
95 282
89 198
18 38
65 99
27 102
99 228
116 206
163 257
89 261
109 248
160 243
28 59
150 268
43 106
56 91
162 275
24 74
153 299
83 295
44 120
74 285
105 176
31 38
17 77
31 91
153 235
7 34
77 298
26 129
83 274
51 104
102 198
57 126
11 96
143 282
19 72
23 93
49 125
126 266
10 50
146 283
25 107
50 69
52 126
131 201
70 299
130 266
121 234
157 294
146 239
31 96
102 179
100 249
155 234
43 80
152 275
37 44
133 199
92 268
63 116
84 288
74 233
81 267
30 122
124 217
36 52
91 285
40 100
21 132
157 295
28 78
4 98
17 94
57 90
58 100
143 297
87 228
32 62
15 114
152 280
23 55
74 152
2 47
112 204
157 242
36 83
131 278
10 41
44 86
148 232
123 287
19 78
4 9
9 37
106 231
124 211
85 152
100 299
72 184
37 133
112 242
20 29
81 248
24 45
14 112
105 213
87 177
83 200
157 287
16 41
149 284
66 90
135 299
93 218
80 216
163 263
76 261
30 105
31 124
106 272
6 122
19 103
31 52
17 61
16 130
22 26
130 240
106 282
131 212
168 285
72 205
120 299
81 147
124 202
53 129
61 94
72 140
28 108
8 68
112 182
102 204
82 293
145 231
109 241
37 67
136 263
106 256
27 36
155 244
144 283
22 90
27 61
50 75
147 241
85 161
2 111
80 280
79 249
28 124
88 179
17 78
41 115
150 249
72 177
35 90
67 127
84 195
67 111
33 63
79 258
120 190
139 295
112 287
19 53
61 102
67 102
135 294
82 174
146 281
28 61
85 238
103 202
31 72
70 176
117 200
98 250
142 219
138 250
97 289
2 13
59 108
149 242
9 106
117 199
26 33
30 39
75 222
98 258
122 206
35 126
122 247
59 85
93 299
115 215
4 49
121 243
155 251
57 80
19 51
104 172
80 236
20 130
87 162
55 132
45 104
80 157
77 147
18 98
63 124
14 86
11 50
20 85
158 244
62 98
137 247
113 279
116 259
144 271
131 222
105 217
115 260
138 293
132 235
32 70
51 95
50 114
82 168
144 268
31 132
87 231
6 66
43 117
98 289
9 36
163 293
148 278
63 83
9 73
82 167
23 71
145 299
83 165
121 299
126 293
60 112
115 226
31 79
36 59
138 290
139 240
14 87
112 244
9 59
141 268
162 247
19 56
104 251
94 171
99 222
22 131
168 287
130 284
117 238
19 134
60 127
16 59
19 62
29 40
130 213
98 198
145 213
93 236
112 184
119 226
58 88
13 36
103 181
100 232
97 280
138 247
132 282
37 98
139 243
32 130
8 108
14 109
85 189
32 132
40 86
153 227
83 172
157 297
17 37
24 27
151 282
61 129
124 293
101 236
145 258
6 48
160 273
131 233
150 229
28 44
123 241
13 92
152 273
133 202
144 298
83 282
103 231
64 115
25 54
167 289
76 196
123 244
82 215
124 282
78 168
43 55
149 260
139 209
77 211
79 279
40 56
55 125
45 79
8 22
152 238
98 228
64 112
15 124
21 25
76 271
57 116
26 41
21 74
35 58
20 89
112 237
53 73
49 96
110 193
75 270
22 128
137 289
145 229
27 108
157 300
58 119
19 39
39 95
139 251
31 98
165 293
146 285
93 231
99 177
86 248
92 203
15 109
3 115
148 279
132 291
70 172
10 14
137 227
103 217
166 275
125 232
75 195
136 300
29 111
65 108
115 299
70 247
104 231
150 230
38 127
131 255
145 273
11 90
48 67
106 234
79 221
69 120
63 128
137 266
78 187
49 104
47 102
123 238
145 245
53 68
53 130
10 51
41 44
44 129
140 208
71 213
25 110
89 164
3 35
99 254
89 163
37 78
9 53
88 229
125 208
69 104
89 290
140 218
147 295
70 181
7 30
115 189
121 296
106 263
138 248
50 72
12 38
35 117
84 266
6 99
23 82
92 219
11 19
83 287
87 296
80 185
155 232
49 134
105 294
112 230
59 79
54 76
120 263
36 84
43 73
59 75
66 99
32 123
90 275
114 210
67 126
136 267
164 275
74 229
115 275
116 278
41 114
149 246
53 132
30 32
106 203
56 107
104 203
149 289
124 284
112 297
5 113
43 89
93 172
43 132
149 262
11 117
157 280
16 119
16 123
15 53
94 299
17 73
82 288
136 238
38 110
136 265
55 95
18 128
133 300
148 250
120 259
86 288
97 177
10 88
110 212
73 174
13 24
134 283
112 256
34 112
125 221
36 116
55 105
11 55
96 224
87 262
127 194
25 119
20 25
89 225
148 296
64 118
84 219
59 97
143 239
24 64
120 237
34 38
21 126
77 223
101 258
93 221
31 36
113 199
131 226
65 131
42 50
150 235
52 134
70 280
165 252
34 129
11 42
93 297
7 116
125 220
91 186
71 183
4 132
150 287
16 98
34 60
5 110
130 253
110 256
42 129
142 225
136 219
79 156
138 222
46 64
94 247
135 233
12 127
110 211
149 294
3 102
81 240
83 249
165 294
112 258
116 296
8 101
135 212
10 56
159 241
45 132
95 187
49 130
43 119
151 249
50 126
54 123
85 268
98 264
85 283
32 94
20 107
123 255
150 279
137 282
44 72
151 225
42 76
61 105
80 193
65 91
3 114
117 244
31 68
7 36
36 95
58 76
158 286
55 102
29 78
14 118
80 273
74 213
123 291
54 102
68 109
117 282
120 211
26 113
32 125
28 116
163 247
128 195
128 245
124 299
76 275
109 223
122 292
83 163
110 295
75 147
19 34
143 223
89 264
58 114
20 76
83 256
77 236
142 258
167 265
12 88
61 115
154 285
19 118
96 231
78 205
62 102
115 236
39 98
93 290
19 116
82 231
81 184
52 73
144 229
7 79
24 108
131 279
124 190
88 187
139 274
142 286
28 53
78 221
28 131
52 110
9 81
141 282
139 259
123 250
93 195
100 265
62 78
141 244
125 195
59 86
155 237
8 54
145 297
144 220
11 103
97 187
138 233
48 114
167 269
80 284
74 260
43 60
26 40
116 231
83 267
139 270
84 170
85 225
9 102
136 283
13 134
32 126
131 282
108 197
135 257
38 68
97 287
143 257
83 218
28 103
93 251
12 26
63 114
149 256
132 255
54 90
149 232
102 176
110 279
136 278
54 94
109 226
57 128
139 261
81 277
21 95
91 247
99 206
133 227
54 132
160 236
103 192
145 265
167 277
122 229
116 187
88 198
121 189
11 13
114 297
121 209
131 231
5 58
7 80
149 282
74 278
45 94
106 182
89 194
137 258
7 75
2 129
129 294
97 240
79 219
62 95
138 224
62 131
57 105
130 252
12 71
87 234
89 174
8 76
3 54
116 204
144 236
134 237
4 99
108 196
136 217
31 109
64 125
59 91
82 230
51 69
162 243
31 113
3 90
98 194
52 94
104 191
35 106
33 72
11 112
73 141
120 291
5 70
112 278
30 124
71 253
9 45
151 262
123 296
42 79
18 37
17 109
102 245
8 25
160 298
106 264
155 246
75 185
7 20
53 78
21 32
122 234
14 22
122 270
117 214
87 202
3 24
109 242
68 132
106 219
113 220
112 207
88 299
125 256
13 118
73 279
70 274
99 251
135 202
85 193
21 24
8 43
31 119
3 47
26 47
157 275
109 206
84 189
141 243
106 224
54 82
10 100
80 148
49 128
15 61
97 238
95 191
3 29
138 249
115 182
17 62
38 55
120 246
55 79
167 262
147 254
85 281
25 69
136 208
101 292
25 36
105 300
126 240
137 238
110 178
110 300
144 289
85 288
17 29
130 271
83 263
84 273
80 258
152 263
21 40
152 278
94 196
36 39
123 226
144 280
79 157
36 94
142 248
22 64
78 227
142 269
70 137
34 83
122 199
141 262
115 193
53 126
88 273
30 130
106 185
26 114
93 165
2 71
163 281
9 123
149 252
32 58
76 280
77 235
160 284
19 69
55 117
16 85
140 240
70 157
84 271
46 120
28 82
107 276
24 127
108 194
121 233
41 56
116 209
116 184
148 268
3 61
75 236
147 232
116 228
58 117
120 258
64 124
108 212
47 67
15 86
80 158
90 251
67 115
139 226
33 70
98 271
54 84
99 178
71 285
29 65
105 258
31 56
139 265
167 283
78 190
2 76
13 113
52 131
168 292
160 240
121 221
88 291
110 273
40 96
99 189
152 259
106 205
30 80
86 275
9 104
37 115
10 48
82 285
116 279
94 183
160 285
99 289
34 113
127 298
142 257
11 83
16 24
18 48
134 204
108 294
123 300
27 69
139 286
150 254
49 79
23 84
4 21
93 164
43 69
83 183
20 120
84 198
50 62
158 239
124 234
143 248
21 47
16 26
140 246
42 130
128 255
41 119
163 265
37 49
62 93
73 161
7 88
91 219
17 87
17 123
146 217
31 50
123 189
8 28
83 195
152 266
144 215
138 257
93 171
11 114
7 89
71 177
101 255
19 107
97 167
138 231
80 293
125 291
112 178
76 265
35 69
13 70
98 275
146 292
22 54
168 291
78 225
143 261
16 122
107 290
139 255
15 89
145 274
157 270
19 20
98 237
102 289
45 107
22 65
78 209
80 294
48 61
31 40
132 261
98 234
140 227
47 124
4 118
14 25
104 221
12 68
55 85
142 254
5 105
125 240
77 281
36 49
138 237
27 59
83 245
51 79
11 74
98 266
130 234
16 121
124 218
76 164
12 117
57 124
35 70
15 65
152 242
117 296
132 252
107 262
57 130
123 211
6 38
128 225
55 103
49 73
84 275
36 66
166 271
101 216
94 201
75 150
2 75
37 68
133 246
74 177
12 58
133 245
141 281
22 60
124 254
83 177
147 300
130 286
35 47
36 104
166 276
87 290
125 252
111 193
116 237
51 122
19 102
168 279
117 277
70 238
80 262
44 105
79 242
98 274
2 48
90 222
116 205
148 297
78 176
164 295
109 270
54 122
123 276
141 208
162 284
75 294
98 212
31 67
31 42
27 99
24 78
37 71
81 243
43 51
139 296
120 210
57 133
120 199
138 264
112 260
123 284
82 223
68 99
136 240
77 221
18 127
30 104
58 72
22 97
116 285
154 287
35 74
168 264
19 45
114 253
107 243
62 77
11 18
80 237
105 286
86 264
114 248
111 277
43 62
144 279
99 276
56 78
92 250
103 286
44 131
24 58
12 55
4 42
40 52
86 153
36 102
125 207
115 253
87 241
4 36
24 38
97 183
74 254
163 283
35 99
98 225
109 291
136 288
42 52
40 49
90 244
56 105
81 281
112 284
32 53
84 203
147 299
78 261
126 204
70 162
152 255
118 231
29 117
59 87
102 171
162 282
42 65
108 299
24 88
35 96
10 40
75 225
81 295
35 82
44 109
25 68
91 166
97 230
20 38
85 299
54 72
89 189
49 127
75 204
138 266
2 63
99 265
142 223
94 250
90 232
3 46
16 37
9 61
29 58
34 105
42 58
79 209
152 279
21 69
7 110
71 167
80 238
22 71
137 269
3 71
55 70
85 170
80 271
155 231
123 208
153 274
115 281
3 48
23 130
23 24
142 247
93 243
71 265
61 95
124 204
112 259
147 262
97 285
142 283
5 130
112 300
37 74
115 181
119 210
15 46
155 252
107 188
13 48
21 27
46 121
95 284
84 286
129 215
21 57
118 217
76 259
45 66
16 49
116 192
162 299
66 111
80 224
62 92
69 109
79 147
47 51
117 216
37 70
17 20
133 268
139 224
141 292
146 299
44 79
108 275
145 214
22 122
137 222
82 239
149 236
102 295
4 74
124 215
96 254
124 236
44 111
89 206
119 290
120 201
62 120
50 73
30 37
114 215
83 156
102 256
17 75
20 42
54 112
123 245
19 120
34 71
147 266
129 256
39 133
95 167
164 267
60 91
4 16
99 236
88 224
70 164
29 91
128 290
162 246
44 119
116 294
115 183
120 194
74 168
136 297
57 72
49 122
63 79
149 257
160 238
83 239
150 258
3 77
109 232
102 218
92 226
133 235
108 221
70 158
18 39
5 96
93 166
13 75
8 32
126 272
137 248
36 44
159 300
48 101
46 133
128 220
133 216
137 271
29 118
8 27
89 161
123 197
159 247
113 245
19 81
70 288
66 96
123 294
74 143
39 117
7 130
89 255
32 124
116 224
140 260
115 252
29 94
123 292
6 57
4 12
57 100
157 263
81 264
103 292
98 299
90 224
45 99
55 67
146 286
150 250
9 40
100 220
24 95
45 111
46 68
129 224
53 94
166 284
113 248
3 28
50 78
136 239
146 244
138 265
148 272
167 260
106 212
78 192
21 115
42 108
39 79
13 41
162 252
149 244
83 161
89 226
35 118
2 127
68 107
120 216
48 106
105 261
110 199
63 109
75 144
136 249
143 271
153 291
141 272
20 47
85 256
103 188
30 87
10 104
54 79
35 116
52 100
84 265
120 281
19 127
75 261
75 153
145 282
118 282
46 75
77 228
80 188
28 95
78 269
75 188
58 85
144 272
3 119
115 213
135 279
58 104
30 43
10 37
116 244
32 95
39 53
15 63
124 256
7 50
12 83
112 247
91 185
43 125
15 35
93 278
111 214
96 288
31 128
128 269
117 183
41 96
137 244
136 241
56 116
21 77
35 40
72 204
168 297
26 80
17 22
132 254
167 279
55 123
3 88
151 275
117 208
89 205
8 100
127 221
86 194
161 293
137 239
93 257
120 218
144 295
149 287
142 279
133 251
71 256
74 198
78 240
18 90
103 247
39 66
16 66
36 46
102 223
106 285
61 92
141 278
24 61
157 257
165 250
10 91
74 241
16 44
137 263
135 224
99 250
110 267
136 234
103 209
123 262
16 29
99 257
17 67
113 215
30 91
44 108
21 109
150 243
136 256
36 130
111 238
131 211
149 296
4 50
49 88
12 77
28 97
13 82
144 257
151 280
146 263
4 113
91 235
152 252
54 128
50 74
123 212
134 217
1 10
112 235
117 285
133 238
73 224
107 232
93 200
157 232
5 57
76 241
106 270
94 296
148 248
15 88
33 103
45 78
11 118
115 195
16 23
119 297
83 231
146 251
34 134
100 192
49 91
77 233
158 280
93 177
157 248
56 79
117 261
89 160
120 279
24 65
73 234
123 257
1 61
76 152
107 200
147 296
165 280
147 279
49 54
76 282
140 233
80 146
79 281
122 242
130 267
166 251
19 42
45 67
35 85
79 218
15 84
27 46
89 231
19 85
123 227
165 291
165 292
80 291
122 240
150 273
71 299
39 118
16 17
70 242
37 122
153 229
121 237
75 142
138 289
139 257
139 250
157 247
148 228
86 171
29 104
99 253
16 103
116 293
116 251
33 130
97 243
49 83
162 245
105 272
86 162
84 287
139 278
30 58
120 200
100 178
153 269
107 237
71 173
115 284
74 155
8 37
30 111
41 52
133 225
121 239
123 269
141 223
41 91
141 264
77 269
22 92
113 282
18 73
133 270
49 82
64 96
26 70
89 271
40 92
93 167
70 190
29 79
3 12
142 245
94 252
23 38
80 155
139 282
34 45
43 115
26 53
38 74
75 170
131 295
134 232
133 264
150 260
120 215
3 92
81 210
24 79
98 263
98 286
52 123
52 96
109 272
36 132
3 45
115 186
4 92
19 123
57 91
75 255
93 281
122 297
84 215
77 262
4 126
48 129
29 34
162 280
123 190
112 183
154 290
21 36
100 297
121 262
13 121
137 215
134 264
47 117
86 278
115 286
36 53
145 238
79 277
149 254
93 184
10 13
132 216
38 126
132 228
38 58
120 191
49 98
148 275
80 205
31 82
80 206
136 269
77 181
54 81
93 199
64 134
50 130
166 252
7 131
151 293
104 178
52 106
37 77
105 174
70 225
72 149
137 283
11 51
80 194
117 201
122 207
80 175
155 272
5 87
128 205
79 215
10 102
99 291
110 285
42 98
51 82
161 287
164 265
162 276
78 231
131 241
40 105
77 229
159 235
22 31
114 300
106 206
21 37
48 71
89 233
43 98
128 300
25 38
5 68
67 90
29 109
26 86
67 106
110 187
161 285
145 270
49 110
115 237
80 165
145 278
128 222
91 256
2 105
138 214
75 238
77 279
126 292
30 120
24 109
131 300
7 97
97 295
145 217
109 210
50 109
21 100
156 252
100 219
44 82
128 276
103 175
159 276
38 76
27 43
112 194
23 35
26 118
54 121
155 249
15 131
118 207
100 251
5 48
132 221
40 119
88 176
34 81
41 85
148 254
149 283
36 86
29 81
28 128
162 253
48 123
108 231
93 214
107 291
132 285
109 247
137 206
97 233
141 214
31 105
101 219
124 219
85 207
108 187
149 228
42 128
38 115
140 298
34 49
149 300
112 233
69 108
59 110
44 65
114 290
36 90
82 208
1 58
104 293
147 231
124 266
50 61
87 229
67 128
152 262
102 274
80 183
124 213
75 259
17 127
138 297
75 171
152 289
13 94
20 70
15 67
61 80
33 66
15 38
121 287
139 225
44 69
56 76
22 80
84 267
138 245
132 208
73 241
54 77
110 207
123 231
99 165
112 187
1 32
152 245
145 215
22 100
2 17
36 48
36 56
20 56
164 289
139 268
110 235
132 212
19 33
145 240
160 253
28 99
81 187
142 259
100 216
8 75
128 216
109 217
29 77
123 213
18 50
146 213
36 61
17 99
75 181
31 86
120 254
35 61
21 84
155 275
94 225
65 134
120 294
59 123
152 258
117 235
44 58
52 75
75 146
125 251
80 274
66 134
40 60
48 76
74 182
147 225
110 283
78 177
19 110
142 216
16 118
115 231
143 277
37 62
28 83
51 59
137 208
93 286
120 224
11 92
144 288
T 35 107
P 225
T 83 267
T 82 176
T 12 74
T 245 244
P 100
P 182
P 14
T 218 139
T 106 279
P 203
T 169 71
T 293 191
P 100
T 180 110
P 94
T 97 103
T 62 279
P 279
T 117 107
P 9
P 68
P 148
P 22
P 231
T 239 75
P 256
P 231
T 153 110
P 4
T 28 35
T 88 28
P 277
T 283 174
T 220 71
T 43 208
T 91 4
T 138 243
P 23
P 246
P 161
T 98 111
P 251
T 178 32
P 4
P 163
P 268
T 192 160
P 261
P 3
P 110
P 60
P 113
P 180
P 297
T 286 49
P 11
T 116 17
P 255
P 145
P 135
T 178 282
P 217
T 297 142
P 38
P 204
P 255
P 251
T 126 275
T 172 169
T 284 250
P 56
T 285 232
T 43 75
T 132 27
P 119
T 92 82
P 175
P 210
T 150 11
P 222
P 287
T 174 218
T 251 148
P 36
P 110
T 129 104
P 55
T 268 176
T 246 198
T 277 71
P 54
T 238 9
P 262
P 66
P 123
P 94
P 149
T 61 161
T 163 205
T 84 53
T 223 17
P 176
T 84 177
P 260
T 185 183
P 216
P 54
P 70
P 128
T 278 194
P 46
T 104 77
P 275
P 259
T 131 264
P 61
T 54 242
T 14 288
P 136
T 33 287
T 158 206
T 74 228
T 23 7
T 278 155
P 297
P 120
P 265
T 154 281
P 258
T 243 61
T 11 123
T 195 66
T 180 67
P 162
P 107
P 32
P 78
P 131
T 193 168
P 244
P 235
T 107 42
P 44
T 125 148
P 290
T 143 186
P 23
T 248 279
P 283
P 194
T 271 261
P 187
P 240
P 263
T 210 41
P 286
P 57
T 28 69
T 191 9
P 5
P 286
T 266 207
T 265 217
P 218
P 268
T 46 274
T 272 296
P 146
P 281
T 296 250
T 261 9
P 61
T 247 82
T 123 171
P 245
T 161 277
P 277
P 98
P 292
T 120 74
P 254
P 117
P 170
T 100 233
P 53
T 254 60
T 170 288
T 94 84
P 147
T 198 55
T 10 154
P 133
T 104 247
P 100
P 138
T 271 21
P 81
T 40 56
P 37
P 16
P 98
T 238 279
P 143
P 230
T 274 289
P 282
T 236 167
T 252 1
P 56
P 120
T 126 70
T 137 163
T 45 85
P 53
P 90
T 266 273
T 161 48
P 242
P 38
P 295
P 163
T 91 34
T 13 243
P 153
T 58 214
T 71 128
P 83
P 116
T 135 263
T 95 223
P 36
T 10 256
P 220
P 229
T 24 159
T 6 99
P 171
T 119 164
T 269 49
T 222 15
T 207 26
P 297
P 276
T 246 239
T 120 179
P 202
P 247
T 1 92
P 80
T 214 41
P 280
P 269
P 234
T 255 182
T 192 217
T 196 264
T 113 245
P 188
P 279
T 113 239
P 47
P 271
P 256
P 130
P 121
T 237 196
T 209 61
P 11
T 288 148
T 66 102
P 50
P 261
P 104
T 187 75
P 45
P 133
P 228
P 32
T 298 224
P 100
P 30
P 236
P 111
P 70
T 212 142
T 196 27
T 268 237
T 63 101
T 252 229
P 250
P 280
P 286
T 157 109
P 80
T 238 42
P 68
P 191
P 24
T 180 152
P 296
P 60
P 85
T 175 169
P 159
T 63 212
T 141 238
P 204
P 152
P 60
P 48
T 99 137
T 29 117
T 150 94
P 169
T 145 41
P 167
T 248 77
P 193
P 182
T 151 61
P 270
T 118 171
P 194
P 77
P 30
P 246
T 187 55
P 218
T 99 52
P 110
T 228 178
T 297 253
P 294
T 38 10
P 248
T 133 112
P 215
P 164
P 1
P 83
T 150 281
P 44
T 229 206
P 242
T 167 209
T 240 106
P 102
P 119
