300 11357 350
44 48 84 52 69 94 100 51 10 8 79 11 8 95 56 35 81 46 53 55 43 61 18 72 16 18 36 12 73 32 35 75 57 27 65 73 37 39 87 93 20 28 98 89 50 69 51 99 16 29 18 82 84 15 52 80 33 83 72 89 55 4 57 86 2 44 97 5 3 14 45 93 78 91 31 100 75 20 95 72 88 55 21 42 47 57 13 63 14 26 60 41 39 22 26 23 96 47 79 5 54 46 10 2 61 77 37 52 91 93 75 2 34 92 83 51 48 1 11 5 55 5 21 12 80 52 81 56 21 52 34 46 57 30 46 98 10 94 1 39 25 97 6 87 31 48 63 58 88 30 33 93 55 94 3 89 4 46 77 50 52 54 75 24 37 18 75 63 87 22 7 94 37 84 74 24 94 24 70 94 14 28 99 26 21 49 83 95 60 42 29 70 17 53 92 38 71 11 86 27 38 92 76 62 94 96 7 17 36 61 19 39 31 62 36 66 55 80 68 8 4 37 80 41 54 86 16 58 88 68 71 7 3 96 89 61 84 28 55 79 95 79 20 8 60 1 20 75 97 62 92 87 36 85 12 81 29 79 38 64 82 47 44 87 26 37 89 32 38 78 88 20 22 15 11 81 51 95 17 18 71 56 26 89 85 21 51 38 25 7 73 92 43 76 95 95 30 57 89 48
57 59
115 126
59 72
148 237
112 133
131 155
51 223
29 133
20 150
148 259
18 172
104 182
83 108
117 158
127 186
85 154
58 104
117 185
73 112
27 51
62 183
147 213
77 187
60 88
18 102
145 182
114 185
12 197
26 213
41 213
74 221
13 209
69 113
97 211
82 205
133 196
50 121
12 126
63 65
30 133
102 134
85 204
25 65
127 172
148 270
71 149
92 198
86 162
55 115
145 222
78 91
103 174
116 169
79 157
89 189
3 39
111 219
144 209
118 194
119 185
37 98
65 192
148 248
89 140
117 192
123 197
45 48
74 97
37 50
46 68
44 198
66 207
5 114
82 103
102 181
38 134
149 260
82 194
107 189
41 52
73 191
73 115
5 35
40 106
73 177
132 150
98 153
122 140
4 20
151 281
63 163
42 75
124 191
44 201
148 245
115 137
20 61
139 175
64 145
86 194
147 217
22 136
138 172
18 109
115 139
116 213
53 197
142 220
152 243
31 96
62 122
68 70
84 100
20 179
91 140
18 71
106 186
98 185
83 176
22 91
92 135
11 217
75 184
84 148
103 136
72 104
41 118
106 223
52 107
74 141
141 181
54 76
97 127
132 189
78 143
2 13
20 23
92 217
30 202
40 90
73 202
51 58
85 173
44 60
14 99
151 253
116 215
65 166
109 206
52 164
133 152
89 125
29 207
110 119
79 109
67 86
139 152
38 154
137 138
105 170
61 221
87 154
51 162
66 208
28 127
31 187
28 176
22 182
75 167
2 215
83 184
121 187
78 142
130 140
105 159
68 99
13 146
78 109
26 133
64 196
89 216
27 208
91 159
22 131
96 114
150 261
136 211
11 27
116 128
92 181
68 214
136 147
56 198
110 222
18 57
141 222
147 214
113 166
128 147
1 137
48 84
110 148
113 221
72 81
93 98
101 129
94 185
63 216
42 53
143 212
4 138
32 207
26 65
123 195
79 188
18 101
95 221
53 147
42 173
87 173
121 217
130 192
91 193
36 67
114 177
21 183
14 132
69 202
75 93
84 180
83 106
106 122
80 91
90 96
17 24
102 149
26 186
138 151
39 117
1 32
83 95
40 77
2 80
133 188
126 217
50 120
19 153
78 168
122 150
73 123
150 229
129 186
92 122
82 162
34 142
117 174
9 63
11 33
123 204
39 114
32 220
69 114
102 151
94 147
130 139
40 201
133 149
33 73
75 171
108 143
44 189
93 192
41 109
39 95
109 152
50 75
97 120
89 203
17 73
96 128
14 219
32 48
61 65
33 101
31 194
11 148
92 191
91 117
32 99
72 219
6 143
18 25
106 130
5 131
123 153
67 151
5 135
20 190
12 205
20 62
155 263
47 95
83 84
88 212
32 87
29 196
88 153
7 121
107 172
107 174
89 223
35 147
119 202
114 140
52 174
53 223
3 107
41 169
128 168
31 189
128 212
24 101
87 221
50 200
80 124
88 134
131 188
14 157
104 109
37 76
121 189
74 131
61 152
152 288
126 147
123 220
113 214
32 183
65 154
43 189
53 63
39 60
11 190
26 125
117 212
54 200
38 74
14 29
19 209
153 273
112 214
110 161
1 155
89 190
64 109
129 150
7 74
142 181
22 162
54 110
107 183
93 185
90 179
94 162
80 127
30 175
87 125
101 182
56 80
48 76
97 173
37 173
129 213
38 40
126 182
5 109
101 205
7 164
117 125
33 89
72 140
110 223
23 110
43 163
26 76
3 53
83 218
125 170
149 298
86 157
92 145
10 16
110 203
124 164
73 187
65 178
19 73
123 137
54 138
152 231
61 96
9 112
108 121
97 174
19 168
133 180
108 180
59 131
63 81
58 174
127 171
104 218
153 277
16 85
2 26
87 100
75 198
73 118
39 111
90 161
56 144
14 152
31 171
12 109
56 107
96 149
139 172
109 136
81 209
100 216
142 178
15 223
90 136
108 164
83 164
80 87
90 142
27 112
86 104
8 63
87 118
110 120
40 208
81 210
62 124
104 147
70 210
154 245
20 162
12 18
150 232
27 216
1 162
150 279
96 214
66 166
154 292
126 219
40 149
3 47
39 153
116 141
22 94
98 204
6 122
72 189
134 151
74 137
53 192
103 164
75 188
55 73
78 102
54 144
18 66
126 175
100 214
24 185
56 182
74 201
12 82
74 140
22 205
80 215
121 197
119 157
56 119
103 194
40 223
99 107
6 222
48 219
51 181
28 171
46 56
154 291
131 221
23 81
33 66
94 120
127 216
83 171
148 271
42 91
12 96
95 110
102 185
29 79
5 9
84 85
136 182
116 139
121 178
125 163
10 82
69 201
97 136
93 111
41 86
113 180
40 210
78 114
99 189
19 76
45 128
3 159
66 220
25 145
24 215
104 194
5 81
26 140
50 142
67 214
12 165
54 195
75 160
22 164
30 86
59 154
20 195
91 101
125 171
66 162
83 189
2 14
61 135
136 152
23 194
90 146
67 115
18 82
97 150
135 180
114 203
92 206
25 91
18 84
39 94
85 156
80 223
60 176
97 105
48 124
149 239
106 114
103 159
67 189
106 169
130 217
51 170
150 278
32 157
22 55
41 197
51 191
112 157
80 125
112 132
24 111
107 158
64 132
38 219
135 139
128 187
109 217
132 144
96 177
66 91
140 175
105 145
35 45
77 106
82 138
105 213
142 219
102 142
55 145
127 137
59 202
138 170
42 116
20 149
39 203
141 183
39 145
11 88
82 201
39 217
20 219
123 158
25 210
4 123
66 122
34 179
133 156
20 44
48 96
107 131
50 136
61 99
3 139
93 210
114 189
144 205
22 64
118 129
80 219
17 140
104 216
98 142
18 146
63 75
38 77
78 159
108 202
35 131
27 76
43 77
3 158
58 68
21 132
82 104
111 181
7 132
60 218
52 86
2 10
22 193
85 88
20 108
133 186
101 156
108 141
48 154
92 192
63 210
68 143
108 119
121 146
64 198
97 98
146 204
18 86
114 144
93 208
26 127
123 209
44 212
83 102
80 130
154 285
142 179
102 168
129 130
68 106
45 161
129 214
29 131
83 131
30 43
5 170
99 134
134 184
6 54
136 178
27 211
125 214
82 186
1 113
112 199
31 131
30 195
43 222
30 83
71 158
133 217
110 201
38 222
112 181
115 216
20 130
9 184
130 200
80 155
102 133
49 199
62 188
141 168
71 210
117 190
26 38
154 288
22 165
131 164
74 98
22 24
33 162
86 130
2 203
108 110
82 101
95 201
36 53
124 133
28 217
71 116
5 192
154 271
45 221
125 216
27 106
82 221
117 129
37 146
145 203
95 168
69 141
1 35
25 164
118 143
33 124
1 51
113 163
82 165
1 115
65 102
99 132
127 201
148 233
1 6
127 213
56 159
25 149
78 156
37 74
52 142
139 188
52 83
12 185
143 182
113 159
14 193
87 152
121 206
29 141
93 115
89 102
11 81
121 192
19 198
2 128
148 247
91 152
54 201
78 162
49 51
71 207
125 223
45 206
153 267
69 101
49 213
30 85
80 108
92 107
129 209
110 168
44 176
71 219
40 176
91 146
19 113
30 113
132 160
131 159
78 122
68 115
2 207
32 80
49 181
150 231
53 120
17 41
54 165
104 166
118 174
123 140
127 173
23 94
111 148
37 201
107 149
69 100
130 170
18 189
12 140
21 26
94 107
114 194
56 109
152 279
113 192
124 198
151 250
80 126
113 147
44 109
150 245
47 64
67 79
80 110
97 178
127 190
99 190
132 146
93 109
73 88
76 77
155 268
3 118
65 69
29 156
149 262
100 215
105 182
97 117
105 116
150 239
81 159
81 102
148 268
87 99
107 129
56 89
126 131
98 218
54 142
50 189
55 134
38 107
108 139
104 112
38 120
13 118
114 200
103 150
107 221
78 206
66 217
86 109
43 148
118 186
84 138
125 131
25 189
132 200
5 222
112 198
20 180
78 100
114 133
78 205
84 202
62 64
76 118
78 153
121 202
126 189
65 148
109 171
83 93
3 95
6 77
123 142
10 198
27 119
78 118
123 181
134 142
130 155
2 82
79 126
92 223
76 139
24 188
23 184
11 78
149 233
71 88
85 107
111 170
79 168
149 228
30 99
42 184
7 134
99 113
83 160
13 187
121 184
96 131
106 187
65 78
71 132
2 101
112 113
104 179
26 166
142 173
15 46
8 150
87 200
34 160
88 219
49 109
57 72
75 118
61 91
46 123
102 120
36 87
5 88
7 15
106 172
121 207
51 91
51 222
14 128
116 142
121 203
109 167
73 219
69 126
27 205
151 240
82 197
137 202
45 208
33 78
126 197
49 145
18 130
130 165
118 210
106 178
122 213
56 165
1 107
6 98
128 174
13 148
87 142
64 110
93 188
147 182
38 171
106 222
80 152
126 163
110 202
92 209
142 155
62 70
28 84
92 172
56 215
43 102
132 173
49 140
121 141
29 115
70 107
151 287
109 174
74 214
79 82
121 122
76 97
122 154
123 196
68 152
6 69
53 198
74 217
58 70
19 167
15 73
127 148
40 183
129 156
7 124
78 172
7 8
3 150
60 219
33 192
52 87
24 94
135 146
140 183
136 138
52 89
127 179
14 164
11 132
69 136
59 156
114 157
13 196
4 120
70 192
77 185
139 177
31 212
3 24
149 289
60 77
56 217
74 86
33 76
82 185
131 211
122 219
151 289
124 130
133 178
16 17
117 200
134 139
85 213
71 109
76 178
25 43
137 208
77 182
33 90
127 131
107 193
49 69
13 219
41 195
58 155
44 102
80 140
68 191
33 81
83 122
135 219
116 222
54 203
27 199
54 163
137 160
111 214
102 222
81 190
20 191
58 59
92 183
93 189
97 143
65 84
64 111
37 193
8 59
60 143
80 89
120 129
11 65
124 188
90 192
19 94
105 120
72 97
23 132
151 245
144 172
92 137
5 72
139 199
5 159
14 220
110 146
17 120
91 169
75 80
133 208
74 120
110 127
73 132
146 182
80 198
69 162
92 159
79 124
19 124
16 43
132 211
80 134
112 130
145 221
16 65
149 253
71 103
97 151
90 185
115 171
146 205
27 75
136 179
66 192
72 205
6 161
97 180
114 162
146 198
29 60
89 111
109 199
146 163
45 139
44 217
12 43
70 87
112 123
36 158
117 155
130 182
53 148
25 216
77 142
20 93
72 158
125 141
132 138
30 130
22 117
151 259
73 135
35 84
7 106
127 217
23 137
70 151
82 84
125 173
11 122
21 31
8 163
45 131
102 217
112 155
5 44
94 126
129 196
46 64
134 219
12 110
115 121
136 202
117 195
23 30
12 42
123 134
21 177
39 78
102 155
131 205
72 134
147 172
65 138
122 145
91 160
125 189
78 198
153 250
15 20
104 153
123 199
4 58
36 78
102 114
10 154
126 173
106 160
112 208
32 97
154 276
89 138
11 75
87 90
12 142
72 221
139 169
17 208
80 176
57 192
21 164
74 81
41 56
85 190
145 193
100 160
119 154
96 158
111 164
119 173
35 117
56 208
66 95
116 200
128 200
46 177
33 46
110 165
97 202
150 284
134 161
106 188
155 289
20 37
52 205
120 145
11 60
96 127
25 143
120 199
50 195
101 152
75 203
22 90
21 45
13 203
100 177
148 255
15 77
2 35
58 216
52 88
30 88
26 145
118 126
107 124
140 162
125 176
62 213
56 154
107 109
44 206
138 180
6 158
42 103
68 153
79 182
148 298
15 196
25 218
13 97
149 261
80 83
48 61
88 147
109 118
37 152
106 152
33 181
71 83
8 103
41 138
65 208
13 128
150 300
108 216
20 161
22 59
65 122
29 174
6 112
39 49
146 179
125 154
98 221
94 210
99 138
102 160
71 152
117 149
13 79
142 208
44 172
8 18
112 122
81 91
116 209
70 96
1 153
100 219
83 127
126 140
55 76
69 179
86 102
107 181
66 200
123 200
124 187
67 212
61 98
94 164
29 36
56 139
13 123
7 48
119 203
66 81
12 202
69 218
33 193
68 78
50 91
14 125
99 212
43 66
93 140
148 261
146 184
48 157
93 197
66 198
67 121
87 194
3 202
86 179
62 118
121 175
103 210
15 156
80 153
117 179
72 73
56 205
65 89
17 112
5 187
109 172
74 159
62 90
10 216
54 59
103 137
84 197
79 133
63 122
41 194
47 163
42 55
85 208
14 155
141 167
118 173
95 172
52 129
78 90
78 157
121 223
124 185
113 125
14 178
116 182
63 88
66 99
108 125
85 87
124 159
110 205
154 262
116 205
148 292
45 60
91 180
116 167
110 186
25 46
144 179
19 140
75 168
61 126
41 180
152 289
94 109
54 90
62 145
104 196
86 167
109 204
34 98
105 169
46 63
30 111
40 135
42 56
81 126
47 151
135 167
33 147
80 81
68 220
88 152
58 103
146 206
19 40
101 207
60 150
145 215
82 152
1 175
64 201
47 110
76 165
121 199
103 191
63 173
76 202
96 164
11 196
67 145
78 146
69 181
124 210
139 192
112 126
31 111
102 176
7 84
126 156
54 74
137 205
8 218
18 155
133 160
24 54
53 158
109 207
53 175
52 149
45 176
123 205
113 140
125 188
17 180
84 88
43 173
19 121
138 199
32 105
150 283
31 200
125 219
15 143
105 158
131 150
70 123
153 256
89 116
38 187
114 124
39 99
32 215
154 279
90 170
74 182
77 219
19 165
36 134
115 223
43 186
115 149
56 145
117 205
141 197
27 100
118 203
44 58
117 183
60 154
42 122
103 153
24 82
130 166
46 215
27 117
20 43
135 213
100 105
71 93
70 78
68 82
122 210
1 26
144 211
49 130
42 179
60 81
74 125
115 217
98 178
99 170
45 69
145 187
37 70
7 26
99 160
9 114
43 117
9 213
4 98
62 93
71 193
88 106
118 180
121 213
43 64
135 174
86 223
138 158
115 135
28 200
136 209
42 61
135 211
125 155
2 202
86 139
139 216
70 183
132 141
42 198
24 72
43 56
5 46
91 144
133 158
20 41
99 191
146 162
14 161
3 151
14 205
66 74
104 121
122 153
137 167
109 115
134 171
61 120
84 187
112 125
43 181
89 199
152 300
29 43
112 147
92 222
22 204
24 35
134 209
15 174
48 68
60 165
26 98
1 23
4 172
28 110
67 200
47 166
113 216
40 97
7 44
112 213
131 169
139 163
40 167
42 65
6 58
55 128
92 126
23 142
85 152
12 201
52 157
87 164
11 105
131 184
70 221
18 193
7 222
34 192
84 207
113 135
58 62
34 183
109 203
64 122
58 100
70 100
149 290
30 122
71 77
86 208
113 198
130 168
83 120
152 255
40 105
85 147
93 139
142 198
24 222
128 166
13 136
104 133
80 106
33 222
24 48
137 154
129 162
64 105
59 96
71 81
87 149
106 216
58 163
30 98
121 204
20 177
135 137
11 118
71 184
20 97
113 153
84 195
134 163
33 88
142 196
54 133
21 149
2 34
127 200
71 183
131 176
53 102
10 48
127 189
33 144
143 210
102 200
76 144
29 152
11 66
2 217
107 161
31 185
29 118
62 66
140 214
133 182
123 210
89 164
58 208
89 120
20 202
64 159
57 167
41 132
65 212
9 133
131 178
144 192
78 99
48 120
22 103
69 70
49 65
56 171
125 137
34 79
41 100
68 95
41 170
120 168
88 157
32 117
28 222
103 124
101 173
56 192
52 127
70 130
102 179
71 159
66 107
16 69
29 116
134 221
38 174
128 194
56 124
17 136
10 19
27 97
84 190
96 113
60 132
37 60
150 297
20 45
110 171
103 145
112 201
101 180
17 122
55 65
102 205
140 206
21 81
26 87
124 179
133 185
84 152
79 86
91 215
147 184
86 138
59 102
19 181
134 214
153 246
126 208
81 146
149 273
6 190
30 145
39 54
113 170
154 243
26 101
126 172
138 169
94 209
122 163
60 86
127 146
58 192
89 109
32 42
18 144
113 210
11 164
84 169
66 96
84 191
61 217
9 80
97 146
71 89
119 165
3 177
155 278
66 139
64 173
64 165
114 218
5 31
75 94
148 243
138 190
120 151
58 181
61 169
38 119
101 150
118 192
31 213
6 17
82 119
53 112
24 212
82 118
38 141
66 210
91 145
93 146
132 203
44 82
28 155
77 217
5 178
86 212
132 170
94 166
12 223
58 127
152 247
29 140
84 179
151 237
89 185
28 135
107 205
115 192
117 196
137 170
71 172
41 143
128 205
148 281
134 196
132 213
117 137
58 87
147 177
101 184
27 83
61 66
137 171
84 203
125 196
20 169
104 180
74 180
24 140
119 159
82 198
111 211
23 40
48 165
9 195
68 136
91 167
109 159
94 133
127 202
8 138
35 213
145 218
117 182
16 62
62 144
139 160
36 156
119 123
42 79
124 193
30 163
53 79
66 175
101 202
133 138
86 142
53 143
4 196
13 195
130 191
2 195
43 219
81 90
51 124
64 158
68 92
31 115
95 131
41 185
29 143
118 211
34 215
105 157
34 111
93 196
133 195
54 136
33 80
100 131
144 195
58 130
124 202
124 155
111 137
58 205
5 6
152 295
29 137
35 181
122 171
99 150
115 172
103 125
52 74
18 179
135 171
146 175
34 152
54 156
6 140
64 204
101 196
144 196
8 56
100 201
122 164
80 120
55 196
32 173
23 130
148 297
135 201
27 80
28 124
12 99
138 150
9 104
1 172
147 218
6 181
94 108
6 35
19 223
61 127
5 175
130 134
7 93
50 60
71 175
57 209
44 76
92 212
14 216
81 206
60 65
65 153
122 147
11 87
92 152
93 120
102 163
129 219
6 32
58 200
103 192
75 79
73 75
23 190
20 87
43 110
93 127
54 197
33 48
59 63
78 120
28 153
6 188
58 199
92 213
110 190
78 160
86 131
106 197
127 138
30 125
54 157
112 118
123 130
62 158
54 169
125 144
76 155
33 107
49 94
49 63
134 159
67 124
33 187
24 121
53 122
109 205
21 219
78 81
102 109
80 93
71 174
134 195
33 38
109 117
101 174
60 134
33 164
19 170
92 98
24 220
48 147
110 166
55 223
122 190
117 153
72 106
25 185
54 98
125 191
31 184
51 63
93 132
102 170
48 56
65 209
102 157
58 135
28 138
52 102
71 186
53 136
9 205
54 97
2 174
12 36
44 135
111 165
135 173
101 213
106 176
126 193
116 174
144 218
54 194
4 70
30 136
87 146
25 180
78 216
16 185
47 80
91 94
61 69
31 107
65 194
145 174
59 108
135 157
25 181
28 59
101 163
61 212
50 124
64 142
141 206
27 132
130 193
113 176
42 177
18 217
74 177
48 151
9 86
80 180
130 171
61 67
9 20
152 239
81 139
28 72
111 119
70 150
114 160
144 184
86 93
78 199
71 105
29 53
25 45
38 135
66 197
70 131
84 184
149 244
8 124
151 276
138 160
19 90
38 159
57 145
38 91
38 64
108 192
154 241
82 144
73 222
123 168
30 74
67 144
88 174
126 129
137 162
89 92
124 135
34 123
94 111
80 163
66 185
21 103
79 166
115 220
4 80
53 174
55 117
55 79
92 143
73 200
51 101
41 201
153 283
116 153
93 183
120 223
96 171
44 121
81 143
129 147
13 172
5 144
66 167
18 175
125 180
57 144
48 105
154 298
28 180
35 171
125 185
153 297
129 172
105 192
13 85
42 169
103 197
73 113
2 117
38 118
136 149
109 166
151 266
14 62
17 162
108 136
96 145
31 70
136 188
130 161
49 55
94 125
73 98
110 183
38 101
22 120
60 100
1 13
86 214
44 204
59 140
114 183
85 215
132 154
19 59
5 153
68 223
121 161
139 209
129 189
43 58
51 195
40 190
39 222
119 166
47 88
86 105
141 195
108 109
51 175
71 162
27 129
118 200
97 144
69 219
105 166
124 171
115 144
52 181
52 168
54 212
84 177
3 142
56 71
98 194
82 105
155 270
142 199
121 173
51 120
11 21
15 217
74 127
124 201
83 177
99 147
7 87
13 161
103 223
136 195
60 184
80 203
16 56
3 152
102 130
114 123
116 136
97 191
53 81
119 214
134 136
153 293
148 262
46 112
91 211
123 186
77 100
95 188
108 158
10 124
140 164
103 213
86 145
43 89
58 154
44 173
34 67
114 131
8 49
74 91
81 85
133 210
97 121
74 223
111 157
49 104
80 94
14 120
106 183
155 296
91 199
121 193
149 292
115 131
54 86
10 47
85 221
96 147
61 95
92 151
141 192
63 219
106 166
8 144
123 136
89 131
60 171
68 87
12 53
57 124
10 197
56 128
13 168
109 123
26 111
43 51
113 213
2 196
81 86
140 154
64 71
48 72
73 210
129 207
71 129
15 67
114 165
60 181
103 117
20 152
112 115
107 197
125 199
27 38
103 138
3 148
52 173
95 111
125 209
65 104
25 40
40 147
137 196
3 43
97 221
155 292
48 122
27 212
88 191
57 70
130 213
76 126
3 166
102 143
22 190
47 58
14 153
47 213
144 221
122 126
60 172
124 214
27 185
97 138
124 146
148 250
58 151
15 126
14 59
70 146
1 124
33 188
87 107
92 194
153 288
95 197
93 159
94 176
89 195
137 145
128 163
154 257
78 195
118 188
63 167
39 211
78 141
5 166
100 125
9 189
50 95
60 101
59 173
131 146
52 211
49 167
82 217
14 150
109 122
150 265
84 185
97 216
48 89
64 184
124 139
155 279
151 235
71 104
42 158
78 82
115 181
79 174
113 116
132 179
97 164
1 104
100 158
91 168
51 125
150 268
92 115
59 133
73 171
95 165
69 123
131 160
51 65
99 106
93 147
84 103
7 143
6 117
43 71
135 221
103 179
125 175
42 164
137 140
9 197
138 200
103 168
54 100
114 216
78 136
60 72
21 161
37 132
59 117
80 146
103 149
148 242
37 73
31 124
83 197
32 76
13 222
22 152
41 54
147 219
58 101
69 212
138 148
55 81
23 77
83 183
100 188
35 104
41 110
136 186
81 158
35 64
52 186
53 184
20 73
81 122
139 218
112 205
143 165
96 168
1 39
151 243
39 90
102 173
5 57
97 183
100 108
21 213
88 158
27 140
84 157
92 205
12 19
101 119
3 40
91 179
18 206
7 90
129 216
81 115
41 104
128 143
108 133
137 214
79 197
94 112
133 209
114 213
113 119
20 117
146 171
53 176
60 160
3 146
30 102
35 126
142 192
27 93
38 127
64 167
51 66
80 123
28 139
10 78
84 125
123 189
76 103
74 119
38 139
104 172
40 214
85 158
115 146
36 171
61 129
85 151
63 208
42 209
23 97
5 10
26 62
2 28
85 181
44 149
6 20
71 146
132 147
12 119
119 190
106 150
121 124
95 210
140 186
37 177
84 216
11 114
39 215
143 163
96 165
142 222
86 196
64 213
51 134
146 201
29 173
125 128
146 176
35 183
91 213
119 135
30 116
42 160
2 160
132 180
32 44
6 38
38 106
148 299
31 85
122 131
60 216
106 209
139 194
11 24
143 157
152 242
77 197
88 113
136 167
62 191
18 85
113 123
127 177
92 125
13 200
138 162
61 146
128 223
7 59
46 222
64 148
27 66
140 202
125 195
130 167
44 218
66 221
71 99
98 124
108 187
3 143
96 151
115 162
79 183
96 193
27 95
30 94
125 135
129 151
106 107
126 167
127 161
116 168
65 162
52 84
83 98
124 196
88 97
51 214
115 186
12 124
67 113
97 201
32 123
15 176
91 210
93 106
87 151
38 212
6 107
19 147
1 152
112 140
107 119
27 107
106 142
74 78
71 169
52 114
48 53
56 88
79 85
57 116
98 144
97 100
76 191
4 131
147 198
151 254
108 149
112 189
33 157
30 161
1 117
27 142
27 164
24 192
43 46
58 145
152 263
61 116
106 181
12 31
138 146
123 170
78 148
61 130
81 110
93 126
43 206
5 12
56 77
44 112
29 55
115 183
20 24
123 193
60 70
133 154
18 162
73 122
102 216
140 173
9 172
75 76
51 129
43 185
28 215
50 137
9 10
17 197
85 172
46 106
60 89
59 206
148 254
139 184
73 188
153 260
105 189
36 97
83 194
35 208
22 191
36 71
82 210
75 153
91 200
150 249
87 123
123 165
18 165
118 197
84 172
138 219
26 197
24 99
74 155
52 63
108 188
38 124
153 242
83 94
135 136
131 216
97 165
79 156
58 85
97 152
72 88
63 197
8 200
139 150
54 113
86 101
16 74
89 172
120 207
88 102
98 173
99 143
53 172
132 212
97 179
29 144
143 176
67 102
65 221
12 83
78 110
120 192
43 76
71 78
99 164
95 178
107 165
3 205
85 102
17 20
72 163
5 177
97 130
3 186
3 210
16 32
102 184
59 129
108 199
58 142
145 191
132 139
128 183
129 174
55 66
60 187
128 169
119 176
93 105
79 213
89 182
103 199
115 138
4 177
100 118
144 216
102 198
126 205
37 179
3 122
39 77
37 127
120 159
53 182
27 59
23 70
18 209
12 68
115 173
107 145
121 221
144 161
40 42
52 190
118 219
86 136
126 128
61 200
136 189
86 97
22 67
114 223
102 219
60 166
82 127
99 121
106 213
152 290
133 214
65 145
34 73
1 87
89 159
109 111
25 39
42 190
2 223
138 167
68 107
108 215
18 173
20 115
13 17
69 170
150 240
114 156
35 141
29 49
120 161
19 142
126 161
11 151
44 200
38 68
132 208
87 150
21 195
124 165
9 24
102 191
135 194
95 112
132 174
58 123
43 111
15 32
51 203
39 76
56 167
78 166
46 60
96 185
77 103
110 112
61 137
17 205
145 160
142 184
55 202
91 97
2 103
105 177
42 182
77 220
103 222
16 164
45 116
127 132
16 118
125 193
138 178
63 206
126 170
87 147
47 56
129 170
78 95
112 135
3 19
85 189
71 171
144 201
50 92
146 177
120 126
5 176
112 188
57 120
87 96
32 216
108 179
2 104
32 65
68 204
64 118
81 185
58 153
58 105
57 170
77 179
31 127
23 213
14 69
65 83
92 99
92 211
143 173
70 138
108 153
143 190
60 103
48 199
90 199
22 172
2 20
26 126
35 180
50 56
106 207
1 106
118 220
48 87
78 202
28 179
63 137
111 202
46 119
20 173
45 223
148 238
72 120
130 175
11 18
101 212
154 242
5 106
71 153
60 167
7 219
91 223
48 189
108 126
145 192
117 186
94 100
61 144
10 37
138 218
42 216
93 123
105 220
14 101
79 129
108 142
121 125
104 186
95 189
20 189
149 277
92 142
21 120
7 125
60 116
82 100
38 81
154 249
43 159
108 127
9 26
151 297
93 149
76 175
92 220
121 132
40 66
74 200
142 167
102 131
107 152
26 220
43 211
57 133
87 172
40 91
29 112
102 136
150 290
21 83
135 214
91 155
69 75
2 9
38 98
91 123
75 223
58 209
103 171
98 141
79 199
101 199
54 89
104 130
87 130
27 186
66 105
21 109
38 169
21 199
21 221
83 203
89 90
140 210
116 133
94 159
54 176
145 205
61 85
38 177
2 142
11 53
143 207
29 145
57 122
24 38
133 161
63 166
61 114
62 111
137 172
59 98
129 149
94 148
41 111
106 116
145 217
87 213
154 286
79 140
54 206
61 161
36 128
80 171
91 189
144 180
98 187
92 164
38 168
97 215
117 130
60 144
61 153
135 184
93 175
148 232
33 97
82 223
45 52
68 119
7 101
53 193
133 173
136 150
94 142
126 181
115 129
66 90
2 149
81 136
110 156
33 79
25 111
78 115
56 177
54 62
74 153
82 192
107 203
124 177
134 217
102 123
21 108
96 138
44 214
106 184
76 123
92 169
4 116
148 300
66 193
93 114
89 194
36 173
118 168
124 206
58 134
26 95
42 70
105 204
64 214
82 195
14 94
137 159
101 181
106 219
87 209
113 149
79 196
47 114
155 295
23 66
74 149
102 213
22 78
88 181
112 176
137 188
75 221
11 44
115 119
123 132
133 222
78 183
20 109
39 69
93 221
24 189
121 186
30 138
3 93
44 61
123 218
88 107
115 210
15 117
85 118
90 94
139 156
97 171
72 103
51 174
84 221
32 116
134 211
133 205
106 120
112 153
104 195
105 222
102 165
54 66
24 204
112 170
147 223
8 81
2 123
70 191
20 106
116 223
22 151
58 76
62 134
130 156
115 188
5 190
45 197
52 217
93 137
15 113
51 92
98 130
5 71
101 136
136 142
64 189
151 269
17 210
117 122
78 187
123 159
84 145
121 160
129 195
84 102
73 181
91 151
100 123
133 167
32 136
50 138
43 146
38 54
110 123
109 192
43 49
138 207
73 94
49 178
148 253
140 184
145 181
6 22
87 170
78 201
94 122
80 84
90 106
74 112
6 81
104 135
38 162
95 128
124 162
33 96
57 148
31 137
70 80
19 202
53 107
115 128
84 120
138 197
35 73
69 97
30 205
110 163
131 168
93 213
7 14
20 126
16 216
98 167
43 109
151 258
93 173
51 64
5 217
126 176
94 214
97 159
94 204
16 177
93 141
101 165
47 85
21 38
90 107
15 186
59 103
45 189
64 115
64 164
43 115
115 159
130 135
93 150
128 215
150 253
121 131
98 201
153 259
99 174
15 35
24 213
17 160
5 140
62 187
116 146
100 217
80 128
131 203
130 211
47 157
22 189
117 120
86 161
38 130
146 214
39 41
103 143
97 219
124 204
102 208
77 174
6 130
110 117
117 119
17 158
48 77
81 109
106 218
4 151
25 201
105 141
40 164
71 151
153 279
20 92
140 197
36 110
48 168
79 132
32 79
63 150
106 206
44 110
134 175
6 184
29 159
54 180
96 106
106 124
19 81
64 112
46 61
60 152
65 182
55 185
126 158
145 172
83 222
3 175
11 177
126 201
61 101
34 61
121 144
79 149
33 159
83 121
95 114
27 123
21 98
4 17
139 165
132 218
70 176
102 116
120 123
119 181
71 102
115 163
47 186
88 93
55 114
131 210
107 143
66 161
119 175
90 135
94 131
57 98
26 161
129 212
108 134
7 38
154 284
5 181
56 195
31 130
39 191
103 167
34 146
24 153
18 36
44 153
153 263
155 267
80 156
138 165
87 119
93 184
29 202
102 211
110 209
24 46
68 182
140 191
126 130
133 169
44 114
140 165
4 49
12 149
112 162
106 212
91 182
117 208
44 66
5 215
91 122
123 202
136 213
108 152
151 274
132 163
92 179
141 194
43 108
5 110
139 220
81 108
145 198
47 53
16 54
78 179
100 146
70 180
36 148
115 151
104 205
55 100
136 207
12 100
42 176
74 171
107 128
91 206
56 136
126 145
124 192
142 204
62 208
14 151
35 182
4 103
141 153
100 165
76 95
8 154
52 91
124 211
99 183
73 167
15 129
152 275
61 142
73 161
93 131
138 201
106 111
27 222
126 143
38 166
117 164
130 176
134 202
96 200
115 198
27 150
14 31
91 119
127 144
113 160
63 99
30 90
57 213
73 175
85 143
153 286
21 151
124 128
101 208
60 111
62 206
126 153
31 88
130 149
134 177
89 210
21 100
127 134
72 96
22 181
66 189
87 88
147 174
95 141
99 213
48 101
89 141
155 277
36 69
90 123
93 110
59 71
146 194
47 171
79 155
150 241
93 179
12 204
3 130
140 215
88 184
51 211
148 241
10 215
37 48
66 170
125 213
93 201
7 79
97 129
12 177
70 162
115 118
53 56
34 125
91 190
144 198
114 122
142 207
5 36
106 138
100 159
20 146
24 136
150 258
122 188
46 166
147 181
42 69
99 182
111 129
65 113
38 131
120 162
55 194
46 101
105 152
121 209
2 65
55 95
139 157
114 136
24 33
85 114
110 150
134 223
34 217
2 70
45 70
106 168
35 137
124 151
69 165
105 191
24 73
45 93
74 183
151 271
116 216
4 207
7 207
36 82
76 133
148 288
2 85
104 157
51 133
128 165
52 125
16 20
117 173
11 113
66 213
119 221
154 300
92 167
104 143
60 109
135 153
95 103
16 89
98 211
51 196
12 144
17 169
15 29
70 199
149 266
2 86
30 216
150 264
56 134
88 175
21 179
131 204
97 140
81 157
126 185
23 189
39 56
112 193
64 69
87 174
25 154
87 206
87 176
59 200
6 205
15 147
54 81
31 165
29 211
69 90
45 132
136 193
128 149
66 83
59 179
14 113
151 298
34 42
47 120
120 177
135 212
104 116
42 180
20 211
114 174
8 211
22 46
8 219
151 242
151 280
41 200
97 199
86 197
60 82
73 97
137 178
87 124
95 97
86 89
84 170
33 111
118 133
90 217
36 100
50 73
133 174
60 203
60 206
137 152
80 105
93 119
97 193
150 270
97 166
81 200
140 169
69 109
4 54
48 107
5 126
23 83
32 129
142 213
91 191
84 98
82 102
110 113
50 101
43 138
28 160
153 291
23 197
28 29
88 140
11 16
91 129
18 222
137 198
57 76
19 188
145 188
6 196
121 162
64 162
67 206
12 45
145 185
86 95
119 131
4 105
133 166
51 93
97 184
18 191
121 179
133 163
53 150
117 157
41 154
154 268
54 210
39 200
105 208
126 144
33 60
81 94
58 72
56 106
135 154
9 47
59 160
67 183
144 174
109 160
67 211
21 39
63 190
69 164
55 133
4 200
123 173
124 200
61 158
108 219
92 139
130 177
109 215
41 155
130 136
78 137
67 163
72 102
65 168
1 50
101 112
76 101
58 206
2 166
64 80
97 182
123 217
57 60
71 85
43 214
96 202
114 158
147 203
44 65
79 194
122 172
33 152
146 173
125 150
30 167
16 184
24 216
80 151
39 178
65 131
11 25
59 185
1 123
7 119
150 273
104 136
44 220
52 136
57 137
60 94
52 194
63 142
105 207
153 268
136 219
72 220
20 75
3 59
84 99
81 128
50 215
59 130
50 88
17 63
92 147
10 41
52 79
94 217
150 252
135 191
106 199
81 131
52 171
42 90
3 115
72 187
122 151
68 146
86 180
31 38
39 201
118 165
44 123
54 101
149 272
18 23
141 157
74 139
155 286
96 133
37 46
62 165
54 177
77 80
125 190
147 189
43 223
129 163
103 216
81 216
107 168
37 69
66 137
112 171
108 190
145 212
94 103
118 189
41 165
106 109
24 181
83 129
7 186
121 149
18 204
119 156
28 213
131 223
110 197
147 179
87 217
119 147
94 177
4 14
53 138
47 118
9 73
112 124
24 123
82 137
106 146
57 161
85 113
151 282
49 192
125 149
123 147
15 149
76 218
134 197
104 107
152 249
123 148
106 156
33 35
82 154
16 50
119 198
68 132
19 47
86 222
132 145
65 184
66 204
10 50
30 47
121 157
100 180
139 212
110 194
23 199
113 118
151 229
140 196
142 197
89 180
59 204
91 132
71 211
15 220
78 212
52 93
69 81
104 151
72 216
17 156
46 99
112 163
133 206
52 118
45 172
155 287
98 112
78 170
41 206
29 120
21 188
16 158
111 168
133 215
16 148
62 163
91 174
34 208
142 211
131 182
148 265
6 173
75 180
29 205
10 58
87 117
45 198
149 279
38 90
43 126
20 188
70 144
58 188
38 121
59 138
5 40
49 89
46 72
37 134
4 38
150 285
36 132
83 96
154 251
66 144
132 164
77 172
125 198
12 112
114 142
114 190
119 152
90 150
33 134
58 204
124 142
49 203
16 207
4 154
99 155
103 169
53 145
127 166
49 127
155 265
124 190
86 111
30 208
148 260
102 126
112 137
1 184
78 112
79 144
102 167
148 279
98 128
80 197
54 80
16 21
20 204
25 37
100 156
54 56
77 188
110 152
6 43
107 202
116 218
93 142
146 167
143 214
125 217
136 176
97 220
132 182
52 116
44 137
119 141
46 156
90 215
123 187
107 115
115 116
35 144
52 161
87 134
101 118
31 133
101 117
97 115
5 50
61 72
45 180
136 190
19 135
11 99
9 158
73 128
139 179
8 127
14 68
27 116
51 84
55 140
27 109
33 179
107 146
92 114
81 193
1 197
22 135
12 15
148 287
7 205
95 120
90 218
32 153
112 151
114 137
129 180
75 195
64 133
33 218
122 152
46 176
32 138
79 145
126 155
31 177
145 173
102 104
120 133
78 151
78 104
25 194
70 203
42 47
49 166
18 145
68 165
154 297
119 128
51 148
97 167
17 56
104 117
62 120
130 162
32 131
133 145
81 88
27 193
12 135
124 184
125 134
22 174
61 86
99 120
132 199
70 193
50 217
113 204
85 112
108 138
79 125
26 68
22 126
51 139
40 207
130 221
63 154
24 108
47 52
82 109
36 214
92 195
94 132
21 157
51 126
33 62
74 126
60 194
78 123
24 177
93 167
137 217
124 136
41 184
48 116
143 194
25 72
91 218
21 210
50 208
68 221
128 209
40 162
127 180
19 97
151 292
38 58
65 180
12 56
2 60
59 171
131 140
50 152
129 144
42 89
57 79
32 148
58 95
55 170
12 190
14 191
17 204
18 63
2 130
71 134
135 199
92 177
87 198
2 132
20 120
26 80
122 149
47 165
114 222
105 153
1 25
129 165
39 102
121 174
81 154
95 144
94 223
143 203
24 85
111 222
28 89
151 228
9 46
71 133
56 114
7 142
98 126
37 110
16 102
98 193
117 178
68 154
33 122
153 294
149 249
46 179
56 118
108 130
50 157
76 137
68 149
59 97
37 114
7 29
24 135
43 188
38 70
71 173
137 192
58 169
116 163
60 211
94 193
56 70
5 76
11 100
56 190
150 234
72 87
52 98
116 151
45 121
63 176
22 194
94 205
124 157
76 88
148 257
110 184
95 174
2 119
102 189
127 205
75 179
130 172
129 152
42 123
71 189
129 153
5 98
130 210
139 153
38 144
56 90
51 122
48 173
128 158
97 154
27 87
6 83
154 250
69 94
51 95
12 50
38 180
31 59
124 195
129 220
89 100
147 209
17 206
29 56
45 154
117 202
31 192
22 61
99 208
1 161
99 203
39 186
90 203
124 132
61 214
25 139
73 179
81 211
3 97
112 166
112 200
113 178
42 167
45 145
7 100
38 191
1 111
78 189
113 212
38 153
141 210
143 185
111 186
151 285
96 175
129 148
103 188
78 152
91 121
94 218
30 110
121 183
41 80
107 162
55 160
44 146
92 117
66 82
42 211
92 113
24 169
97 192
114 204
12 62
94 196
107 132
47 187
155 276
42 124
136 161
154 282
98 190
52 170
37 85
18 117
39 120
18 75
120 190
72 129
22 40
149 254
85 171
81 99
60 130
5 58
114 120
102 177
12 136
19 175
6 37
51 151
110 158
132 219
54 135
110 116
68 102
132 202
4 55
106 220
21 35
43 113
89 126
3 221
57 89
3 15
32 172
6 88
73 154
74 170
89 213
38 133
123 150
64 219
63 109
47 71
7 193
103 154
80 147
59 219
133 141
16 188
14 85
83 153
12 137
30 151
41 214
124 166
116 172
120 135
39 118
109 208
151 275
12 219
68 93
84 95
100 169
52 66
121 205
93 176
32 125
78 93
92 190
67 98
102 137
152 235
48 54
125 130
133 142
21 55
69 85
84 89
124 148
53 85
108 147
33 127
76 100
99 112
40 95
91 195
65 163
129 131
132 157
96 222
32 111
42 102
96 174
100 111
40 203
96 104
30 181
16 30
11 174
98 169
21 148
103 122
87 192
65 151
115 133
126 164
69 87
29 100
134 212
12 166
94 121
30 67
26 41
44 116
7 188
135 160
93 163
96 198
116 166
63 64
149 280
5 92
5 66
155 275
119 125
143 181
51 136
48 214
31 140
48 196
122 136
125 138
146 192
133 220
128 206
144 173
3 165
27 89
33 213
144 163
119 199
94 155
150 256
73 192
70 167
120 125
104 183
97 206
97 185
69 194
43 133
105 151
149 230
6 136
109 129
50 83
113 126
26 217
76 198
10 163
34 180
144 169
50 53
123 133
125 212
115 200
36 185
114 188
133 140
7 166
25 35
68 188
38 193
10 172
114 175
56 189
66 72
119 142
37 61
29 171
70 76
5 60
106 171
103 132
75 207
94 167
123 157
98 222
17 111
151 296
109 221
46 187
56 78
79 161
121 176
61 166
66 218
63 78
124 144
72 186
35 61
108 154
150 293
27 101
46 58
52 64
142 217
147 216
14 158
37 217
45 123
43 164
46 223
52 215
23 222
132 215
22 47
40 123
108 155
64 124
93 118
144 214
151 295
145 159
53 177
9 108
143 197
19 183
112 120
41 89
128 219
151 263
129 139
94 184
123 166
52 222
95 191
149 278
147 170
19 33
52 144
69 71
21 87
150 263
136 170
40 170
34 121
69 89
23 207
136 162
107 209
138 171
24 145
141 220
18 195
16 71
66 145
28 216
35 109
81 182
117 148
101 142
73 196
2 43
128 210
97 213
8 79
62 223
56 188
74 192
123 214
64 89
97 172
141 171
4 63
18 47
80 159
53 200
10 135
69 116
35 202
8 100
41 172
121 140
2 173
66 148
133 135
149 274
11 123
86 147
61 70
60 125
57 85
122 176
93 199
88 108
103 114
128 202
73 205
14 119
53 113
57 189
30 143
3 44
1 120
6 100
2 37
129 188
5 149
49 164
16 28
28 36
33 140
7 89
52 201
43 155
2 152
72 130
115 203
97 155
94 114
96 124
18 62
80 174
122 221
121 164
41 176
3 128
133 137
26 124
37 94
1 179
92 106
117 219
15 133
66 155
88 223
99 185
26 63
143 180
138 194
42 217
126 127
56 161
67 217
33 153
9 164
65 179
138 217
94 105
26 52
135 196
40 79
143 169
35 99
132 137
116 158
31 136
139 162
126 218
35 75
123 144
112 139
141 182
17 105
152 240
140 205
64 94
7 85
68 201
108 213
5 84
51 137
84 163
140 218
151 270
129 199
7 168
62 204
12 70
117 140
122 177
8 96
43 60
73 126
88 160
138 213
125 146
113 154
110 188
55 210
88 92
123 141
21 205
103 152
6 71
131 143
154 255
20 74
72 192
84 96
127 188
104 146
107 200
35 135
29 110
32 185
136 223
124 131
139 214
45 188
113 124
132 152
18 157
16 52
46 142
88 151
98 195
17 54
146 174
134 145
125 129
102 146
81 160
121 190
121 159
97 124
102 172
78 213
4 107
50 203
5 108
85 191
20 209
14 63
20 114
59 199
75 162
98 200
96 163
93 136
63 73
49 88
81 100
40 188
83 167
2 55
78 178
149 251
26 91
22 186
53 78
73 93
91 133
87 203
65 174
93 107
62 123
11 160
124 152
68 85
108 124
13 212
38 129
100 148
82 157
81 175
155 281
152 286
124 167
61 81
60 113
144 185
148 293
35 193
103 162
21 220
20 214
134 137
33 69
72 114
96 190
113 142
78 145
106 170
139 217
90 127
68 120
105 118
55 67
18 180
60 115
117 142
129 173
15 36
35 125
118 204
34 56
43 116
16 115
64 131
125 179
124 221
11 219
37 191
66 86
155 244
89 122
21 126
128 133
57 61
39 123
138 147
138 206
4 85
77 152
19 155
34 37
119 139
126 199
70 75
99 161
16 180
43 217
140 163
92 130
98 162
44 134
78 158
42 82
61 171
132 191
24 178
40 189
123 127
70 222
75 112
119 137
49 126
16 125
16 33
82 191
147 187
36 44
33 105
139 164
16 114
61 201
144 170
75 114
48 175
78 134
103 182
12 37
12 121
16 98
12 195
81 138
30 39
82 133
150 289
15 171
51 52
80 217
123 125
41 144
36 75
20 168
31 188
34 119
112 190
48 177
110 195
124 134
92 154
72 203
97 186
117 150
114 166
93 172
116 178
64 137
154 246
42 162
27 180
47 97
149 270
85 155
124 217
76 158
120 147
147 194
88 198
40 184
137 149
36 124
21 74
11 47
113 122
57 104
127 128
1 143
12 162
31 147
17 132
138 223
6 12
55 62
99 180
74 154
39 197
46 137
130 146
77 199
82 188
133 211
6 74
12 189
149 256
30 69
41 99
77 145
20 129
99 128
20 125
89 95
61 74
108 184
4 129
48 135
78 217
53 162
49 108
150 282
16 186
123 190
112 169
40 192
86 141
121 152
31 144
66 216
107 215
151 273
43 168
152 244
123 163
132 220
69 140
113 220
23 75
20 89
48 164
35 49
146 211
114 205
8 46
32 142
128 170
96 137
132 177
33 68
124 194
20 210
144 182
1 133
132 193
9 97
129 221
96 122
48 79
127 221
70 166
83 115
31 169
91 207
138 187
56 64
21 47
102 169
74 75
122 125
96 181
141 158
112 149
125 206
8 64
89 186
18 168
69 166
73 157
38 47
83 86
93 156
58 132
20 94
20 100
57 63
3 206
112 220
86 122
91 118
106 147
45 140
62 140
144 213
49 125
133 148
6 16
46 134
142 177
146 172
93 108
18 105
21 187
64 135
107 136
103 218
62 220
31 98
109 154
153 252
69 195
145 177
82 209
112 174
27 64
36 181
142 193
60 142
6 96
26 115
21 216
131 196
130 215
3 83
130 194
22 37
16 201
123 177
31 37
70 169
45 170
68 131
105 112
93 169
37 77
31 196
147 185
19 30
78 126
3 172
31 68
117 170
13 40
15 150
31 174
152 269
134 206
134 176
4 124
47 101
145 183
99 141
117 181
153 289
62 116
49 97
36 80
70 120
121 200
11 207
78 108
82 183
45 153
33 138
145 197
36 144
145 195
92 162
38 192
22 42
69 147
139 149
148 289
97 218
45 158
74 111
33 176
115 147
81 187
123 191
72 136
93 166
64 128
140 213
103 187
144 200
49 152
107 217
59 192
15 33
101 194
129 142
90 158
36 169
79 178
143 222
132 209
150 262
83 138
24 62
111 220
63 71
146 189
85 174
110 115
118 190
139 202
111 216
94 203
126 165
125 142
3 160
81 188
109 114
77 124
115 122
54 122
62 148
99 104
140 159
110 124
93 217
78 214
14 196
91 96
3 90
110 154
39 64
132 161
29 178
14 156
28 198
22 98
131 158
35 42
28 203
11 187
41 135
105 174
37 213
144 188
146 215
81 217
8 206
131 135
17 202
70 179
81 89
69 115
38 208
143 198
40 47
150 267
22 28
18 188
70 175
147 173
38 160
103 203
155 256
125 181
92 148
3 102
77 167
126 139
144 158
51 143
61 199
78 119
37 144
147 205
142 205
76 166
118 161
5 137
45 68
103 108
3 108
117 165
50 132
115 213
110 191
34 44
80 143
111 134
146 165
150 246
45 218
89 152
39 202
92 150
101 195
39 165
19 100
80 118
81 183
17 85
50 55
64 82
71 131
76 212
62 166
42 110
137 213
67 168
39 58
11 179
62 71
42 49
34 174
48 223
140 152
7 147
118 184
129 143
87 156
60 185
18 74
55 132
12 34
149 232
134 183
77 101
146 203
11 221
92 95
55 176
129 158
76 177
25 120
110 173
1 10
64 157
70 116
125 132
34 120
20 124
147 197
146 209
46 165
17 71
15 131
12 178
12 212
131 139
102 174
86 215
103 195
118 201
118 175
133 172
130 205
111 112
11 69
44 185
124 156
98 213
105 142
24 167
36 58
40 73
19 163
39 207
47 209
110 169
97 194
15 200
39 68
115 176
125 210
70 209
84 132
112 185
143 168
41 67
14 77
37 206
36 54
138 184
116 196
3 68
56 72
77 218
27 60
11 15
72 83
140 156
29 78
2 165
134 182
10 86
46 130
117 207
73 138
98 214
36 151
134 194
3 131
25 73
75 204
3 145
24 69
81 101
142 157
2 206
154 244
89 115
140 174
120 127
103 105
113 190
37 112
109 188
86 170
14 179
31 34
18 196
85 137
97 176
88 119
20 82
62 196
104 124
70 223
132 149
102 152
69 163
127 209
153 270
88 220
149 293
102 111
82 171
121 170
92 131
144 186
147 220
138 221
121 137
81 142
153 245
97 147
28 170
6 56
91 147
55 75
133 191
126 135
71 75
150 233
54 207
45 80
37 182
77 198
125 167
62 181
26 59
127 207
90 115
16 95
6 124
51 108
7 32
37 42
63 116
71 194
64 134
36 219
10 59
8 170
87 220
31 39
97 123
125 157
113 169
7 18
84 164
112 204
47 203
80 220
63 203
36 83
127 193
14 23
124 137
113 189
13 26
125 162
9 17
10 17
10 191
110 176
45 92
91 171
108 135
121 139
114 130
99 186
28 187
42 104
103 217
55 139
145 167
11 175
101 168
6 75
84 91
107 192
134 144
87 215
61 191
17 83
98 206
130 186
1 185
38 209
33 99
62 164
31 125
151 284
45 79
154 274
110 138
20 113
10 84
150 227
100 211
41 117
91 116
54 182
67 205
121 211
64 216
35 68
81 203
36 56
69 74
60 120
139 208
145 209
68 171
114 208
112 143
112 183
13 143
136 206
30 176
55 103
115 211
123 129
63 187
72 156
138 182
89 201
127 184
44 143
23 181
145 161
75 128
132 142
116 203
98 118
98 219
46 151
17 107
82 128
147 196
119 143
14 56
132 171
48 103
147 190
30 214
73 189
73 78
138 209
65 68
98 135
44 79
27 77
147 201
78 140
80 131
21 130
56 191
18 214
66 164
13 18
69 221
68 219
39 119
33 65
91 185
106 112
30 45
52 163
148 269
62 153
125 143
77 87
30 48
81 222
38 105
28 41
107 210
106 221
90 211
104 122
10 188
87 95
13 217
71 112
150 298
38 218
91 203
82 200
126 200
15 18
129 175
127 191
42 168
77 173
59 214
82 184
82 182
84 193
108 200
4 127
73 111
134 158
71 80
68 130
124 158
5 199
22 220
21 75
107 138
68 174
124 140
137 212
31 153
17 196
61 80
91 216
102 115
20 21
21 52
8 203
89 168
67 192
71 185
155 249
23 124
73 107
29 97
74 147
5 29
73 164
65 149
117 216
145 219
25 122
23 73
113 211
23 141
127 157
93 194
147 211
20 112
4 189
123 194
85 182
102 112
6 187
151 255
134 149
30 119
8 17
81 194
47 68
144 203
37 78
26 173
92 165
27 62
69 148
69 220
56 140
93 99
33 167
20 29
87 103
67 105
141 216
82 164
45 54
20 26
34 186
41 137
105 179
45 192
44 203
115 208
150 276
80 164
15 215
82 222
84 165
51 154
128 185
117 162
92 124
42 45
99 127
88 186
78 200
112 167
126 169
69 203
88 116
56 164
31 138
121 156
144 202
63 110
48 159
134 178
98 198
139 183
95 148
152 284
126 160
5 21
29 105
82 190
17 46
94 156
150 281
55 56
13 121
25 68
102 164
96 119
4 132
114 135
65 92
48 117
82 216
75 108
106 132
68 156
43 174
50 113
110 212
70 159
32 78
76 223
114 214
84 188
155 297
64 92
145 158
5 39
10 148
5 87
122 175
83 185
71 202
57 215
69 72
64 66
85 138
9 180
11 185
102 161
144 207
52 216
53 214
147 222
51 130
154 261
111 118
115 167
37 128
136 218
95 216
9 134
109 147
85 207
61 210
56 93
123 180
146 218
54 205
30 75
89 91
134 135
142 162
131 141
124 215
137 186
138 216
78 223
30 162
2 88
60 96
22 72
32 38
23 51
4 45
22 34
43 182
102 124
81 174
105 211
114 155
1 8
146 190
151 265
121 219
138 181
55 125
99 140
127 222
30 78
114 159
54 188
84 200
74 175
30 115
29 57
16 149
129 183
77 155
106 191
60 92
30 109
124 163
32 54
111 205
42 131
118 185
13 135
2 73
10 219
136 204
26 178
32 140
135 172
49 54
111 223
59 163
54 181
127 196
27 206
69 121
65 156
56 99
42 119
59 183
58 184
43 73
38 198
54 87
128 173
45 160
90 128
108 198
125 222
40 125
45 127
141 172
33 129
139 190
67 136
140 149
141 190
73 105
107 127
22 57
114 141
38 59
1 92
38 223
103 118
102 188
25 136
59 186
120 149
136 171
40 177
85 148
28 111
75 144
25 130
16 76
3 214
73 158
51 215
36 222
81 150
35 124
37 97
137 200
68 159
103 201
32 121
124 205
45 117
84 110
115 120
138 222
95 179
141 177
53 69
58 71
132 207
65 110
94 157
4 11
37 84
25 153
50 58
74 132
87 159
24 200
106 162
27 96
71 196
95 119
53 80
48 80
145 189
84 222
66 177
109 144
20 33
73 92
66 101
85 135
87 137
134 157
148 278
83 130
81 133
88 122
64 81
103 206
4 69
131 144
16 42
33 120
154 275
4 165
86 186
56 101
137 183
86 220
131 219
44 87
36 141
110 118
70 163
82 140
2 107
93 195
27 115
147 207
83 117
135 202
44 144
140 222
10 60
112 141
93 165
45 183
118 155
47 178
89 93
139 211
83 146
92 187
61 145
137 199
62 135
14 165
116 197
8 153
114 169
37 142
122 156
70 145
153 271
66 76
91 186
1 36
17 184
119 136
42 150
98 166
6 192
12 174
115 207
61 180
108 165
14 217
76 121
35 155
58 67
10 92
113 185
114 179
121 143
103 126
21 163
84 105
48 156
111 154
149 288
45 78
14 139
151 277
27 105
63 179
89 118
15 102
6 210
46 185
111 192
63 156
43 72
135 170
34 203
58 139
70 185
3 105
107 166
91 134
144 168
97 214
4 139
54 196
146 193
9 109
27 125
126 192
20 98
122 195
47 173
93 206
148 273
90 200
3 110
68 81
100 116
99 157
14 74
113 194
125 215
109 220
84 126
50 143
147 178
131 189
110 196
133 181
123 188
110 198
3 64
1 171
63 161
109 222
131 170
3 32
38 103
19 189
108 132
75 133
38 211
93 162
54 93
7 201
14 37
83 143
93 223
49 113
34 78
120 188
59 137
85 91
69 82
60 179
3 114
93 158
3 8
112 217
137 164
102 199
70 182
100 171
68 103
30 44
62 92
148 274
36 218
53 212
14 198
116 157
128 171
15 190
100 126
44 222
65 135
99 209
54 161
55 199
8 94
122 196
120 217
111 116
155 250
124 216
44 139
87 140
64 151
16 80
134 180
6 203
124 160
61 100
39 72
11 172
119 132
104 131
36 202
80 188
93 220
74 220
150 292
107 177
106 180
98 168
60 64
42 192
118 162
71 181
89 193
69 204
106 126
54 145
95 118
120 206
12 40
103 109
20 155
1 220
64 101
112 203
13 64
136 144
113 129
58 162
151 262
69 209
93 96
73 141
78 87
14 183
114 132
131 175
41 148
3 218
81 151
44 155
155 246
84 213
61 151
117 128
22 101
142 172
48 182
10 113
28 119
150 235
153 278
100 134
113 196
128 176
105 115
71 123
35 218
41 75
135 168
2 183
52 134
88 100
12 46
38 122
87 201
46 128
98 127
19 80
101 111
68 190
112 212
62 201
72 151
90 151
145 201
30 215
52 156
111 153
10 223
154 277
146 216
15 116
104 150
21 117
14 133
59 107
111 158
129 168
94 168
72 84
36 179
134 160
74 178
51 88
66 202
5 99
9 49
11 58
143 189
79 192
151 264
93 154
102 212
17 81
52 197
31 219
39 80
91 172
18 26
82 196
69 187
20 213
68 184
66 143
134 156
49 83
108 204
124 172
23 192
70 181
12 69
95 147
125 183
97 122
91 105
7 208
68 96
71 200
147 192
119 193
118 199
57 65
27 33
126 133
12 116
118 139
91 127
1 181
70 72
126 177
145 190
91 98
21 23
57 178
110 175
24 183
80 193
4 100
122 143
141 204
129 177
119 145
139 219
119 153
132 190
99 124
42 146
23 116
118 196
16 202
22 41
88 141
107 218
66 128
136 217
93 161
106 153
106 173
29 183
97 162
151 299
96 154
130 190
77 130
21 217
21 50
75 126
94 154
28 161
13 100
69 210
89 151
20 159
96 105
40 194
120 214
17 150
119 183
32 126
116 154
89 165
119 172
139 161
123 213
3 181
55 191
89 177
45 202
44 67
31 126
37 161
55 177
110 172
51 97
43 152
143 202
37 122
106 123
7 130
89 157
55 102
62 146
1 98
23 86
107 173
24 187
40 186
134 181
101 146
105 184
107 159
68 98
11 102
3 203
20 47
68 89
140 177
121 163
57 106
64 207
38 93
77 180
72 185
46 117
116 184
100 168
36 190
5 214
28 185
29 153
148 276
13 81
11 180
107 169
34 112
107 176
125 204
125 139
94 165
152 250
33 109
106 141
83 166
18 121
155 260
80 119
15 66
125 148
24 151
41 108
1 194
5 94
100 103
29 177
45 166
113 173
65 143
128 160
3 46
30 165
3 50
39 85
22 74
126 209
18 220
28 178
44 73
55 105
46 153
23 98
63 148
34 201
18 51
123 185
107 187
37 203
107 188
11 103
17 200
52 70
85 131
32 152
104 192
144 175
137 211
66 136
21 25
85 124
34 173
52 122
94 158
103 112
18 27
36 96
1 75
109 194
130 160
32 147
80 100
145 168
93 134
123 164
73 108
134 200
143 217
86 137
86 158
18 142
141 159
97 190
62 95
65 173
140 187
109 209
145 165
84 151
109 124
15 49
96 115
10 66
85 188
124 168
42 74
118 148
102 195
22 141
112 128
105 178
90 198
122 173
106 131
37 39
106 164
38 62
20 216
153 284
132 194
148 291
97 135
69 152
149 263
57 88
24 78
98 203
150 228
105 161
73 213
140 190
81 201
140 158
115 212
44 104
22 179
87 171
146 181
5 216
73 133
52 187
45 125
27 99
49 56
143 191
57 181
102 141
153 258
71 119
102 117
154 259
102 196
59 82
105 162
110 129
76 214
104 148
58 190
38 137
61 177
92 108
107 198
64 107
88 211
59 175
84 106
83 212
22 114
58 113
37 221
126 151
126 137
6 206
32 112
84 205
54 116
135 165
14 40
22 115
64 102
98 192
126 222
126 186
10 15
7 213
69 199
54 150
120 122
3 140
63 85
99 188
74 189
102 202
69 110
138 188
132 140
70 141
21 86
133 136
130 223
44 95
27 65
87 207
124 174
3 11
64 188
31 222
51 67
119 162
116 211
78 167
56 58
77 162
2 57
145 211
21 24
44 84
140 204
35 219
155 258
43 97
80 202
99 156
104 200
73 99
1 214
96 195
108 150
127 211
52 183
75 211
23 117
21 156
75 139
131 213
132 176
127 175
31 42
38 42
117 191
27 174
94 187
98 212
39 138
154 299
64 106
49 85
142 176
117 146
25 49
143 206
124 220
120 205
31 54
94 123
58 119
127 154
90 165
114 210
39 62
58 86
120 128
65 160
38 61
109 169
26 105
33 94
45 100
49 217
79 176
27 102
122 192
91 194
135 217
31 67
127 210
52 105
20 40
58 160
116 135
63 211
107 122
68 196
129 160
72 177
70 165
83 192
110 136
41 78
24 70
127 212
33 200
37 106
27 219
96 102
147 186
123 219
54 154
101 215
26 28
122 200
96 210
39 194
39 204
135 208
69 96
149 276
39 59
32 219
33 178
101 172
16 205
132 153
80 186
43 127
114 125
110 177
102 135
2 176
117 144
15 167
105 195
8 28
28 37
44 177
44 167
81 152
27 54
137 204
142 189
19 125
123 155
18 163
83 141
136 221
133 157
33 119
13 165
49 136
7 43
80 104
62 219
15 145
62 65
120 146
34 147
13 34
82 199
16 139
138 152
117 214
37 188
40 122
38 104
137 187
8 199
152 252
67 149
13 15
7 61
80 167
43 151
119 138
65 133
11 153
31 81
71 206
12 164
3 23
71 101
97 207
14 52
1 119
46 150
60 162
87 129
73 101
143 158
150 286
134 213
99 198
131 212
132 195
118 131
134 170
52 138
91 205
104 142
14 141
138 161
19 194
2 61
48 140
112 211
34 214
153 285
40 101
63 98
14 83
21 191
81 179
131 220
94 171
16 146
103 184
26 150
68 194
42 152
5 45
116 191
139 146
3 212
141 169
17 159
149 267
60 66
103 128
7 199
44 97
53 65
65 150
19 107
47 200
64 194
12 179
128 136
70 102
33 70
97 198
147 193
16 123
137 163
124 129
105 206
124 189
33 158
17 28
151 290
59 64
92 199
111 175
82 107
12 134
131 156
132 188
22 187
10 186
108 209
45 110
138 212
44 119
80 122
58 129
59 88
53 134
42 135
48 167
37 220
12 32
33 139
70 174
137 156
121 214
135 179
59 116
71 215
95 121
69 106
136 215
16 168
150 242
119 195
41 79
108 117
23 191
81 192
99 196
15 183
31 35
115 199
111 201
37 223
127 139
137 169
62 129
135 198
149 299
39 137
98 107
123 126
142 174
95 155
135 163
61 198
111 221
74 184
114 212
129 141
64 98
107 196
14 123
149 259
17 147
152 297
3 72
72 191
74 208
126 211
45 144
84 154
153 275
97 139
112 161
52 96
82 121
61 82
47 138
89 184
92 219
150 291
66 109
22 45
15 72
121 208
127 176
119 201
73 170
57 191
34 93
73 96
119 194
134 179
152 262
2 199
62 110
79 208
67 153
111 195
5 82
154 254
75 148
127 192
124 181
121 222
32 164
71 128
146 210
127 208
111 144
85 134
130 218
145 186
61 176
73 211
91 149
124 126
153 281
10 31
4 59
24 211
112 195
11 115
14 176
73 131
43 166
44 107
59 111
114 128
78 155
155 294
58 159
18 203
78 190
89 200
52 60
18 103
8 194
64 96
105 180
44 192
68 113
130 222
38 88
68 215
34 110
132 168
120 187
39 160
39 168
66 153
83 201
21 180
10 187
133 139
68 111
29 147
31 170
45 157
86 149
54 120
10 27
143 220
33 215
60 222
26 43
81 170
86 125
75 98
7 76
56 179
24 137
29 201
140 172
106 129
113 223
23 151
53 202
52 177
127 140
150 271
82 87
56 204
106 145
5 7
38 96
93 145
83 97
55 135
59 135
54 60
124 150
132 169
114 161
121 215
38 151
62 127
102 156
89 112
34 181
104 127
59 61
23 188
123 171
8 62
108 203
138 215
115 204
40 121
151 256
122 211
44 50
34 60
36 142
128 203
88 194
27 188
80 183
38 89
152 230
49 66
27 56
6 183
12 87
30 185
59 166
68 179
33 102
33 221
6 70
18 123
94 115
66 165
27 48
15 201
43 93
107 110
71 138
43 147
14 47
7 46
106 118
106 110
118 136
20 151
99 220
153 280
58 180
1 196
151 238
70 211
101 162
149 235
82 116
104 145
143 201
37 190
31 134
1 122
134 186
8 32
92 160
12 21
137 184
80 102
8 69
59 161
114 221
99 131
45 114
22 43
126 134
53 196
95 96
25 121
22 216
149 295
142 159
150 257
71 198
135 195
62 139
21 215
31 51
27 41
99 218
113 130
127 160
139 148
92 157
77 78
40 141
154 247
111 172
82 124
64 166
3 30
104 217
34 205
92 93
43 139
20 48
55 181
63 132
109 151
151 241
91 126
41 66
123 207
41 203
72 76
71 91
134 148
153 287
99 149
11 205
116 156
84 218
83 144
3 99
46 75
73 180
105 123
24 91
131 171
77 98
45 222
69 208
11 74
17 78
78 193
97 102
45 108
100 145
12 172
138 144
117 132
49 62
82 178
54 63
80 168
47 155
24 92
104 188
152 298
66 118
16 218
1 199
110 211
54 104
81 124
107 216
91 214
8 217
78 150
99 114
44 83
58 75
7 180
85 161
129 179
112 182
29 75
38 183
56 149
84 111
94 110
7 57
59 152
52 178
4 188
87 136
69 172
132 214
43 78
106 158
9 12
91 220
30 207
64 147
131 136
116 161
39 73
154 266
69 184
14 117
149 258
35 80
133 201
53 213
94 144
39 140
129 204
89 114
26 139
48 146
56 91
155 259
27 203
42 148
47 107
92 127
4 141
92 173
72 202
96 209
133 150
61 218
1 67
26 77
39 110
10 67
91 135
15 157
8 167
94 129
130 174
141 203
154 296
9 68
87 195
77 123
103 189
152 248
69 105
45 55
14 26
36 175
107 114
132 158
120 152
139 171
144 190
88 127
13 76
64 130
43 53
122 216
150 288
148 295
110 153
128 207
136 200
155 253
64 149
69 156
110 208
131 148
58 143
51 77
1 203
56 65
147 210
57 71
114 198
60 67
87 97
66 100
48 58
12 66
37 183
151 279
30 62
99 158
3 211
81 196
108 137
30 114
42 170
9 41
90 196
151 252
24 196
73 184
108 191
131 174
46 188
127 164
73 109
133 155
46 97
87 182
21 101
77 108
113 206
17 89
2 154
103 193
126 174
151 300
140 150
5 65
118 222
102 194
45 152
54 58
51 96
115 219
101 116
111 151
154 269
23 133
102 166
21 184
85 223
148 234
148 296
20 193
93 212
84 116
134 167
66 127
25 128
138 202
46 146
83 128
28 77
121 188
61 62
106 202
68 142
113 115
49 209
65 75
93 181
32 151
61 132
109 183
31 208
122 186
129 201
125 221
7 117
138 149
56 79
43 67
29 102
52 151
27 110
35 172
122 205
101 127
153 272
119 191
56 218
81 127
114 220
70 71
155 251
82 99
127 215
5 124
49 119
150 236
86 190
106 149
87 94
8 75
92 100
151 248
150 237
1 52
129 217
30 223
100 104
134 143
97 175
117 139
16 200
69 117
11 141
104 223
9 203
118 208
1 97
60 75
28 82
131 161
132 155
13 171
74 176
25 48
147 188
21 68
66 214
66 219
113 117
151 294
108 189
7 169
5 52
69 150
5 61
99 130
123 156
32 204
105 110
112 179
150 299
32 95
101 160
131 185
87 153
74 197
131 206
152 260
94 194
132 205
120 221
26 104
33 150
149 297
121 210
61 89
86 98
62 175
35 102
128 190
16 66
65 200
97 153
23 164
53 74
6 9
107 204
131 145
53 104
111 141
78 197
6 155
140 166
59 167
93 187
120 174
60 95
140 200
77 211
102 147
5 59
12 79
27 171
138 220
41 142
109 155
66 88
69 206
134 189
21 57
44 182
100 167
107 212
104 208
23 53
37 71
107 222
57 175
76 146
110 217
108 111
74 122
116 221
150 251
117 206
113 131
125 156
88 109
67 150
123 169
37 121
20 32
107 207
33 186
137 194
127 194
23 139
69 142
31 62
120 170
78 211
82 129
154 248
6 113
64 91
14 195
137 216
117 123
125 187
85 197
17 64
4 147
153 292
61 155
38 48
49 223
91 131
118 127
62 214
51 185
39 157
85 220
93 122
98 182
149 269
52 182
96 169
140 217
54 153
139 167
55 158
103 104
96 109
4 7
62 222
153 274
15 107
70 157
124 180
22 159
113 155
135 188
115 180
19 208
38 203
122 158
75 134
32 52
149 229
5 67
111 132
21 193
22 29
74 87
26 44
33 166
53 211
66 140
20 166
31 148
98 115
127 178
95 143
44 147
60 183
35 222
112 210
99 187
122 165
15 132
13 124
110 151
44 51
17 19
12 26
74 96
2 50
105 119
129 135
128 189
79 139
3 79
96 142
13 19
130 133
18 221
93 144
44 115
20 103
67 195
130 187
11 109
141 170
27 165
123 135
11 17
2 175
6 165
1 93
43 94
21 178
124 149
123 222
57 115
136 148
50 116
70 213
116 173
81 219
64 182
103 146
69 127
66 121
141 217
35 179
20 203
18 58
68 181
112 165
34 193
17 91
34 114
107 211
80 96
51 149
63 189
78 154
44 48
120 173
62 82
82 135
8 183
30 37
24 106
84 208
16 106
130 157
70 86
1 3
138 203
125 197
81 132
144 178
88 145
103 170
110 128
72 147
54 83
7 63
9 75
92 170
71 117
4 206
72 211
126 166
66 154
4 112
51 209
50 89
1 18
150 287
4 64
4 19
125 208
69 222
64 100
21 158
63 165
56 207
71 122
52 108
69 213
24 203
84 217
3 195
88 128
136 156
98 174
73 104
29 182
142 221
76 200
66 142
143 218
108 113
48 106
125 177
139 206
92 112
51 128
70 204
51 106
67 126
38 195
44 63
137 223
92 193
75 212
1 150
125 164
96 178
144 183
106 196
58 61
117 151
18 52
83 125
80 136
137 143
49 92
125 207
131 138
146 178
88 193
21 33
20 123
31 60
131 179
104 149
77 143
117 217
133 165
43 44
22 85
30 146
150 254
80 200
143 155
55 84
72 188
119 179
67 155
20 199
93 138
115 130
109 113
2 164
154 283
69 92
120 166
4 26
38 184
52 90
24 76
83 190
83 109
115 221
126 206
52 150
137 185
126 178
2 52
69 128
119 171
39 71
134 205
140 151
138 142
37 170
38 145
26 143
76 93
24 56
62 198
117 141
34 153
110 126
119 184
73 148
32 177
57 216
37 140
101 133
75 177
116 188
151 247
142 195
113 183
109 165
1 154
17 155
18 40
141 196
136 183
8 193
155 280
1 48
23 80
90 173
82 83
77 183
43 184
50 144
2 179
33 103
126 190
117 136
97 132
103 212
125 165
146 188
3 213
136 145
62 84
68 90
16 109
38 136
149 250
15 162
8 161
63 89
108 194
29 203
48 160
7 127
21 185
128 162
92 208
114 219
66 131
59 176
55 63
87 141
110 135
55 107
66 77
103 135
1 55
11 208
130 216
75 185
86 128
93 101
41 174
5 77
144 171
96 167
93 102
93 125
51 161
16 124
67 119
107 135
129 137
121 136
26 93
123 139
69 80
22 149
130 173
78 116
135 156
16 23
65 121
29 195
128 142
113 182
92 176
71 164
61 189
51 53
50 102
108 166
134 192
82 220
66 89
127 135
140 212
128 214
49 207
9 15
24 43
33 85
5 103
93 200
126 141
25 142
148 226
124 169
115 185
147 208
49 201
124 178
38 115
95 166
20 154
6 111
32 196
24 144
82 88
155 299
35 198
65 202
35 79
14 103
102 106
79 190
76 142
94 192
10 209
2 17
27 158
46 170
53 55
30 180
141 161
130 212
79 221
115 179
21 36
47 208
99 193
118 176
22 23
50 220
9 130
22 155
96 212
2 201
70 137
53 137
17 129
101 201
47 78
132 181
66 159
6 73
58 102
87 143
82 160
137 189
29 45
46 62
38 173
117 177
96 141
100 157
58 214
96 215
121 220
80 133
108 168
3 22
15 26
15 165
144 164
24 165
60 214
67 191
6 194
21 172
146 180
3 187
54 204
122 203
55 207
36 116
92 119
67 171
100 220
77 114
149 240
52 81
102 108
10 207
96 199
108 183
124 222
76 171
82 219
75 194
133 151
81 119
153 240
22 116
93 94
62 197
69 223
78 218
8 104
132 134
4 157
61 175
59 101
41 122
135 148
102 139
51 216
75 92
40 200
95 126
66 133
69 88
130 181
78 125
5 133
107 175
44 183
154 256
83 105
103 119
135 142
1 16
45 194
26 108
126 188
72 213
17 82
136 169
67 101
49 183
27 114
30 80
93 155
53 110
34 223
23 101
114 116
131 165
110 189
133 147
133 197
134 201
111 177
36 209
50 149
54 198
31 114
83 155
43 208
86 112
56 216
79 159
107 190
56 196
41 177
125 174
141 212
1 168
112 184
2 59
7 172
97 131
8 86
94 195
137 190
9 113
14 55
48 74
2 181
124 212
74 133
13 137
91 104
135 164
121 216
86 129
29 95
51 80
117 171
7 110
112 145
15 121
70 205
121 198
99 126
85 184
152 254
48 137
153 255
54 84
14 118
127 156
88 162
34 100
153 247
37 95
64 119
70 187
117 204
138 198
93 186
116 193
135 162
100 141
54 170
21 41
27 84
73 152
132 159
101 188
69 137
83 169
15 216
132 175
21 106
141 176
87 113
110 174
149 284
125 186
121 155
30 148
127 155
91 92
69 200
34 220
38 189
44 77
36 74
117 201
100 205
149 296
122 187
15 50
7 203
4 104
121 195
102 128
98 209
20 140
133 216
2 7
50 93
9 192
43 136
25 221
19 217
4 118
111 197
54 88
147 202
149 283
53 83
136 155
45 98
24 37
75 175
37 83
61 150
139 155
64 177
15 84
108 205
2 41
82 112
134 141
129 133
13 163
116 131
31 76
53 123
88 132
138 157
70 140
26 159
58 82
7 70
130 143
88 142
26 137
64 126
81 147
6 208
123 172
86 177
117 194
35 177
3 54
68 123
64 72
126 168
44 117
92 155
62 172
2 76
133 193
106 163
120 130
126 195
9 182
42 215
23 185
51 150
57 165
1 21
21 28
88 200
27 28
67 76
17 95
120 197
17 203
52 212
18 158
29 185
72 144
109 175
37 75
56 169
134 174
141 193
109 163
133 179
42 199
46 78
142 183
36 166
140 194
75 136
29 206
69 77
91 108
74 194
6 86
84 176
152 258
125 145
16 194
145 171
14 159
126 171
147 180
23 205
116 186
6 132
67 167
106 204
51 169
90 99
94 189
94 146
16 126
121 123
101 183
128 135
121 151
82 94
61 173
125 168
50 154
84 220
10 29
118 183
127 133
150 244
67 142
83 161
65 187
55 203
90 204
22 32
150 260
111 218
85 104
103 106
86 187
80 139
45 133
19 200
38 147
92 116
124 223
45 210
55 204
155 274
102 127
143 223
8 181
92 207
92 163
27 103
98 172
62 159
83 165
65 139
42 83
66 173
97 157
71 121
11 157
62 171
137 206
115 158
24 131
1 157
7 49
132 186
72 94
102 220
3 198
126 179
96 143
82 176
132 216
137 168
20 25
97 217
132 198
97 200
31 201
58 109
109 139
30 57
70 95
134 153
146 199
95 115
110 132
56 130
42 147
5 100
29 62
26 97
24 84
104 190
101 123
89 105
59 143
83 174
110 147
21 116
69 159
40 178
153 299
33 42
141 163
33 67
80 208
92 174
44 125
31 83
83 181
82 92
155 252
128 152
61 88
50 110
27 42
33 148
37 207
75 145
142 175
116 127
144 165
102 148
136 194
79 184
77 148
58 124
72 222
107 150
62 121
21 54
134 218
77 192
86 115
79 193
51 78
19 117
85 222
25 133
91 208
139 198
122 146
120 148
89 103
143 170
101 158
118 215
109 212
38 210
74 143
63 86
123 211
106 161
44 69
126 196
30 82
89 170
124 197
30 129
126 162
64 161
27 144
58 221
111 174
57 199
104 158
115 164
54 91
80 113
153 266
25 151
78 171
80 158
69 95
83 207
84 160
34 116
133 162
79 103
25 26
64 103
27 151
83 118
28 83
141 160
50 199
70 158
128 197
122 209
81 134
59 118
15 93
79 106
25 183
12 59
16 19
140 203
54 143
51 135
107 195
119 158
61 128
14 173
31 182
81 167
73 156
140 208
30 170
101 206
97 188
35 143
29 32
70 112
44 166
35 178
128 130
83 179
70 149
141 199
110 145
5 164
39 147
38 39
97 119
48 202
114 171
86 146
51 200
11 209
154 280
121 201
127 163
103 220
141 156
73 208
24 223
31 159
70 184
104 170
78 127
21 123
33 91
83 204
52 71
121 177
138 177
141 184
132 221
50 184
138 183
92 118
72 74
59 127
104 219
134 220
109 131
43 221
54 78
67 210
122 197
16 212
40 218
71 79
52 198
2 109
107 134
106 185
141 174
92 201
97 104
94 96
130 158
9 95
1 215
41 157
88 110
91 176
53 99
17 60
109 157
39 55
38 114
42 171
114 149
47 221
67 114
67 169
147 171
41 223
74 148
128 179
126 212
103 209
136 180
68 216
104 221
94 136
101 151
101 148
56 174
103 142
6 178
37 101
54 129
107 160
74 160
106 134
47 206
11 84
109 177
9 166
41 96
14 127
27 36
64 171
47 223
56 127
114 201
72 173
142 218
122 181
76 96
82 172
33 190
91 181
21 107
69 188
21 155
112 119
83 116
3 135
37 166
144 167
94 99
25 101
80 95
102 214
148 252
28 158
115 218
91 158
9 28
100 207
141 164
52 69
155 264
150 275
68 122
51 193
79 130
119 148
82 117
40 116
116 145
84 119
131 132
126 146
127 174
33 93
7 157
87 98
96 179
3 91
130 209
79 89
63 121
16 117
143 196
121 127
24 174
84 223
20 42
114 199
113 172
127 165
92 171
94 124
115 206
14 51
97 205
91 93
81 98
113 201
88 120
44 181
144 208
86 200
104 128
112 129
133 143
112 221
18 166
51 212
51 171
15 139
123 223
142 214
118 223
149 231
137 201
26 107
56 95
61 102
155 290
86 169
15 218
98 170
133 204
138 208
51 55
138 173
50 114
6 193
22 107
64 93
85 159
113 127
71 190
94 101
92 218
108 197
41 72
57 97
105 200
22 160
5 154
120 198
81 215
126 132
94 222
15 87
23 67
149 275
37 126
54 220
126 220
27 92
154 252
109 200
112 223
82 141
128 138
98 111
106 165
11 121
77 169
58 177
87 101
54 118
29 126
79 209
115 222
72 79
99 117
110 185
11 30
22 127
62 151
101 209
65 197
95 204
9 202
66 111
135 186
45 63
140 221
70 132
20 46
93 148
134 138
69 91
48 123
19 108
49 98
4 21
119 164
11 162
115 125
155 273
22 88
37 66
28 64
53 142
1 191
55 165
102 186
64 127
34 109
78 221
4 34
123 212
37 105
155 293
119 168
97 142
121 129
38 194
116 164
28 194
57 201
14 115
138 156
101 130
6 24
74 94
11 191
107 157
10 56
84 215
120 208
127 167
117 163
61 220
3 149
22 221
119 126
40 41
5 53
33 58
97 197
25 157
154 273
104 199
2 133
108 174
8 99
118 124
4 73
107 186
31 220
150 294
129 159
60 207
44 209
6 52
67 199
30 183
11 26
90 209
57 123
118 154
34 216
139 151
55 59
146 213
14 111
107 182
139 203
54 175
23 169
11 136
21 104
71 115
16 36
4 210
115 152
6 164
50 172
63 213
8 162
140 168
61 183
74 138
4 167
48 188
43 120
69 189
24 199
65 211
5 136
107 151
33 199
118 163
123 182
108 208
62 133
146 169
80 213
139 205
55 104
54 105
12 13
103 176
101 135
82 213
117 210
62 86
9 51
64 129
4 215
142 194
3 87
60 131
30 211
121 145
94 188
143 178
52 214
30 177
143 219
33 130
66 126
12 73
34 94
107 194
10 109
22 102
83 149
32 166
20 139
65 223
45 171
132 185
145 206
14 129
78 98
38 72
68 129
120 176
139 181
1 192
70 178
133 213
6 92
102 182
63 205
100 119
8 213
138 186
25 67
106 198
124 145
40 94
74 206
33 168
152 266
43 99
28 137
31 102
3 193
2 42
124 213
141 155
29 223
42 112
35 92
124 182
134 215
31 206
61 119
69 103
82 181
14 218
30 63
63 124
85 180
124 186
152 292
64 121
100 166
107 140
57 186
33 41
6 116
123 124
112 138
78 186
16 129
131 217
12 77
77 214
72 154
11 218
56 131
23 34
48 222
26 182
58 215
114 217
107 213
119 120
58 89
154 267
35 184
137 151
122 214
117 135
7 27
46 95
14 182
124 154
73 125
132 222
117 166
101 106
132 151
113 175
52 145
150 295
63 128
108 178
5 90
55 169
45 104
31 221
52 80
88 202
39 142
36 143
74 104
138 195
120 136
128 195
115 178
105 190
2 51
13 122
62 128
126 216
92 134
84 214
30 91
99 166
62 98
87 148
22 215
125 140
21 170
148 285
24 42
22 84
11 161
139 215
144 217
45 111
98 197
133 219
13 50
63 158
99 103
23 165
5 163
47 160
17 212
110 218
88 203
148 256
62 203
84 128
148 240
15 17
121 196
123 149
108 146
137 147
98 138
50 213
75 104
136 184
71 73
86 221
97 181
83 220
70 188
108 181
154 258
73 194
22 217
123 160
113 139
73 144
121 126
138 154
133 207
109 190
55 87
126 191
115 189
81 195
72 165
21 110
12 188
140 219
40 187
136 197
4 213
96 206
44 75
44 160
51 118
96 110
58 60
58 107
51 112
43 114
115 154
14 20
7 196
90 205
110 214
17 101
154 281
89 212
125 153
83 152
131 183
123 175
127 219
131 215
103 133
116 160
66 181
130 201
31 95
15 198
26 223
96 100
116 217
69 180
29 71
151 261
37 205
66 85
76 213
33 133
105 196
121 150
144 166
34 154
112 117
103 185
38 123
105 117
102 158
137 182
54 108
137 166
7 103
32 160
11 127
8 187
133 223
85 129
116 170
127 136
73 217
19 69
80 90
127 153
93 124
132 197
148 246
31 139
7 109
30 89
121 133
151 230
150 266
112 159
76 189
65 207
117 222
66 194
114 170
104 213
154 265
86 94
52 184
136 210
16 107
52 100
118 214
108 123
1 101
10 90
91 196
47 57
112 142
80 86
59 74
142 215
37 96
41 77
24 171
23 183
22 201
6 49
21 166
20 223
21 197
5 143
87 166
60 140
66 113
84 127
104 207
102 206
97 128
31 203
128 131
70 97
90 167
39 113
51 98
94 134
97 134
73 214
95 129
41 167
87 177
7 78
58 148
148 284
91 148
70 194
102 150
34 219
10 203
114 202
120 213
73 110
38 95
115 193
113 137
81 166
13 47
57 118
82 114
98 177
19 22
69 107
113 219
69 169
58 114
125 200
52 62
126 150
58 112
98 161
135 200
69 133
102 125
57 190
50 161
77 89
126 204
55 122
31 105
102 144
81 82
63 113
102 121
38 146
151 291
67 181
54 134
123 179
69 122
58 152
39 179
94 135
124 143
89 174
9 35
114 150
43 59
76 127
51 219
61 223
108 170
21 137
55 142
61 157
151 257
113 222
46 173
23 154
63 108
155 283
148 282
1 43
83 154
100 162
12 27
112 219
39 130
26 53
64 73
25 92
132 133
139 158
115 156
97 203
27 34
48 86
93 178
48 171
129 222
56 184
13 214
61 178
96 182
3 92
141 215
60 136
62 169
55 136
153 257
27 175
94 197
56 162
114 164
34 129
33 49
65 201
5 180
18 201
61 160
123 174
49 214
59 112
11 125
90 159
149 257
74 213
150 255
22 36
140 178
62 88
60 114
127 199
155 266
27 49
20 64
111 136
82 166
93 164
103 186
67 122
92 156
78 94
130 180
96 129
100 142
87 216
17 128
124 127
96 117
55 148
130 198
31 71
71 199
26 32
76 186
142 200
39 170
117 223
57 103
24 159
128 186
136 154
140 182
4 81
103 134
83 113
108 171
51 147
73 201
59 60
32 58
37 88
16 40
36 136
130 208
118 212
21 32
18 124
53 98
100 199
142 164
22 81
121 142
113 132
152 253
69 193
2 33
138 174
114 145
26 208
12 20
34 65
26 151
26 149
56 60
108 185
44 127
106 167
101 107
63 134
79 169
81 220
113 136
101 153
134 193
100 209
42 132
27 173
125 172
124 199
130 188
115 168
55 106
94 186
142 206
19 39
151 249
117 152
125 182
6 182
98 150
5 172
44 150
155 254
39 210
43 137
30 107
121 128
126 223
123 162
49 68
148 235
98 176
115 187
126 207
95 219
88 121
49 78
126 187
37 82
78 89
87 202
12 194
104 110
41 70
63 100
5 123
24 110
144 210
4 182
75 176
27 190
35 78
116 189
77 118
12 199
74 209
23 62
32 132
92 178
16 18
50 125
74 76
23 201
62 76
80 221
80 187
24 102
34 212
145 202
114 167
129 182
72 201
97 114
60 174
100 179
60 201
115 134
96 111
82 161
25 81
110 155
16 170
5 129
58 179
56 166
91 201
73 159
43 172
42 175
71 111
48 186
39 53
81 207
141 209
146 185
134 216
118 152
130 184
118 216
6 159
87 135
121 212
103 204
152 281
89 178
69 175
2 127
39 125
122 168
58 172
132 204
73 134
52 65
123 146
110 111
56 69
142 160
51 160
69 158
33 145
24 25
81 93
54 159
92 180
82 122
126 149
41 119
63 66
121 158
23 125
68 176
15 51
77 88
64 85
100 129
20 81
138 145
82 113
125 184
24 158
44 164
92 133
21 143
92 105
78 84
72 200
2 95
47 192
117 218
58 111
14 93
23 91
130 164
132 201
73 216
68 210
117 131
100 109
97 168
37 141
32 133
121 148
21 70
51 85
106 121
55 166
31 160
152 272
123 178
152 270
76 111
133 144
34 64
119 213
2 72
9 218
127 145
59 174
31 190
106 214
150 247
56 123
114 163
37 139
114 193
148 249
52 162
91 217
91 109
39 158
110 157
118 151
121 153
107 111
75 142
119 206
54 192
61 97
17 127
108 167
152 294
39 188
51 182
84 141
37 164
103 173
15 109
109 198
32 89
79 80
53 94
62 185
97 99
126 148
107 201
87 121
111 166
28 117
75 103
13 111
1 207
106 210
53 57
27 82
59 184
42 213
85 128
42 126
117 168
149 248
68 207
100 196
53 199
140 201
143 193
81 95
56 152
34 222
103 215
84 204
12 74
97 163
134 199
152 296
23 211
60 133
3 101
1 183
129 181
80 181
79 102
81 140
120 156
49 144
93 177
67 100
103 196
142 210
70 218
98 157
2 208
110 139
150 243
6 186
112 148
120 180
6 142
68 161
136 198
83 162
56 221
128 155
139 213
111 114
140 188
50 204
150 296
101 217
147 221
116 155
97 169
44 216
67 125
107 185
102 103
88 90
52 130
85 142
116 179
144 160
153 298
89 150
64 180
46 116
28 204
37 65
16 127
63 84
138 155
42 100
152 256
79 207
116 176
76 222
53 187
21 78
85 105
11 206
63 196
150 230
50 84
110 159
7 71
43 92
102 197
94 181
108 173
87 191
41 49
79 127
124 161
113 177
80 209
80 178
64 152
135 176
6 101
11 95
25 204
21 63
81 120
16 192
90 119
22 202
106 117
74 212
78 117
134 210
71 222
100 193
130 154
95 157
51 189
59 87
127 129
46 81
51 142
119 140
5 68
14 109
107 180
24 47
27 192
91 128
91 99
43 162
6 212
18 34
65 81
40 156
122 183
80 211
24 150
108 218
124 125
6 60
12 84
38 84
12 29
151 278
34 41
29 209
96 204
130 206
39 115
27 169
98 216
118 142
106 217
96 192
91 143
125 151
125 205
117 124
111 194
76 122
106 182
125 169
35 82
143 172
68 88
77 112
102 209
48 133
32 69
3 74
151 286
127 143
104 204
20 196
88 173
14 171
47 124
51 60
62 178
32 104
1 108
119 207
91 125
32 192
89 129
34 207
150 277
66 75
67 123
43 191
70 119
73 195
132 172
33 37
80 222
121 167
38 186
19 34
151 234
96 184
64 116
131 187
22 147
68 105
53 133
43 194
92 101
18 127
87 196
28 164
68 222
77 138
130 147
15 41
5 160
81 149
56 108
112 154
12 191
30 120
11 204
37 120
89 94
15 205
78 131
79 179
76 85
109 211
85 183
52 148
65 189
89 101
113 181
149 247
98 202
138 204
115 209
31 205
29 117
46 141
22 208
75 135
46 59
121 181
10 178
3 112
33 64
119 180
123 192
95 185
55 174
113 145
114 207
30 117
84 201
24 179
29 165
17 79
56 121
112 218
102 210
23 38
134 147
117 199
137 220
67 141
9 58
127 147
108 114
55 80
153 261
121 191
16 35
117 172
140 153
152 236
150 269
58 197
14 131
38 55
146 160
24 175
66 123
143 171
21 62
68 134
94 113
145 216
73 129
61 147
70 189
70 198
82 146
104 123
82 202
28 58
27 45
23 106
129 157
52 147
29 35
19 158
80 157
135 147
109 202
45 212
73 80
95 211
30 68
24 63
91 170
137 179
49 146
44 64
96 139
97 126
36 211
55 121
57 141
10 57
116 175
51 117
36 104
44 45
75 159
5 13
58 217
61 75
33 216
107 126
48 108
44 158
14 104
12 93
155 245
121 154
134 146
19 180
87 183
80 109
57 87
107 171
101 203
4 16
39 190
56 62
145 166
101 109
76 169
8 110
111 146
85 164
40 199
125 220
110 193
61 106
40 197
105 135
42 143
124 183
43 175
84 181
81 173
39 108
20 79
127 158
150 248
14 163
24 50
95 206
18 44
8 149
18 194
4 152
70 105
38 117
152 259
97 141
113 143
28 149
40 151
73 81
4 91
111 130
43 171
92 215
26 184
48 60
33 51
113 205
52 75
94 206
21 211
139 197
70 93
72 143
3 179
26 204
141 162
15 64
90 122
60 112
139 223
44 215
49 155
65 70
142 186
154 272
33 156
70 201
98 145
80 210
85 89
121 182
113 114
104 220
131 197
8 147
98 179
31 145
84 131
61 103
17 21
146 186
147 191
48 128
130 138
43 50
108 186
21 61
110 160
95 151
135 190
125 127
31 186
20 182
16 190
107 223
5 142
102 180
56 81
132 192
143 177
70 212
79 163
7 162
43 87
92 129
102 107
126 184
78 130
43 86
27 68
101 131
53 194
142 171
71 96
118 202
2 84
35 197
97 148
57 136
75 124
39 163
93 143
91 137
137 197
151 233
58 149
15 75
82 180
107 116
72 204
128 139
116 210
108 196
54 128
114 176
44 175
90 171
101 220
94 118
134 164
109 196
104 212
106 215
53 191
107 112
68 193
151 232
7 165
137 180
148 230
14 185
45 75
84 209
145 180
57 92
24 86
78 191
20 164
147 200
105 202
51 138
146 202
111 173
68 91
41 120
16 110
25 161
95 108
129 223
39 139
146 168
16 223
115 170
71 177
114 172
59 122
92 149
154 240
150 238
5 202
73 86
43 134
14 187
133 177
152 278
56 57
93 191
80 182
127 151
91 163
46 175
76 194
56 83
39 223
137 174
14 214
81 189
23 218
64 65
12 150
26 114
127 218
51 132
17 167
8 116
108 144
129 164
100 110
37 67
47 126
137 218
134 152
93 168
24 157
55 90
91 130
62 207
135 206
152 251
124 208
51 116
135 149
119 215
122 207
59 197
45 62
59 218
18 33
24 44
141 150
7 35
70 143
67 154
115 196
54 208
135 223
141 201
20 171
86 99
29 166
110 179
26 120
63 107
116 162
125 136
27 179
48 118
130 137
43 131
138 214
68 69
131 137
154 290
58 195
65 152
143 159
154 294
126 213
123 215
29 40
137 150
80 115
116 207
22 79
4 8
96 125
98 196
141 191
15 141
16 154
151 231
73 146
91 100
61 181
2 129
96 194
32 109
65 93
92 197
52 221
37 53
135 161
61 125
33 149
82 149
147 175
121 168
75 83
39 129
59 142
74 135
64 79
69 155
3 67
123 198
10 151
108 148
83 205
16 46
11 144
104 185
27 182
32 83
55 77
34 170
85 186
99 176
9 96
49 165
49 116
144 199
47 142
120 189
2 23
110 215
24 59
16 178
108 175
89 124
73 223
145 176
123 128
130 179
112 146
153 253
13 133
86 108
116 140
136 158
13 67
112 207
118 209
58 63
15 97
51 99
38 156
8 135
29 150
53 222
63 215
31 43
20 145
121 138
59 207
101 102
120 121
26 156
34 118
67 116
54 178
126 183
118 217
155 284
73 166
113 162
103 161
54 164
107 118
30 135
62 168
135 218
51 180
58 183
41 205
112 172
140 198
101 169
56 170
130 183
33 126
61 187
64 209
46 88
48 210
127 223
17 133
22 80
121 180
120 172
102 178
4 9
145 162
115 132
14 169
75 218
33 43
148 264
143 175
50 66
103 165
16 204
153 243
57 212
76 179
87 116
108 159
151 267
14 41
63 70
151 268
54 148
22 167
28 165
67 209
63 194
110 122
131 172
57 67
71 127
107 153
63 139
11 194
104 106
53 219
71 130
34 50
58 178
111 131
70 134
51 100
64 155
74 198
133 221
2 106
82 120
141 198
79 95
151 260
93 216
94 141
85 140
5 112
69 112
27 213
123 203
106 113
86 92
64 181
58 84
58 120
16 215
21 53
94 202
85 216
115 148
70 115
73 150
84 142
2 54
146 164
42 210
91 173
36 120
24 77
139 222
143 187
73 91
54 99
49 158
3 194
35 48
81 87
39 124
6 217
20 165
72 75
32 209
138 164
97 116
26 58
153 241
62 155
2 78
109 197
129 190
91 166
81 148
95 153
108 211
41 97
4 62
7 67
150 280
30 206
92 214
55 151
108 182
138 205
72 217
24 36
85 139
121 134
135 185
17 18
32 37
117 211
67 156
92 96
64 114
46 111
125 194
27 91
14 211
108 157
17 69
59 110
22 219
118 160
24 161
10 164
21 88
69 132
92 123
53 132
4 198
14 71
135 193
132 135
22 161
77 201
101 139
91 95
87 175
30 61
75 154
112 197
52 166
105 130
89 196
143 179
82 148
29 54
101 145
52 176
153 295
100 189
44 186
96 99
129 167
124 207
107 179
143 174
140 189
137 221
39 132
6 189
33 198
69 79
27 78
78 173
87 178
38 46
31 193
3 18
65 99
61 219
135 177
112 187
57 66
124 153
71 176
42 156
133 212
31 58
1 163
30 153
71 150
87 112
80 204
93 209
94 191
127 198
133 159
7 52
16 120
153 262
130 202
72 171
136 222
79 108
70 127
121 130
49 157
107 170
64 221
80 88
74 210
47 98
4 122
144 193
52 131
56 163
110 144
92 111
78 96
130 178
98 189
71 94
108 212
80 141
20 91
52 172
76 185
94 97
55 198
99 177
115 177
16 49
78 121
32 50
39 43
25 202
91 103
122 148
66 160
47 150
109 133
115 165
97 112
49 149
16 142
58 212
15 180
94 219
104 134
31 175
18 208
50 192
82 131
149 242
81 168
3 184
71 76
25 78
68 117
64 178
52 54
24 143
2 46
10 46
72 138
94 220
62 72
123 143
58 90
33 205
130 145
99 215
12 143
37 138
54 68
45 53
53 97
133 187
45 46
46 216
20 144
45 219
42 154
106 193
135 166
33 185
21 152
54 173
74 164
136 143
63 125
147 176
51 155
6 84
76 203
151 246
80 107
63 201
33 72
68 114
59 188
143 184
95 220
29 169
108 163
34 63
61 143
47 109
82 98
4 197
146 187
25 90
36 170
14 167
39 107
3 119
46 184
21 72
78 161
47 191
80 195
22 133
45 71
116 171
26 146
30 33
94 180
14 35
49 75
24 182
61 222
7 212
88 209
138 176
132 162
88 155
142 190
155 247
7 28
86 192
155 298
128 148
128 221
96 173
118 187
27 152
93 202
77 122
102 159
145 170
47 162
112 150
99 204
148 258
46 197
75 107
124 203
106 128
64 153
143 166
91 107
89 137
52 135
56 222
138 211
64 117
58 182
103 175
122 139
39 96
5 43
23 157
139 145
79 94
28 33
44 80
152 293
98 160
132 156
48 70
103 144
99 206
23 114
90 189
80 145
46 87
89 181
101 221
69 102
145 213
49 99
61 109
29 104
80 99
150 274
28 205
109 164
49 205
123 216
101 175
16 151
121 166
87 214
17 201
7 148
146 222
100 200
61 83
17 166
16 68
74 187
7 171
63 129
137 177
106 203
66 188
150 250
103 190
15 179
103 127
154 270
20 198
101 177
148 263
155 262
140 223
29 192
114 197
125 203
43 85
13 145
122 191
82 147
139 173
127 150
155 282
83 156
29 157
62 173
24 89
110 130
86 156
92 168
15 154
104 214
124 176
57 182
20 218
35 77
95 135
82 153
105 127
55 143
110 167
11 19
147 212
89 149
152 241
126 194
48 139
98 146
16 197
49 61
139 144
46 133
107 139
47 174
146 221
38 50
50 98
118 172
105 155
87 189
49 150
73 197
6 55
108 210
141 165
132 217
93 218
26 131
129 198
64 141
127 142
66 206
6 129
12 86
106 115
45 112
122 204
143 167
24 55
56 120
56 73
143 186
64 168
87 102
62 195
14 91
33 180
130 144
137 144
73 172
93 130
55 215
20 71
47 144
14 45
19 136
155 288
105 164
43 200
129 202
31 157
14 78
7 191
74 186
42 200
23 198
94 130
107 156
115 143
133 175
106 139
121 218
12 22
4 18
74 150
39 171
74 146
45 88
16 99
151 251
94 200
61 188
62 193
61 159
5 83
99 123
110 206
26 89
155 255
82 150
119 122
17 23
113 184
78 135
112 180
66 191
66 141
63 117
117 159
58 193
57 176
30 93
34 134
85 175
31 89
55 116
100 154
24 120
152 246
10 55
27 85
74 116
109 216
60 193
152 265
92 94
130 196
119 161
133 200
143 161
21 49
82 167
137 195
112 127
21 29
22 108
3 17
117 213
56 66
129 184
128 178
56 94
86 216
140 179
15 119
119 208
109 126
137 142
132 183
146 191
128 184
16 119
126 142
142 212
94 215
61 108
39 173
103 156
2 12
12 117
76 91
74 99
22 209
24 219
31 92
11 215
67 208
100 186
85 150
76 135
58 64
137 210
54 85
116 220
35 142
56 211
56 126
80 142
142 188
101 141
103 205
145 175
111 207
77 171
137 222
65 108
83 196
128 177
51 197
36 197
16 51
82 85
56 125
134 185
39 155
70 219
76 204
14 87
113 156
15 76
146 212
98 208
43 142
140 180
59 86
143 216
101 104
148 225
5 121
15 58
73 136
93 215
81 97
49 114
64 123
64 108
3 13
102 171
47 214
50 51
139 207
135 183
8 72
106 140
24 191
119 219
100 102
84 104
58 211
56 148
114 173
41 55
20 186
78 203
116 148
48 183
119 182
31 135
71 86
137 207
19 37
150 272
106 175
112 131
107 142
63 164
38 86
82 156
39 161
61 163
123 151
126 152
140 171
144 187
97 187
148 251
112 144
6 214
93 219
99 173
49 103
131 133
144 176
10 150
30 96
85 101
133 146
1 77
73 127
90 154
108 221
66 182
88 195
56 213
140 155
22 157
51 114
94 104
6 166
4 145
5 218
55 57
86 148
121 147
90 180
96 220
150 259
8 85
107 141
74 123
89 155
95 218
128 132
145 199
98 105
144 219
29 98
43 103
48 97
66 211
139 186
17 218
21 114
41 63
97 158
90 208
111 133
5 25
56 173
27 131
9 81
100 155
131 181
93 190
98 113
81 118
3 220
87 104
65 82
98 207
113 207
59 190
55 149
37 136
104 108
147 183
43 199
10 111
37 174
89 206
131 151
5 34
24 193
7 25
31 87
117 118
142 161
105 214
26 110
127 162
123 221
107 206
33 135
124 170
118 178
67 188
31 112
10 61
24 217
113 150
74 145
84 171
40 108
62 142
78 129
58 138
41 191
83 151
145 169
53 167
29 101
115 161
57 187
1 91
44 113
19 171
125 166
27 166
44 197
9 178
41 107
55 219
58 83
128 217
86 191
26 201
41 190
45 195
112 175
97 145
61 134
133 202
131 134
90 100
153 264
52 61
62 149
98 184
84 150
138 196
117 188
5 117
34 213
94 178
64 160
91 209
105 221
38 182
136 216
154 287
147 204
104 177
106 177
93 95
32 205
123 208
114 154
68 175
64 212
82 106
137 173
148 267
74 101
73 119
128 218
155 291
126 154
12 61
90 155
51 81
15 164
82 215
3 56
153 269
106 190
107 154
39 116
140 157
50 147
132 196
94 179
100 191
39 192
68 83
105 156
16 75
38 71
109 127
48 163
65 204
35 41
64 175
106 127
152 261
18 110
73 140
140 220
1 187
81 106
43 220
19 109
2 49
54 77
26 73
52 111
149 227
4 150
145 164
62 101
52 202
72 149
16 220
53 75
143 213
90 145
102 105
119 121
6 94
74 219
110 114
88 114
79 90
42 223
115 184
22 198
89 208
36 152
42 134
83 124
130 189
64 217
116 143
3 85
6 215
44 151
41 133
23 220
146 183
59 115
43 196
39 134
57 184
113 209
43 178
14 223
133 153
92 184
67 152
23 112
61 194
151 293
46 51
74 114
58 140
19 87
116 125
43 81
123 152
56 142
57 121
74 179
104 156
96 136
140 207
61 79
23 63
92 202
48 50
155 257
114 184
110 220
112 121
148 266
7 75
23 120
40 57
110 181
125 192
121 194
87 197
81 92
47 204
53 204
111 209
95 196
130 219
151 272
17 98
42 203
137 165
88 205
69 197
22 110
123 154
70 106
59 201
32 124
149 271
26 189
118 195
73 117
70 122
25 195
78 107
98 149
30 31
9 74
151 283
94 190
30 182
95 205
119 217
61 179
92 185
112 196
108 214
99 101
4 68
72 77
60 83
115 153
39 193
120 138
100 132
52 119
67 73
62 126
128 201
149 287
125 159
137 215
110 180
39 74
92 121
124 219
134 165
5 113
83 107
2 216
80 165
137 155
112 173
32 159
94 102
40 46
27 40
64 206
68 212
23 99
13 175
139 176
23 85
75 219
75 129
94 175
27 155
106 195
44 124
88 210
104 139
128 196
111 183
124 173
123 145
51 204
141 207
114 186
37 43
135 175
17 183
26 171
60 170
66 195
129 140
124 147
128 193
6 152
22 71
83 223
111 145
90 190
141 221
56 210
50 68
61 68
15 130
27 73
119 192
95 209
90 166
90 92
65 217
61 73
1 64
143 221
7 150
87 168
21 181
5 168
143 192
24 125
69 191
140 176
54 140
80 162
52 112
120 196
53 76
116 149
116 119
88 172
144 162
15 69
123 161
140 161
133 183
37 124
107 155
121 171
112 152
93 152
131 218
3 41
141 185
86 151
9 191
69 86
62 115
103 157
153 244
133 168
10 39
152 257
80 172
137 153
13 182
98 156
37 194
35 39
29 88
36 55
9 196
51 163
124 138
88 199
58 80
124 218
1 182
107 191
128 157
69 207
103 107
110 192
144 189
120 140
137 146
6 11
24 156
128 175
112 194
101 200
69 217
153 249
128 153
51 59
2 145
119 216
55 137
76 138
5 146
90 139
142 152
1 5
22 93
115 205
152 273
36 121
77 95
25 36
96 132
37 222
111 121
140 160
61 131
3 25
7 58
87 193
113 200
105 134
29 172
57 81
110 141
4 43
125 133
35 153
11 64
62 184
125 161
1 198
114 152
18 167
26 155
48 126
64 70
5 91
23 76
65 114
58 96
84 212
124 175
T 71 94
T 12 201
P 54
P 1
P 90
T 165 189
P 186
P 122
P 240
P 42
P 7
P 192
T 285 272
T 258 59
T 166 10
T 62 279
T 281 296
P 139
T 175 57
P 99
P 34
P 45
T 217 42
T 69 155
T 203 131
T 16 158
P 179
P 266
T 45 115
T 21 112
P 280
P 100
P 45
T 236 139
T 141 142
P 162
P 163
P 226
P 125
P 221
P 195
T 131 51
T 169 218
T 43 207
P 61
T 165 232
P 219
P 169
T 200 163
P 156
P 232
P 210
T 158 101
P 266
P 292
T 122 49
T 300 116
T 11 171
T 135 55
P 198
T 17 278
P 135
T 70 42
P 174
T 236 33
T 39 117
T 11 300
P 94
P 22
P 163
T 11 235
T 255 126
P 178
P 193
T 174 236
P 186
P 197
P 20
T 137 60
P 16
P 108
T 3 101
P 93
T 118 156
T 75 252
T 130 86
P 197
P 204
T 91 112
P 137
T 210 34
P 179
P 293
T 196 280
P 162
T 101 202
P 126
T 159 132
T 223 144
P 141
T 148 184
T 174 61
T 177 71
P 226
P 179
P 142
P 128
P 73
T 204 243
P 229
P 160
T 190 295
T 274 15
P 104
P 45
P 15
T 141 219
T 93 165
P 42
T 120 248
P 164
P 114
P 86
P 24
P 182
T 293 166
T 142 5
T 180 277
P 203
P 2
T 281 260
T 252 185
P 223
P 154
P 219
T 240 101
P 162
T 52 96
T 245 5
T 112 28
T 26 232
T 283 36
T 82 69
T 193 80
P 113
T 79 292
T 284 81
P 72
P 81
T 43 135
T 205 289
P 131
P 154
P 28
P 290
P 14
P 191
P 281
T 72 208
T 194 83
T 65 39
P 220
P 164
P 151
P 139
P 242
T 117 85
T 31 11
T 216 78
P 12
P 87
P 169
P 183
P 16
T 266 120
P 261
T 227 148
P 232
P 234
T 161 251
T 186 263
P 5
P 149
P 135
T 175 2
T 30 96
P 293
P 118
P 146
T 195 129
T 37 273
T 30 189
P 109
T 199 231
T 23 161
P 284
T 186 261
T 107 240
P 58
P 2
P 9
T 242 149
P 252
T 231 107
T 288 135
T 29 276
P 294
T 79 249
T 143 149
T 285 291
T 5 183
T 104 125
T 138 67
P 207
P 106
P 60
T 5 205
P 276
P 254
T 128 219
P 158
P 197
T 53 265
T 263 76
P 70
P 236
T 82 175
P 295
P 93
T 188 22
P 159
T 86 235
T 33 3
T 136 165
T 5 10
P 268
T 166 259
P 230
T 27 202
T 78 13
T 197 238
P 61
P 181
P 23
T 125 122
P 44
T 294 289
P 284
P 244
P 127
T 282 211
P 30
T 78 35
P 6
T 125 175
T 119 31
T 266 192
P 294
T 284 7
T 133 187
T 141 164
T 126 39
T 62 33
P 161
P 209
T 107 254
T 82 54
P 242
P 35
T 245 175
P 150
P 193
P 48
T 30 105
T 107 73
P 125
P 2
P 126
T 231 281
P 62
P 237
P 255
P 106
T 263 266
T 248 5
P 290
P 282
P 94
P 222
P 40
P 70
P 204
T 88 123
T 139 64
T 39 42
T 199 74
T 23 74
T 114 267
T 6 137
P 43
P 39
P 67
T 118 15
P 181
T 44 300
P 95
T 45 219
P 169
T 185 65
T 84 177
P 6
T 41 249
P 170
P 290
P 283
P 204
P 228
T 155 270
T 253 250
T 298 77
P 156
P 95
T 285 246
P 179
P 286
T 164 22
P 253
P 261
T 88 61
P 150
P 105
T 69 2
P 151
T 258 127
T 280 118
T 11 27
T 56 216
P 154
T 93 67
T 272 128
P 94
T 29 300
P 28
P 280
T 171 212
P 221
P 221
T 52 221
T 191 243
P 244
