500 499 500
21 72 86 19 45 58 28 70 36 77 68 85 83 54 52 73 12 91 18 69 12 27 18 60 30 37 23 79 45 92 58 19 80 2 99 98 25 15 67 71 95 84 58 38 96 87 34 97 82 7 68 37 61 58 65 48 4 81 87 65 18 36 99 73 86 24 65 55 30 63 62 63 87 30 20 56 93 50 35 9 75 10 25 48 29 46 16 87 57 13 38 28 10 100 71 26 64 39 42 14 94 96 48 89 33 82 47 70 90 61 22 22 10 60 70 14 60 59 60 39 70 14 81 87 35 100 76 83 11 83 51 50 10 84 64 42 91 42 11 3 12 33 1 40 15 38 15 47 9 86 29 78 96 9 37 43 14 4 87 1 95 44 64 52 52 46 37 5 98 74 73 73 54 74 94 65 30 3 33 82 88 87 15 59 63 34 48 2 90 25 39 19 77 98 68 22 17 28 72 12 68 59 17 65 27 10 27 48 18 64 31 98 53 31 52 72 95 80 87 3 80 49 40 21 14 16 62 51 11 83 78 10 75 70 74 11 68 97 24 12 69 97 26 31 61 11 58 71 12 4 30 21 65 6 75 81 25 49 82 95 79 64 49 73 91 16 85 98 50 2 72 83 59 49 71 44 38 51 27 67 67 92 71 88 68 31 100 93 93 66 50 4 91 56 60 9 60 85 99 73 29 36 18 47 88 18 20 100 8 17 62 57 68 95 20 11 62 56 78 19 54 49 3 63 14 53 50 57 14 31 36 3 7 68 79 90 50 93 7 79 49 24 57 33 100 1 24 45 31 53 13 64 73 23 30 74 81 44 89 87 36 32 11 52 34 76 99 36 64 66 65 56 34 61 67 7 44 4 90 63 95 91 49 21 30 62 17 25 87 5 20 71 65 13 89 91 79 78 100 93 84 48 9 97 97 83 1 84 52 95 39 69 54 68 40 17 93 16 48 32 9 59 36 42 86 48 21 35 25 90 8 64 50 6 76 40 67 87 20 97 39 30 37 51 6 31 2 6 69 39 28 93 42 71 87 89 6 84 21 96 43 4 97 44 68 17 81 29 52 86 2 53 57 6 18 82 18 10 55 99 2 76 21 93 79 15 72 55 4 100 92 45 79 45 38 8 29 66 72 28
31 32
287 288
35 36
11 12
205 206
244 245
308 309
157 158
114 115
264 265
462 463
309 310
185 186
178 179
425 426
293 294
479 480
247 248
432 433
429 430
385 386
449 450
186 187
65 66
175 176
380 381
144 145
152 153
112 113
125 126
384 385
75 76
433 434
67 68
162 163
95 96
469 470
494 495
22 23
14 15
239 240
464 465
253 254
38 39
171 172
375 376
204 205
344 345
231 232
302 303
409 410
195 196
118 119
49 50
468 469
51 52
71 72
176 177
243 244
208 209
259 260
85 86
12 13
257 258
34 35
347 348
109 110
329 330
412 413
200 201
233 234
400 401
167 168
267 268
276 277
451 452
438 439
241 242
4 5
92 93
493 494
16 17
222 223
159 160
355 356
427 428
117 118
371 372
74 75
278 279
437 438
23 24
137 138
353 354
258 259
86 87
148 149
6 7
129 130
62 63
119 120
354 355
225 226
415 416
482 483
127 128
196 197
360 361
69 70
213 214
423 424
387 388
52 53
121 122
3 4
372 373
70 71
321 322
13 14
57 58
369 370
156 157
238 239
356 357
489 490
235 236
18 19
453 454
255 256
64 65
362 363
78 79
381 382
286 287
441 442
392 393
79 80
376 377
487 488
359 360
467 468
486 487
135 136
311 312
83 84
325 326
364 365
446 447
434 435
295 296
440 441
330 331
312 313
212 213
268 269
103 104
256 257
266 267
396 397
471 472
447 448
20 21
336 337
475 476
229 230
346 347
301 302
455 456
97 98
151 152
260 261
102 103
146 147
192 193
297 298
498 499
492 493
477 478
338 339
50 51
340 341
106 107
472 473
499 500
27 28
63 64
226 227
123 124
87 88
131 132
361 362
352 353
191 192
76 77
334 335
29 30
315 316
365 366
405 406
444 445
314 315
143 144
269 270
174 175
456 457
481 482
379 380
323 324
153 154
452 453
300 301
333 334
358 359
21 22
149 150
181 182
197 198
5 6
367 368
96 97
454 455
470 471
223 224
46 47
249 250
307 308
82 83
124 125
30 31
237 238
89 90
289 290
155 156
215 216
161 162
277 278
187 188
378 379
326 327
263 264
53 54
199 200
436 437
460 461
291 292
211 212
139 140
184 185
214 215
248 249
130 131
275 276
292 293
296 297
19 20
140 141
55 56
328 329
458 459
245 246
417 418
240 241
160 161
43 44
410 411
180 181
461 462
170 171
221 222
465 466
111 112
108 109
37 38
60 61
147 148
54 55
150 151
488 489
402 403
91 92
280 281
414 415
9 10
270 271
107 108
393 394
193 194
318 319
370 371
274 275
450 451
343 344
348 349
202 203
77 78
345 346
397 398
126 127
84 85
403 404
236 237
497 498
217 218
317 318
81 82
207 208
194 195
363 364
373 374
242 243
142 143
368 369
313 314
227 228
133 134
406 407
44 45
166 167
342 343
172 173
122 123
72 73
474 475
261 262
484 485
68 69
319 320
15 16
246 247
383 384
251 252
7 8
210 211
431 432
306 307
173 174
209 210
232 233
421 422
305 306
105 106
254 255
331 332
491 492
10 11
445 446
439 440
33 34
58 59
327 328
66 67
182 183
430 431
177 178
169 170
98 99
40 41
303 304
382 383
41 42
26 27
294 295
351 352
136 137
290 291
457 458
188 189
485 486
134 135
426 427
390 391
279 280
442 443
138 139
480 481
389 390
411 412
407 408
357 358
234 235
422 423
335 336
490 491
282 283
24 25
386 387
495 496
320 321
17 18
399 400
404 405
1 2
416 417
271 272
189 190
418 419
284 285
165 166
216 217
285 286
36 37
350 351
228 229
104 105
183 184
218 219
413 414
59 60
164 165
179 180
93 94
100 101
401 402
478 479
394 395
473 474
154 155
463 464
273 274
90 91
316 317
281 282
56 57
324 325
2 3
80 81
201 202
42 43
391 392
265 266
110 111
304 305
158 159
230 231
120 121
395 396
128 129
203 204
388 389
377 378
428 429
443 444
224 225
366 367
28 29
310 311
116 117
101 102
88 89
220 221
459 460
132 133
25 26
73 74
349 350
408 409
8 9
398 399
99 100
341 342
61 62
32 33
190 191
466 467
435 436
94 95
374 375
337 338
298 299
145 146
262 263
39 40
219 220
476 477
283 284
45 46
113 114
48 49
47 48
496 497
483 484
250 251
448 449
272 273
339 340
198 199
206 207
288 289
322 323
141 142
115 116
252 253
163 164
419 420
332 333
420 421
424 425
168 169
299 300
P 6
P 254
P 41
P 67
P 74
T 406 380
T 268 124
T 477 136
T 169 104
T 33 215
T 116 466
T 33 79
T 364 414
P 469
T 458 128
T 457 251
T 451 52
T 468 380
P 75
T 216 156
T 407 311
P 163
T 481 21
T 191 270
P 54
T 281 7
T 125 262
T 77 491
P 292
P 229
T 254 52
T 44 242
T 164 273
P 315
P 94
T 20 305
P 469
P 204
P 76
P 27
P 32
T 211 360
P 119
P 492
T 158 387
T 4 482
P 452
T 303 81
T 11 92
P 472
T 282 237
T 92 106
T 444 271
P 362
P 318
P 78
T 119 494
T 378 490
T 171 87
P 260
P 163
T 448 451
P 259
P 178
T 438 82
T 355 468
T 95 142
T 111 254
T 361 304
P 164
T 81 161
P 412
T 493 403
T 316 145
P 226
P 68
T 255 22
T 445 105
P 209
P 105
T 319 423
T 368 37
T 408 17
T 435 343
T 471 405
T 21 322
T 323 420
T 262 136
P 126
P 244
T 170 487
P 353
P 289
P 57
T 6 126
T 10 58
T 102 156
P 96
P 155
T 315 55
T 315 275
P 237
P 6
T 69 100
P 418
P 319
P 27
P 266
T 117 375
T 212 455
T 437 82
T 457 176
T 165 150
P 249
P 476
T 302 268
T 187 65
T 334 276
P 492
P 100
P 5
P 386
P 210
P 274
P 434
T 358 398
T 356 248
P 353
T 289 339
P 447
P 119
T 440 71
P 477
T 494 397
T 75 473
T 206 153
P 120
T 121 115
P 89
P 225
P 281
T 443 200
T 412 233
P 109
P 101
T 457 327
P 369
P 459
T 398 189
P 358
T 172 421
P 274
T 50 40
P 139
P 300
P 6
P 217
T 216 285
T 465 257
T 120 465
P 490
T 489 259
T 48 379
P 301
T 28 81
P 279
T 202 188
T 487 369
P 451
P 25
P 336
P 312
P 375
T 429 473
P 229
T 22 154
P 488
T 480 59
T 204 444
P 61
P 266
P 122
T 492 262
P 20
P 385
T 114 493
T 21 44
T 291 409
T 342 296
P 335
T 453 261
P 363
T 401 308
T 244 89
P 20
T 423 270
T 156 450
T 348 44
T 433 388
T 454 207
P 145
P 15
P 282
P 345
T 433 51
P 480
P 37
T 223 232
P 391
T 190 87
P 364
T 314 286
T 402 233
T 40 124
P 470
T 2 423
P 39
P 304
T 121 237
P 104
T 181 433
T 39 229
T 153 175
P 205
P 48
T 199 265
P 206
P 44
P 352
P 64
P 464
T 403 380
P 138
T 244 123
P 160
P 180
T 156 150
P 473
P 151
T 270 254
P 174
P 272
T 397 206
T 216 224
T 158 411
T 231 67
T 24 244
T 452 359
T 278 470
T 446 76
P 397
P 448
T 43 468
P 27
P 368
T 408 28
T 480 418
T 173 109
T 135 173
T 347 473
P 267
P 312
T 257 125
P 1
T 456 146
P 75
P 475
P 329
T 30 278
T 306 99
T 452 304
T 157 454
T 72 498
P 432
T 262 263
P 39
T 90 267
T 36 378
P 151
T 207 418
T 106 482
P 183
T 352 193
P 377
P 79
T 83 299
T 34 325
T 214 63
P 336
T 396 98
T 92 149
T 72 142
T 468 294
T 414 192
T 208 66
T 234 50
T 448 449
T 362 198
T 361 425
P 28
T 145 350
T 300 15
P 245
P 497
T 334 349
T 426 345
T 137 248
P 248
T 292 136
T 352 303
T 203 393
P 451
P 31
P 221
T 471 173
P 280
P 433
P 13
T 68 411
P 253
P 398
P 108
P 408
T 110 444
P 271
P 18
T 166 362
T 409 269
P 36
P 154
P 138
P 240
T 54 134
P 34
P 440
P 302
T 214 489
T 249 133
T 188 283
T 95 373
T 298 357
T 397 423
P 268
T 445 424
P 426
T 470 70
P 484
P 333
P 348
T 309 367
P 175
T 22 424
T 150 325
P 330
T 248 450
P 417
P 176
T 384 226
P 392
T 320 431
T 104 290
P 496
T 19 496
T 493 392
T 413 377
T 257 421
T 134 390
T 469 31
P 64
T 214 91
T 362 326
T 426 403
T 275 381
T 267 350
T 398 206
T 252 234
T 196 251
T 88 488
T 85 354
T 151 485
T 355 256
P 146
P 24
T 26 29
T 274 245
T 185 326
T 434 16
T 493 247
T 375 315
T 47 369
T 400 490
T 250 388
T 182 122
P 319
P 160
P 472
P 303
T 11 154
T 474 279
T 85 310
T 37 53
T 185 120
T 425 343
T 229 7
T 385 213
T 90 121
P 355
T 164 195
P 385
P 311
T 256 185
P 291
T 446 41
P 462
T 29 449
T 70 356
T 242 435
P 111
T 258 239
T 321 363
T 309 202
T 376 129
T 237 411
T 37 271
P 35
T 43 266
T 121 35
T 311 416
P 285
T 468 350
P 161
P 376
P 182
P 371
P 223
T 277 137
T 329 464
P 261
P 207
P 160
P 211
T 104 459
T 8 342
T 309 471
P 496
T 177 112
T 339 256
T 91 136
P 425
P 86
T 102 427
P 495
P 80
P 279
T 466 217
P 292
T 407 18
P 306
P 50
T 85 177
P 489
P 123
P 354
P 340
T 23 29
P 314
P 163
P 178
T 57 406
T 198 25
T 347 423
P 352
T 213 169
P 160
T 260 147
P 169
T 20 293
T 474 251
P 223
T 298 96
T 429 373
T 268 172
T 230 316
T 482 96
P 18
P 117
P 471
T 300 65
P 243
T 248 101
T 190 441
P 354
T 400 42
P 320
P 28
P 258
T 352 75
P 485
T 286 52
P 13
