100 189 10
1 90 55 68 37 95 79 38 32 25 12 35 40 19 89 50 99 41 59 32 75 76 29 46 28 54 81 47 87 82 44 72 88 41 43 21 79 37 55 47 2 54 73 35 29 29 99 82 79 77 33 24 88 81 96 71 29 87 69 35 37 55 57 31 82 30 51 82 32 6 31 21 68 87 8 37 47 79 96 27 96 9 36 38 89 3 22 34 54 34 46 70 54 32 84 17 69 15 55 68
74 88
52 61
31 35
45 97
20 26
79 86
52 93
4 33
39 64
60 93
37 89
27 36
69 82
93 100
26 32
37 46
27 39
85 92
17 39
52 83
50 100
49 92
53 98
82 98
66 78
51 89
40 81
94 100
19 39
57 73
18 27
85 94
47 90
74 100
13 37
7 28
28 30
33 38
77 92
44 79
36 38
62 95
82 100
25 28
71 82
66 81
42 95
13 25
2 11
81 96
94 99
67 81
1 31
71 78
63 91
12 30
83 94
46 97
51 63
56 64
87 98
9 18
53 99
62 66
12 23
91 100
64 83
39 55
36 39
45 80
41 66
66 80
35 39
10 30
5 12
59 98
21 28
61 73
61 84
29 32
21 31
39 47
54 64
80 100
55 81
77 83
56 90
48 87
29 35
67 94
75 94
28 32
59 79
34 36
21 38
30 31
1 4
61 86
15 26
33 34
37 47
4 23
48 90
81 92
75 80
95 99
5 9
83 93
11 21
9 35
25 37
38 68
89 100
92 97
3 39
15 16
73 79
84 99
26 33
8 11
34 37
54 79
76 83
79 88
17 20
5 13
68 94
23 32
22 24
8 13
81 85
75 99
16 27
20 21
56 92
7 13
73 77
58 91
65 69
11 36
29 30
78 86
64 94
8 32
72 81
11 14
86 99
46 72
24 29
20 33
60 64
70 76
65 98
80 99
42 53
32 39
92 96
27 37
73 81
51 90
87 91
74 87
93 98
18 33
36 37
6 18
76 89
47 87
26 34
46 54
93 97
1 2
42 51
89 98
45 94
18 23
88 93
86 98
77 91
14 22
90 95
54 80
43 98
9 13
32 37
68 89
58 100
34 35
13 19
P 14
P 94
P 87
T 1 75
P 25
T 77 57
P 30
P 89
P 20
P 56
