100 199 20
42 47 57 36 85 87 55 62 21 42 84 89 11 28 13 87 20 15 63 39 40 53 27 95 51 72 69 7 65 55 11 1 7 3 28 21 97 53 13 8 33 18 19 32 65 41 23 67 94 71 58 84 11 52 21 96 34 45 42 78 44 51 4 24 92 53 92 36 24 51 18 31 62 21 62 62 90 34 37 74 67 16 71 63 47 45 39 23 34 45 51 13 70 83 24 20 94 68 58 55
39 42
55 85
90 92
32 87
41 44
37 63
70 94
33 99
27 76
64 67
38 76
6 92
4 39
62 79
71 95
28 58
42 97
60 69
74 79
65 66
17 49
32 66
1 40
3 53
96 97
87 89
15 58
15 48
67 96
7 81
49 95
83 85
46 76
26 72
14 80
71 82
97 99
2 79
43 93
5 64
1 70
11 93
69 96
64 90
90 97
27 92
70 83
18 54
4 51
21 68
17 31
80 89
62 99
22 34
9 71
8 59
82 89
36 61
74 82
86 100
80 84
72 84
79 92
45 86
47 67
89 99
16 31
78 80
41 65
19 89
44 51
63 79
58 88
11 49
78 92
88 90
74 96
29 51
13 50
6 8
78 81
87 100
94 95
55 61
65 86
80 82
93 96
22 48
16 64
93 99
44 84
39 96
92 100
18 53
41 70
60 99
87 99
53 65
77 95
28 79
31 35
23 70
98 99
11 45
73 84
48 89
75 89
8 18
42 72
40 57
7 9
3 75
72 91
61 99
85 95
47 50
12 41
51 98
20 77
59 92
35 69
26 61
77 98
54 69
13 49
84 88
19 46
33 76
82 83
62 70
99 100
94 98
90 94
19 98
22 69
25 86
95 100
10 12
37 67
42 79
53 55
31 75
40 79
25 53
49 99
91 95
37 93
59 77
15 34
72 92
82 92
43 58
83 90
14 61
39 81
86 91
24 93
53 60
79 86
18 76
98 100
50 51
38 65
44 88
60 86
43 86
29 77
76 83
16 22
88 95
94 100
38 96
68 90
89 95
4 53
63 76
79 87
64 80
52 88
70 74
59 69
30 38
1 88
65 83
31 81
52 61
32 57
34 37
81 89
27 30
57 72
77 97
50 89
14 43
56 88
68 78
88 92
25 88
66 96
P 18
P 60
P 14
P 44
P 92
T 86 12
P 28
P 83
T 63 100
P 27
P 6
P 35
T 12 25
P 25
P 7
P 46
P 62
P 34
P 34
P 22
