406 526
326143 648474 58673 647502
363805 816261 317098 815297
812162 237962 820383 237709
812570 398184 899709 398074
672868 7100 822034 6146
154408 665930 309425 665107
818102 36648 818189 35667
676533 201299 813376 199131
556838 458783 802899 458429
79892 839178 185577 838563
276089 617424 128595 613587
428065 985575 299836 985122
467575 803946 70478 799625
727659 291959 869038 287783
123814 590026 218419 589327
521879 378806 821738 378770
454032 925925 246521 925924
963417 77461 880309 76777
678980 75368 933562 69393
554576 440106 718764 439183
260505 706135 357250 706101
538749 166441 603298 165796
934777 184202 508491 182477
592987 390908 982699 389740
509530 86789 910601 86291
997153 315093 854606 314405
652906 98399 790926 95999
250411 659676 422493 658230
106548 798869 64741 797335
670468 42716 603389 39199
107595 826703 177325 825742
215143 865194 205958 861312
548582 178862 562066 178815
332247 893718 161322 889733
83261 686238 193707 683825
345232 622662 470449 622038
215965 858853 397408 857965
588174 177400 643018 176045
16157 677863 186784 673746
323594 791358 303737 789581
274321 839905 258797 839763
77609 733570 53034 732427
679077 57630 646269 56964
813589 238940 751672 238765
267703 558552 216643 555972
225899 689968 359848 688089
698768 491032 809713 488149
838698 100558 618877 98608
261500 729070 248257 728838
485422 821959 432576 821454
153878 669009 391245 668479
487768 740730 292857 740666
675210 258067 813917 255014
639015 378609 644403 378455
257910 988010 28134 986203
876156 109598 543791 107418
189559 908001 302507 907628
963747 377021 958191 377011
59524 906276 467212 906238
569129 167313 868187 166835
730290 215352 781784 214776
534469 17309 984892 16983
74198 727365 370806 725176
908412 38645 765545 37211
338769 900109 14768 898900
365026 629362 232578 627854
802778 20965 569436 20327
447643 998907 288357 997874
757154 284521 894967 284105
927717 162783 563116 160564
421927 773275 480320 773038
829129 358875 752251 358673
190136 619967 244862 618697
196689 517299 156850 515567
61438 810292 342525 809591
736857 47370 583126 46641
38441 538086 58967 537083
333693 846466 36767 844954
380436 741583 448774 741328
404598 793703 406489 791651
417632 918267 374300 918049
670248 195596 589316 192995
369046 927033 301769 926326
43776 882058 194510 881173
154051 957809 4814 957593
248684 996552 484996 995999
390792 586192 59814 585234
560942 287443 982333 285931
811195 389604 981585 387116
380322 574400 200754 571674
747371 51059 823724 51034
29847 946064 85034 944424
441904 907269 456412 907216
36166 499833 53129 498717
464196 569313 371213 567878
763457 452650 783013 452000
970822 168398 652107 167335
504724 470082 745167 469645
833007 226858 588590 225384
929688 278280 836682 278042
717121 345099 818152 344496
650544 51919 570520 51758
90845 885898 224873 885034
268699 896178 197868 895734
568647 85655 568784 85527
245835 663285 188233 661982
87501 965247 81048 965175
958915 35483 818952 34803
74495 754402 282454 752679
824422 266756 625061 265617
164225 927838 318600 927522
569734 421492 712319 421136
510227 24482 712437 22544
550326 124085 744918 122445
927628 142154 812347 140193
551422 12833 945050 11567
545863 2676 799535 2666
164317 575815 147261 574942
249359 713725 136988 713069
449967 901868 346601 901622
306283 562201 117029 561792
808341 384294 667879 381838
882398 121597 748395 121295
344056 796498 395774 796478
954024 466140 833378 465843
916486 268374 871563 266923
3720 897842 412812 896193
502671 450454 913925 450417
457684 831009 128223 830614
751968 370246 694948 370158
414714 664861 47316 664065
241634 865735 306284 865505
845368 53092 527913 52507
893904 202393 610981 202136
303332 750095 127182 749083
409098 941873 68033 940618
706455 323028 679663 321558
797060 48295 967046 48175
860324 190627 815603 188091
535059 318746 812831 316786
210340 497792 227021 496914
660108 392709 505439 392530
604534 300301 736054 299775
53139 765116 370071 763525
596439 458308 803321 458022
206801 931285 180279 930540
141789 975461 456626 975228
656931 283926 924172 283218
753783 262058 570676 260014
775498 349046 996169 348682
680297 463496 676872 462189
22019 916045 130995 915007
280878 512311 298944 510068
225094 740377 377090 736663
534977 78833 620622 78766
612722 338475 514238 338076
348800 957486 218386 956848
154665 612248 269800 610380
93256 643190 16257 641859
119356 559190 30355 559007
103983 860496 218798 860023
896272 58962 789502 57970
291724 646935 136187 645391
780894 428130 533818 427000
405537 747064 177990 744752
272456 866290 498787 866117
505015 295036 738850 294918
681686 366881 855394 361937
596706 361619 969590 361202
972212 116209 761544 114795
776540 269812 962556 269128
99580 795915 348763 794867
129921 722055 238205 719987
403490 503951 64255 503158
753919 120249 725667 118392
179670 883793 104477 882615
630719 113424 687483 113347
242212 984832 239235 984533
314133 748142 47805 747342
593678 420561 642143 417960
691494 216695 877768 216057
1076 604891 435789 601383
725152 311945 955361 310270
130778 682894 68127 682546
44772 854729 487615 852431
198431 711747 90093 710169
409429 508038 384737 507099
979677 467228 534179 467160
265700 550704 396666 549923
795908 33359 583064 33089
135337 743841 140637 742128
521580 83851 895349 82833
127956 701326 70141 700168
423587 772604 264918 769785
3348 825724 442010 825013
699610 441537 646132 440252
567886 265309 726769 264727
259515 830225 2254 827510
36659 777496 257774 777480
739368 279523 511057 279348
311337 702797 146901 702406
186780 912384 903 910869
800719 175826 686161 174902
550999 258858 708038 258525
158490 932114 176987 931402
376295 956797 291450 953475
212919 960441 33387 960058
367309 707973 412986 706241
266170 655063 197192 653887
879278 409369 615080 408695
44627 545292 190509 544218
231674 731923 330404 730557
173767 651483 86543 651462
416175 925823 36579 924958
15454 888976 177379 888536
806433 165636 735666 165142
515684 249845 604605 249090
853275 301940 621451 301526
971695 144429 742465 144134
771050 344029 949820 342824
423801 821037 485646 820922
817309 485086 563542 481549
303482 991456 222572 989533
991306 94337 731850 93097
553659 187873 743249 187201
9841 871097 180187 869713
707762 319460 513825 319433
898446 34607 640638 33408
338675 588060 79763 588041
920038 89057 920766 88045
549463 230498 518737 227387
11631 782100 373957 778617
10941 869290 433407 867499
812758 223042 778073 221987
918898 456937 514490 456129
720455 386543 592547 385540
164758 536575 493221 536217
923765 414388 845791 414360
789140 158009 691010 157056
273363 808015 210505 805844
110087 880962 21476 878416
41677 814551 438683 810829
974392 76742 580141 75590
298397 855008 8882 854876
843726 56889 885754 54118
192319 982458 411034 981288
46819 852315 189581 849816
1563 692530 202753 692069
59924 582588 408792 580354
769620 276445 592459 276209
942769 323330 637855 323161
110070 816962 278553 816635
92854 815214 487014 815078
820727 453986 617428 452981
733930 80290 968029 79068
938036 460566 582491 458887
891451 479216 606259 478635
811977 223729 579618 223509
831260 80829 669322 80476
861230 174277 976052 173411
151269 529684 102908 528306
858389 224216 930703 223865
770605 90699 920719 90052
186227 857558 493015 856895
943295 26061 737895 25711
32087 766602 201414 765503
798977 92337 849573 91838
76003 506089 307593 506002
141938 508972 6913 508152
566320 486083 542257 485250
849642 124785 817378 124732
416197 789413 197715 789232
788136 8487 785489 7363
120352 837530 439579 836646
768821 333643 501094 332366
693943 181378 507008 180738
254221 964857 79321 963380
369451 669272 118890 669040
451463 886909 374968 886545
804340 50525 774955 49228
493681 884980 408295 883891
166796 673496 204519 671267
300284 786115 50612 784873
723586 31427 536908 28680
981232 341127 767230 338570
629756 185469 865132 185119
66333 784665 267728 782538
988507 110313 659064 110202
267313 949020 386082 948868
76649 564736 159019 564352
787706 211227 747762 210585
651032 461939 949824 460658
564279 429966 637460 429770
40563 971476 4354 970523
300631 973984 203534 972672
601355 268843 609623 268494
690121 375524 934660 374505
829139 435826 867180 432175
988928 197302 639220 196726
48979 638042 113216 636044
949715 11265 975808 10582
463355 618349 322927 618068
82946 834702 415753 832722
691467 106684 863919 105984
800800 65666 700479 64643
631691 424894 773244 424217
932911 299188 851900 297632
373492 964985 311407 964930
375449 968908 209966 966844
646845 385032 637889 384477
577612 327747 608668 324138
148023 606131 136072 605190
115012 600865 56270 597667
301747 547783 392954 547062
968796 46417 596241 42834
946856 396922 788852 395741
960948 399554 959194 398517
839268 64066 523260 60448
720301 337416 730345 337150
772677 279070 858016 278307
943793 474307 922575 473021
407057 924867 341424 924834
763343 431988 957511 430431
394744 719191 498912 715745
297254 875897 492423 874508
461367 502508 3515 502295
360459 527901 364791 523344
793598 369534 933627 369303
170073 949785 106298 949082
217144 736187 238410 734101
607283 451180 768896 451165
30415 579652 312364 575904
249032 593942 288419 593133
721646 272904 831802 272358
275355 939835 383106 937237
613918 426931 824051 425363
555865 186231 667427 185905
280256 541893 229444 541607
560070 273115 841820 272907
665063 307123 572776 302908
325746 936815 1791 935825
498801 632428 294744 631207
101868 554040 39988 552725
564947 9811 866178 9302
190589 640219 68779 639072
914800 373468 522092 372684
913437 130909 857689 127492
14546 788269 341180 787803
98285 715672 431856 714229
979682 221875 989062 221309
155018 799170 214976 799016
774489 253048 981439 250123
422779 874484 66837 872259
773485 313285 802833 312196
972063 247154 997721 241606
929169 439035 874927 438013
905821 208334 694190 206921
425191 796286 36533 795998
737861 212831 728116 212091
348896 935334 450750 933605
340939 691686 268762 691280
304747 728639 281391 727872
362427 682461 327242 679992
729128 348407 749373 346907
778034 206903 778568 203693
330503 843724 46807 840041
945738 19889 512740 19586
794581 234675 771490 231786
698367 16894 759604 16653
882458 169890 761399 168991
43838 549554 116506 547846
876247 345959 744896 345853
168952 794760 446139 794353
121543 650472 387026 649909
651758 165010 587795 163213
953155 285914 615565 285368
351458 923277 72399 918957
666087 436969 662095 435949
695660 335464 819926 334593
877357 274898 874192 274731
685942 5133 681547 2712
53464 627431 92609 624308
89397 514651 45211 512983
42398 521517 327014 518395
401683 670953 397090 669672
332872 768142 191704 767245
261433 501803 287170 500693
793348 67801 756814 67455
566668 138892 659899 137981
905732 184715 989695 184673
53329 913907 445554 913106
123918 995117 8267 993657
908299 475056 955290 474465
365537 656592 106648 655254
216026 495786 265030 493049
157315 959690 377407 958736
646411 103842 524351 102765
32867 933327 31588 933207
568636 292844 734418 292715
940938 302469 772213 301948
787882 234898 776914 234861
689956 32526 840974 32023
494803 930469 402955 928446
654878 381402 739980 381214
241237 776594 228009 774504
82474 895451 79064 894397
1321
1659
231
991
911
1273
1476
3
913
510
622
85
386
934
1715
1897
1132
1861
156
559
316
911
1828
43
731
121
1985
433
133
1937
1644
178
357
1846
10
1938
1232
827
292
110
315
963
1220
149
1312
1223
828
1417
520
995
961
761
1832
1019
471
833
301
1526
1225
1794
151
1883
1576
1329
327
1228
1267
169
468
1616
1522
191
644
1494
1856
324
1281
772
1830
1350
536
1893
1496
1769
590
584
448
382
1610
1558
1511
1019
1813
519
666
593
1890
1702
643
333
1557
327
1811
1017
1049
432
898
901
1534
1979
233
741
1102
978
91
181
15
657
1241
43
1457
486
1334
1119
209
852
1210
840
754
256
1886
1464
1865
971
891
1393
293
1917
888
1488
1473
910
1198
98
1247
1474
1025
853
1186
1407
964
1856
660
1441
320
1829
1561
171
362
1660
694
1708
900
524
1572
878
915
1705
575
1315
1526
1714
1822
828
576
1360
252
952
1666
1183
334
1108
956
694
141
1665
556
1881
271
386
925
1310
1895
597
81
462
457
624
603
1613
159
202
1959
524
227
1158
1489
135
1460
321
236
1363
188
764
1067
472
1589
1201
577
648
1710
544
1938
1921
969
520
1895
391
224
1512
792
736
1715
1668
1499
417
973
148
1644
758
964
767
1531
1029
1326
876
1186
1787
636
1436
1764
1321
739
1298
267
21
625
1000
1819
1004
304
509
746
1921
489
483
1209
153
1657
453
1363
1724
1762
1673
760
1477
1883
1407
1773
693
1359
1127
47
165
1264
764
455
1907
659
42
1747
1361
1645
55
1212
150
999
1071
25
1025
1040
1353
485
823
1869
130
1082
861
1821
296
262
883
173
921
397
1534
1605
1100
330
1092
346
1871
1600
106
448
768
1657
1310
1676
1580
683
1473
39
1425
1586
1430
1509
1326
547
1667
224
1437
1600
910
223
117
761
159
654
857
1179
278
1713
1622
1550
1724
1319
1807
1339
45
1552
1061
57
346
1012
282
1858
615
266
757
1871
419
564
1187
1315
1988
655
1264
226
758
924
1711
1816
1854
833
643
446
1530
1108
1186
1297
1663
321
1723
874
1667
255
368
1873
477
551
1390
1596
798
1484
582
348
72
307
1488
4
247
1614
1676
959
1615
1394
1794
723
1038
284
1652
1800
308
1593
419
1407
1782
352
1207
1669
110
1512
580
597
1349
817
868
755
889
1037
1763
212
1942
1097
865
199
1700
1628
1360
641
1069
390
114
1390
1155
1851
1130
1695
1056
642
283
1219
1476
1704
326
1045
1771
1192
1031
848
910
1659
999
739
1237
329
1173
640
815
1621
1604
320
1262
507
1649
367
1264
1154
805
1626
301
600
1610
1842
1298
709
263
462
1199
986
1888
1604
993
712
1713
1084
1089
1542
522
259
1891
58
1540
1894
816
1998
1810
897
509
593
607
484
326
948
161
