946 1733
476003 132488 420081 132994
15651 376714 149114 377479
165308 101444 262134 102857
795563 778710 664757 778735
221961 253208 184461 254241
365145 416333 46593 416631
145259 295792 368247 296202
575796 828851 621396 829097
833223 910269 596162 910768
928218 795252 927405 796014
896176 658988 978075 659162
517221 580203 589464 580653
253103 299705 335806 300188
695868 563452 787962 564376
174253 66341 59321 66678
223456 38301 178314 38937
256169 231394 232408 233175
435244 259457 283197 259820
145090 315586 95376 315681
312299 319595 292260 321448
17708 241075 89112 241753
763826 932085 882740 932139
1717 62350 134353 62532
927727 810663 752831 811473
801570 823975 554298 824345
71434 476288 330394 477265
698840 719090 682792 719901
932316 941391 523843 941761
618850 680291 631710 680357
926324 777698 725694 778060
660642 790811 987902 791043
16257 313770 495342 314457
144027 219974 495137 220867
917378 684276 984386 684329
415983 489267 196139 489737
809591 748728 850131 749064
811727 799814 723824 800083
605062 717899 987368 719031
454508 221797 417618 222618
43436 404766 190174 405200
284870 342366 3794 342691
972205 731824 963675 731937
802048 655691 849139 656504
508511 799419 805740 799494
221384 128611 871 128637
736713 950118 697817 950273
851794 688828 524894 688928
296790 7670 383698 8384
572541 830179 950447 830609
952647 782509 719545 782570
139036 321462 319365 323413
381499 52546 92851 53166
772035 910080 933992 910219
51904 212355 255520 213775
247044 421139 434600 422474
807882 576442 914048 576614
970066 840419 628094 840810
768060 800118 801779 800369
832062 844511 581434 845161
398440 355194 85720 355270
235304 42606 426472 42827
920188 519255 550742 519475
407611 405334 66507 405930
502893 865898 896188 866368
617730 862156 608186 863051
791482 934536 724706 935015
27882 33382 138760 34852
285456 50293 255632 50712
573937 819455 960613 819734
569660 776158 882611 776661
155305 428920 28174 429317
567174 648890 644655 649308
419831 431325 163034 431672
171341 176030 43052 176154
867663 854214 718700 855175
44114 47466 258759 48544
969470 682425 977007 682761
369584 264068 436650 264350
560953 939993 706391 940549
215367 152776 88044 153434
462695 305042 437168 305141
81847 270385 39978 270864
478315 89147 46986 90117
199412 464336 19001 464506
788436 558084 681516 558592
375697 126689 313916 127128
494089 374304 132998 374787
822420 502185 530993 503456
992616 821204 831753 821204
561570 991395 531015 991395
87623 200144 279422 201025
386657 65151 483814 65223
521813 739475 972221 739820
641492 806928 551572 807079
723731 649598 997407 650290
697809 978939 674790 979496
400144 432708 58168 433185
623692 837335 695770 837556
347410 75779 76132 75856
550737 566663 846631 567229
377186 314496 334152 314565
95223 252485 385368 252939
800145 750651 773203 751216
797207 591741 692785 591811
489991 360615 199154 360679
586189 791416 792789 791655
30770 2354 415040 3226
609537 902593 567882 903021
232876 237461 491042 237569
656902 531411 734507 531692
456735 281710 461936 282488
870539 913847 568060 913934
946653 772534 512552 772796
257455 203884 94597 203895
790627 532090 768234 532146
644520 529140 645448 530242
868614 521940 826559 523106
545571 646457 672588 647226
801461 982231 893832 982431
627989 742261 762098 743051
434624 237818 279027 238365
54068 100563 352841 100968
314639 241937 283426 242080
390135 156438 229758 157467
523632 549884 780323 550417
830841 510954 849287 511207
947269 708083 854649 708300
391334 114783 434753 116863
995792 632561 701100 632707
539354 641926 955761 643426
896399 601794 653505 601828
147345 182369 499099 183233
758675 899325 906579 901430
343537 340207 231580 341294
532536 779797 606255 779903
293106 7077 416991 7415
386157 30386 356042 30705
951253 784691 664207 785289
401972 312983 206305 313312
531216 861632 745179 861672
430487 86202 252996 87134
522604 894543 897843 895333
401620 23483 190037 23717
254039 76204 488590 76747
75432 479234 487991 479368
694142 848812 885882 848940
368878 267776 445197 267776
448759 37365 491574 38109
67051 288862 360837 289127
847556 732742 665269 732854
88820 61464 453794 61833
788317 746358 708482 747035
582807 952659 935879 952709
824325 779477 612977 779565
203802 181488 73351 182082
752755 905646 841968 906822
345302 108066 218768 108288
662670 954167 991520 954525
414539 60091 299574 60840
741419 977996 624582 978226
560893 625754 704625 626081
287954 486564 314177 487101
61944 353439 64701 353648
616173 793507 816986 793930
808906 929080 904081 929740
307137 338213 279094 338658
61010 203496 67281 203553
238081 1043 83124 1656
787446 692239 634654 692396
263344 35951 155634 35956
501975 770500 706490 770857
933735 604441 869713 605405
408303 66946 413813 67468
707723 519774 894087 520140
12275 12723 118664 12858
956802 551644 814911 551644
443322 438520 133474 439169
363429 209497 3982 209832
712132 995361 527151 998527
965250 989398 517527 991258
637449 867958 715507 868040
181789 145128 116019 145294
278250 119 206426 369
501942 907557 923276 908463
793681 732932 969762 734419
27115 387720 476396 387936
308991 348273 232673 349008
494788 254938 239371 255755
48835 152613 462448 152700
551417 985859 949442 986485
229468 141984 384917 143113
777509 924968 517476 925583
738010 727816 986796 728199
293917 83517 253427 83581
634799 727283 724254 727702
489054 417200 34315 417389
98614 417748 8040 418384
763772 945774 833262 947249
577981 936640 875872 936640
62094 281294 359967 281425
236344 124562 325598 125030
561889 703151 573439 703279
22661 289370 123929 289931
330007 217332 447091 217387
510639 509906 540725 510743
888232 643542 613508 644100
710254 942167 641005 943481
20165 324432 54211 325019
169011 69017 235128 69313
176072 91114 311604 91729
651163 533785 995624 534940
369703 496576 174272 496959
198681 65882 209598 66306
691161 621635 891491 622481
39481 171313 451924 172054
50560 501431 346917 501838
618894 715652 781348 715810
143544 485992 249934 486166
408667 484789 374563 485538
351081 112921 450462 113622
797748 815557 826762 815658
274116 54350 258223 54858
214515 13015 106004 13313
110455 12498 309040 12641
421242 163657 491125 163662
165108 296371 376738 297956
179730 274515 363517 275486
395215 363699 362162 364419
726076 875368 835560 876432
337260 466703 93385 467090
276957 299179 118869 299336
121475 24780 247930 24925
669779 872738 922187 873121
392409 469902 135454 469937
294514 134394 7089 135202
884253 817184 804402 818352
989318 729869 639360 730105
40509 461419 4379 461454
18434 236905 465121 237371
441380 427246 58409 427298
151158 310292 309257 310720
212518 47125 225260 47311
836857 803947 786441 804766
672245 597340 998652 597934
304856 242773 315982 243514
506328 620136 704814 620693
268992 224811 486765 225067
983585 851331 717991 851349
217927 36373 471110 37258
680467 945633 691080 945678
983432 934279 697631 934506
882547 711668 652915 712465
736724 853190 966195 853779
277476 451643 325414 452118
450620 408995 27261 409360
882741 963044 705207 964710
174656 62096 248358 62333
989546 967351 563711 968051
248308 491612 174355 492124
975576 693103 816053 693125
880115 671395 626283 672268
221539 259847 55105 262197
967247 816627 544981 817068
167215 104329 240926 104346
685922 823819 814612 823866
758397 983359 729700 984303
430738 257595 13672 258094
699680 801052 985460 801060
186864 354921 107825 355098
708647 730354 849115 731076
154685 154315 265478 154528
24795 429651 71377 430260
136623 163767 127528 163770
995291 980063 588650 980855
31430 221207 26796 221518
504479 852794 679769 853101
888421 511702 937103 511800
605592 741321 554196 741470
659385 720519 894530 720934
408222 69584 452326 70429
808373 544169 737036 544199
278773 472875 383676 473035
219135 258380 125844 259071
663839 548508 520658 548674
680077 979511 536768 979656
263444 152334 381977 152389
406325 103381 111476 103766
248548 475466 441887 475584
469180 361065 272378 361488
629801 959412 900904 959594
758905 576672 904953 577607
538158 582040 515302 582543
640085 845662 729359 845768
55376 406784 166890 408952
917650 535588 702958 535669
82749 349606 290254 349686
383701 163846 345108 164537
882605 868266 848980 868487
572231 651790 793773 651880
412129 18030 396743 18760
732531 668869 790226 668918
561367 966312 847381 966655
836953 969664 800173 970825
426001 396957 200080 397253
423701 222794 206950 222827
55352 16526 110978 17319
688742 801430 544951 801777
520715 842686 549735 844046
728727 838860 906936 839150
302637 95769 74926 96240
929415 847852 865769 847858
71481 247633 162271 248150
147813 228573 400238 228616
791623 926826 885579 927194
522787 938446 889797 939195
122835 68363 57431 68822
975003 618425 810660 618980
741969 968561 600957 968745
867072 756604 516605 757937
390563 129437 336378 129951
255362 492937 286595 494198
615265 999529 536943 999852
218818 443271 407305 443274
218428 381759 90732 381988
316416 107095 464135 107630
298689 272417 399484 273944
229342 140870 132884 141531
546624 722897 931283 723560
973348 739023 522941 739028
403297 148181 358091 149944
572830 897127 651158 897542
812957 956951 577515 957308
321697 323693 123951 324312
825214 560043 895927 560043
192794 479653 233323 480990
370172 190940 393555 191476
894943 686820 773804 687038
921785 571592 827207 572111
131949 470025 358232 470583
836612 912375 859100 912407
21725 195783 395208 196960
946032 766728 712699 766979
472815 204074 364816 204676
855068 824895 615059 825061
524915 850502 516595 850750
670825 547964 582060 548391
578405 662493 914211 662601
689276 634095 779451 634361
656863 773307 706091 773471
686196 957425 555248 957615
554514 867191 608873 867466
246954 46817 211688 46871
102138 6191 439908 6682
777413 734440 864186 735006
846064 682168 659270 682288
440515 257078 451315 257433
998203 539990 675889 540338
13051 282553 446026 282897
44213 180812 320286 181188
283735 14238 180779 14773
929732 775380 553537 775418
383781 404702 58711 404753
257928 432263 347871 432389
458953 227673 72805 227943
597649 775691 895758 775770
274179 451150 244272 451320
648537 844294 918604 844439
633661 740748 723443 740748
812605 683302 958745 683769
851657 725575 931069 725925
389755 62551 417329 64292
724199 890434 902977 890688
798628 813269 670128 814445
851764 871075 644224 871953
369259 175316 45298 175491
803535 948272 708459 948680
919515 879317 515974 879385
229377 467561 333958 468435
214558 23775 338401 23843
814406 979722 847325 979955
12076 307386 309451 307814
646935 927952 552668 928105
90926 271226 478622 271903
153280 208591 284675 208670
63181 292874 463253 293418
418101 251838 54418 252232
236641 427495 496109 427742
132445 382983 400440 383361
260177 174496 325563 175035
190299 388548 376712 388974
58443 25187 227571 25730
798894 767159 517474 767963
404331 161547 148934 161656
325599 454072 346362 454782
127905 239320 416410 239854
510025 515182 624875 516425
154137 332109 58461 333697
575554 713170 692352 713994
429815 151353 220628 151934
882796 914808 693341 914882
658317 573921 818716 574092
289075 338836 277974 340141
61318 74384 115286 74923
950996 511380 894281 511441
569907 505059 963607 505495
679757 669606 941647 670114
304563 398309 426602 398313
428322 341514 385747 341564
865131 869125 812325 869149
913567 881228 899056 881466
26165 189026 65312 189678
527310 635889 635421 636771
85262 452508 98963 452943
679084 557368 744055 557492
407324 136602 5730 138015
739031 785474 873995 786019
7386 462416 14842 462960
698275 838073 853802 838850
326875 31941 336099 32109
949566 744447 503332 744526
329577 230716 35545 230779
547963 506772 504122 508825
784993 953518 547030 953745
866188 888258 528029 888464
998607 944534 718481 945122
229933 133773 478319 133787
171938 460996 176696 461409
807644 893478 882089 894330
877892 806355 613376 806700
372799 228814 76962 229858
954536 578374 854946 578780
953010 726363 656815 726547
623064 677815 876644 679229
122937 145752 184604 146206
78039 351704 103805 351848
383696 366959 321730 368119
228594 82567 243874 82681
649214 513374 760363 513877
553761 634700 700905 634850
414434 359296 108622 360341
862808 725127 666087 725420
363424 163235 204106 163603
759986 956076 853709 956085
144708 270871 293465 271071
618783 617226 782223 618032
637388 538105 748008 538954
647080 881551 572963 883262
184213 406312 107878 406450
773451 550835 600151 551564
699621 877761 963178 879032
522455 584662 763760 586316
855844 740155 545729 740306
850546 561488 972578 562182
104086 264970 26871 265810
255322 397412 460214 397477
77975 70507 360915 72683
164601 245129 227439 247207
183100 75330 357205 75722
191564 262787 452451 262920
751942 513015 763970 513133
257925 445535 357162 445880
298522 98426 438602 99125
194988 337313 370007 337903
169069 284058 423000 284455
245144 19558 88196 19586
792517 687094 529101 687480
257621 374994 321961 375252
214901 381227 287699 381314
23263 19139 227654 19363
416700 159459 106180 159638
928786 613125 527764 613537
221143 433657 477948 433663
17758 413289 434730 413978
270979 161794 428022 162368
11558 8405 65693 8506
979572 887301 987851 887304
846664 619019 927260 620007
439106 121200 64590 121200
753809 546696 827378 547655
189995 197754 137279 198915
595005 681742 901900 681948
53024 13673 323352 13986
829155 959388 832688 959388
545896 661716 754842 662031
299740 268255 421970 268520
473706 377785 404433 377907
154201 175710 248754 175879
731994 940692 500545 941347
407094 112653 371486 112684
209145 19792 349062 20911
822405 917013 737873 917052
225057 377954 120800 378614
490148 215489 229591 215755
328313 497445 16718 499199
702438 565403 500240 565775
996332 923148 993029 923300
561963 902079 701849 902481
171749 116879 358184 117247
563600 564876 718933 564895
871414 705518 621661 706165
434647 264448 377158 264538
991617 792055 624915 792396
118468 425932 450874 426531
643000 635228 551105 635427
166414 45113 47912 45661
101943 382028 78442 382220
111796 43804 405294 44140
467301 437178 324579 437316
288364 432623 133037 432666
705390 541928 619112 542013
217857 50901 290612 52050
536508 753999 842859 754550
621514 651991 648505 652087
678900 815497 665544 815549
563946 904599 676737 905414
842371 690872 520120 691506
144827 375892 74940 376014
866522 570132 556748 570250
282155 440245 267999 440384
942815 869482 696377 869981
309080 194951 233336 195114
212666 170104 84485 170515
633353 676969 728366 677068
286789 290626 239354 291477
929086 876740 527342 877645
50122 207040 460138 207360
316923 55090 8170 55147
178880 280518 338488 280660
739623 925744 767513 926224
576479 644199 788556 644265
506054 717225 951544 717834
257530 217909 35071 218833
127 251348 269580 251446
157696 175927 353798 176021
949692 961147 763605 961589
343115 216897 198698 217167
664903 861043 769189 861074
941492 759022 598017 759313
207975 210577 109824 210893
216516 490110 22413 490536
714852 721452 948816 722758
559643 610021 604245 611468
804583 807103 923161 807467
375129 333897 291670 335890
591031 593995 997713 594828
768256 588584 815942 589242
956077 966995 835105 967303
734768 544728 547693 546536
845642 896154 757776 896353
147350 118461 446081 119200
76036 489917 462007 490028
674383 670314 961470 671214
965507 974173 779893 974173
520885 676089 661444 676225
575440 741722 828484 742056
900149 807778 654462 808242
4945 53338 477635 54325
814726 598011 959240 599508
923337 697798 882209 698643
614226 699420 697350 701040
165402 250442 250525 250768
242636 371736 475294 372208
948830 833949 646222 834138
397009 164758 349044 164850
141292 357146 112718 357258
6297 372866 73347 374170
515289 583565 764153 583829
316956 439241 368832 440212
878197 554069 841139 554124
482997 146520 383814 147282
153633 328452 219313 328571
583920 846707 691682 847037
35284 266178 108950 266299
858118 723918 765329 724336
909534 605771 562666 607100
508798 792907 905605 793258
320367 167238 250635 169263
52918 303534 182489 304263
355452 201509 343588 201517
172541 8648 125479 8787
552130 786209 708561 786408
157748 466157 57971 466174
350592 358217 294890 358785
127705 144690 271515 144859
583972 514984 801584 515176
869341 706217 710081 706370
77737 456486 366714 459037
816738 811783 607834 811878
532352 667569 881141 667632
617980 895388 638763 895817
880598 626582 508806 627512
214105 160507 231815 161053
323619 109364 106925 109560
293973 39265 385583 39614
203855 87482 171549 87797
159259 107759 350486 107926
472448 144121 248755 144152
297919 94579 287207 94733
453041 275683 228967 276157
90389 394032 207475 394651
398869 392692 442734 393129
549659 812525 713768 812666
788539 568686 998364 568694
496086 356269 110490 356785
949713 975544 752749 977046
496980 425260 257741 425866
343581 101198 236468 101439
463706 157686 359966 159299
704266 750181 826907 750416
516882 873376 931767 873464
731463 621396 563010 621483
118169 419029 235316 420136
547166 811909 758781 812408
9104 138680 177434 139274
790220 784064 771536 784284
435917 378798 429696 379117
236185 414498 326199 415278
976694 791724 681281 791873
317897 159698 92878 160451
795366 748421 535781 748657
543603 866870 991389 867095
685880 890198 592708 890420
681902 808308 984551 809100
521286 696090 669567 697649
834688 583067 962866 583135
296555 183481 465715 185686
383646 207545 200696 207601
543650 966741 725980 966929
208874 398872 273752 400318
683827 536314 754613 537075
217523 9502 386276 11078
64899 186101 274978 187937
711029 988515 682732 989005
981602 648058 946828 648414
972471 992453 591126 992965
396318 44732 280557 44746
960700 803101 579807 803461
808567 556906 708659 557086
863245 928737 987053 929078
751933 632944 671731 633091
451238 109668 270570 110155
911938 857832 678296 858021
69219 162380 158805 163182
680543 833469 872449 833801
966045 839743 977523 840300
851454 782702 881828 783326
539199 721020 856436 721319
425075 426969 306090 427146
509117 758436 548790 758816
410310 427799 76678 428154
38850 190185 106389 190856
904046 759349 740765 760981
962936 521538 964083 521751
299082 478352 46793 479088
5034 224258 247845 224258
894559 884041 942652 884806
631202 914567 564471 914602
508502 603889 593135 604438
320762 277894 310230 277976
32968 398185 150144 398249
115530 194399 287544 194871
700404 602761 886189 603696
950932 780545 594769 780612
148824 384125 293530 387437
108215 178534 391455 179007
444014 49032 307445 50263
279968 125220 102407 125805
207099 317833 389402 318809
154558 213845 228478 214834
489022 202510 466994 202818
51665 400828 204890 401146
593674 576047 824187 576190
238551 195124 368925 195409
851782 851360 843153 851360
806673 822479 508363 823501
949228 512320 752405 512710
835266 935273 914085 935499
858535 931425 747765 931865
538444 787169 969563 790546
677352 512964 550813 512991
772567 595848 991596 596064
107297 147656 1612 148107
391620 57234 202376 57665
708220 687694 925104 688348
152924 104193 236190 104324
353935 357311 10352 357591
972801 780895 749207 781277
918526 520155 797246 520359
93801 87829 265719 89023
942021 798928 996281 799196
785220 692052 695864 692134
212458 119256 281607 120108
285162 462073 130707 462106
650248 924141 720466 924708
811721 607413 695244 608119
553381 608407 936017 608451
280499 41265 282269 42124
259365 150506 320924 150801
201370 302402 21813 302634
433664 464860 116457 465403
644133 735594 927011 736240
403565 77377 158595 77921
921799 732220 632273 732264
995893 849301 662361 850392
479601 192328 320515 192486
586025 571059 991534 571518
748232 887229 824782 887231
41264 248622 166077 249092
625121 744645 525184 744805
825383 879430 875831 879491
627475 663946 933599 664276
277150 177893 38114 178244
370604 139741 183513 140375
94789 83841 24480 85520
34120 449069 14538 449478
223396 223368 464118 224231
374056 127604 162624 127889
902906 870084 644300 870248
984930 611643 917766 612310
728563 825291 896768 826733
18213 411207 225305 411728
837398 860525 882921 860580
723621 633198 586132 634016
574479 628803 532503 629281
176274 197218 392411 197743
442653 394818 40601 395282
938535 968931 999754 969130
361595 188341 385169 188781
946302 549206 742190 549508
989761 555798 768220 555922
12516 326000 143711 326401
773176 943665 716347 944520
193166 409696 180894 409739
200583 412276 170512 412321
167495 482828 356127 484088
573475 685654 529199 686667
869092 774144 648176 774636
485132 388998 82025 391394
999349 950379 958823 950965
710054 818431 650483 818948
13257 369814 229548 371079
642155 709795 648786 709952
898424 883879 565274 883923
577147 693351 535119 693467
564702 962696 580746 962969
98646 1674 152443 2238
237758 463895 384149 464049
653130 885214 903814 886639
970361 889225 614960 889444
858663 570535 601119 570845
114014 130020 88416 130763
61377 499828 448480 501424
847069 908910 643383 909091
410224 206069 332098 206953
316795 90785 101950 90915
166238 212008 174368 212081
16946 355274 418144 355597
716286 650765 630626 651019
670485 974075 752185 974086
132036 143621 205940 143733
947546 570257 858666 570269
178440 365307 459105 366665
242326 22235 32837 22235
300057 43221 209799 43638
581327 958365 899976 958746
339357 490612 369019 491328
58406 127589 114608 127597
589152 762653 629780 763881
321270 104994 468874 105078
724119 858873 865647 859921
767699 607239 889734 607342
597951 623690 886886 624841
365405 401610 404349 402396
464880 4139 270691 5740
976460 956318 681447 956898
769729 887582 741817 887849
199760 325832 161955 325892
782590 518046 629767 518686
769584 971442 919064 971681
22227 329864 318602 330068
779073 745325 671030 746087
275754 471852 338354 472246
951905 915713 771215 916333
907740 581738 746392 581856
990388 891135 764331 892214
908349 630600 886230 630969
317867 315847 434113 317292
336317 73046 395270 74089
227628 336134 446680 336711
904368 819801 803949 820164
295395 285575 60346 287312
517461 602199 546069 602727
488893 122696 81400 123360
701385 796309 912541 796927
816249 524381 935744 528730
962686 749283 980914 749606
829792 543156 987881 543846
86910 468828 332636 468904
464587 362438 378794 363412
466936 297966 473349 297995
542366 562640 545252 563210
863536 661013 813533 661575
705681 635640 574220 635864
80575 300950 248422 302149
828152 689014 831928 689066
180941 26833 145446 27301
386248 464662 146681 464806
48557 21757 291659 22017
468106 93707 181454 94311
994051 743402 844176 744025
589134 612442 994492 612722
47190 120259 237068 120603
138952 330659 405752 330786
67215 231077 178495 231234
997369 566012 804434 566201
12488 113870 94848 114443
852779 772910 549381 773155
475404 444939 497877 445084
955888 809726 526087 810142
419632 266744 226712 267190
816254 639105 582038 639445
652025 632378 749025 632387
836869 559707 791220 560020
796731 553650 880717 553753
326517 96613 114129 96878
235214 11924 371487 12313
858408 614607 713195 616845
976009 863454 805080 865083
421613 227308 69906 227379
753036 504521 581138 504871
836560 586369 868576 587054
839747 714224 716833 715033
226837 403444 231757 404299
345657 434025 169810 436653
178131 165376 458690 166154
938600 647315 549629 647971
553531 625042 882659 625526
316789 105367 210096 106706
371581 172533 4578 172900
651525 523942 763043 524357
970994 701279 929486 702793
776808 567631 739855 568597
424186 92141 45278 93455
774679 801914 689508 802001
260171 469015 277292 469872
30102 58451 410211 59174
166512 131937 415469 132278
145339 40546 83707 41208
816938 626264 791787 626497
296774 128731 42811 129281
807153 572959 669165 573804
205402 446388 29708 448805
414134 423405 265922 424950
445052 440609 42559 441945
468615 80539 454175 81296
907947 637458 500410 638537
454416 420674 74521 420968
404860 488386 315063 488931
502305 581112 547091 581526
294045 22069 223715 22131
243655 484342 158582 484527
434087 343935 67690 346108
41620 205294 73781 205395
567751 680839 551267 681665
576542 731085 606577 731721
556850 658067 886622 658100
487109 311913 260249 312024
367829 269410 319460 269895
249361 311197 326481 311498
86030 99263 190775 100037
840550 957752 566613 958150
805632 821263 945679 821861
244373 484626 68107 484639
311312 279834 107995 280048
711885 959982 711134 960451
343897 331003 197170 331522
898423 680385 828446 680589
687965 797327 929302 798039
186113 45784 259600 46043
756943 932645 527213 932685
726329 679996 767281 680016
26754 396057 274466 396576
910348 689478 645242 690735
224689 78801 298458 80525
599045 828810 912102 828846
320334 155578 237866 155846
97534 353751 215128 354855
694669 981491 762441 981706
161503 312535 356469 312936
396627 481498 456645 482249
454303 278501 295298 279635
576390 639653 990247 640567
788803 764213 826603 765181
233063 55324 325936 55849
168841 277256 111267 277509
540650 913272 918489 913511
976455 509485 707304 509739
487268 65515 234095 65595
359147 191590 64363 192249
463800 450612 413040 450697
818956 596095 705917 596427
569002 588261 585059 588349
601780 737199 783448 737438
188734 123507 93709 124435
448630 437734 122804 438176
701109 935708 748558 935912
879998 513963 655478 514241
965671 793354 934230 793391
1448 235182 120341 235202
500077 644270 757828 644617
759414 561080 774831 561468
796952 847074 537494 847215
541910 897563 893847 898455
816468 614068 928150 614101
607635 829625 936432 830125
370009 318820 379909 319387
140775 111150 355453 111950
917108 832884 546508 833274
739976 952265 785379 952324
104703 11397 279648 11498
86597 494751 128032 495627
333254 437342 384510 437610
864044 710095 941619 711559
217650 78067 303721 78649
966707 521059 947921 521120
367238 68027 123897 68337
863302 631863 869524 632228
20620 346574 36562 346685
258107 351276 417724 351699
119647 203129 37936 203377
502188 673705 867357 675398
757622 518783 979272 518973
779851 786890 859543 787048
11178 15403 267423 16144
509720 930277 542713 931003
834600 848281 931906 848345
461595 459149 125121 459580
921111 751894 805995 753473
725143 802410 929901 802608
581290 589491 952024 591113
824816 652724 908871 655469
821549 948775 900214 949223
920883 911435 799164 911612
197585 226591 317172 227257
763015 621071 912200 621137
272903 291766 90872 292398
766769
498551
293514
371581
761091
607812
480876
935321
495057
942666
431864
366365
659619
928412
513109
100483
928697
541884
688151
294128
347658
779894
633714
936270
996470
152433
28995
403131
695091
790210
500319
399752
218489
647925
312825
403145
636384
358218
287291
269670
259753
624766
148638
359261
965718
859040
258265
542375
313865
976469
17489
864522
103590
326280
792340
511566
229668
723479
565061
451167
223098
491296
207524
929426
422634
738118
950811
27310
905809
242371
453047
289134
494100
645411
81169
962989
776926
890068
928497
364592
735408
218858
351898
146822
627750
846388
817173
82200
701917
757355
191984
255856
832588
849515
812143
462551
526792
291598
545203
470592
659806
891114
683450
93856
138013
855778
424825
399735
387281
200225
832943
460542
320342
38816
952594
709018
831725
455986
571968
867522
556573
174312
889283
930532
191282
244769
935318
82062
907541
858109
244208
230671
161525
138974
318201
716437
287870
741969
987046
169481
69847
158964
284982
96394
111171
81536
734012
956366
289520
419133
946752
889611
253068
124459
40945
651043
37922
426096
330671
1881
557094
314040
919896
837492
886775
365906
461046
753930
329761
555370
507123
140957
117129
148282
709113
875866
471520
438633
283320
981764
822796
96591
314881
341276
435367
845425
821923
452779
616503
816892
530615
764329
449191
362565
980050
989152
837646
278855
249443
878964
660750
587113
60131
636445
459488
558945
910063
56077
74261
732272
844139
638410
357097
281644
686828
803911
781787
798901
374289
604283
429768
198400
686165
700230
387228
786953
632457
723971
7573
890429
234824
943427
575289
793396
551414
441351
891211
223576
562417
581250
265942
363260
843527
291970
34570
470186
728413
381137
22304
527509
97823
574419
843296
136091
966610
503638
978556
416695
87132
200115
321417
352486
624446
292416
668254
443271
355953
841142
572549
412509
565018
439832
888195
292989
69530
887342
241472
642244
430129
767051
419230
674692
760967
507165
572464
584530
362231
312335
610996
159105
714933
52767
406289
286025
21164
739765
878575
396725
318751
722517
161772
459292
336753
561676
70911
878907
147842
397223
145702
98716
808377
186499
152235
248246
66973
290098
587227
807720
389072
187099
12130
21724
388863
604483
726144
57712
552903
548842
750221
367055
409196
996554
751236
246995
257189
889045
394903
36820
842964
263392
872135
828715
745634
37470
405216
938343
662962
558857
599948
815568
834357
910768
160651
222559
965108
959202
669293
75805
562753
975184
776914
178179
175516
640264
523205
439071
783246
694229
450866
709643
429403
578907
836259
765646
988369
573578
489488
321010
322853
26264
128542
13761
671887
164458
75834
905171
440773
790625
529550
294278
218183
444664
105731
888563
377887
516139
128502
191593
754083
530238
748585
225873
571590
675081
912109
749291
4441
718588
751371
999557
464812
577684
864925
81590
100807
381071
739075
647105
681038
337146
217873
814825
665206
274205
12406
208520
584362
125804
879763
995293
405166
811397
738903
408627
554247
512697
30547
118598
739445
510843
137615
486191
600161
990803
675602
590377
205829
191697
953408
359046
905061
104164
881856
931254
127340
913548
858431
77957
863444
964544
536669
408225
964483
252311
935283
253261
155914
77257
911818
957473
923379
719791
225187
337202
866246
917245
240104
893219
434712
957125
988300
642207
964448
958623
563776
667759
334397
562888
188590
997249
396833
162081
164971
733104
535254
815812
672884
445371
753296
360316
52008
314271
803193
680726
388319
923617
335957
948110
545211
391612
420350
531444
625357
637474
944268
488089
392913
778988
42039
619320
168725
531590
72682
212759
130133
216657
443473
386623
560250
528728
286866
951069
757508
713852
198255
459049
820763
326993
150097
862379
494867
761858
532143
737021
584550
463272
959672
683612
269344
66956
880471
257619
522060
559586
375691
335303
953772
512651
751519
396014
124820
221713
994828
839024
335869
904103
982277
146190
963299
510063
765650
768729
642301
88957
850434
246032
669930
573540
549190
79136
611505
486015
893969
95869
928138
832286
281209
527779
143410
822037
599545
529412
626907
239039
199667
779936
33929
93661
170369
240217
544251
433536
670765
423244
306798
802454
892975
553165
333933
832438
279553
585780
600428
880936
200032
105437
673218
350406
175189
680111
3684
282601
903510
681897
31297
822455
112842
212191
554674
500708
217635
677752
826999
501725
563313
418897
591320
814893
758333
845976
987222
290838
595189
57975
375096
269017
124166
293620
459547
584907
610288
479596
256932
947525
230457
66999
267812
154685
728577
277451
827278
264901
995057
25832
21045
205138
427077
67094
403926
192664
429334
924736
197531
35761
724143
953061
135073
211853
255160
764571
238679
853152
442274
782223
573797
822008
807696
65012
524057
85878
706029
824722
665429
822146
187679
344624
236709
201612
820011
455383
204165
265748
607230
644810
401631
958814
402751
277485
378649
99950
925058
50216
785608
256560
958841
598947
788675
48560
952514
671274
922920
337746
492952
951336
847377
246887
713434
325139
207490
575028
718487
711313
708309
382452
75736
30993
410088
968533
212468
946195
851055
3778
398529
896243
310610
731812
659136
106037
765103
269163
907397
354806
582897
126346
328776
146130
542416
587076
777881
246064
839033
661344
791133
11115
382491
590924
494163
631199
422765
453522
224533
558353
295806
751389
539507
904207
89095
246901
934053
568412
164352
285061
442369
233314
467747
39710
977467
44155
75510
310337
95480
582817
802479
389728
322109
229656
207575
75190
549515
383233
534379
579760
805881
843188
691182
953208
948834
978956
527228
458348
996973
949867
898409
422879
641462
362618
77573
717228
996725
101634
731381
612590
792220
752587
920918
207208
895888
614902
970679
936134
999788
718526
364674
979099
789216
358602
654138
607339
432350
57927
670814
956889
740491
137608
200674
851792
517380
831262
215426
457427
981009
997184
151711
649637
892622
917836
48224
928426
640635
806484
88393
61628
577363
961163
38193
133308
795244
68952
632607
980656
365435
859819
886976
13062
155230
404431
528421
885059
500777
639504
663990
217975
901359
876491
197621
504254
934362
117209
662009
901512
382671
894732
209368
650431
713776
994796
830900
391539
953611
365047
15303
41827
482044
118973
985131
62832
897913
877032
385519
724230
842914
521184
339225
819352
210634
976783
320138
858987
256123
105655
965050
567937
329996
936656
566158
792270
42198
810858
813767
240343
293358
736676
965695
558757
988774
53783
549951
739671
214062
394599
800765
913359
433279
668147
827888
178561
140257
840028
964256
853434
752634
345379
742509
555329
952842
548872
461653
642091
691423
504584
609201
791871
173096
382551
907243
434115
649387
153671
83533
375404
191834
963861
628073
996472
602528
288547
295087
608837
696582
186815
736424
604350
807684
415920
863424
320616
459256
187463
760401
517340
340993
209436
953583
9440
131697
656718
758135
544488
794311
767484
80036
878931
933344
598866
857421
431336
408881
925699
430804
705285
498842
353084
445732
908734
67966
629808
258081
727075
924985
601060
747598
537187
644425
962720
660640
255647
921149
753536
609120
935641
309475
294160
442653
22748
690148
863912
467764
319578
604199
796174
407473
685946
981277
899552
561092
124759
823494
312636
930395
559220
380735
575765
512674
3157
885019
502729
213984
88530
784349
232376
918079
957136
63269
813080
71173
91096
301316
500483
843992
968648
811299
634985
239459
173300
419264
577978
104738
233244
332223
472848
797787
416951
37677
968317
393776
968856
25602
271883
172003
33430
19542
590832
6345
104240
92064
58972
717693
642934
15428
297801
977380
519211
982505
955484
128497
753544
260474
633341
126418
229115
387410
404938
301155
430845
130493
52901
266981
866284
721662
746537
421967
237030
817727
313735
248255
873213
112308
371254
167079
462744
85389
154964
842909
409491
22044
772642
980416
645484
298869
775412
479260
122947
239395
727822
150656
720733
886789
323559
220371
952279
821427
69427
802697
969894
89305
179441
687285
647404
544175
159197
395964
23142
322184
662097
507841
743042
493738
727318
826014
108327
67624
826585
505497
742915
382845
810568
911431
22441
339208
482458
404078
667451
370582
361284
857107
966762
661970
867134
481051
688449
467750
597471
635587
359083
945079
833347
281129
711246
286934
569813
809343
137395
933435
478614
477197
604281
851509
775590
554025
243690
982400
933949
733040
113924
885927
565771
971000
67185
877245
334863
491180
340918
402831
966115
332148
2369
363606
72537
531597
355889
201521
763855
634114
131700
302515
812206
894343
208790
909736
471031
695626
101611
855892
6617
561724
335956
830973
325977
513494
688309
621988
786586
109096
242319
839760
846318
571540
315659
863149
970264
531766
519651
495729
535974
684032
959459
158003
400687
333140
387929
517784
115610
12260
106187
498242
978559
952243
500155
827296
106124
381244
668765
34758
592976
837932
39934
869960
369214
184747
255097
936846
602537
460473
605287
30819
314502
167181
809273
722236
260401
985425
912101
674926
855624
445929
61134
665723
566601
262288
2344
949314
492452
72637
919938
158259
307111
545483
676932
580259
301585
253523
9759
691254
690638
219950
903778
819304
505696
283216
317074
143485
483576
871052
327969
800714
393937
799332
122644
308016
332118
470239
808123
645027
906675
978238
902326
192726
219840
554463
132915
253856
70067
40072
304132
813985
589984
289970
997214
906738
375821
790142
483455
499631
618597
898897
548676
555199
615486
518988
139277
470600
204079
215196
940199
825167
16082
552934
566596
107468
919196
708840
725610
207645
446910
633964
532355
533788
977042
729915
152061
933238
386600
233541
38447
537917
654271
937565
366525
123477
476854
340441
270930
929819
156105
345306
834658
13294
231731
430575
907941
690108
667548
957477
744521
551525
631802
722992
752297
411140
636428
646953
983025
936799
378800
472276
574741
397768
253722
471337
805904
906691
501777
637561
559201
907892
465631
347112
372696
537019
210410
884973
826593
645346
348789
317298
61203
167190
68694
743712
150415
271265
479102
122047
262636
720196
543314
74540
400309
929581
947414
128390
246279
586307
836488
521718
597436
449210
619886
33698
556640
265085
63554
682349
60807
782651
559362
140676
974198
132272
986385
78341
682107
416223
555281
322485
6033
265377
646798
448573
395986
996367
513157
582566
294792
79535
916651
84522
192773
589134
552216
303499
679235
874305
702018
197122
975678
8309
65076
64588
621374
769677
121708
30622
253366
164371
132341
491431
457005
205351
715563
245190
245792
303067
423067
703886
562361
323931
802715
857785
777979
149007
741727
797341
603119
315622
227924
636477
927939
696738
983407
635565
171931
379486
413398
314912
66032
746177
431397
123108
507797
939967
937021
849479
122207
678665
357326
21213
434969
519801
161071
658153
328401
164014
438775
691597
168985
980675
560217
171306
789568
959585
735325
828933
512642
421875
720868
437569
189666
89001
559371
110589
185633
660891
587526
648299
719948
945031
761836
998846
728019
163128
614000
287830
861244
399836
191937
726798
498817
870289
516924
23847
719090
165789
385287
112094
266901
704996
109119
26353
904102
289090
226467
247640
373756
523713
200929
151043
880869
305508
770415
810428
513321
615871
168264
38596
573223
768265
712513
945532
965924
752026
682445
624024
46476
366559
435243
933376
344010
665958
661688
778756
336394
493323
128212
82478
7034
331950
347441
135563
342627
31046
244190
38671
212663
609391
210650
776234
572153
259259
472413
113797
486413
263441
425480
338925
298394
637784
96024
613489
626744
219433
730902
339119
63062
46958
739320
238067
145573
543211
228109
344466
823802
248645
791892
591025
716886
559849
540594
379389
269845
81113
207151
386603
831808
502904
635763
312817
300731
913337
484556
407955
199371
260214
876612
520584
590632
714945
428225
911762
888460
274410
122627
82607
845699
391359
762122
597887
8437
577140
972750
495357
9195
89621
256629
306878
729415
821597
558833
888670
819411
602423
268119
696360
