590 1826
940725 729381 963888 729648
295909 283803 161961 285393
641579 968089 839107 968138
846260 836642 935668 837312
802523 864345 752376 864429
316538 263824 394927 264775
259918 121351 74408 121667
33266 365145 296372 365760
56008 58439 16529 60474
283054 442715 81312 444143
732897 589626 876716 590242
688387 876193 840933 876225
10101 41089 477487 41140
598457 771450 801104 772004
84725 69842 450405 71613
34624 154113 235334 154200
974301 860675 631326 862949
114751 385239 67188 387195
994215 865009 715140 867280
381504 21820 41105 23895
291529 218218 92676 223112
680318 646179 839919 646614
25389 510075 82988 510124
429869 471523 454357 473603
297207 375685 103616 376230
612326 868724 812786 869790
534552 577119 613096 577369
46875 183184 405130 183485
810223 827149 579694 828835
580774 963620 727431 964257
19958 260744 142722 260933
71894 286855 479220 289093
539856 991550 864988 991827
692351 657831 745711 657831
677751 570962 576364 571566
427829 39799 16395 40631
749872 794310 680453 795711
160170 430277 85790 430428
332033 177985 348835 178308
26257 484011 366059 485058
473494 420827 5967 421262
883692 672861 731822 673072
667938 631247 546138 633179
691980 544382 557977 545414
979708 791988 904084 792165
428403 333848 238345 334458
929494 756043 535199 758289
263943 276513 360797 277049
50532 337965 119240 338725
666165 995013 582910 995797
439971 127792 183267 128020
338372 149434 85328 149441
552411 977286 790455 977679
960728 687268 656901 692290
207036 161874 193361 162389
385584 104951 13478 105385
294890 489179 487692 489516
190751 177184 183014 177510
902834 812970 623364 817841
820617 576531 513580 576858
130715 347912 152393 348825
875981 751743 903358 753846
572192 724171 963369 724230
452810 78306 69620 80751
80310 106035 39363 106620
810218 525022 513680 526304
110022 38901 420614 39261
985527 541710 933100 543553
547381 727417 800908 727517
979935 547839 527578 548638
442616 94718 423729 96724
367518 305043 447679 305445
727777 785387 547430 785408
878550 709794 703765 710080
228109 447722 203534 448905
75053 267674 156243 267733
143969 362203 250439 363317
966561 809684 784637 810106
979409 831178 941642 831847
497157 176640 184491 177081
490753 383954 179641 383954
495003 53179 204518 54424
632903 948786 723859 949551
50551 470795 143368 471105
393413 388033 341743 388355
918082 941787 707026 942647
503704 623692 593211 624026
490154 151967 243208 152661
720307 663465 549446 663599
470231 314959 575 315054
889474 969931 807579 969969
381457 445835 268736 446499
42625 84926 297382 85372
581437 671753 582695 672192
451116 74806 153096 76726
26928 192612 272435 192733
44470 335739 459071 336181
366330 28558 419606 29367
598257 829211 602245 830617
434427 294692 31712 294742
590319 628556 502713 629579
411637 209500 107863 209553
134715 308779 101056 308835
849465 784002 584027 784350
493736 109712 143857 111320
51524 336304 352467 336601
261728 12950 267982 13096
856014 523697 602203 524064
91635 353678 372689 354870
219856 113893 131303 114123
505805 680928 615468 682480
540066 645564 729745 645685
21652 240504 448763 242553
151771 504787 415971 504958
338296 196522 35376 196770
687348 669840 985022 670330
173766 513684 64321 514168
580967 976056 584900 976877
299691 91972 359998 93078
471348 444218 62191 444237
517625 773769 718277 776962
326378 440721 162057 440928
480961 236563 482588 237005
490255 407660 56041 408811
306291 502790 33302 502809
142853 173524 334725 173743
338511 36816 418713 38756
918093 930810 722930 931368
709463 760273 754396 761697
387827 289231 136261 291649
857783 947760 812302 948159
760655 665299 792410 668271
895512 887261 930963 887471
130560 488017 2568 488167
975093 881269 616076 881269
456289 141356 39074 142326
406998 300249 36256 300439
136855 371562 178727 371996
473744 304387 247287 304880
362201 49801 443464 50130
988523 579580 670062 579768
268248 456351 149132 456877
75452 190416 480163 190596
497397 409888 30326 411155
970146 892284 762668 893037
240339 503688 87291 504193
891178 778430 857860 781534
497434 114882 206915 116706
868859 683426 607881 683688
575839 937743 948559 938515
823255 920211 842747 920574
678407 879302 668612 879627
564489 654636 677925 654765
7385 485517 269425 485772
805099 604517 662939 604612
535492 528747 785131 529878
293617 380527 258914 381233
61170 280928 2012 281544
676293 928585 931928 928878
14465 413 27293 1435
551534 819787 673370 820364
57303 26674 261944 27756
518516 562044 671686 562475
187839 342786 162896 342829
933686 899040 902579 899080
130082 5428 54385 5684
69243 32671 465453 33850
813676 655081 572141 655823
892811 853842 574175 855001
793029 886439 618365 886521
525080 668873 699614 669170
658113 704538 975491 705809
835154 836174 590215 836548
33318 309251 55529 309402
680274 858570 572105 858988
241556 267798 314161 268209
411752 124235 400125 124793
45341 325409 313798 325862
170366 377990 283041 378029
150780 15232 113623 15315
712236 848438 741903 851681
575428 768993 803094 771020
709674 555204 859635 557215
859898 913257 973833 914473
286557 453078 70488 453124
550057 623207 587248 623532
683205 537380 511028 537641
321789 352037 473663 352333
482641 379924 275125 379947
320970 326627 291692 328803
378397 139813 167203 140510
528567 703201 843604 703975
629251 888493 750226 889221
133048 90533 72384 90711
414972 494828 7938 496054
948066 646643 784064 648457
877222 575556 660008 575863
483987 107696 96686 109697
548642 753928 608803 754751
838243 580766 857728 583361
304185 414989 349585 415139
676602 628144 539780 628331
705645 744414 587630 745510
278718 497131 66725 499484
55489 136593 32798 137728
484273 478211 423641 480016
742765 626628 651056 626990
29007 18817 319395 21286
7424 198659 294543 199524
512755 572001 592241 573132
625007 740981 856442 741321
283553 405207 91040 405389
735033 683913 783142 686891
279134 490873 64186 493291
404324 324255 63622 324692
857918 694335 696519 694867
633139 680550 835054 680698
311777 477223 87453 477329
794441 987444 769135 988792
70227 104128 392116 104271
480324 41340 186694 42607
359001 8373 377921 11415
943081 629637 769772 630547
834838 621180 935306 622094
342285 343278 451485 347384
294405 133516 398504 133643
860178 532463 707951 532701
640980 558019 916888 559919
854285 718489 876394 718900
558921 551944 549866 552800
986497 537888 963021 538305
914713 656314 864786 657259
342926 396982 171246 398483
954947 549558 727266 550147
756677 825271 893943 825886
770058 633439 507228 634719
954655 803613 629696 803757
30417 242656 155746 246065
523415 743946 717781 744128
862757 533370 512130 535310
481976 234604 118703 236523
160688 507892 367995 508577
132136 215450 422371 217822
140571 449144 318134 449620
772589 792602 969697 793364
649082 706047 942035 706047
935829 677078 898549 677638
611666 568158 645424 568826
681927 784643 825221 785162
457596 391459 440133 391597
338887 324913 458188 325258
584692 837660 683853 839170
602581 996060 925668 996202
171421 514541 239158 515618
51483 254952 344726 255335
336937 315159 223933 316119
825527 801876 622431 802027
459276 101630 489474 103748
906592 749697 965521 751331
651184 712720 591145 713095
611347 799271 764199 800004
453199 192082 172124 192571
624122 539747 776255 540717
126533 193103 20272 193128
957009 931826 592741 933284
204798 279746 69271 280545
170465 486898 227455 487403
852062 982599 598850 986178
280607 389695 439648 391125
724635 978280 964297 979209
72830 282017 51050 283181
994834 624776 745683 625073
703383 574557 936014 574681
343283 246732 492137 248496
855746 921157 779980 921454
62260 45687 245172 46245
62332 200177 182377 200325
429773 13343 396820 13921
294563 433304 327530 434064
944549 729835 502406 729933
798987 967568 768267 967714
751228 953026 762607 954303
667704 699578 849397 700125
486578 365807 290765 366502
257603 16599 429548 18423
717275 625801 675858 626085
257309 232861 309949 233199
704944 925325 979797 927035
399283 320998 411697 323371
137642 277053 449015 277123
151656 486187 165023 486731
288231 239523 241117 239768
290511 51294 494262 51416
452625 67587 327415 67587
66005 415719 49694 416269
767457 725161 695408 725853
600548 678440 538920 679761
881180 608771 895370 608921
6005 153918 322218 153949
136594 511049 46800 512161
426030 239133 496988 239327
805205 986375 674300 987187
42407 468930 266572 469970
546521 880511 949251 880577
445425 376672 269072 376988
235641 255881 275116 256637
592074 612067 542363 614499
200121 259018 446284 259061
35518 163708 333673 165191
592304 727771 871849 727840
842082 531490 917370 531716
753726 553747 513467 554717
853193 884926 798066 885735
475164 338769 224724 339361
43567 251368 312289 251878
246656 48185 215009 48714
805528 608040 906331 608267
954053 515701 907842 516138
566820 730656 510406 731145
379249 146351 440774 147660
579535 938609 855069 939788
542640 894431 708520 894815
798780 981810 815966 982131
612217 716215 611580 718034
218465 296250 359595 296832
695807 993946 690605 994633
524276 810686 888534 812340
873821 563184 650562 566330
324375 195553 496999 195781
955849 673308 757049 673880
576853 550820 831019 551839
229180 187978 301437 189097
173643 166295 237792 167455
23112 496123 441392 496134
302263 190685 42752 191706
298852 427195 458058 427641
291887 83660 384079 83888
655343 997385 792456 997900
701039 740073 856275 740926
111793 464402 249001 466400
484173 480916 95043 481683
754507 851755 676271 852451
204091 72489 237205 73683
708540 639262 867436 639599
365599 311351 488686 314611
919500 933899 522980 933899
145450 167984 186719 168969
340874 121064 61623 121231
847513 609393 645284 611400
282476 475349 20542 476634
201175 56528 441596 57132
733155 857430 847882 858504
870149 707906 819391 708325
324902 196838 274477 197059
530379 856728 770899 857140
976018 588604 622388 588762
226870 185491 139274 186509
101839 349287 231024 349831
663469 620732 557017 620945
311680 306396 220630 306802
450258 477423 234998 478102
674314 859195 667981 860416
914979 644642 622021 645541
83887 223942 277363 226275
470844 212754 200284 214797
512280 618901 944167 619893
424328 42802 482934 43120
841343 896532 576035 896740
572315 887810 506129 888019
949354 785725 979775 785834
645764 910113 609197 911422
725628 560322 924068 561737
699794 674381 894103 674668
138824 77376 396203 78041
335077 469978 365799 470316
232404 4595 475162 5374
299692 481984 365876 483569
876876 622909 856840 623190
718172 840366 998748 843443
344276 152885 212051 153623
834789 712093 606118 712554
461205 3334 292937 3891
829598 962562 803312 962798
432495 154335 157012 156243
362292 377084 90483 377084
523753 531966 658116 532389
696718 577828 505447 578924
337142 248744 110061 251061
972669 902448 962846 903717
103215 103844 303405 103853
325595 308583 129466 308740
724689 524851 872785 524865
106836 133923 270843 136372
61254 233219 291155 234327
225210 7024 457254 7302
116917 226520 433561 228802
348165 51469 29173 53166
40516 298036 394871 298548
647175 720600 711213 720694
446876 387206 42040 387537
182650 467752 286887 468412
941902 715874 749198 715926
332298 403312 339196 403327
801797 874401 572792 875823
339003 264807 308701 265143
164333 239775 48908 240475
624267 873200 514920 874246
112305 86188 455074 86537
281476 1739 44316 3288
696472 719215 519640 719633
609038 731287 719720 732811
755403 895189 883185 895813
628241 960845 970085 962078
898889 890688 539776 891918
846180 522110 948384 523561
489219 73780 30046 73870
28038 117472 281311 120138
970731 724513 850342 725083
54086 451057 429221 452866
148853 61658 413597 66550
992137 734225 952425 738117
216842 457519 342140 460120
844041 535337 582653 536594
364381 454008 75755 454341
348402 339444 372209 341787
551096 804926 967976 807301
924298 650664 719385 650830
372469 414702 26105 414763
992715 759145 691051 759898
507122 846755 881671 848150
353869 209667 20119 210217
818565 715274 581080 715837
786987 594058 686656 594380
307304 199636 36001 199777
722135 566472 762381 567534
554311 904850 998606 906132
502927 945774 660995 947416
632303 601039 604731 601957
91709 183782 487287 183821
390042 394145 270202 396064
291512 430484 101134 431839
329198 195134 474099 195463
486894 156968 22542 158693
952403 695203 965683 695203
873608 790076 600536 791717
735538 943567 822728 944230
276712 499796 437538 501018
68707 185061 495083 185099
34962 197558 12098 198236
914875 708400 905185 709131
786463 648581 685665 648726
181142 238042 247305 239071
193161 237466 42686 237586
815057 791805 554083 791836
318535 46371 196738 47082
612731 707439 896949 707701
225126 411271 22706 412008
566981 965478 997226 966043
947430 893616 629149 893694
260524 125585 452617 126071
327918 356052 5960 356616
687976 652430 537397 654142
995601 713569 980303 714916
139781 356853 282385 357024
968421 777121 696856 777991
503654 820669 746707 821259
421227 230786 436303 230786
905848 889344 980185 889648
20128 150293 45703 151735
253919 455642 97345 455699
588999 607427 755872 607835
753890 958765 673923 960794
646091 996703 855656 996703
814548 787638 558750 788398
659162 634950 844888 635059
912904 592701 558963 593712
391803 368248 146851 369075
240067 379540 473239 379702
658864 789384 820741 789745
242299 494524 278790 494535
150716 50360 236185 51246
515580 915680 975390 915968
545522 796293 746821 796965
824154 893883 708599 894033
516529 974592 863110 975858
55293 142529 251829 142635
955508 897765 961998 898088
936916 635608 559428 638029
777286 763333 746997 768102
834127 532736 793172 533192
389764 467348 34171 467525
846998 674723 965817 675446
754449 663955 765186 663955
774274 940753 982342 941535
89906 187473 114848 187889
681879 924187 986868 924187
136298 387632 175008 387950
728890 833087 935572 833167
984440 855667 748029 856681
151671 127267 172095 127565
997491 616998 643828 617536
636797 741975 635308 742257
823717 606375 804163 607282
928878 524068 620166 524621
497253 107355 40151 107566
154751 374783 122098 375117
659412 844721 788759 845489
399306 185182 457438 185288
539137 726800 741023 727354
81186 130224 464787 131049
206215 88296 97280 88963
490008 112688 159967 113214
116380 206960 75002 208083
281612 25764 118862 26138
670999 918198 930303 920210
438423 371118 460505 371350
743429 659330 907356 662307
94850 45135 97821 45160
124170 200862 113886 200862
148299 299423 120666 300178
226867 330344 461861 331778
731220 603069 766926 604455
836344 963417 861867 963618
11701 461108 264269 461816
744210 808001 910843 808859
471412 425239 399087 426809
621050 727898 944946 728193
220730 416977 354936 418215
222300 66964 313724 67067
272461 449833 182131 450990
213567 374412 160032 374775
407768 488706 304621 489093
34569 171030 139311 172590
642406 822453 574386 822887
978718 900878 548179 900878
67958 258397 115270 258597
277401 301005 5407 301088
143947 329252 413511 330020
817133 595847 594590 598962
421749 372222 432032 373620
749150 922259 628137 923700
65596 148497 20060 149131
761615 697996 995436 698038
586501 810304 540068 810531
268403 508681 348469 509951
257136 261545 12208 262105
398059 357041 488286 357901
274223 350651 206765 351695
526464 749227 963187 749471
997043 786438 641983 786926
108477 111426 388537 112267
561297 761719 601819 762357
906811 821792 970732 822406
693722 586334 976000 588388
474304 204355 181633 206449
762242 956764 997462 957172
927058 980263 634598 981683
246373 271356 148784 273410
755978 798014 527305 798130
238493 277347 342975 279164
651492 956227 624204 956227
568099 754903 866303 755888
629679 915300 550670 915343
952143 964458 990480 965202
447644 463231 469499 463906
26210 43333 39383 43341
529209 833739 753864 836093
351866 273931 6310 275481
379338 490028 285709 490361
125151 434996 253988 439186
569737 798215 589467 798335
961816 998914 804834 999173
755681 916778 884862 917239
85789 382128 60469 382934
891688 907098 827614 907500
864179 648940 670236 649954
616285 830754 589546 830969
414657 358064 423516 359832
585180 927114 810238 928014
605743 792206 919442 792518
441344 180726 468815 181273
619528 650937 607070 651405
954403 554757 821134 554849
739151 958129 718580 958597
567269 617836 863737 618695
622118 702807 653583 702810
508697 973065 703492 974087
912984 907981 604177 908908
683239 906197 636729 907079
567299 641545 601140 643207
880777
642466
563593
123076
316705
746333
879510
667444
960318
540855
899217
745096
891605
856831
521010
984376
595077
502935
563676
962806
434264
665990
654419
606449
511707
927761
389103
784851
689207
413956
652389
527694
438378
88937
754591
278383
75472
423542
168118
572952
680640
962469
172959
60275
759863
489160
502762
585765
917934
850274
380978
914061
823157
161343
192681
735806
610672
416779
833130
416224
632160
657830
421763
643979
828197
686427
763291
841838
773601
253967
961307
296096
762479
347594
903137
534970
707418
392737
428273
335679
141580
406561
876445
364759
152055
346515
119093
829661
695730
767124
548234
695148
740210
974529
358464
177182
521180
508526
909179
794813
494132
1665
461431
896051
799608
362435
683884
693900
3615
250870
108283
84864
170518
542097
517633
109642
175289
140552
177297
189020
284286
925437
854904
874165
390989
305430
699758
822569
738339
831714
359719
835013
292955
379945
361967
140928
359238
565243
561075
103969
5692
462274
789928
238056
867921
22873
949962
37670
292010
230640
731289
180238
475983
473386
335754
90159
48248
204472
685068
818648
772623
706732
539961
804351
973804
209278
42931
713164
76655
297235
508136
194805
810556
685400
816212
872259
542013
905142
656038
129244
344180
315593
337271
388967
74471
375607
524895
500846
988728
744480
606412
936608
732317
846711
438033
760650
373680
977273
993081
986896
908701
963399
575070
293078
437049
702069
27965
448404
747008
874593
742058
823995
531379
491384
197497
499541
683906
489097
837794
790308
480248
969333
284843
217319
556457
535487
106752
494329
511006
337943
383160
986159
343527
452064
949566
841125
322476
639476
568528
919856
628754
889804
995738
81857
276755
237330
728926
502983
590529
852741
606662
187267
124598
126059
481287
353790
638707
920336
269112
666138
219163
503802
700286
534548
592836
51518
212641
309942
906118
280323
717181
225706
449856
271309
28734
865461
5119
363221
449693
440304
655756
423518
254511
283059
355803
136163
127359
117527
193939
398658
902790
619992
35065
989878
406166
613616
352136
430626
956906
363319
168706
118137
418776
932334
34184
306949
208002
684708
235656
302981
610973
917027
105074
698002
478411
926906
148862
528075
597156
399315
692827
325665
783793
344731
142518
185352
495240
364345
210444
321986
499652
661106
717358
501361
800061
495920
989327
329015
942208
375420
826744
505554
500092
617869
142303
327043
92988
953677
60701
369111
435135
445869
940349
4003
528973
746776
253570
557051
529435
210119
329095
408053
854417
449196
935812
101513
198135
335543
58838
768305
268889
173721
918353
511812
659069
353953
555815
937261
536808
553062
434842
479142
226436
658182
915210
525969
459361
141218
772139
433698
827971
235297
480086
140222
18178
191913
702927
326222
281034
978631
96310
912599
32729
74601
206098
101699
485184
600183
558879
808228
811969
894778
244747
656129
287646
491640
151043
727141
482328
665442
105551
669449
587143
760084
80016
815202
422448
846958
811162
385076
135392
336406
822030
956040
564900
332401
270715
260135
820242
185293
61497
737853
857930
99829
721640
368339
980517
38253
154677
341093
831745
873813
642767
697418
114569
507846
981955
77416
982854
251706
432997
852080
671407
868400
85286
374308
888414
736469
933421
69517
771038
642562
833566
565011
183163
170337
541776
31399
437108
895466
232417
21296
504460
2984
902680
12342
794474
144978
203922
959693
741540
44177
495658
973759
444744
407375
951402
833075
822304
606365
721131
352974
779850
197738
778341
557936
953383
234426
517501
917557
505944
396026
460189
98762
453348
492151
697755
584330
319515
805043
342142
421550
181068
893159
299410
597277
509501
26690
976653
792020
32809
64969
106765
542888
474062
244670
454889
775828
81313
48670
700082
909353
255479
735164
873591
634706
774947
90867
911566
168089
37677
247110
849980
72297
119199
204624
264772
100122
91098
177635
216351
790702
45156
290640
505377
362027
491617
976773
670417
5915
665526
51034
919036
605011
758930
564087
937990
210321
235782
444875
934358
568236
964456
25464
394117
52608
426868
536396
814989
347529
77263
221979
975737
659886
370640
428099
502654
261279
848300
857977
318861
762806
596512
627955
910924
834569
897471
252445
65579
809838
547755
830912
572824
518721
161234
423339
348410
544232
450578
526877
89108
789560
35948
872841
276771
631328
502707
57677
238755
300236
134322
848786
929911
418121
585455
246655
548064
739640
963459
832843
155086
872167
327988
192636
516145
583800
946339
886553
365616
643494
115308
651602
794782
597101
438201
769268
307136
666391
798390
101157
220681
875050
231602
809776
244514
723406
174968
763365
624505
246285
502779
50048
378807
882520
569999
506604
422207
236480
925927
596668
450460
827765
896265
598931
120395
702610
126407
909461
99897
663316
989385
20830
618504
438323
946210
703199
951888
796880
277105
537187
640450
969524
444438
999142
416431
566121
10065
815428
506673
218430
598436
186284
95040
735092
512714
835038
326137
974512
175660
313324
822233
404354
801330
266955
323769
798880
747129
370506
331282
537724
909536
617106
494412
174469
64930
577811
966707
310479
492932
490250
932027
843520
398264
984743
274618
889353
128134
187417
22458
690724
148179
812366
891505
430163
612011
985518
162107
790550
351786
167315
793909
155363
817248
620241
316573
371610
333358
725328
507615
863798
959593
97170
119128
683228
907280
833266
975902
283209
563892
221517
293466
903523
635353
716031
152381
720829
947992
599665
966824
301323
494061
340065
62113
418279
298242
166522
382121
675629
851413
446072
264393
845378
899722
56960
498670
861230
910319
756945
69484
229413
5467
167687
940881
607634
832883
875344
768125
613903
451330
702501
271096
262881
225691
787676
670114
624148
501344
709335
912279
33186
388525
771369
8806
948713
244981
47818
883257
811564
200798
693272
982430
957302
288541
606120
382640
97367
575556
691431
237305
91495
522890
545519
62222
690122
142757
541911
239931
250471
62166
195187
642241
943992
129542
936391
651212
950037
699983
299540
143079
763913
937120
370511
9641
48672
408501
910920
741953
499424
683488
984061
527623
994013
473650
496044
254917
463888
229068
314180
22965
167834
126222
563736
183086
845560
384685
199964
321270
168699
199055
111932
66081
824543
810851
340244
930129
692871
666974
554891
698034
873951
532171
34835
251625
220629
79139
159129
949913
845009
761222
522029
64558
98953
270601
218179
601742
925189
631388
630735
777992
310753
827188
939752
503430
758675
687487
735570
858035
463755
348869
600816
59710
297794
323117
635846
934051
273936
934167
657015
792677
672141
133672
252207
470318
174254
638437
557780
857172
781646
487482
111929
237305
447010
271290
94855
114109
588114
780622
472278
376771
252319
822690
869945
902403
66829
886638
426623
36865
411498
993796
72169
347124
202475
144574
48769
652476
183821
344838
370814
976373
580315
516601
819471
840772
302822
353769
612725
278086
148335
556708
226964
266200
191258
486902
841669
755101
351375
839158
337014
555481
573698
294953
721118
462465
535090
957562
10653
872915
420349
915086
220537
652918
570000
583251
982516
120714
912965
82783
668061
208423
420241
310844
874720
55454
537741
213289
462777
849288
680579
752113
453827
838399
452200
969496
405878
525621
793875
844886
549680
572466
9408
772217
712851
900397
481405
542680
90211
369664
765607
469959
836124
592065
894725
723792
191824
625230
253541
71189
32219
521389
322114
39688
160508
505834
983521
752984
338940
821224
626754
990839
387318
832580
74613
728833
82575
641991
730893
430207
984821
516710
823503
874044
501662
769831
389580
197414
243522
295692
313104
429376
823499
620435
48496
251750
532717
857829
14208
557696
112569
860154
706053
593042
472270
610058
521487
932116
757324
663816
586050
773951
922937
373430
670627
952508
800716
442284
958744
558852
47300
165065
244143
54089
273577
877145
994591
513232
226494
563586
348195
634325
933640
11287
587500
209700
565137
265426
964053
403295
501630
54563
613732
756718
98969
236297
540364
710903
64178
445079
163218
338960
867358
860924
321450
475213
181013
381510
669145
861664
697044
254300
92086
326812
37605
440793
550938
807849
926995
141731
59203
595602
762119
600367
496631
975439
915520
785557
818623
266586
348161
331107
128030
700827
767901
808409
868942
558635
88060
85717
437780
276859
662831
314553
417965
892896
840955
946856
975380
289674
637621
695289
316827
757076
491677
499136
488773
469633
92675
961358
671572
43656
409783
673949
826350
399940
304795
240422
643922
347263
633142
674910
780995
997801
627963
339971
446088
920311
313159
497613
750165
501825
836171
738656
832381
93902
847133
147521
670035
109316
453793
247636
182873
907418
41275
512803
615063
51777
483289
244851
511934
725837
682111
67525
285111
408761
942423
847419
573398
277224
508965
817425
276247
409815
538389
332383
701417
32936
921374
760381
766333
637587
614109
718887
737370
429921
445959
35490
338106
302202
478938
102574
519112
855598
680549
727067
175440
11279
361785
323302
771940
859178
334664
834642
502219
34024
148527
729644
361719
36090
980282
463418
5800
103068
606659
235549
167279
122346
624963
495106
544368
22219
909651
261696
512752
998316
843111
388652
39462
955149
440708
415143
385163
734060
618160
721360
958348
364911
536482
836181
529596
431178
156810
69132
955532
323576
418077
152723
923308
286827
191086
540713
991585
569454
800384
22438
455861
479413
565033
103476
863228
421241
840246
929136
620321
820586
719385
962769
171036
397173
120030
309133
882783
169163
628375
930691
159466
807408
686655
858407
982469
26724
596236
852361
304857
930260
33242
768142
116079
776814
422402
221176
943345
404063
101340
775752
977292
989369
723670
430167
689443
689801
692072
253226
514442
807432
549764
973141
711214
363757
549831
126556
870339
166881
368769
815704
947421
751712
235287
85331
503050
546294
304368
659369
136712
605662
468136
83771
197047
318681
344431
89045
927712
509805
648626
392963
508555
305493
977506
803789
465945
673525
178844
138490
295072
687614
653114
584819
51146
959770
732292
195325
827372
144201
999382
36148
2593
113788
781029
9701
296676
672646
552757
114989
659183
596329
250039
854073
50492
461442
698603
283773
361886
287256
479067
650644
697842
932608
843614
897317
221561
197909
525751
184888
369248
649331
233782
249069
563810
468683
310606
966230
934394
324331
284395
24081
822411
932589
541420
902590
434013
735024
690430
985604
902991
985989
508954
147406
755386
126324
684650
659535
876129
305426
826288
366735
485865
464076
382349
245396
599995
446262
308198
582705
382574
232796
696036
202063
232267
562540
902709
747422
650651
206272
549782
147607
526120
539835
158648
684388
274836
679673
725397
71000
903069
518211
438667
339085
889947
905197
110946
877410
434143
285524
572087
669203
260313
716510
335776
246697
86493
136212
192222
754564
178783
87037
519149
762021
371717
781738
739245
431239
191433
708122
72730
812809
388216
753171
204104
477629
333374
397830
522938
94368
429278
490667
313743
895397
74870
949178
700341
145389
400336
81566
988104
324214
919243
778035
965511
993694
989672
746536
942289
306364
12156
41024
231627
494404
329762
917525
892872
65091
67679
216174
497088
211180
545953
683744
159562
534290
658386
36485
294513
670301
324673
668800
400034
97934
152570
469674
148250
935065
251667
227337
557471
864284
925135
49229
346365
584446
708396
967675
597308
388062
540499
649298
44192
147508
636312
194402
39255
665454
684791
165906
671325
401417
778157
257298
364253
693477
310192
425938
979531
313595
607845
957932
475172
985982
253618
81711
840191
557784
447911
825590
617805
481419
519039
916025
51011
976605
803969
121376
854571
561798
61961
133588
208288
408330
55377
823478
399604
781154
675298
176631
809240
552788
700276
330098
59259
751150
367773
435655
23287
591228
975335
889753
568775
347544
857070
156227
966634
276389
53527
565386
598861
281904
506161
847396
125833
511681
832421
325282
118976
98436
870736
775568
708956
279515
934230
884961
751969
301531
517837
568994
364360
593091
39622
627054
303514
532671
616338
124268
132357
209736
108776
47569
559363
611834
552112
134528
272446
811437
669413
252635
259896
519901
967779
294994
594923
761303
762233
987948
918772
241183
278707
138169
232206
430346
760024
685012
594693
5223
342542
392091
873292
760054
109441
65242
707699
389025
906313
908806
87874
351605
237245
103605
230220
484246
632024
916836
211380
402584
586010
264054
350701
155135
97907
779305
380396
922835
313974
265328
659527
133480
284983
767243
16964
452183
413981
400962
829881
257189
469141
506315
763119
500782
541916
423151
483635
85716
980920
149066
761047
390525
246478
358616
425827
814877
926386
