86 1000
280 245558 205 245558
563 809539 935 809539
142 361801 342 361801
809 62074 666 62074
139 258472 354 258472
449 350277 55 350277
659 856774 819 856774
566 842716 926 842716
890 791808 596 791808
125 905151 376 905151
221 355380 261 355380
329 508277 152 508277
476 281962 20 281962
649 464855 825 464855
275 400503 207 400503
571 286934 922 286934
446 615962 66 615962
780 824482 694 824482
63 38078 447 38078
308 211418 175 211418
671 643080 808 643080
95 511546 414 511546
687 795248 789 795248
517 925838 980 925838
555 480726 936 480726
581 470299 912 470299
550 295187 946 295187
416 532472 93 532472
432 433896 82 433896
532 196577 969 196577
249 619430 246 619430
473 776968 30 776968
287 106584 195 106584
366 52499 131 52499
160 902250 325 902250
618 138210 860 138210
959 718983 541 718983
217 696099 271 696099
588 47704 895 47704
83 238898 422 238898
163 835429 317 835429
137 882418 361 882418
522 902129 976 902129
492 886920 11 886920
400 729220 109 729220
739 475610 748 475610
624 184270 848 184270
412 161260 96 161260
749 655761 732 655761
640 130187 830 130187
836 886647 635 886647
76 934501 437 934501
708 476705 767 476705
183 877398 294 877398
176 505680 299 505680
840 145000 630 145000
796 305949 684 305949
773 387655 699 387655
506 201335 1000 201335
456 732981 49 732981
722 793345 755 793345
717 592208 762 592208
664 473997 814 473997
681 946630 804 946630
288 655933 187 655933
339 658859 144 658859
995 421848 508 421848
32 878293 471 878293
882 877472 602 877472
114 673221 391 673221
870 357123 613 357123
516 202152 989 202152
174 666905 309 666905
542 434562 949 434562
103 125439 402 125439
227 318421 257 318421
500 866990 6 866990
171 641754 314 641754
853 820893 619 820893
13 117745 486 117745
117 437156 383 437156
39 74526 464 74526
344 543960 141 543960
583 286064 903 286064
237 536558 254 536558
605 800570 874 800570
439
86
258
517
275
895
454
475
193
570
742
96
480
65
66
350
921
932
565
441
877
363
400
486
874
389
179
549
378
13
390
267
728
292
645
727
452
380
212
718
439
274
945
443
359
483
620
839
923
763
623
193
773
542
72
471
423
179
826
236
573
215
292
432
587
798
609
866
933
967
370
53
9
317
320
413
652
477
647
695
296
44
326
960
538
5
378
833
786
546
779
117
972
482
968
205
18
468
130
90
648
432
879
604
984
887
135
779
615
212
240
345
957
569
935
463
562
96
140
379
497
749
717
899
775
252
670
479
108
557
625
470
204
798
518
774
123
781
887
597
252
47
993
389
452
471
360
401
647
821
476
693
695
229
556
700
875
405
977
328
526
497
434
944
716
178
875
450
649
156
720
987
642
47
587
284
910
388
384
372
702
27
80
585
673
964
375
114
852
973
663
779
797
748
312
768
605
846
892
30
896
281
702
111
868
318
876
252
913
35
757
626
853
105
893
974
51
714
484
452
153
712
178
426
316
415
762
270
691
883
696
372
828
125
882
0
634
234
493
146
641
165
574
313
52
337
361
112
367
508
649
971
244
465
406
57
300
66
24
561
993
468
813
904
355
389
112
123
884
269
210
201
915
14
190
271
83
869
18
74
812
473
0
877
991
966
834
0
912
830
829
233
325
229
828
72
209
365
26
461
732
491
645
719
748
216
294
141
141
460
300
463
48
230
273
731
234
894
927
957
894
561
424
343
392
18
807
828
786
623
445
640
413
242
748
118
637
213
381
660
498
695
916
329
492
289
624
115
678
744
778
109
668
399
472
695
645
241
164
551
291
854
328
21
687
565
696
113
251
856
455
274
35
145
315
474
791
68
255
642
890
166
780
81
865
548
314
72
930
285
728
776
713
348
6
306
244
568
857
808
206
258
49
275
286
680
601
811
858
991
443
528
852
230
425
601
581
761
695
16
874
6
387
408
567
874
195
20
765
291
606
116
204
745
350
399
717
534
689
903
977
608
11
331
753
689
884
913
491
742
236
867
80
95
324
43
569
804
289
805
282
184
433
274
343
3
41
927
675
31
284
791
924
690
779
682
350
762
920
867
285
663
43
700
150
691
303
720
297
560
622
927
231
994
133
839
830
970
141
902
496
579
83
589
783
797
619
404
874
575
853
689
532
661
352
125
632
85
213
20
141
120
379
32
543
33
80
140
87
417
297
618
775
208
843
480
29
214
775
168
168
130
389
939
583
323
868
30
835
159
182
7
108
390
959
762
402
105
286
331
682
166
830
406
421
675
96
614
967
771
764
29
498
559
425
539
689
980
712
17
166
842
775
571
918
117
974
76
258
723
353
568
750
438
285
150
794
119
504
387
453
93
41
183
139
335
386
155
30
570
725
944
220
390
177
506
154
466
828
79
883
661
609
257
509
113
275
633
342
493
644
599
692
972
672
528
401
832
617
918
756
530
147
431
623
389
896
480
569
669
256
212
86
571
745
946
505
441
8
379
503
752
962
769
941
13
157
178
48
291
726
848
891
719
508
926
528
282
111
668
304
19
81
906
661
527
26
40
154
811
101
66
510
857
451
690
405
978
123
773
795
85
778
825
685
165
452
515
23
888
240
77
56
969
370
320
409
459
915
470
254
341
10
936
206
107
230
50
315
622
90
103
809
153
228
412
797
780
280
699
183
224
985
799
969
958
458
351
238
908
525
698
253
281
984
845
283
599
86
859
31
970
10
703
813
890
39
536
890
245
659
28
354
650
902
185
926
223
734
463
61
801
778
834
527
122
193
446
729
582
37
249
681
397
256
85
922
639
142
413
149
673
589
54
204
307
914
539
459
634
998
709
219
167
764
648
447
725
249
928
43
174
17
603
510
203
510
140
21
388
162
320
670
470
504
882
231
323
100
925
990
288
776
879
14
703
905
692
453
948
389
411
269
301
86
833
359
34
637
575
337
675
110
614
664
599
728
994
930
460
997
33
487
916
527
775
401
955
583
630
661
31
131
307
746
289
631
815
87
817
514
612
790
128
712
761
646
256
37
565
789
810
821
842
582
781
272
778
923
830
22
301
898
581
625
506
930
84
990
677
190
129
696
742
930
373
809
865
846
72
845
258
742
411
884
20
571
525
566
741
831
448
606
407
186
962
258
541
782
650
660
147
685
999
22
88
598
80
421
55
427
677
559
312
133
638
573
145
229
656
445
955
56
732
651
517
422
394
608
980
353
583
248
646
824
595
936
734
617
943
899
673
179
950
997
527
849
113
500
879
