20 159
-48 6 -21 5
-25 37 23 8
22 -34 -3 -44
17 4 -14 36
-2 40 41 -6
-8 -43 24 2
18 -39 36 11
-43 -28 -17 19
35 -27 47 37
44 5 -46 46
35 30 -22 -14
48 -14 -19 -25
-35 0 39 14
33 -13 -4 32
-27 -33 39 7
-46 -3 -43 -40
49 24 -26 -43
-13 -37 30 8
22 -33 -23 8
47 43 -17 -16
-43 38 -47
33 42 -2
41 -24 -26
46 -21 7
48 -46 14
-37 -26 -31
19 24 12
35 -15 26
-42 -48 40
-17 -27 23
-8 17 -3
-33 -1 19
-15 -17 45
15 23 -9
17 21 25
-39 -37 9
30 -45 7
-24 -38 17
-1 -15 41
-45 -36 -35
22 -40 29
27 -29 -4
18 32 27
-39 41 14
29 -4 32
-44 -49 -3
-50 35 -18
3 26 -23
48 -39 42
-39 -30 45
-22 34 23
22 18 20
-38 13 30
-39 27 35
28 -3 4
-4 -49 -44
-12 -38 9
2 5 -6
42 43 27
9 -8 43
-42 -38 -35
-29 9 36
38 -16 -26
29 -49 -28
9 -50 -1
45 -15 -35
4 11 -35
-17 19 -3
-40 29 8
-4 45 -34
-25 -21 9
49 -9 -22
-17 -40 -48
-9 25 20
-44 -23 1
14 -9 -22
-23 -14 22
-41 32 1
-43 26 -45
22 -50 34
5 24 13
23 37 2
10 35 44
27 -47 -35
17 -49 37
-3 38 20
48 -7 -10
-24 38 -1
14 26 -22
41 1 35
-17 48 25
44 -15 -27
32 48 29
20 -32 -29
19 -10 41
29 -31 -9
36 -13 2
48 -44 13
-48 -10 -21
11 38 -6
-8 -20 -29
28 49 -19
-2 -6 -24
-45 38 -7
-7 46 -5
-13 -42 24
40 24 -13
-5 -25 -3
-24 9 5
-14 14 7
-25 48 -17
9 -38 -43
24 32 31
-16 -8 32
-45 -11 -10
37 -44 -19
0 45 -14
-9 38 12
20 -21 -33
42 -17 48
40 -5 -41
22 47 14
-25 28 -17
23 -37 -4
-39 45 -28
24 36 33
-42 -39 10
-1 -16 -50
-23 37 4
-37 46 -27
-24 29 -16
25 9 -21
16 -43 -22
-20 23 8
16 8 -36
4 -36 -6
-18 -2 -39
11 -35 -47
-40 32 -15
-9 35 -7
-48 12 -46
-44 40 -26
-21 3 -38
-9 29 5
47 -19 29
6 36 -17
41 -24 -40
-3 -20 -15
25 21 -47
-35 45 -45
45 -22 47
44 5 22
-33 -46 -37
-41 20 17
7 26 -27
25 -39 -10
5 -3 1
34 19 -4
27 -34 -26
16 15 -25
34 -49 41
46 7 11
46 -40 -42
32 -38 -27
-28 10 -23
-8 45 -11
32 -35 -48
-35 11 -24
-16 11 40
-20 -45 6
-47 40 -45
-36 -3 -2
-10 -50 -41
43 -22 40
-49 -24 16
-24 -47 21
10 22 -35
-35 46 -13
45 37 7
