36 492
4128 2105 -4699 6382
5789 8212 -9338 7942
3864 407 -785 5417
-595 2545 689 -9850
4350 2882 -5514 -3923
6813 -6378 8915 2826
4256 6167 -8453 -8113
-6336 -1329 -3769 2036
2259 9472 2234 -1086
8230 9920 3703 -1128
-5695 -5972 9141 -2812
-2216 -3135 -3121 5506
-9381 4870 4073 -6260
-7212 -4439 1267 -9822
-3931 -8577 -2931 -1576
7775 5963 1282 -929
-5400 4903 9951 -3950
-8109 7238 4283 -1435
-9501 -1671 -2609 135
7459 -2566 2371 -2256
-9330 -986 -2832 5299
7360 5972 -5179 8849
-1324 9039 -6772 471
624 21 5361 5753
-6885 5832 -1930 507
7328 -3187 3804 9996
1547 6683 8540 8792
1508 -19 -1677 8325
-6701 -2272 -1108 3183
-3131 8777 -7509 -9025
-2125 7191 -3882 -1748
-2328 -6375 -4270 6332
9070 -854 -5246 3454
175 -8898 6529 8201
3366 -1162 5456 -780
-5265 -4907 3652 1317
64 11 25
83 58 61
13 45 10
70 61 24
79 19 97
46 16 58
30 69 56
15 90 88
65 56 57
7 62 9
80 72 17
9 47 84
35 95 85
5 70 57
66 73 21
55 43 27
44 45 77
13 83 6
11 36 39
1 94 19
83 57 55
73 52 50
9 31 58
11 9 85
23 29 58
58 9 3
24 56 78
37 54 94
89 13 45
63 30 18
71 47 49
82 77 52
81 30 47
68 46 27
57 42 83
67 45 61
31 34 20
75 17 81
92 69 84
9 89 67
93 18 63
62 58 95
62 35 13
27 30 95
23 66 16
65 9 48
55 80 41
69 35 27
95 39 35
3 19 98
22 7 74
46 25 99
6 22 34
67 43 88
44 31 60
66 92 47
48 27 83
57 67 45
15 27 87
77 87 90
48 87 1
22 4 94
62 61 88
66 10 30
37 12 51
63 28 84
65 96 1
78 2 17
20 9 72
6 62 10
64 92 47
8 2 67
32 61 19
64 45 41
67 7 66
54 87 31
52 95 63
61 13 59
68 57 74
1 75 4
84 86 95
88 96 91
88 60 18
69 41 42
46 97 32
25 34 75
36 24 19
22 92 98
58 19 72
67 13 95
24 32 22
33 64 80
10 38 14
60 83 13
65 44 70
67 0 59
45 56 24
92 32 37
83 60 75
50 68 61
41 84 11
36 69 28
8 35 64
63 97 8
79 77 17
96 67 2
38 7 13
86 21 20
38 81 57
72 10 85
72 71 69
83 81 10
49 21 7
70 50 22
96 35 80
70 55 37
29 33 47
94 69 60
68 71 19
88 69 64
93 99 26
17 76 47
44 51 92
58 92 70
59 11 34
93 33 30
24 82 11
27 98 66
85 23 9
98 58 94
7 60 3
48 20 23
87 34 33
13 27 0
34 32 59
55 96 62
61 44 40
41 80 90
70 98 22
6 13 57
63 12 68
52 75 34
0 77 5
76 67 14
67 66 49
7 72 50
96 45 85
80 89 62
56 37 31
0 94 77
54 8 24
29 38 10
88 68 32
37 40 72
51 44 93
59 87 14
49 86 30
46 77 82
89 27 37
19 60 72
63 34 44
29 96 39
68 99 28
95 87 45
54 70 68
4 40 32
60 73 62
60 10 37
67 19 81
65 90 10
76 79 85
49 28 80
14 85 17
6 14 20
32 92 76
13 79 56
33 73 81
7 27 17
38 53 15
42 23 65
51 62 1
47 44 98
63 85 68
22 4 23
86 22 27
27 55 16
5 65 56
91 21 8
11 88 93
10 76 64
50 8 52
13 66 61
65 48 29
70 10 63
24 5 13
20 9 23
75 43 3
48 19 38
15 81 1
34 98 79
35 79 82
81 83 91
13 36 93
70 19 17
14 54 15
20 89 23
77 33 11
60 5 29
81 62 95
68 0 52
65 54 59
83 5 32
48 50 18
82 48 90
65 5 94
46 13 98
6 84 38
82 69 53
23 71 36
55 81 74
75 34 62
23 70 96
17 12 74
18 85 47
61 58 87
14 72 0
96 26 90
96 27 80
59 32 88
94 55 58
48 70 15
8 56 85
17 9 68
58 20 5
90 8 12
61 82 52
96 9 13
35 27 22
57 50 95
85 88 67
62 75 33
88 10 48
19 0 14
32 7 92
96 8 76
36 99 14
24 21 87
30 94 79
23 64 53
84 42 34
34 65 45
23 25 96
70 58 86
62 76 5
69 43 86
30 68 44
19 89 3
46 71 30
16 88 50
13 19 81
36 94 81
66 10 44
43 90 62
98 85 97
98 42 61
63 24 60
69 55 36
52 83 69
11 88 39
12 50 18
30 37 21
2 61 5
46 64 34
41 15 45
43 74 63
75 26 11
33 95 68
82 86 85
20 81 12
80 34 22
25 72 23
40 77 78
97 49 13
34 69 94
29 35 24
74 90 37
60 18 75
37 1 74
91 43 3
60 7 93
74 40 5
61 45 71
38 72 70
64 74 54
90 2 56
55 70 57
1 76 49
97 41 76
67 23 28
16 48 43
35 56 73
25 79 6
48 5 45
49 29 36
83 54 29
25 45 54
23 44 77
0 88 31
61 31 39
45 89 74
80 42 33
11 55 94
18 45 92
38 12 7
67 58 6
12 89 22
29 1 22
17 22 59
23 79 78
88 26 94
76 43 8
87 84 65
37 41 82
63 53 4
95 18 87
92 7 57
96 39 86
81 46 64
59 57 80
44 57 16
25 78 14
59 53 76
22 37 72
90 47 33
18 10 88
54 96 83
62 55 31
9 75 50
56 68 73
8 59 61
73 77 47
94 30 61
82 3 8
19 56 7
67 72 75
40 61 7
50 29 42
69 98 79
59 74 58
37 91 20
65 81 54
45 67 77
84 33 23
17 58 76
49 3 33
55 89 30
18 71 65
53 69 15
44 52 25
55 5 23
88 56 76
55 66 69
2 69 89
20 28 69
68 10 80
90 3 2
10 33 75
14 77 81
38 36 99
52 99 85
75 21 6
23 37 69
66 79 7
83 54 75
76 19 63
81 43 72
80 78 19
0 15 77
29 30 55
5 39 67
42 6 81
18 60 13
29 44 21
75 20 90
34 37 39
13 31 94
16 14 1
64 71 7
71 36 63
32 12 90
85 9 5
5 52 99
61 20 54
87 67 7
19 66 79
84 86 69
3 17 92
9 52 2
41 30 82
14 49 15
35 52 68
89 48 19
69 17 42
15 83 52
39 77 43
70 33 58
36 96 81
12 32 31
89 73 80
64 31 87
30 32 13
21 31 13
28 90 13
80 87 72
6 91 96
73 52 40
31 4 14
73 45 17
11 68 76
18 76 34
66 92 41
41 11 20
7 27 15
76 96 14
6 93 1
5 50 1
24 40 26
75 37 68
5 18 69
24 56 68
52 34 64
62 98 36
39 19 2
79 9 64
95 97 0
43 27 37
59 19 52
80 58 49
94 44 34
42 0 57
84 0 8
18 58 36
13 87 38
74 78 72
66 20 86
2 11 12
59 34 2
12 9 90
85 14 47
76 65 43
63 99 28
35 64 45
25 1 50
52 65 39
60 46 23
15 79 26
94 92 88
50 87 71
46 86 50
2 22 1
59 21 50
95 88 33
32 89 36
89 38 61
17 80 32
43 34 58
82 73 2
51 44 64
90 94 34
93 31 43
39 38 9
26 77 76
92 7 54
44 65 96
87 25 74
11 8 98
81 48 42
50 88 41
74 89 94
55 24 3
58 51 96
88 35 45
51 39 62
97 15 11
46 37 93
11 73 90
2 37 68
40 91 55
97 80 85
80 13 73
6 89 63
93 14 10
