19 478
219 8441 -5138 3865
-6858 1172 5010 7006
-9427 -2832 856 7334
2107 -9663 -6492 1822
7484 9982 8794 1147
-1667 5799 6155 -9663
3752 -1071 3247 7284
-4632 6616 2546 -4238
-3573 4818 6166 1546
1717 -9304 3604 5720
-1210 -2188 -4947 4133
-2244 135 -2335 -7727
-1533 327 -245 2077
2272 -4161 -2469 5370
-3745 4509 1618 -6862
-6064 7668 -11 1115
2442 9166 8689 1579
4411 -2168 -7477 9766
2859 3470 9684 2895
-92 52 19
-49 -73 70
58 59 -20
65 52 78
-6 1 28
78 31 13
1 28 -4
-30 84 -36
37 -28 -43
43 -100 -12
-74 -82 30
-50 5 -68
96 -37 73
-44 89 -92
53 71 -38
-91 3 -25
-58 -21 -25
93 -74 18
27 39 96
50 9 -5
-66 84 -19
-52 -38 -6
27 -93 -52
3 60 -72
93 21 -72
96 -44 41
-80 -96 36
-65 11 -96
-15 94 -94
-78 -88 25
-33 5 39
28 19 -56
96 55 41
91 -33 -31
-13 80 36
7 -99 -66
23 27 46
-40 -13 -49
58 -98 -8
-65 37 -11
92 70 -37
-71 -92 41
-34 -54 13
27 -19 39
-47 15 48
-86 -54 -87
31 -26 29
1 2 14
19 32 -60
-41 -85 71
-15 -94 -46
-60 28 3
67 -41 30
31 61 8
33 97 -8
90 60 40
34 -26 -1
76 -30 27
-40 -19 -85
16 29 -93
5 46 63
78 -33 -11
-44 -79 50
-45 -52 40
64 53 7
59 -64 -14
43 68 95
-53 -70 -35
70 77 -93
4 92 -61
4 -37 -53
-83 -51 58
65 -90 -6
-74 38 -68
31 80 -9
46 -51 90
-59 -12 37
-51 93 -19
-27 92 74
79 28 -100
11 85 81
85 -67 -96
-30 78 -87
-100 81 -65
-75 -52 -5
26 65 77
-40 -17 -59
-26 -18 -77
99 -38 -15
59 30 -89
-22 59 54
-41 -31 -85
11 -40 -36
-92 19 -74
-20 67 49
-52 75 -41
74 43 -50
-12 -61 18
-89 19 -48
-92 -52 -50
-85 -92 98
-29 -67 12
3 81 -36
-20 47 -30
6 -69 4
35 66 -73
78 -76 6
-80 81 -32
77 81 -95
62 -10 -98
-88 -53 -15
30 85 -32
12 -10 9
94 -78 -79
98 -98 -83
-100 50 -57
15 62 -14
59 -10 -13
83 -76 24
-83 -42 -36
-25 -29 -73
-89 47 -100
74 -62 50
28 40 -51
-80 -59 55
-68 24 -76
26 -38 91
5 -8 68
85 -89 -78
73 26 23
4 61 -83
-55 34 -36
-19 -97 -36
-78 59 -83
-20 -30 -10
-25 91 -44
51 89 -29
21 -37 -78
-93 -80 85
-92 12 -64
90 78 -68
-26 -96 -4
-37 11 12
92 -49 16
54 -32 -76
-89 55 -75
23 -73 16
97 -23 34
-12 72 6
5 61 26
48 21 -50
46 27 -64
-2 71 64
-11 32 -36
-47 -99 52
-27 -98 -49
-96 -9 93
-33 71 -62
96 18 -88
-3 -98 87
-26 -50 82
73 -67 -22
-58 0 -39
-74 50 9
-55 -52 -16
-68 42 -30
-64 -95 84
14 -95 -47
73 -94 32
59 -93 83
59 -42 -31
12 0 -28
47 -87 -97
30 -77 11
-84 81 -98
-40 -45 55
-23 66 64
-10 -93 62
-71 -7 -1
-67 -61 -64
-31 -35 -82
-41 -48 27
94 23 -18
-95 -21 34
-26 -24 48
37 -22 -96
88 83 80
-60 -96 93
-89 1 19
97 -13 68
59 48 -42
-39 -83 -24
-6 -75 60
-45 -74 -81
-97 -72 -80
92 1 -53
95 -39 40
5 -26 68
-30 85 79
19 -71 -42
-61 -81 92
66 -27 -79
41 91 39
4 -55 42
-2 15 -82
-22 91 7
94 -57 -75
56 -22 49
8 -4 49
0 89 95
-95 -9 85
-49 -52 81
84 93 -55
53 30 -5
20 60 -18
13 83 59
76 -87 -42
29 45 65
59 8 97
-61 -60 49
-72 -63 94
76 -30 -40
48 76 -71
30 -96 -19
20 -93 -61
-32 -6 47
22 0 95
-22 -94 86
-7 -52 -1
66 11 30
-17 -24 10
86 -1 20
48 26 -69
-4 -14 -38
83 54 -20
1 -75 -68
95 43 -95
12 37 93
55 -75 -31
81 -51 -95
49 -35 -44
86 47 -13
-81 47 -13
21 40 -77
51 47 90
17 -89 49
-50 -93 51
-84 -57 -93
-47 -82 33
-75 -32 -61
-62 -63 -6
63 43 -98
15 19 -83
-12 -31 -82
71 36 -63
91 66 -87
-86 -49 34
-6 -48 0
80 23 35
-1 -4 56
-79 54 67
-82 83 -77
40 95 2
25 -98 78
-40 28 -73
-37 30 -78
20 63 70
-73 42 60
76 -94 93
-93 -66 92
-72 93 -55
-79 -83 68
40 61 -75
42 3 13
-61 33 -92
10 8 -17
-89 -75 -46
99 -93 17
89 88 -6
-47 15 -84
4 9 91
45 14 -13
6 72 27
35 -37 37
17 -71 -77
22 -53 -91
29 78 79
-62 -81 59
-41 -2 -46
-40 -64 60
31 40 98
97 -59 -81
-61 60 -70
47 -56 -69
25 28 -55
36 -21 84
13 48 71
-69 80 -43
91 -12 -30
98 17 -36
-19 3 -81
95 -77 -21
-75 23 -47
-40 -6 77
91 69 49
-91 45 -57
99 17 -95
-44 57 -91
-64 -34 93
-90 -32 63
48 -12 -63
-97 -4 -29
-69 61 73
-92 29 -61
5 -75 -92
-54 -23 71
64 93 -24
-95 20 3
-97 -70 -13
-34 -92 -76
68 -18 -50
20 -89 -50
-53 85 39
96 -19 -3
-87 -8 -93
-51 -11 22
13 -100 -43
34 -46 -47
-3 -89 -27
-41 -57 -37
52 -22 -69
58 72 76
3 -39 51
29 20 3
86 -54 -74
-60 -55 -77
98 2 7
15 18 -47
89 38 45
-14 -82 -55
78 -56 58
-37 8 -91
-74 -27 33
52 -63 -69
-59 -96 -63
-5 75 -31
-73 -76 -51
18 17 -34
-69 7 79
-74 -62 -71
97 48 -15
-4 78 -35
70 -27 -7
45 -86 -66
-16 -71 65
-83 11 -65
-97 15 24
-77 78 52
5 -54 99
80 -79 42
38 -80 86
73 58 -37
-97 -22 50
50 -82 -43
-51 69 85
92 -11 -5
-82 -12 23
-8 -33 -7
68 -98 -71
-96 85 -23
-39 68 23
-2 -51 -54
-18 53 45
-33 -68 31
-39 53 -71
-17 -76 24
43 -73 55
36 -52 -87
-71 48 40
63 12 62
22 -86 -15
-12 -90 99
76 60 -34
-28 -83 61
77 -92 -9
-92 -98 75
2 -79 42
62 -65 -80
-99 -77 -85
-53 38 -16
72 -25 31
-25 69 -63
-10 -27 -39
-71 15 93
-35 62 -43
95 -75 -96
31 10 -95
56 31 -87
63 -18 -16
94 2 -50
-64 -39 -33
-99 92 -67
66 27 -17
73 -94 -92
-10 32 -94
-37 94 -71
86 61 46
47 -80 -45
43 -56 -6
-24 -76 59
-2 -14 -83
-13 60 -80
17 -73 66
-3 16 65
-18 -26 -12
-21 39 -32
15 -61 43
-49 -71 -7
98 23 -1
22 53 37
93 -39 20
-60 -41 -37
-22 -45 88
76 -29 34
48 -90 86
-15 -70 -23
72 23 -15
96 -20 -50
22 -16 -93
42 -57 2
-86 68 -52
-56 -10 -42
-27 57 -94
74 94 -2
-89 62 23
62 -91 -55
-48 93 77
-57 -65 -23
65 -35 17
-1 -79 96
98 11 -44
13 94 -25
2 76 64
-81 9 44
-19 -98 17
23 10 29
2 86 -27
-76 -29 78
-81 23 -79
54 8 43
40 -36 -38
-6 -20 20
-30 98 76
-65 -51 -43
-100 34 85
-70 66 27
72 82 93
46 35 -71
42 -64 3
-71 -78 12
11 -73 68
90 31 64
-49 -21 95
-20 -59 39
3 -35 -58
82 -3 -45
41 0 42
73 16 -37
-28 45 98
20 -35 5
-26 -7 95
54 -87 -44
49 -60 95
-66 -100 3
78 73 -99
-66 -29 -62
60 -87 -65
-85 -54 -57
