58 112
168 -984 -857 -59
154 93 398 -124
743 904 -130 76
-919 312 -773 116
898 -999 411 109
-917 -406 145 844
-830 807 -649 -802
354 -579 334 565
-319 -308 154 853
-935 -980 829 -433
-167 -592 951 542
543 501 -653 4
466 436 -845 -873
-364 -430 -478 115
-367 737 -634 288
957 -447 35 -551
-60 -803 -441 638
-709 378 603 839
335 -526 -278 -669
487 590 914 533
504 460 416 738
699 482 -864 720
-653 -234 -125 -852
-51 -405 -34 -38
336 -289 -609 -400
23 -187 -668 -245
158 583 291 531
418 522 739 -399
255 70 -20 -761
-281 783 -283 -374
437 -55 -960 -510
-865 282 -490 -530
-541 -326 943 -735
-504 389 -303 915
921 442 733 538
867 -400 424 -401
584 983 899 -307
-188 -766 692 163
-976 -482 -179 -77
362 708 -566 -37
-15 -771 290 -588
823 252 257 971
270 545 -638 233
-208 691 -653 -399
609 -450 -285 425
-171 953 -447 978
953 692 -976 -727
-901 -265 -229 401
914 -798 743 742
-382 -552 223 -716
315 -551 512 99
374 836 -285 741
47 522 933 -162
-114 893 -926 143
620 -81 -130 -370
-829 -687 94 -724
-711 -543 -389 922
-522 41 -158 -415
-28 -39 3
20 -37 43
-11 40 -12
8 26 -29
-49 -38 -8
28 48 8
10 12 -43
-50 22 30
-19 -31 37
-22 -5 -49
14 -29 22
-13 -16 34
33 43 -7
-38 -50 -11
-20 47 -21
38 27 -33
-14 13 27
30 9 8
-38 35 34
-8 -22 -26
-30 3 43
24 -24 -43
-36 27 -17
-49 -6 -28
-23 36 32
-9 40 -12
-21 6 -15
-40 8 17
20 -40 -11
-32 -3 29
37 -50 -44
34 -26 27
-37 -27 31
-34 43 -50
35 -11 16
-8 -30 -1
7 -33 -18
0 40 -3
44 -22 22
-7 -50 19
40 5 -41
49 -21 36
-7 -44 9
-43 -44 -13
44 -9 -5
-13 39 22
-24 5 -6
-4 20 -16
-20 -28 -2
10 3 -43
-5 -8 -20
16 -20 21
30 -2 25
-18 -1 -30
-1 9 -16
-28 23 -7
41 29 49
1 47 -27
-27 27 -50
-47 40 -27
-25 19 12
15 26 -34
-22 20 -3
25 -13 -23
-5 36 -12
20 -29 41
35 -11 -33
36 -35 -3
20 -17 -42
2 -31 -11
-37 41 27
-34 -41 8
40 -36 -26
-4 -13 22
38 20 1
21 8 13
-35 -45 22
-31 -42 -24
-48 -2 46
-43 -4 -36
-35 31 -41
-13 -26 26
33 26 -12
-19 37 -10
-43 -28 -2
-36 -23 -33
22 -14 2
3 -34 -11
-37 -16 38
22 -46 -5
-13 -47 9
1 -26 35
-23 -11 37
10 26 -41
-4 -26 3
46 -10 42
-39 14 28
29 18 27
14 32 -4
31 21 -10
-47 19 6
-27 10 -12
-48 -32 -11
24 5 -48
-33 -46 29
-22 20 -10
-28 -8 12
14 13 22
14 -25 -45
-36 12 10
37 -39 -8
-25 -22 16
