60 138
-828 767 -221 664
-147 -181 -96 -275
692 -349 364 847
400 6 -478 16
-681 696 -688 -806
-203 875 102 -406
-868 -901 930 -717
-231 364 -507 -797
272 648 447 609
-939 -753 491 77
4 -512 -203 94
-322 -371 347 -844
312 -811 -331 653
533 -514 78 530
804 132 -372 629
280 -967 975 -810
749 -485 -617 251
230 479 -534 695
-102 -304 733 685
-605 373 -99 -430
-273 -925 -632 -253
497 -925 -541 -284
-88 781 -298 -167
-318 472 176 244
-43 944 -774 560
511 506 838 -426
-717 81 -857 716
-724 -232 788 -641
-82 435 -313 -762
-538 696 -265 750
999 -139 -27 -401
460 -596 108 62
-572 -987 683 388
158 -649 -398 410
864 764 259 494
-279 859 -770 686
884 -851 477 -674
-16 -353 -301 -936
442 951 -671 -861
18 -680 -821 -235
-26 108 118 -649
-353 404 -90 -720
907 -499 -180 -730
22 274 -545 -520
-953 -105 621 -871
234 -98 -510 -491
197 -961 -831 -582
801 134 916 865
-18 774 -947 223
-136 229 197 356
-520 386 291 -354
-166 -392 702 -326
-298 -515 541 -945
-729 -813 -595 857
-427 -849 587 896
-112 900 158 217
340 562 733 -317
-916 -378 963 -971
-143 -24 -634 293
247 -598 567 575
-28 19 -64
96 -75 50
-86 -74 -97
-46 76 -7
26 -38 -27
-100 -73 89
-90 -65 62
-33 43 68
-3 -65 93
83 1 -56
-72 13 -29
-2 90 39
27 -15 93
-66 -2 -53
79 77 -23
46 69 72
0 35 -48
83 -72 -47
-86 78 -69
-22 -78 -42
98 -23 -94
66 -60 -2
53 -12 82
-12 -31 4
64 -43 -46
-50 11 -53
-52 37 -2
95 8 -47
8 7 85
-14 85 28
-21 25 15
-75 -46 54
62 56 81
-87 16 -44
-64 -21 50
4 -85 -13
-76 -82 69
-91 -47 -10
-62 25 8
17 92 -54
93 43 30
-70 -21 35
97 -31 -27
-1 45 -76
-44 -10 5
-47 27 -61
-94 63 -2
-91 31 -92
-80 22 -84
-30 14 -1
91 -11 -53
88 -8 21
39 -34 -25
89 67 40
-75 6 -35
-90 97 -6
41 -19 -59
-100 4 29
76 48 44
-93 -62 50
-42 71 -48
44 -45 -66
75 -41 11
97 -72 -62
87 -48 -2
49 9 25
-70 32 24
-37 10 -14
-83 -80 -4
71 32 4
-89 68 54
22 -93 30
-79 -35 -7
-58 13 -37
-97 33 24
5 60 31
23 -55 33
-92 36 -52
35 -42 -9
-27 24 -69
-36 42 76
94 -55 70
-62 -6 70
10 -16 -14
30 91 53
77 36 49
70 96 73
-36 -21 -50
54 -16 -68
-50 24 98
-60 -82 -92
-69 50 44
6 -29 76
-36 -56 12
-81 -9 -69
79 -71 60
-85 44 81
8 76 -37
-53 -60 -11
-44 -29 69
94 33 -100
32 26 -36
50 -38 69
47 78 -95
-89 35 -91
-83 -75 30
48 78 -83
-73 23 -28
70 -36 -45
-57 91 -26
-23 12 -9
-96 34 18
-90 -65 -95
45 66 37
-93 36 -54
26 50 -25
17 95 -71
-16 13 -58
-54 56 -50
-49 7 62
11 39 54
-63 87 -73
9 -57 -81
41 1 94
44 51 -23
50 -71 90
43 19 -2
82 -19 61
-18 -16 -49
35 -12 69
-46 -99 34
80 52 95
-92 14 -48
9 50 -90
62 -70 52
-57 -87 -42
-96 18 28
-68 -60 -64
