127 663
-9199 -8516 -9171 1508
8464 -4432 4003 5144
3213 2413 -6621 7269
353 3516 -977 1993
-7025 4082 9348 -5977
-1474 -2500 8236 3103
2051 3178 -9231 1816
6408 2295 4347 -2966
6163 5642 9526 -7795
-6312 -875 8310 -6234
3406 2194 -1097 -9116
6845 3466 5282 -7294
8500 -1941 -6807 -8631
-2232 7518 -5616 -8650
5701 -842 -5460 -1208
-9698 1614 969 5008
8326 8181 6107 -7184
1459 7076 408 -6748
-319 1401 8416 5226
1949 495 188 -9760
4502 -2817 9829 -2896
4822 -1015 4324 -8969
4922 9938 5944 -7175
8197 6448 7828 -2013
9274 5506 -5948 2059
-9244 -7292 6460 234
-68 -9180 8417 8419
-1768 411 -2331 3288
-682 -8237 9346 3373
-2900 -9749 4970 -2734
-8280 -3627 -6994 -6927
7364 -4503 -4149 4954
7277 4931 -2213 -4069
643 3022 -1481 9626
3627 -2116 -4270 1647
2143 -6017 8479 3318
6058 7300 3135 40
2691 -9202 -5806 6842
-2437 -5367 -8941 8864
6277 1587 791 7561
-2194 7895 -459 -1513
7741 -2938 -5551 832
651 -6234 -5556 -7431
-5796 7866 -2078 5017
4333 -2868 1506 5384
-8344 -2841 -963 -5230
-4775 -9652 5067 4634
-8794 -6679 -195 -8009
6596 -8660 -9843 5666
2631 4006 -786 8976
-3617 -6895 -3962 -901
-1193 -9864 7652 9808
3681 -7839 7094 -947
-8994 -7075 -3212 7431
5519 -4857 2941 -4561
3166 5497 5265 -3830
-844 817 -9037 -8968
-8565 8953 -7795 4638
3160 5263 -3950 3488
3233 -8635 -3122 -1372
1478 3532 1706 -8176
-8415 8050 -8957 -4958
-9230 -1503 -5946 -9513
-924 641 -2392 9275
9018 -4618 -8590 -8243
1914 2583 8103 2241
1521 -4061 8129 7546
3124 1750 2554 2604
9177 9576 -8973 9953
2911 -9519 -907 2066
-3051 7035 -1243 -556
9330 -3074 8225 1900
7351 6674 2612 5783
-2950 88 8879 5327
4942 3765 3081 5268
-3149 -4055 4359 6477
-9430 2779 -2712 8604
-6485 -7465 -6041 7620
720 -2263 1107 7952
6934 -373 7246 -5297
913 -8494 5961 2213
-9222 4108 -6447 2518
-3285 -996 -2412 -3297
-2349 6337 3105 -7489
7312 -8461 -9173 -4120
-5023 -9805 -9188 4727
-3870 -8385 -6056 9360
-1563 -2871 3570 -6450
2090 8937 -5259 8572
3750 8557 2073 -2219
-2103 5159 -5698 4363
-5350 8165 4958 4695
3650 -1351 3961 3346
7279 -2740 6074 5358
-4911 1794 -7040 1808
8287 913 606 -792
-1059 606 325 -8941
-5136 6668 -5034 -5284
-415 -7534 -9169 7909
8404 1433 8313 7755
2897 8663 -6860 6836
6605 6111 -6268 2727
8889 -1649 657 1691
-4995 6847 -8795 -1747
6142 -4395 3368 7087
-559 4560 4750 -3996
-7229 -1027 -6615 -2459
2771 3479 6582 -2777
2067 1743 -4619 -1779
9273 8673 8531 4876
-3618 8565 -2845 737
-8318 27 -8787 5199
6792 -3231 -2560 -5605
6879 -4735 8219 785
9246 -5760 5355 -8748
-6643 1372 -6419 -6825
-1099 -648 -6163 -1961
-726 2930 -1267 -8128
4776 -2760 -3834 -1217
-1246 -1485 4027 -5002
1551 8010 5183 831
5566 -4674 -4906 214
-7142 -8273 1809 -8912
4746 1370 -7546 -481
-1572 4755 -7975 -2157
-9539 5888 -3373 -9628
3205 -4656 -3665 -3366
8390 -2455 1735
6234 8268 -8862
2949 -8914 7967
3040 4948 702
5145 4073 -3667
-6716 6621 -1095
-8285 -9283 1909
-341 8207 -8447
-6273 -5983 -4603
-7327 -1210 -1651
-473 -8712 -3054
7082 827 3269
-341 -3902 -6160
-9721 3605 -1628
8032 5892 8164
241 9755 -9387
-5428 792 -6806
-2398 4396 2888
1359 1834 2343
-6409 -2623 -7666
-6170 251 3281
-8602 4888 3480
3641 6937 -1547
8369 -1697 -6601
-5083 -4805 -3629
2489 -9010 -3288
2720 5685 6616
9703 -2715 868
8439 9788 7357
-9415 -3095 6948
-1545 -4176 -6214
3507 -7055 -9407
-4449 -4230 -8918
1126 2073 -8707
9343 -7627 -5350
-6455 -6653 3343
7259 -8509 4139
-283 -5868 4885
-4043 -2621 -4245
2464 7708 -1168
-1357 -6000 6319
-6055 5463 3473
3397 7467 -9605
-9367 304 -2717
-5639 -5732 1112
3946 -2269 5998
-115 8859 5285
2802 3879 4264
-2518 -7750 -9638
-5903 -5360 -9379
9222 -1128 4841
-5448 4437 -7264
-2239 -6553 5438
4352 2419 -2699
-4751 -5418 846
-1626 -6349 4783
5125 8624 6561
2319 -5036 -1997
-830 -7042 -760
-3153 512 -1173
-2768 7724 -7059
-1818 8083 5677
-6958 -946 1591
-1153 -3442 1173
3574 -7316 -4949
9965 -6062 -7132
-6593 -286 -6887
-5750 7337 9454
-2842 7897 1939
-3853 1708 6037
2265 -2631 -208
-8013 2757 5444
-186 1442 -6044
3720 7320 -2401
-143 -1894 -1180
9131 -9551 3559
-623 -4278 9794
6177 1218 4990
-4561 4187 9556
-3653 7535 -3555
8544 3806 -7448
-937 -3241 -3793
4139 2333 1189
7766 -4751 -4757
4292 -5361 -5085
-4298 7750 1074
8492 4731 4592
-4380 9911 -1892
4229 7683 -4476
-7086 1748 -9238
-7725 -7122 8702
-7166 3249 9190
-4076 3267 -6848
8407 8216 7150
-2702 6178 -9010
-3544 4152 9651
2834 -4362 -2390
-9326 6137 -4928
132 -2050 7992
8909 -4609 9606
-7214 2001 -166
-1446 -2800 -4065
-7527 -1966 -1162
7312 -6800 121
-6963 2669 89
-7200 -2171 -9124
9726 7078 1628
7715 -4184 -6483
-5122 -8977 2543
-5360 6965 3176
-6433 -6984 2093
6567 -7026 2502
7111 3607 -5107
-5126 1825 -2289
43 7463 9820
7553 -2193 8987
6224 -7155 -5917
8944 5973 5195
3215 -3593 -9323
7108 3850 8575
-903 8745 -7362
-3254 7126 -9180
-3417 -2994 1016
-8047 8877 7392
3616 -1954 6048
9837 5167 9456
-409 3945 -9437
1469 340 -9392
-3432 8388 -8813
765 -1520 -9768
7501 -1758 1002
-7307 7520 -656
-5981 5923 2668
-33 8526 -4806
-4670 6771 -8881
-9139 3148 -4443
-6891 -8314 5681
9607 -5268 -3337
403 5796 3475
9067 -667 8695
3017 7379 6603
-3469 -798 -9670
-4456 1560 6114
5260 6332 -1270
-4860 -2620 -3184
-3402 -7517 -848
-20 -5354 -7417
-628 6857 6166
2991 831 -6619
-270 -3170 -6332
-6835 -8181 1565
-2384 2953 2510
2341 9309 -2626
1281 -3697 4203
91 -3272 4534
-8640 -2876 -8299
-7583 -7647 -370
2307 -2558 -8826
-1549 4926 3337
-2974 -43 -4231
-5885 -6497 -1698
-9596 9608 -338
3749 -8684 3478
-5652 -7562 -306
5 -690 3444
-7802 9218 9597
6869 4585 -1102
-4893 -1064 -3403
-5560 3352 -5123
825 842 -3548
1944 8374 3250
-5563 9269 3903
1273 214 -1183
-7425 -6162 2953
9622 19 3062
-4251 -2059 5169
-9863 -1299 3729
998 2553 -5482
3715 -2575 -3805
8322 1977 9631
-6687 9031 4638
7060 -5106 -158
-3242 2869 -9410
-1771 5393 5056
-4296 -1968 -1750
-3216 444 -2435
8489 300 969
-1700 8287 -9374
-3458 9864 -2554
9204 -2730 4512
3577 9039 1520
5583 -1172 -6743
-2459 3539 7689
1343 -5714 -3701
1173 -8891 8845
-2634 -5243 597
1072 -2834 6739
6715 3361 -58
-7314 4002 1625
-953 1700 -117
-9223 -4761 -8364
-9874 3666 1996
375 -8359 2738
-4390 8567 -617
9000 -7359 -1013
-7042 9416 -1790
-4827 1995 7158
4103 -7772 7194
1843 8812 2231
8985 -4178 -4548
4617 7680 9462
7095 -9317 2894
157 -6271 34
-2204 5036 -8297
-4900 8067 -5204
-926 -3312 -8788
5220 -2865 1159
-646 2499 -1429
-9750 4604 4844
-2203 -170 7021
302 275 879
-3326 -6235 5455
-8688 5642 -3807
-4235 -5360 6715
-4632 8630 8600
-1813 -2958 -881
-5365 7430 -9382
-3192 -3755 -7278
2088 -1431 570
-2126 5154 -8302
7898 5662 8274
-3974 9643 -576
7043 -5311 9177
497 -1935 2212
-9992 -5316 9873
3881 -1831 8585
7140 5487 2804
-5673 -5455 -5360
-36 -1151 3025
7180 -7234 5675
-1969 2000 -3716
-6660 -8763 203
4517 8886 4746
4953 5690 2980
224 -683 6600
-177 -5866 -2210
7668 -1545 3970
-9209 -7002 -8628
6721 3676 -6999
6759 -1297 8877
5212 -3675 1909
-1025 8417 6365
5597 -1034 8810
3139 238 -985
8181 6552 8832
3369 -1587 4756
-5251 7420 7247
-5936 9192 -7833
2001 -6354 8701
3410 6022 -140
-9290 -10000 5700
6653 -3072 -9454
559 8721 7627
-6107 -6321 2700
5630 3562 -1434
8820 -6850 -1208
5434 3581 5713
-8505 -5844 -9873
7795 -7831 6762
-5643 9429 6190
-8795 8518 6789
3577 1643 -2596
-7366 4150 -9338
-2477 -4899 -2279
-7116 -1194 85
-3603 4820 2029
-7874 9001 3905
9679 -6373 6516
-9075 -9228 4603
-1131 8783 459
-7933 9758 7972
9993 6355 -5217
-2823 5560 -7476
-3714 -527 7892
1869 -9817 9891
9640 8045 -288
-8039 -2046 9751
-6472 6321 4797
2993 8809 -4219
-5349 -9048 -1787
3650 2772 -9710
-4001 1084 9969
-6984 6414 6075
9483 -6171 6671
9685 199 -140
-7065 -6054 -1581
-6975 -2366 1175
8765 -3906 -8219
-7287 -4453 1160
-7226 236 -3204
5726 -3868 9433
1911 6896 -2720
6750 -3591 -4989
-1512 -5992 1265
-1534 -7061 3779
-3351 -2200 -184
2373 -1837 3287
496 -2195 -3640
8795 -6240 7431
-8598 4121 -2046
-7374 864 1733
4409 6936 -6566
3248 -512 2168
-1055 7208 -4606
-3997 996 -8821
-7389 -5780 -5260
3241 6088 722
2992 -9056 -9314
896 -3390 8518
-3609 7276 7482
-2071 9781 -3993
9290 6271 -580
4702 6254 -5597
3062 -4529 4095
2766 7328 -5242
2743 -3133 -365
-2261 -4230 2716
5008 7117 -8935
-4787 -8470 -5379
6557 -6584 -2178
-894 -2215 -4759
-3982 -203 -6207
3863 -3903 4808
4800 -8860 -1040
2050 -5933 -7162
3247 -9337 4634
-7413 7195 199
6564 8126 -1334
2057 -4929 777
-5410 -412 3373
2841 -4097 -2597
3565 9713 6797
3541 -623 -181
-1149 -2242 6877
4865 -2294 -5115
2652 -6644 7867
6686 9922 -5858
3419 8583 -643
3327 1448 3189
-8887 8778 -4064
-883 15 100
-9301 3274 -994
2464 360 1826
-7540 -8883 -5360
1072 5111 5047
9814 -245 -1176
-6530 -8127 -4978
8685 5330 -3892
-1331 9294 -3748
-9272 2481 7303
-8708 -8869 -9082
-3205 -9371 -345
-9641 9305 -7645
-6604 9515 -4474
3433 3115 4437
-9269 2230 2505
-518 5692 5824
9261 -9122 8690
9339 2017 -1335
-7968 623 4090
2382 4485 2930
-1271 -5877 8872
-8678 111 9343
7510 -4039 9418
805 7198 8306
-4342 -1709 4664
8212 7831 5663
-3273 1092 -7078
-3469 1502 -2021
5279 4421 -4519
-98 -4069 255
5218 -7253 6930
2146 -1966 -7779
-2792 -8183 -7043
3519 2750 -4228
900 2552 -8444
-1507 9880 -1770
-2891 122 6513
-5474 -8164 -9939
7212 -5860 -5866
-471 7232 4809
-5480 -882 4742
-4846 -605 7833
-1642 -2351 -7539
1414 9972 -9351
-7677 1657 -3789
-3589 -7945 1055
-2079 -9975 1344
-5293 -138 -2743
-567 8137 3113
-6247 -2935 -806
-5921 -4508 3235
5690 6938 -5786
3743 -1395 5389
-3125 -4363 -7601
6957 -6406 -1055
-4247 3864 -3397
-4495 -9961 8942
-1364 7375 5607
9167 -638 -4261
506 169 559
3654 -4591 9199
4808 -1298 6372
5130 -7613 5459
-1332 -9891 -1587
1498 -786 -1358
-4699 8731 -6160
9715 -9531 -8128
6186 9246 9947
8395 -1141 7789
476 -3344 6050
-8819 -1358 3515
1238 4944 9724
7183 8098 -944
6428 1807 -4106
-7556 9079 -4437
-1849 2483 3165
2058 1801 -9030
-4361 -3983 1756
-5895 4584 4706
-1499 5279 702
1415 7248 -6650
1713 3584 -102
-5321 -3564 -5446
-2436 -2431 8444
841 -7848 8679
3282 -5582 -1339
-6706 6574 -6499
5278 5196 5530
4045 -1760 -1788
5785 -9843 8417
-6962 -3588 -1353
-2121 9458 5785
-3766 9955 3356
-1901 907 6921
2745 -5868 -1325
-3230 -1434 1014
-2495 -5094 5097
-147 -1765 8052
5990 5948 1527
-8948 -9786 -7630
-4817 5018 7319
8131 3358 3048
-6425 4922 -8134
8407 -465 -6165
-1224 -8730 6464
-6389 -7897 6495
6629 9697 3435
9915 -3156 -9793
-9326 -7646 3776
6070 -3209 -8495
336 -8165 7063
7695 1743 -8691
2601 -8980 -3311
8462 -9940 3565
663 2580 8986
7060 8670 9622
3449 -4581 3732
-8074 1836 -6272
-1072 6541 -4108
-2275 -9417 -4248
-7244 1042 -9523
384 -1333 -8285
-1700 -2573 -8575
-726 -6124 -5047
-8642 9283 7838
8829 -6898 -4775
2587 -2426 6448
-6302 -1708 2243
-3116 9109 5876
-6111 -3967 3680
-6530 -2812 6438
-721 -5489 5330
-7313 4079 -8121
8183 1098 6673
4173 5003 -3866
4170 174 4704
6312 4134 3635
9673 -2905 -6777
-4401 -3253 6533
-6615 6017 7619
-6320 -2528 1906
8575 -4709 -3334
-7306 -8717 9657
-669 7681 5359
-9259 8532 5878
-9366 -4999 -7653
4224 7924 8625
2457 -2893 -5070
-1858 -1354 -1886
-2640 2933 9018
4075 -5464 8742
-2909 7777 -8374
-8597 -3729 -9220
-5372 8333 -2603
979 -3495 -6104
-2614 3130 -4308
-283 -7839 7458
-8264 9332 3223
-9968 -1905 4325
9357 678 -9922
3687 -8841 660
-5569 6776 5407
-5547 5473 -8015
-8692 6842 53
1888 -983 277
-9878 6438 7699
9281 -1048 -8153
-3543 7761 8716
-613 -635 -3004
-3479 8038 -466
-5729 4846 -9870
-9926 2245 -1217
-858 -3911 1852
7014 9564 -1515
-4397 9985 -4027
-2519 -2288 -4010
96 80 1176
9698 9931 -1160
7945 -7986 -1465
1619 -7806 7311
-1742 88 9096
-6375 2170 8619
6992 -2784 2901
-1001 2414 -5689
8263 -1454 9172
9144 535 -9432
-8966 -1791 3332
-3154 -8290 -631
4302 -3799 9235
7370 4037 -359
1544 6745 -715
-8440 -1724 -2324
-606 268 3279
3374 -9123 6119
7943 -9950 578
6499 7424 4226
8255 -284 3972
-1182 -7355 7070
6211 3255 9391
-3851 -9577 3663
6566 -1864 9087
-9616 3363 -6202
-8584 3991 8543
-4804 -3567 5287
6980 -4166 -1954
7854 1163 5794
8632 -578 -1353
-6275 1813 876
2502 -6645 6614
5532 7057 -3099
4926 608 -20
-3993 3801 6156
5513 4851 -104
8058 1598 3662
-9514 -6711 -2247
-1210 4309 587
-4322 8711 862
7022 3203 -5627
5010 -5417 8200
7500 5224 6135
4285 -5680 -1106
5327 1546 -7417
-90 1478 -5301
4987 -2980 -2593
-7515 -1207 -224
-8173 2277 -1021
-9464 9498 -3489
-786 -8956 -4239
-2705 4077 -2038
-821 3070 -886
-6933 1446 -3214
-9035 6394 -3159
2649 1686 -9288
-6329 2327 -6682
-3863 -2807 9624
4006 7091 -6329
-3896 8308 -4864
-960 1335 7536
3141 7121 -9285
-1685 7486 -390
-180 -2221 -9154
-8460 -1282 522
4432 -2552 -49
148 4079 -1983
7335 -8768 -1729
3800 7615 7961
800 4371 -570
2048 -6358 -3896
9000 -1238 4805
31 2665 6340
-5567 2715 7772
6328 3730 1825
-8358 1765 8757
8173 2940 5606
9354 -1077 -1762
7412 -7234 -697
2482 -7864 1371
9321 154 4585
-676 9283 1344
8489 8249 7755
-7253 4307 -21
-5767 -3387 178
-243 158 1583
8382 9800 9936
-9593 3183 6898
-2739 8713 6143
-3418 -2897 8980
-4665 4291 6848
-5110 7616 -991
-4189 -4008 -8633
-6065 -8270 -8958
9236 3583 -9719
6888 -1831 3602
7036 -2265 6971
2170 1748 -6758
7140 7763 1232
2099 -1360 -5816
-5068 6533 6249
2678 -4089 -9104
8945 -2454 -5402
8965 2293 -4901
3032 3074 6035
-8576 -3716 -8972
338 -7325 1584
-6031 -7505 -195
-2866 9899 -8198
-8449 -9634 -5712
-8038 2472 646
4066 6990 1596
-4646 9890 -2291
5701 4682 -6797
-6687 3845 -2241
-7527 -6575 -682
-1923 -8011 7237
-5085 -291 -3728
3174 -4354 9297
6870 -3484 -8064
-5954 23 6717
-8717 -9360 -1522
-7741 3704 -1677
8826 -6731 9216
8636 -8388 -6733
-3703 -1391 1385
3457 8629 -3573
-9530 5492 2599
7546 -1899 -4744
-3882 8447 8550
7957 3110 275
-7006 597 8508
7401 -1432 9499
3695 4492 -9796
2280 6668 -1429
