181 946
51 -33 -15 79
86 29 88 -85
32 -64 81 -85
-67 -46 93 37
-37 -63 -98 56
68 27 -93 -47
1 -31 -74 -15
66 -14 90 -24
-69 70 58 -96
-32 12 -46 -4
-63 57 -16 -57
53 4 93 56
-63 -40 -93 40
-2 -31 40 50
90 32 -66 -65
29 96 -40 42
-19 -68 -30 53
-31 72 -30 -54
53 92 20 95
-22 -50 77 40
-7 99 56 42
-68 50 -14 -99
74 63 18 17
27 12 45 31
-16 -66 -48 58
-63 90 -91 3
60 -40 27 94
-48 -76 -100 47
44 64 62 91
-91 -27 -99 -76
-4 42 18 -61
69 -63 24 -86
-45 35 -6 -82
82 8 21 15
-28 -32 -11 49
6 -46 -72 -93
62 4 -37 -22
-75 -31 95 48
64 66 -2 8
-42 -11 -82 88
15 -53 -1 57
88 90 69 89
19 -48 -55 34
59 21 -94 -76
47 1 -85 -59
0 33 91 -55
91 -28 28 32
45 -23 -41 -38
-63 -91 -9 77
-52 -60 36 -10
-36 -10 -21 81
-79 89 -26 95
57 74 -55 -94
-39 -43 -22 85
-58 66 -75 19
-49 -6 -26 -67
55 -69 5 17
-14 -45 20 28
10 90 -3 -26
10 -81 74 86
28 -52 -65 33
-46 95 66 -60
84 51 -65 -66
-28 45 -52 99
-14 86 82 -84
-67 50 47 17
91 -99 97 93
-67 29 -34 78
2 90 -59 96
77 -82 -73 60
-25 15 63 -18
18 73 17 -92
-33 60 70 4
13 42 81 -9
49 52 10 -98
48 89 -96 75
-96 -100 90 -94
-67 -27 68 41
-61 -59 -23 -15
-84 -100 5 70
65 -25 38 -5
9 -87 -61 72
4 39 -71 -92
-42 -24 76 -38
38 84 51 1
15 -56 81 53
70 58 -79 59
-43 20 -84 28
-83 47 -47 -87
-40 -7 6 38
-20 -15 90 67
-67 95 -100 -96
-100 -14 22 23
8 3 -53 -54
9 63 -53 36
-62 -18 -45 42
-47 70 13 -41
53 -46 27 -84
-69 26 51 35
-32 -77 51 33
-62 79 18 83
44 93 -49 81
-42 -29 41 -17
87 90 57 4
4 28 -72 53
-52 77 -38 -91
12 85 52 -95
-97 -26 33 -85
-95 -71 93 7
39 5 -48 84
-78 -26 20 -12
93 84 -17 33
57 33 -12 -96
38 91 89 62
-73 25 11 -78
-30 -69 93 -28
-60 -15 31 5
4 59 -72 21
-97 49 69 65
62 96 -37 -97
25 -95 83 -11
-67 30 50 57
43 49 -22 -1
-55 -85 -73 -19
-9 -60 -90 91
-4 -13 -53 19
17 -47 -54 36
78 3 -86 87
-58 8 55 95
85 9 36 71
-1 -80 -34 34
64 47 -79 92
75 -70 -5 38
-88 23 86 -23
-25 42 -75 -57
82 49 -15 -8
-33 62 -7 -99
34 93 -27 24
-88 23 70 -80
-11 -33 68 95
-78 18 80 -56
81 1 -47 -4
6 20 3 -69
-75 73 -16 -46
-3 -31 40 -44
-90 93 37 -16
27 -87 84 -34
10 24 62 -8
18 88 19 -79
74 53 77 -93
-88 18 40 49
60 -47 65 10
28 56 -99 -93
75 22 -98 81
29 -33 -87 80
30 -4 -79 -100
9 70 -65 -19
-85 95 14 37
51 65 -36 89
-82 73 36 -35
-5 -64 3 -53
-30 -82 86 95
-50 26 29 -12
-39 48 89 43
-24 26 44 -68
-27 50 35 -63
42 48 -97 -59
25 -95 14 79
63 39 2 -29
-44 93 94 -71
-89 64 55 53
-74 20 -16 34
32 -79 30 25
41 -66 3 -33
-97 -6 66 -25
-36 -14 -10 -42
61 -3 -31 -9
47 -29 -97 87
-92 -83 -17 -37
-55 -80 63 -73
84 -76 -12 99
9 24 57
64 50 17
-39 -89 94
-70 -52 73
2 -3 -5
-79 68 -21
53 61 -59
-10 12 65
93 -10 -96
-86 -84 59
50 5 87
-45 9 96
65 -62 -70
-83 73 50
80 61 15
-2 -92 58
-22 44 66
16 2 -22
21 -81 9
90 95 41
-55 -31 -78
-54 -55 -14
-31 -94 -75
-16 -65 -32
-2 95 -92
56 -20 68
31 -22 80
40 31 -32
88 6 -40
-55 -60 66
15 -10 -48
-41 -89 82
-8 -7 52
-85 -42 45
-41 41 71
-93 -75 23
58 -48 46
-53 7 -47
31 -28 -66
58 0 -70
-43 -29 -84
-47 -22 24
-51 -17 -100
-88 -63 55
11 56 42
46 37 -42
22 -62 -93
31 -15 46
42 -15 99
-21 -29 -72
-70 -98 -3
38 12 -32
-77 -87 6
47 -32 39
3 93 -42
5 -21 -7
88 85 29
-24 74 -66
-65 -85 31
86 66 -12
59 -89 84
-26 -80 -41
-66 -99 -24
-71 -16 49
-80 -13 -84
10 -78 -4
1 -24 -40
79 60 -96
6 35 39
-26 82 96
-78 -67 -36
58 -27 11
18 -27 78
56 -24 94
-92 62 66
64 -53 61
-77 6 -3
-84 -48 43
37 46 -56
80 64 -36
-82 45 -77
39 -4 -16
-20 79 -44
35 -17 83
-80 -43 -24
-54 -9 -64
36 -16 -23
-41 -82 53
50 -59 -56
69 -40 97
43 5 -67
80 -73 88
1 68 -71
-58 -80 87
-24 59 -38
-31 -54 74
61 13 25
-100 -88 3
-23 3 -1
62 -82 -39
27 -9 -22
-34 18 54
81 48 -40
-26 -87 -78
47 2 -17
-56 -92 -100
36 72 76
19 -84 -60
81 -61 38
-28 -87 38
-73 -19 80
-15 -36 42
-91 72 -59
-72 89 69
4 -38 -25
24 8 -2
-91 69 -32
3 -26 38
67 86 -42
56 -28 20
-1 54 52
-61 23 67
66 -71 -1
-57 -96 -61
-95 90 76
73 -8 -63
-28 -62 87
-93 -53 53
-8 -34 19
25 43 -48
16 20 -94
-11 36 35
85 13 -88
75 -4 77
56 28 34
14 -82 90
-92 16 49
0 -93 -6
-3 -56 90
17 -100 18
30 49 -82
-33 -2 9
44 -29 91
-4 -5 54
-16 -50 30
-87 -27 90
-33 -87 77
-13 -65 -34
-39 -51 -84
-69 -25 21
18 -81 31
-56 -36 -63
-86 48 -85
-34 -44 50
-9 90 46
-24 5 53
82 -56 14
46 -92 -81
-100 -97 -3
30 -52 97
79 41 -69
77 59 -49
-49 -25 14
-45 96 -4
-46 -7 92
-95 56 26
14 38 69
-81 68 92
-46 -74 -42
38 -45 52
98 2 26
-65 -59 -75
49 -63 -76
-72 -10 82
99 79 -58
-56 -52 -45
-29 65 -91
-91 -50 -20
-64 -8 -45
67 -8 69
96 6 50
-30 29 -100
-92 -71 -75
-13 -87 14
-65 -55 -59
-74 37 25
60 -57 7
39 27 11
-12 -89 25
75 -41 -32
78 -95 -57
-52 92 -90
97 18 53
70 -20 75
52 -41 15
25 4 45
-75 -86 45
82 -63 -72
48 -97 97
70 31 -14
-3 -11 37
-5 -22 -43
-82 -18 57
-11 10 91
-97 44 -77
-64 57 -92
14 -51 -38
-22 -5 -90
33 -93 -7
-1 21 52
3 -43 -82
-92 26 44
21 -63 -82
22 57 -53
-86 -79 -57
-6 65 -77
-30 84 -47
76 17 63
51 -60 21
-97 -42 34
9 49 4
18 -6 17
83 -44 65
80 73 -21
-58 70 81
60 6 -61
-94 -22 73
15 84 54
37 22 -1
-97 -66 27
82 96 28
30 -57 2
82 -19 -52
91 24 -42
77 -56 -27
-41 87 -55
-97 -61 -25
65 35 -24
16 -76 59
91 73 -19
-7 62 96
-25 -80 -40
66 82 -24
89 -5 -88
-80 -41 84
-94 80 -9
-39 72 -73
23 -70 43
26 2 -76
29 97 -29
-68 65 -67
-90 98 -98
-73 45 -42
24 -36 -52
-88 82 94
-26 46 -60
9 23 12
12 42 21
-11 -71 68
-35 35 -16
53 95 52
-76 -39 19
-46 -75 -12
72 -84 -90
24 68 -54
73 93 -52
34 -87 -35
-46 -86 -1
-67 11 -33
25 -61 -76
-55 7 -29
-51 -13 64
-7 59 -1
93 -66 -64
-58 60 32
46 -83 -30
79 -91 63
-83 -24 54
3 -1 64
47 -54 -18
-50 -99 24
-30 11 84
-76 -29 12
-62 46 -21
-1 95 -74
-40 -20 -3
-30 17 -66
23 26 -93
-3 -35 74
-55 57 -20
-77 52 -70
-90 33 -36
38 33 8
-22 -46 49
-58 80 -92
60 -34 12
-93 83 -28
-41 -85 1
-90 93 -32
70 66 -69
-34 80 47
36 -45 1
-42 -95 -7
64 65 -73
29 92 -68
90 -32 49
-47 -46 -3
-6 38 -16
1 82 40
77 -70 3
-13 54 -7
-43 58 -88
3 35 -43
60 -81 0
-23 18 43
-7 -94 20
-98 73 10
89 18 0
73 -35 1
55 72 -14
51 -56 -8
-13 73 40
-80 77 99
34 77 -26
-49 74 3
10 99 -42
-4 36 24
-41 40 -39
39 87 0
88 -25 -5
45 -78 39
-78 -54 66
-59 -52 -84
23 97 -22
-3 37 -77
-83 32 3
-23 64 22
37 72 -35
59 99 -41
-66 39 -10
89 37 -2
-37 -56 -5
-87 -1 87
99 -46 -11
99 -47 61
79 -68 -36
61 -20 21
96 -2 -30
-73 -44 63
-35 -21 -22
22 -37 -35
-13 -50 26
-16 -99 81
38 52 -40
-54 -92 -45
-82 92 -90
98 30 -20
26 59 39
-90 -1 -97
-40 79 53
-91 -58 -20
74 76 60
70 35 32
5 65 -1
52 86 -75
-85 -92 -89
2 5 -65
67 68 78
46 96 81
22 -8 -52
76 -78 15
-1 58 -27
-60 74 19
-100 -80 0
-15 -72 -73
18 -48 -93
93 56 84
23 96 31
7 48 55
-6 -94 -47
-15 -31 -97
76 92 25
88 -17 64
-100 73 -13
-41 -65 49
38 66 -81
-86 29 87
-73 60 94
-2 -36 -44
-65 -15 -42
-45 8 99
19 -2 -100
84 -51 -64
74 7 -15
23 -50 16
-31 35 82
81 9 55
51 -96 27
-41 82 78
-66 -80 -59
-62 -70 -84
-72 -36 -74
16 45 -21
-73 23 -62
-52 -91 -1
-98 -89 77
48 39 93
-99 -39 8
31 -3 -24
-72 -56 -89
-26 16 -93
57 -85 28
-80 -33 -64
-97 50 -9
-84 -88 -27
36 -41 93
74 -12 94
74 -20 -100
-56 50 -3
-28 -82 -75
86 66 9
-25 32 -18
-83 -32 -61
-52 2 -70
62 26 86
-92 98 8
-96 23 91
-35 -8 31
-88 36 26
77 -28 -31
-36 -67 -8
-74 83 -31
14 -20 96
95 -19 -2
-21 72 -66
-65 29 -77
-81 -91 86
-98 -91 -8
2 -83 16
28 -83 -32
56 -45 27
-42 84 83
-98 27 -99
1 89 -76
-5 -12 17
-30 5 21
45 -35 -1
92 -23 -39
-75 36 -72
-61 53 -90
-19 -27 -82
-68 -62 63
88 -52 -49
-77 29 -50
34 19 13
-50 65 13
-49 56 -23
-11 -44 -70
-23 -92 86
-77 -74 -64
-36 12 25
2 -61 65
3 -24 46
-8 -10 -33
44 99 5
-28 30 96
29 78 -7
-65 53 5
-43 -87 40
17 -42 11
4 -82 -74
-81 30 43
95 85 64
59 -33 -67
20 -92 -62
-10 -79 20
97 -87 37
63 51 -56
14 8 -87
-3 -4 16
43 92 -12
-30 -77 42
-38 61 -48
-31 82 -88
76 -20 -24
70 -36 -72
19 32 -53
24 0 2
-99 39 58
-55 35 41
49 24 89
6 -16 -86
55 -96 -65
46 -44 -95
45 -7 59
-59 -33 90
-50 -80 52
-28 17 -91
-84 24 71
14 2 63
18 -57 -60
-16 -1 -46
-73 60 33
37 -16 90
47 13 -47
60 11 -3
51 2 37
1 -10 -73
-76 -58 -30
-52 74 -11
2 21 46
-98 86 82
-8 -16 12
40 68 6
45 37 -87
-12 -59 73
85 42 25
-85 -88 -78
-1 71 -57
73 -37 67
44 39 -22
56 -20 -34
-56 -38 -87
75 45 -67
29 -29 -78
-24 33 -40
-71 -76 76
-87 94 24
-45 -19 26
-80 -2 67
-31 -60 -17
35 80 -55
-95 -44 53
-79 -32 91
28 -77 -63
46 8 97
-70 52 90
-20 14 -69
-25 41 -26
86 -93 56
-10 -33 -19
-8 86 28
-3 -92 47
-65 -34 16
-37 31 32
15 -97 -67
-90 69 39
4 -75 -90
-22 34 -78
63 -24 -75
-62 41 -34
-85 -89 67
48 22 84
-47 -21 -90
57 46 53
-47 49 -31
-11 -69 77
-7 -19 82
11 58 -41
6 10 53
-54 29 22
28 -90 -64
45 -100 -86
60 -66 -83
-65 22 4
94 30 -15
-42 -33 -89
-54 -91 -89
-65 46 -58
7 -13 62
-94 86 6
19 16 98
97 -57 50
-1 -76 56
44 -72 -60
-65 -46 -3
-53 -2 -82
-44 -97 -77
-78 -95 26
59 -75 -89
-43 38 50
-88 -90 -63
50 -83 17
45 58 -36
47 -35 17
-33 92 -19
-76 -52 -80
-79 87 62
97 -75 -8
-87 72 9
79 -36 -88
56 75 -62
-38 -52 -91
98 71 56
-6 -82 -100
11 1 -36
-63 -5 -44
-14 54 -18
-80 -55 74
98 89 15
-60 53 15
28 -68 -96
67 -38 -40
-97 10 -67
19 35 -43
-80 -3 93
-65 64 -35
57 83 42
-66 -100 -87
38 -67 -53
97 -70 -10
82 69 -84
-79 70 28
59 10 76
12 -49 5
98 64 -30
19 71 33
-57 36 -36
83 79 -81
65 7 -21
66 11 -32
28 -35 52
-29 82 -66
13 -13 -54
-76 -40 14
-94 91 49
73 64 -21
30 73 -42
-35 -32 36
5 -51 26
74 -11 -4
49 -36 77
78 -57 4
-6 -11 -69
18 27 -48
-64 44 39
-62 -95 -3
40 19 62
-77 -9 41
93 -38 -61
-2 -79 94
86 -45 42
76 -87 -73
64 74 -25
88 16 98
14 -25 78
-25 -1 77
76 -67 -57
-16 -18 51
66 -34 28
88 -61 16
-59 -16 -50
89 99 79
6 -54 -16
-25 -11 -13
-77 74 -53
-77 -45 29
-78 30 34
41 -51 -85
68 48 35
31 63 22
65 89 -61
-69 -31 19
-70 46 88
-46 26 30
27 74 -61
-64 72 -26
96 39 27
17 -62 -65
22 -1 -85
-73 -4 62
-13 43 16
-52 -75 97
-10 -42 0
29 21 33
-14 5 3
90 -26 -13
68 7 90
-65 91 -19
-11 -40 45
-97 37 92
31 -28 -31
-6 77 15
-26 -87 -33
-22 29 28
-95 84 -29
75 -83 -89
47 -75 -28
-89 -2 -97
85 -1 -39
-71 -76 -62
-62 2 -82
85 37 -5
-2 -15 96
82 -14 83
-17 -97 -58
20 88 -49
-98 -21 -5
14 41 -58
68 59 -98
59 -58 18
74 -44 94
24 8 78
-99 34 -69
20 -100 -62
60 3 52
-20 -27 -77
63 57 -58
80 60 69
61 48 27
7 -72 18
-46 -21 -64
-90 27 54
-77 30 -33
37 -69 50
25 -25 98
-31 -37 39
-96 -34 21
-25 49 -50
-99 -37 23
-53 -24 -82
-26 -24 -14
-55 77 -65
85 -83 -62
-41 19 39
94 -17 19
84 -36 -92
96 27 21
-92 63 -29
-92 71 23
-13 26 16
-65 -8 35
82 69 -73
91 7 14
-10 -100 8
32 -55 42
-86 40 -41
80 26 -33
25 70 -34
8 99 96
-38 22 -37
-65 -49 49
14 56 38
-43 58 -56
30 -73 -81
-45 78 72
-92 10 36
-100 -64 75
-6 67 13
-45 44 95
89 -92 -60
-99 -9 -51
26 -77 79
67 -77 71
53 40 82
27 62 99
-43 -44 -74
92 -79 58
92 39 -65
-15 -10 -58
40 46 36
47 68 -97
-53 -36 -62
96 29 -71
70 40 -25
91 69 86
30 -31 67
-89 -28 -63
-3 47 -65
83 63 -21
86 61 66
68 89 -56
-78 -77 90
-52 -93 -18
-59 42 60
-59 86 -37
95 30 0
26 10 -72
-94 -2 47
82 -45 79
-64 34 -100
10 43 20
53 67 -14
-42 -93 60
-79 -62 -37
31 -44 -60
79 60 22
-42 84 -36
39 -66 51
17 -5 44
81 93 -100
-84 -54 69
84 -72 4
21 11 38
-12 -13 -53
68 87 38
15 56 45
-74 -19 33
-96 -79 68
94 55 -4
55 -17 -39
68 62 93
46 29 89
22 -87 32
-45 45 -66
-8 29 34
-11 -78 14
-99 82 -92
37 20 -79
0 69 -82
23 -54 -69
1 -23 -31
95 29 -83
-58 25 -14
3 49 28
92 29 -90
-15 67 47
-29 80 51
50 17 34
-83 -47 86
63 20 75
38 -14 -20
-65 3 37
8 61 72
-89 -12 30
44 -88 -40
-81 -49 38
45 78 -3
86 -73 51
-68 -40 -11
66 60 -54
-22 -37 -23
30 71 80
-3 -20 27
18 38 -95
-59 -89 -48
44 92 88
20 85 56
-71 -16 -8
-29 -77 31
69 96 11
-85 -29 52
0 -44 -77
-54 99 -94
53 -53 -39
71 42 98
7 -92 -40
9 65 -24
-86 44 65
40 75 46
-96 -88 49
36 1 -96
4 24 -79
-39 -81 79
-49 45 -34
-73 -96 41
-27 93 36
51 -72 -50
-43 -13 61
-84 75 35
21 -26 -37
3 99 1
-21 22 -32
-68 -7 -46
13 37 -10
61 45 19
-68 -34 -77
-90 11 57
-11 14 18
-72 -81 66
-71 70 -58
-97 -68 63
91 -37 -97
67 13 68
74 -75 41
-89 -12 40
-83 27 78
8 67 -94
29 52 -36
81 -81 -32
-48 -44 66
-19 -95 29
-51 -94 -54
-73 86 15
43 77 73
-78 15 -97
51 -41 -62
-77 -84 8
-61 -39 -51
48 76 -61
66 85 19
47 -83 56
-39 21 16
-18 -19 5
76 -22 64
-64 -34 46
86 -96 -65
-3 82 -1
-58 78 25
55 -95 -79
-31 12 -50
13 78 9
-6 -38 17
7 -88 67
-83 -46 50
26 -71 5
-57 -73 -42
95 97 11
-44 -46 -22
-5 -65 18
-65 88 35
41 32 -96
-85 -69 30
-10 -35 15
54 6 98
14 -83 -64
27 -9 -94
-61 -85 37
31 20 41
-54 -28 19
57 -54 -86
-16 -43 11
-83 33 -70
81 -50 37
-29 18 -5
-35 45 -74
20 -37 -82
-85 -83 41
53 52 27
-42 30 24
-73 80 -85
-98 73 52
-23 -16 -27
-34 27 -77
-50 52 -84
68 36 -15
53 82 -87
12 20 -9
-86 58 -12
85 53 -34
-58 -16 -55
64 4 20
-100 48 59
-64 46 -26
27 -87 40
56 79 -64
