191 493
25 -23 -100 48
2 39 -18 -54
98 -92 90 -85
0 -20 15 -72
66 -65 16 90
45 -66 -17 19
-26 -90 -1 -32
-18 10 -74 44
71 -67 -58 18
60 28 -74 40
-55 16 17 11
63 25 -41 -54
-21 -53 45 36
72 74 -31 40
-49 26 -98 -60
36 -19 -22 -100
-71 -94 -61 -89
87 -82 77 54
-49 -18 -82 6
33 44 -8 96
15 87 66 -81
-12 58 42 -83
17 -28 -29 86
-97 -58 99 -51
60 -18 -1 75
-11 75 -90 -78
29 66 26 6
24 -17 54 41
-9 -72 -16 95
-5 77 -27 97
-3 75 -60 -54
73 -58 -25 67
-62 -10 5 -37
-40 -29 -25 34
-12 -56 -79 43
-62 63 11 -9
-93 71 -58 25
-74 18 26 48
7 28 -50 -6
-13 27 -48 -4
52 -6 64 43
58 44 -48 -40
54 18 81 66
57 -74 81 43
7 47 3 -60
58 72 -1 34
-21 87 -5 -12
-45 19 46 90
-89 39 -24 88
-57 -89 -80 93
29 19 42 -24
-66 31 -72 -70
87 -39 -90 50
64 89 -43 38
-62 -31 -41 -24
-86 -89 97 52
76 25 58 70
38 63 68 -74
65 -99 68 59
-90 -12 41 33
53 63 1 -55
-25 38 8 54
83 0 -17 -96
90 -21 51 -83
45 -86 87 -31
51 -5 -63 -19
58 97 -33 -49
22 13 -78 67
27 58 -41 24
-3 55 69 67
-67 -68 -76 6
-81 97 91 66
-6 51 -68 18
3 26 64 -69
71 82 46 95
-11 -79 -29 75
-14 -84 5 58
-79 61 37 -22
-42 -66 32 -10
-62 -19 28 84
-73 74 -75 37
27 9 -50 22
22 -65 -33 9
-9 6 40 -91
57 -51 99 -37
-58 56 -14 -72
53 -25 -17 75
-73 70 -90 -80
-80 -70 51 20
36 51 50 82
-75 33 -67 27
-76 60 -67 -87
61 25 56 -11
-48 80 73 -46
22 -5 -34 93
-94 -68 30 -3
80 57 -56 -39
36 37 -49 -46
-20 -52 -29 87
97 72 -81 -42
-20 38 -46 -42
-7 -86 41 58
-30 -69 43 -64
41 -39 -34 -37
3 -97 -8 96
5 4 98 80
80 -92 78 47
-32 -26 -92 89
-20 84 -6 -1
-8 -94 -17 -98
60 -41 59 6
25 -15 -84 39
26 84 99 66
-81 11 -43 -18
-4 93 16 -70
-14 8 12 -97
24 90 16 -21
-45 -49 -67 69
-39 -44 66 74
-38 45 39 -90
89 82 72 -48
38 50 -21 57
-48 53 27 -99
54 -52 -48 10
-57 -72 2 -27
3 35 -69 -86
-95 -86 -21 -29
-3 -85 -83 3
23 51 36 -7
84 -80 -63 -45
90 48 -48 47
79 81 -30 64
-26 81 94 -2
14 -20 94 -69
11 -34 55 31
-96 -95 -83 20
37 -71 -74 -5
-35 68 -20 80
90 30 -76 -13
-24 57 43 68
-25 -96 28 -87
53 -4 -90 68
2 -78 -84 32
35 47 -35 -41
67 27 3 86
80 -46 97 -61
-40 98 61 -87
-41 -17 -14 -64
-80 67 -94 -97
-78 -48 64 69
-61 -22 24 25
78 81 -3 66
67 13 -56 -73
0 69 28 -77
28 -73 -85 -50
81 44 60 9
-100 38 47 -81
26 -91 -13 -76
-99 -92 -56 71
-4 -39 33 -26
51 -63 59 78
51 67 -51 25
97 -32 -30 -61
71 -19 -9 29
9 -29 56 -81
-35 78 -63 -64
1 66 78 -3
-71 4 -26 92
-37 -74 -91 -79
-60 -36 -8 -69
-63 -56 -58 -10
-74 -34 44 -23
-80 -67 47 94
-17 77 60 28
5 -65 -53 -40
-62 86 9 24
3 -95 -62 -100
57 -37 -31 -44
-95 99 -9 -13
-2 -94 62 41
-46 -35 -86 -64
-72 -49 -73 -91
-72 37 -5 -80
95 -90 90 77
-41 -80 -23 -15
89 -90 71 3
18 1 59 77
65 20 3 -70
45 -86 73 10
56 33 -86 -91
70 -41 -39 60
16 6 21
72 24 -88
-88 -28 45
-4 52 81
-78 -27 44
-78 9 -12
-91 -80 24
-85 4 24
-36 -76 2
95 -34 -89
-47 75 -73
-68 19 -12
-46 -63 85
-75 28 -90
29 54 -46
15 -60 29
-11 91 -26
22 31 18
78 39 9
65 11 -52
-12 -3 75
-8 6 28
-9 57 95
-64 97 -72
-91 -73 25
33 -58 -31
-89 -19 -12
-74 -84 99
-96 -78 74
-23 -91 28
-54 39 -86
-15 90 3
2 -19 59
-73 15 53
54 -32 0
20 0 -34
-63 -81 4
93 12 57
48 -62 40
94 64 -20
-57 -65 0
36 -90 76
59 41 -41
-16 9 -20
-97 65 42
80 34 3
-8 7 -80
44 70 -45
49 -50 -47
-14 51 -52
45 -94 -73
-47 -31 -49
-37 -53 -87
-10 -1 7
25 -37 18
-74 -41 67
-44 34 81
77 68 -94
-78 45 -72
20 -25 90
-66 70 -33
-11 6 -80
-62 92 -69
24 -45 -38
-15 44 -61
-100 10 61
-53 0 -7
-74 21 35
83 76 84
-97 -74 -87
-37 75 -13
-11 -57 3
19 82 31
20 28 -17
10 44 -2
-97 41 68
60 -64 -18
-5 -35 86
92 -99 22
-39 38 -22
-100 83 54
-77 -27 59
-98 -12 78
4 67 80
83 85 -50
60 42 18
-73 24 -44
-77 -76 40
-47 99 -60
47 -57 63
-46 14 -70
-33 13 -71
-18 81 96
-68 -71 0
-98 -42 76
25 -43 -95
-8 -86 44
-36 11 53
-56 -90 -39
-80 38 -29
12 22 38
-61 -39 45
8 -24 -30
83 57 22
-69 -40 25
-70 50 -95
44 -66 -86
-60 -21 45
82 89 -38
-8 -45 -89
-32 -82 92
80 -85 -2
80 -64 -74
-29 82 -91
35 -37 -74
-61 63 -88
13 -54 78
-67 15 -25
-80 15 33
-18 -64 62
96 74 22
-1 62 -96
-81 -32 81
68 -1 -37
-75 66 47
90 92 33
95 62 -2
83 16 -30
-48 -20 -60
54 -46 12
-94 46 -59
-83 -1 41
-61 -42 81
14 13 -16
-26 -37 -24
64 -25 -8
28 80 -38
-91 12 -46
-67 34 85
38 -49 63
-16 17 60
99 34 33
-21 94 32
83 -51 -91
-42 21 -89
22 14 -9
-33 44 -80
-46 -26 -31
-44 74 94
-37 98 -47
-58 52 -53
-89 56 57
-71 70 -62
31 98 72
23 -93 -10
-89 -11 27
-26 17 -66
-63 98 -96
60 -9 -42
-27 -99 -2
-62 -25 -35
77 -22 33
21 -43 -97
-94 43 21
57 59 85
91 -25 4
-48 -93 16
4 85 98
79 -13 -28
-67 31 39
-70 -28 -41
-67 -6 54
10 14 50
-42 -2 7
13 -49 95
66 20 24
-38 -14 55
58 37 73
42 -8 -32
84 19 -67
20 27 -41
-24 -49 7
84 -88 -34
-32 -29 3
-93 -64 -70
-28 17 29
38 15 1
81 -11 99
-69 -21 -57
1 -93 -67
44 13 58
-60 -43 -84
-33 -64 73
26 -10 -72
-33 1 62
-67 14 -61
-9 -84 -60
8 7 84
-88 -10 -34
-2 -52 23
-43 8 84
-28 7 80
-41 5 -80
38 -11 79
-71 -24 26
21 51 -52
-8 -40 9
27 -35 66
6 74 33
-7 85 7
-68 28 39
43 97 81
-86 -69 26
-39 -67 -91
2 32 -99
19 -48 -84
-100 -79 -19
-30 48 30
-18 96 -6
-95 0 -20
-52 41 57
-81 -8 31
-95 77 -73
60 34 -55
67 -42 -19
-1 55 14
-80 81 -55
95 33 43
65 -41 -12
43 -55 28
12 -45 -6
-32 84 -49
-2 -26 49
62 21 20
95 -9 -11
8 77 -78
68 -35 2
4 76 -46
44 46 -24
26 -57 -41
-1 -80 -73
-63 42 44
20 7 -39
17 81 76
88 -70 59
-28 73 -87
-30 -22 -21
-93 -45 -67
-29 -11 70
49 -63 -15
-72 -36 96
99 45 -66
63 -91 -94
48 22 72
-12 -47 -35
95 -57 82
99 -40 -17
-49 -53 20
21 -95 -61
26 48 -30
-100 -1 70
32 13 -89
45 28 -16
-24 28 -68
16 37 15
-84 -62 -65
-84 -21 2
-6 -88 -98
-44 67 72
-83 -47 69
66 -4 -41
-37 38 -52
-74 2 22
85 -42 -55
-2 -63 5
-34 74 96
75 21 82
-53 80 -34
45 -16 73
-30 -83 75
8 -4 -70
93 -56 45
82 83 97
-87 -28 4
-12 -73 -68
23 -56 7
31 -53 -84
-50 78 99
73 66 48
1 -19 57
-8 -51 -66
-47 91 58
-96 -17 36
-15 -9 -45
-86 24 -16
-8 -87 -89
67 9 -61
-3 -99 -1
26 -9 -69
-91 90 0
-74 -81 4
-26 -27 92
86 21 -72
-59 37 -24
59 -58 -83
31 25 -60
91 69 -22
35 -96 -88
34 85 94
59 -30 -28
-50 -27 19
8 -65 -99
64 -65 -55
-41 28 52
-51 78 97
42 62 -26
82 69 59
-25 54 47
-33 -34 -82
74 -96 90
7 4 -48
-54 -76 -3
96 -57 19
-60 74 -45
-19 -63 95
79 -99 -44
72 -49 -84
43 16 -71
-34 37 16
24 76 -15
-61 1 12
-77 -78 61
33 12 82
82 -6 -98
28 -39 87
-48 -29 63
43 -82 -31
57 -92 -40
75 7 79
-73 -11 -39
-62 33 79
11 34 76
-35 32 81
-98 93 -93
27 -70 79
47 63 -26
-29 2 -10
38 -2 -91
-54 84 -24
68 24 -18
38 -70 25
99 -55 24
-85 -63 24
-47 96 -57
-48 -52 -13
69 72 -10
77 30 -33
-41 38 28
-82 -48 -76
-43 -81 -1
43 85 -76
32 -1 95
61 -17 27
-19 -54 -5
80 -69 79
25 77 11
-75 -18 82
-10 -70 -44
83 39 -48
47 -30 -68
6 39 10
88 -58 74
-46 74 -19
67 -33 -84
-35 -19 70
-56 9 75
91 -68 65
20 -98 89
-42 84 -40
-92 -46 52
-7 77 -61
99 -82 19
84 -19 -53
-8 -42 -86
32 79 -77
17 23 83
66 90 -3
-82 45 -9
97 29 9
9 58 -48
93 12 -77
79 -33 -52
74 -47 -41
-82 -29 -100
-98 99 -17
-39 4 -85
76 83 -75
-46 -41 87
46 74 -48
-17 -27 48
59 -31 92
84 -94 67
6 -67 26
-5 10 47
-95 69 -83
-7 24 89
38 72 94
-84 83 -8
-62 -71 51
-97 -20 -21
-26 83 49
31 19 -13
80 -83 88
34 86 -92
64 -89 70
-97 67 -8
17 51 53
82 -26 -37
-65 -61 47
-83 -84 76
51 -61 -45
51 33 65
-30 12 -26
47 45 -79
-12 -11 -65
45 87 -5
-86 -70 -49
28 -81 -67
26 4 -50
41 99 -72
55 63 3
-71 24 1
37 23 17
41 96 12
-29 39 -65
-84 31 -7
45 -90 83
-84 -95 55
29 -44 83
57 -24 -27
61 44 -98
-83 -50 54
18 53 50
97 44 -92
-9 -43 96
51 56 63
57 25 -87
99 80 -59
40 42 79
-67 -25 -93
2 -1 -34
35 75 -34
-25 49 -37
-15 39 -88
31 -93 -48
68 90 65
56 81 22
-33 -80 22
-66 -36 16
31 97 78
90 -95 61
30 19 -66
72 99 -39
21 -82 -7
-46 -3 -19
33 -95 -59
-86 -39 10
72 80 -11
-5 -75 -7
-5 38 -43
-50 42 -28
-40 56 -10
-23 -8 -76
74 -98 86
-56 94 -52
-32 -72 -4
-9 -75 72
-8 15 -70
-19 64 -97
-10 14 -51
-6 45 -11
-92 -88 7
-61 -96 -91
76 56 -48
27 25 -73
40 93 -63
-46 11 79
-86 -9 -21
-16 -34 -13
-92 -98 -19
2 -76 67
-96 -54 54
-34 -66 -96
