271 3999
-7841 9577 -9431 -8066
2485 -2175 4317 -1227
-4387 852 -8264 2961
6184 -8391 4764 -4011
-197 6999 7323 -135
-8355 -8759 -576 7185
3743 -2627 -3164 -3492
-5468 8919 -7168 8836
1517 2852 7051 -6145
-2694 7579 -5663 8861
4109 2583 9600 8364
-2642 7354 -6974 9426
7687 -8574 3430 -4404
-1259 -8355 -9254 -2981
9376 5694 -232 -316
-8855 -605 -2265 2147
7443 -1295 7365 -1894
-54 360 6650 6904
7172 2504 6550 707
2153 7846 -2528 -38
300 7421 1169 320
-9169 8367 -9787 3651
-9946 -4755 8419 7646
3152 7801 -8763 -3541
6166 -9395 1570 1066
9144 7223 3209 -1198
5640 2493 6821 8001
-7483 -374 -7204 -1132
348 -8321 -9914 -6447
-3555 9037 6117 4899
9078 1164 8224 2978
6796 4220 -4109 7470
3558 -7091 -6233 6306
3284 -9668 -5604 5877
4874 -4852 -1034 -1244
2926 1930 -3155 -9553
-2350 -34 -3861 9117
-3970 -5012 4895 -3231
5136 -3030 -1133 -1821
-7022 -3321 3123 -3920
-2267 -367 2600 -5263
-8543 -9220 5135 1571
-7477 3400 -3542 -1402
7847 -201 5423 -8339
4407 509 -8589 -8191
-7608 9423 5423 7420
-5452 6847 -5723 2828
-8187 -1487 3981 662
8374 4498 7793 -1825
6600 -4051 5460 -2339
8338 -1248 -174 9491
7317 2451 -2981 4230
-1811 3109 -4727 -4034
-1593 -107 -9158 -6646
8650 8542 1685 -1037
976 3939 7396 3833
-6266 -532 -1785 -488
-1709 -6722 -9102 -4144
-9205 5733 6981 4237
1589 -1096 8493 -7706
-9182 -7713 -4352 7617
9916 6884 4100 -1018
5244 -5241 -1157 -9969
-7638 8943 -9646 1435
-7585 8305 -5905 9994
-4390 2895 -6041 5949
5115 3287 -5322 4538
6279 2571 844 -3952
-5995 3894 -8661 327
-5825 -3064 3826 559
8296 9934 -5081 7964
4203 2905 -1659 -318
3658 -5141 -5497 -6115
-3185 1365 -5314 407
-1649 6943 -9773 -698
4952 1196 -905 8384
-1888 -7843 1834 5219
-3382 6683 1109 -4921
-9953 -949 -4953 -889
2307 -8334 6219 -5682
-8928 2397 -5331 -1690
4681 3671 -5560 7333
-1574 6428 -6323 7721
-7209 9772 3729 6862
-9939 4344 -6765 4075
3874 -292 3461 -3946
8986 4788 -2179 -4070
9450 -7482 2200 -9562
-2084 -4720 -5985 6126
9954 6897 1354 9923
9124 -9275 -1123 4944
8643 5468 797 -4249
-1557 -6968 -3143 -9953
3313 -1988 -4507 -9525
-3995 -6187 1302 2498
-5428 7116 9083 6555
-8738 -4185 -9993 4701
-4887 7964 2609 2900
7245 9995 -1712 5784
7441 4614 -898 5289
-2441 -7125 8405 8969
-2944 -6750 9490 -9237
-8863 22 -2931 7610
-8511 -5281 2939 3473
374 -2839 -1733 -1644
-2279 9698 9048 -1782
-8178 9350 -5111 -1633
-9138 9068 1684 -3544
-9131 581 -839 1210
5626 9653 6892 4212
-781 -1758 8771 -4496
-8472 1680 -606 -7036
-1870 2356 8371 -2053
-9793 -3586 -8074 6649
460 8113 -8273 -1007
1792 6324 -9322 -5658
-2269 762 87 9402
5228 -8437 -2164 -1764
4073 -1191 -456 2075
3077 -3890 -5591 6832
1909 6876 -2608 -3937
-2218 9151 6097 9309
-3385 8228 -9924 -7255
826 -1106 6327 4110
-945 1275 -9516 4982
5047 -2721 -5899 -198
-8118 -2685 -191 95
-4529 3790 1089 -7845
-1590 1100 3437 -3420
-6971 8129 -3870 2925
-2269 -4779 -7103 1542
2889 7636 -8995 8277
-7717 5460 425 -9659
5768 9669 -1026 8797
-8703 3625 -4568 1601
-8049 -2848 6653 -3384
8776 9091 -9883 -6333
-5150 -5809 2977 2154
5631 6576 -2418 -9178
-1142 2770 4376 4191
-6258 2536 -1571 1361
-3935 -6113 2622 7949
9214 5049 -1347 4344
8584 -5476 -8511 -6670
3540 230 8769 -6608
652 992 3805 -8392
765 -5082 3889 -3481
5754 128 -801 2535
4258 4088 -5827 -5005
-9521 -9146 179 -3777
-9211 3259 8455 -6772
-3127 9822 -2724 -5353
2579 -413 2111 2828
-6678 -6422 -7610 6991
-9196 -4588 6993 6564
5595 4694 6296 -3
3263 4250 4779 4822
-508 -3056 3105 -1439
3917 1846 7156 8538
-6801 2750 -1417 -8153
-8275 6344 2850 -9576
252 8393 9811 9734
2634 -6824 5982 8949
-8195 1019 -5244 -5756
-6199 -1890 -7510 813
1407 3853 6264 8388
-6152 9434 4746 5885
6639 269 -3503 7291
-5652 8443 7690 -901
-3306 -5881 -1038 8566
-1036 -2216 -3774 -5111
-2206 -9979 -2160 -1470
333 -5321 -3840 5296
-133 -3864 4752 -315
5251 5924 3408 -7533
-1553 9961 -3816 -4470
2001 -8710 4574 -3135
-3406 9667 2278 1035
5353 -1632 1194 -1696
7093 -1212 -6839 -9930
4965 -8411 -3148 -3540
2919 3965 9666 -1156
1296 4584 8863 -1008
9026 -2680 5644 -3851
6672 6377 -126 -8122
-6521 310 -3087 5900
6421 5637 -375 4013
-2315 1944 5077 -561
3080 1186 -8541 76
2048 9899 6244 9070
6591 -967 -6061 2447
6127 -8542 5226 -1147
4556 -8987 3144 -4942
-2488 703 9820 -7138
4741 8232 -9810 -1854
4860 -7555 890 -1948
362 8442 -5882 6994
8129 -3341 -4665 -8163
-5292 2643 -2455 -303
-9659 -9488 -7004 -294
1608 6687 -1801 -820
-255 -7922 6675 6163
-3998 -6710 9585 9236
694 4903 -8944 -129
-7211 -1156 2018 4597
2416 -5015 -8501 -5251
-5882 6792 -70 1593
-7775 -9492 -4898 9910
-8450 7094 -5200 -3894
-9372 -880 2245 2216
8958 617 6215 -7822
-7105 1626 2325 9862
-9476 -6342 1373 963
-5647 -9927 6837 4649
-3848 -4544 -9059 -1574
5852 6852 -3237 5749
-1610 7330 5552 5490
4955 2846 -7218 8528
-490 3624 4251 -7876
-748 2784 5283 7820
7285 4339 5521 -957
4735 5440 5784 917
2827 -7490 -9436 -1681
-3572 -378 -4203 -2305
7832 7096 976 5603
6751 5740 2188 5973
8841 -3281 -1612 -5768
7051 6793 594 -9195
9933 7784 -6283 9018
2597 -6946 6722 -5673
-6493 -6884 7565 -2544
3939 -6189 9572 -9812
-9130 988 8095 -2059
3968 891 -2117 -356
2444 5184 -4684 -5539
-7303 -3363 -9492 5211
8784 -4033 4611 3563
317 5355 9019 -4724
9479 949 -6684 9823
7669 -9890 -5648 9530
-4622 -3223 2896 -7491
8999 6149 -1276 4617
-889 6421 6479 3161
439 9560 -9574 -7220
-36 -5770 7075 2491
6174 -6303 -4173 37
8793 -6188 9281 -9568
6081 8753 8936 -3270
678 -5620 -3745 1343
6087 -4596 -7222 -8010
3838 2511 -1476 -9864
7883 2292 4584 4164
7642 506 -3280 9979
6335 1141 4918 -5396
7807 -546 4054 6667
4792 6061 -2164 6310
-6992 -3370 -8093 -533
1108 -7208 8958 -3909
6263 3814 -1791 8562
8950 -8985 -1858 1325
-3433 6197 -7316 -3977
69 -4507 2751 -6049
8704 -9606 -6920 1657
-8319 -8118 8710 1349
5068 -8516 5502 3333
-6075 -3571 7166 -4859
-7235 -3846 -4453 -3638
2950 4703 1752 -1596
7044 294 4361 1896
2163 -2705 9499 -9513
5893 -8602 -149 2355
-5 86 -97
-81 40 -90
48 89 -72
6 -75 38
94 79 54
-44 -81 54
80 53 86
75 -57 -36
78 52 -33
-79 29 27
-19 76 -3
-12 75 84
23 -52 -76
-77 -45 -1
-15 -5 -38
57 -6 -20
-70 56 -2
-27 27 92
-23 -98 -41
2 -42 -49
-29 -62 -20
-28 89 90
99 51 5
58 -100 30
-74 -100 -13
-61 -38 -73
76 9 43
76 -11 35
-84 83 7
-45 98 -82
97 40 -23
-29 -42 -25
-10 60 89
17 80 76
-20 11 19
77 -31 -66
-92 82 -70
98 -39 -91
-96 69 -32
-73 32 -28
49 -77 -83
-30 -83 20
-68 78 -3
36 -4 24
36 -7 6
24 66 59
51 -81 -48
17 25 42
-46 12 62
-42 -98 -30
-44 69 81
66 -54 -38
88 74 -63
-19 11 -27
-44 69 -2
33 88 21
99 -76 36
-66 -11 -25
9 4 -20
83 91 -41
-87 59 -42
-71 78 96
90 63 -8
-71 19 54
-57 32 -78
-1 -35 -62
68 -11 -53
-36 16 8
-89 75 97
64 34 -85
67 -13 92
-40 -49 20
-82 32 3
32 -26 87
-83 -31 -98
68 19 29
-19 1 -86
6 -87 90
-80 7 -47
59 42 -26
-55 36 70
-86 -39 49
56 20 71
13 -48 -63
75 65 22
97 -28 22
98 34 97
94 54 -62
-94 -9 24
-28 12 44
-89 -78 47
64 70 21
-20 -15 89
-96 64 11
25 -90 80
-95 -72 -26
-79 92 -55
8 37 70
-82 51 -93
23 -75 39
88 -19 -81
7 25 -79
38 -12 9
-43 -16 -99
-58 -59 -66
-36 28 -10
-76 -47 6
-38 -13 -98
53 8 45
45 80 38
75 -42 -81
-18 53 -36
49 -31 1
21 -10 -86
-8 49 -72
-62 86 -82
-39 23 35
-12 -98 -43
-18 -17 -66
-73 -78 -71
74 -19 -59
71 44 30
74 -13 -70
98 17 -15
20 -80 10
60 92 49
1 6 42
-38 84 33
70 31 52
93 -76 98
6 -86 34
23 -33 4
71 -29 6
-62 -60 76
-1 -12 -42
-54 69 -59
63 -15 -51
-45 -15 45
-77 -49 -84
-52 -1 -86
99 4 22
4 -13 -67
30 -5 42
-58 -61 78
73 1 -83
-71 -7 -45
0 20 -94
-33 74 -55
-17 75 -34
46 -55 -21
43 -2 59
-74 34 -23
-81 -68 70
5 -20 -77
-97 52 60
-83 -6 79
-78 15 -47
75 -65 -64
42 -17 -55
-24 29 87
-54 88 49
-41 96 65
45 -41 24
70 36 -59
-53 38 31
97 -32 -36
35 12 -71
-63 44 86
88 43 40
21 -38 9
-53 28 77
99 51 66
57 81 58
-88 -6 50
49 29 -21
-62 -25 88
-69 -54 96
73 5 -29
-30 -62 -15
-30 -42 -90
4 14 -63
-61 -91 -43
-70 58 -4
37 -47 -92
-7 -99 -93
-96 10 40
72 54 3
-41 41 -61
60 43 46
-18 6 18
-55 -31 21
74 33 -89
-74 -68 -25
87 -42 56
9 62 -69
29 50 -23
59 -23 7
-52 70 87
24 -52 -43
42 -91 -71
44 76 20
5 -31 24
26 -9 -19
-2 92 -31
47 70 87
13 92 96
24 43 66
87 50 -22
-13 -28 2
-59 87 25
16 58 52
-96 7 28
-27 57 -46
-67 -93 19
31 -90 13
-74 -25 4
18 22 45
35 -20 52
-39 54 95
-78 20 17
29 -94 62
92 -55 -95
-28 -58 -16
17 -46 9
24 47 -7
17 -15 -52
50 -73 0
22 46 -73
-80 -34 98
-44 -82 23
26 -84 -77
-24 80 -14
-37 -48 -88
-47 -55 -40
4 -75 -40
-96 -64 17
31 17 -63
-40 -92 3
91 86 -39
71 -39 95
-3 25 92
-100 37 18
-81 30 38
-55 16 -89
-45 -54 32
38 35 16
-88 96 -73
-31 -1 -91
21 -84 39
56 -1 -22
28 43 63
-55 24 3
5 17 73
3 21 -78
45 34 -37
-31 47 1
12 19 41
-84 95 96
36 2 -95
-87 74 97
-10 -93 4
34 -40 -14
32 13 -79
28 -90 -42
-68 -40 -51
-25 77 54
57 66 96
-40 -97 -25
6 68 -63
91 27 12
29 -14 -57
-78 -59 -17
5 88 86
-33 40 99
-49 -72 10
-18 -40 61
-61 -38 -10
-79 -98 -96
66 65 -35
27 63 -88
70 16 75
-16 -97 79
-96 57 96
-75 16 23
45 76 94
-18 -80 53
-14 -38 14
96 -16 9
16 8 37
5 -83 -93
-29 45 -76
39 58 -96
-6 -70 33
56 -15 -87
-3 -60 -20
-45 -94 -16
-14 97 -80
78 -72 -42
-68 -22 -59
48 67 3
54 50 -57
21 27 -31
3 -47 6
40 82 -47
39 57 -25
-99 -25 85
-45 -66 -51
-10 -27 -68
-20 -16 93
-64 -41 -46
-2 94 -81
88 -41 48
14 -78 24
33 35 25
24 -1 -89
-3 13 -65
-3 -95 -71
-62 30 -31
9 -23 -32
-56 45 69
-86 -44 63
1 82 88
13 -86 -84
-41 -5 13
-3 43 -34
-93 -52 -71
-58 32 59
-17 -9 68
91 -30 89
-56 -33 -20
61 48 -3
-13 -5 73
7 -21 -45
-8 -79 96
-70 89 64
36 -73 80
21 -84 67
-58 24 99
-2 99 -73
27 23 -93
9 98 -38
-15 96 3
-41 47 -21
66 -21 -45
46 43 -37
-57 37 17
-20 21 68
-16 71 77
-75 30 63
12 -38 -67
58 98 86
-76 18 81
30 10 78
6 -69 -87
75 68 72
-35 93 92
-21 51 -16
-1 -32 74
55 -19 -93
87 -83 -10
-88 97 -19
-55 54 -62
-71 78 10
-43 3 -54
-87 -85 -99
-86 -51 -62
19 67 31
94 70 91
6 -9 -85
-37 52 -59
-56 11 -16
-24 33 -100
-61 -53 -17
-72 -32 -92
-58 7 3
55 89 -93
-9 87 69
-42 5 -44
96 -18 30
5 55 -14
57 -77 79
-41 39 10
-57 -74 -98
96 37 28
-28 -12 -9
52 -39 25
51 0 41
72 -35 -59
-24 -54 -46
-59 -68 -21
12 -86 -29
-88 -16 -25
32 -65 -26
-5 -58 38
41 -11 -16
-98 1 -60
-69 6 -24
-73 98 40
44 41 1
-97 65 76
-26 77 -11
-15 43 -53
-12 66 7
-13 34 -17
95 -75 -38
-44 74 -57
12 -12 26
-39 80 32
-6 -14 -16
-82 10 -20
98 -70 65
97 37 -17
26 -65 21
5 40 -77
-92 37 85
86 94 93
-77 81 -69
-92 -76 1
-51 56 -7
2 72 54
-77 -44 4
26 2 -44
-39 -62 92
-82 -55 -98
74 36 41
76 79 -45
40 -25 -96
32 34 60
43 91 -55
-10 -4 8
8 -26 0
-36 91 -60
44 -24 32
23 97 13
86 58 -63
-52 -50 -14
-68 35 55
1 51 -29
62 -42 -26
-43 -66 58
-91 -9 66
-70 37 52
95 29 40
27 -39 75
60 81 37
-3 77 51
-20 32 -49
63 -77 -31
90 88 -76
-64 83 -90
3 46 -58
67 -48 -88
-58 73 54
89 -16 -58
-89 4 -29
4 -16 61
93 -67 -16
-58 67 -71
-48 -54 99
92 39 52
-57 -73 7
-67 -38 22
26 81 -31
59 -64 20
-1 18 -39
-82 55 36
59 29 18
-52 -38 86
31 -68 28
-15 -6 -50
-2 -80 -52
92 29 2
-81 81 -51
70 28 6
79 -39 -69
66 14 -89
-10 -18 11
-32 -43 6
68 -36 64
-86 -48 94
-21 -92 -69
-28 -87 5
-24 7 64
-2 92 6
91 83 6
-3 -98 14
-96 36 -62
-61 -27 -78
-82 91 -7
-31 -21 -94
-9 8 36
-5 -88 -25
-31 85 -4
-48 -16 47
86 -84 -54
9 58 -76
92 -90 -20
63 -79 -84
65 34 64
-90 -28 -36
67 -18 -46
-93 13 90
55 -11 -9
-31 -55 -66
49 45 -55
28 25 34
83 67 -88
28 9 -47
93 80 22
7 32 60
-88 -67 8
52 -51 -77
-80 46 -85
-1 -71 70
65 61 68
23 68 -99
6 -46 -50
60 62 9
-65 13 -34
-100 60 -85
43 96 -85
-64 -94 84
35 -87 -55
-39 -59 71
-29 -4 -11
-100 -38 94
-23 -5 -7
-61 -30 25
89 66 94
28 -6 -14
87 -47 88
70 -62 -28
-53 -69 -35
-95 -52 91
67 -11 26
-60 28 -35
93 20 -42
95 -16 50
24 15 63
-50 -79 10
-2 12 33
-2 24 50
82 49 11
-46 -28 7
76 80 10
94 -29 39
-29 78 -41
52 77 -73
29 -12 87
86 -88 -67
-67 -6 78
-97 7 82
50 36 -61
-90 65 24
-43 -55 70
-17 37 -4
-82 -37 -73
45 63 56
6 -17 -2
-24 47 -33
89 -48 -30
6 73 -18
-67 -46 58
-22 3 -50
-35 78 -10
-82 -80 -17
-70 90 87
56 63 54
78 -74 66
39 -45 -10
-24 64 -16
-66 -25 54
-98 -20 -84
30 -76 -47
80 -2 -69
28 -15 87
-81 -51 10
19 92 -50
55 93 8
93 -53 6
-63 -9 -51
47 19 -20
-27 -13 93
33 -4 45
-3 -4 76
-52 -25 9
33 65 -81
52 -65 -15
-39 -42 -79
87 53 39
96 32 36
0 -96 51
77 68 75
-19 25 59
16 88 62
30 -54 83
-43 -19 47
-50 14 -54
-57 84 33
-85 15 -72
-42 95 -50
-66 -89 -94
-55 19 -20
-2 81 34
56 7 -99
-23 64 85
9 91 -44
-61 -46 33
81 24 -23
-83 -80 89
30 -1 -67
27 -55 20
85 -90 -28
-89 -48 -4
-66 -10 44
-59 48 -14
-46 -56 92
-77 38 -37
84 -70 85
-25 29 -87
37 84 67
-89 63 59
-14 47 71
-97 89 22
8 34 -30
-12 -62 -77
14 30 70
-31 41 -74
-39 71 -66
19 63 -69
-15 -58 -67
46 49 -84
15 49 61
47 -51 11
69 4 25
53 -95 82
-28 -85 71
15 -17 -71
89 92 80
80 46 -7
-95 66 -11
80 -23 -35
-48 -80 87
38 -37 -77
63 41 -99
10 -66 58
-40 -53 -4
-12 17 47
53 -4 -25
-98 74 -89
38 -2 95
73 -77 49
-51 -86 39
33 -82 -84
41 78 -82
6 26 -26
44 99 -8
33 29 -93
-43 26 52
50 37 96
13 -39 -86
-48 -68 -77
52 21 76
81 -85 26
36 -27 -5
59 74 96
28 -58 0
73 -22 -63
91 -78 90
89 -79 -59
-94 16 -75
-1 -84 -59
-97 6 93
-22 81 -3
-4 -11 -57
89 -62 -52
-54 4 -77
-82 60 44
28 -99 25
-31 56 -55
-4 -86 76
-26 66 -58
31 -63 -42
95 59 8
-87 39 26
-11 -78 22
-29 -89 92
-35 63 42
-56 58 12
-47 92 -65
72 -94 31
7 1 -93
27 39 -82
-2 -84 98
76 -63 56
67 -60 22
-52 -14 82
-99 47 91
2 43 -12
36 -37 40
85 39 18
-15 -99 -16
-85 -46 45
62 -95 -79
24 -27 25
94 -33 -81
92 18 53
-18 26 33
-84 -64 -66
78 30 -11
84 -21 -50
83 20 -18
99 44 -61
-85 -27 -68
-97 -31 49
-17 97 56
82 -70 52
27 -67 42
-38 5 -44
-97 48 -59
-84 37 4
45 51 54
88 62 41
-100 97 94
-30 -91 59
13 -81 16
84 77 15
68 61 24
-22 -7 80
-60 65 49
14 -94 -1
-44 -47 -19
65 -9 -37
-4 9 -48
30 -49 -79
-78 10 -58
-23 -77 34
-69 38 -62
20 -58 6
3 30 -80
-8 18 -13
58 -99 1
57 -1 68
40 -88 -81
-92 -72 -59
39 96 -41
68 78 -44
-94 -8 39
-15 -27 83
-26 16 32
18 7 75
18 -23 11
-44 -73 17
-99 -54 8
40 -4 10
92 46 -62
-50 -82 23
48 -84 -2
10 -11 -64
-94 -21 -78
-13 39 -79
52 84 -79
-16 9 4
78 -3 94
96 -22 22
-85 48 -36
-36 71 -97
-7 85 76
73 -46 52
-11 15 96
-54 -24 45
29 46 8
85 13 -8
-17 91 99
37 48 -14
21 46 -77
-71 -42 71
-59 13 -93
-40 87 -31
44 37 -25
58 88 37
-35 -63 17
-55 -37 49
-83 29 -17
13 -14 -71
3 11 -67
85 27 55
67 42 -96
20 -90 -46
86 -92 -81
95 72 40
44 46 -85
60 95 69
41 64 73
-62 89 -24
-29 -44 95
86 -30 -16
60 36 -13
-94 64 39
-61 -42 -78
-64 9 -21
39 70 90
23 -94 -27
57 59 99
19 -59 -71
-23 -85 36
48 -12 -38
-29 99 50
85 53 83
-56 46 -7
-95 -28 -11
68 52 51
80 -24 79
98 90 -50
48 -42 42
10 -11 -21
-94 -48 69
91 97 29
-99 21 97
-44 -54 13
-85 99 50
18 34 49
-86 76 -45
-53 53 43
72 60 39
99 -15 -35
-93 57 -19
24 16 32
27 -49 14
37 36 -28
-100 -11 -69
82 -98 22
-17 -99 -21
-93 -16 -51
-35 23 84
32 80 -71
-84 82 22
57 4 -38
-92 -2 -53
-64 39 -66
97 -27 89
82 -92 -64
-50 50 23
-22 19 -62
-58 22 28
-10 -5 6
29 80 98
2 -4 -12
-25 -43 -2
-59 -23 -80
-11 19 44
-9 -25 -91
-77 -22 -81
86 -42 -71
-9 24 -40
-70 86 -33
91 47 5
-65 59 -71
-25 85 61
-45 2 -86
-18 -19 51
-32 54 -27
-55 44 66
56 97 88
79 -32 43
-84 80 12
44 90 8
87 -13 49
31 -17 -63
25 63 60
28 39 -63
-1 -45 10
-21 36 -40
16 -60 58
77 14 34
-31 87 -61
2 88 -77
-58 41 -2
59 -63 -55
-99 -49 -10
29 -19 54
-48 19 14
56 35 -25
67 89 -44
-46 -72 73
-62 55 36
-41 -43 76
65 44 -26
-73 -76 -43
-22 26 -13
95 14 53
-32 96 27
78 35 51
28 2 -53
76 -38 -44
78 -46 -80
-51 98 -86
-56 -13 -18
-53 58 -94
-100 -35 59
13 -63 -91
-10 13 25
-50 11 -56
29 -34 35
-17 -42 -65
58 38 36
98 27 0
-29 18 -41
-53 21 -10
-63 -16 14
-25 62 11
4 -8 -45
-75 -74 9
63 -70 -22
-81 -94 35
-74 -63 89
-3 83 40
45 95 39
-96 1 -5
53 79 57
-5 -71 27
-25 2 48
17 51 -33
88 30 50
-52 -36 -79
-81 -87 63
-79 -49 -99
-62 23 58
26 78 18
-93 40 -52
25 -62 -55
55 63 -2
-39 -17 9
28 -81 21
-99 -59 -89
71 60 -62
-90 -46 -18
-32 -12 -78
-98 94 -17
78 98 -71
-64 83 46
-73 -42 -94
-11 -30 -5
-76 57 59
-40 -37 -65
-17 3 2
-91 82 79
47 73 -68
76 40 61
85 62 82
19 -31 -77
-79 -98 72
-18 -36 81
-92 -85 -22
-92 0 -55
-36 86 15
68 31 -87
74 25 -15
12 -46 -27
-70 7 89
-70 -11 -72
-8 -27 31
-75 18 0
-35 -99 -82
25 7 -10
-19 29 59
30 10 -93
92 53 10
-67 -34 96
-60 17 -94
5 85 59
80 -44 90
-33 -50 -20
-3 6 -81
-1 95 10
64 95 78
81 41 54
90 65 86
93 -54 21
36 70 -29
-59 65 -63
22 62 -44
-41 -10 -82
-1 94 40
28 88 -13
-29 30 71
-64 57 -22
51 -31 -58
-25 -90 22
-22 -52 -72
-31 37 40
-59 17 70
-81 88 10
-3 -91 -40
27 -69 95
94 73 97
2 93 -9
-49 -65 15
67 3 -64
29 -80 -49
-57 -84 -68
67 -18 -64
-73 2 32
-5 -48 84
82 -37 86
-9 61 29
65 35 10
-14 53 72
-72 -58 -54
71 36 -20
-35 33 35
-94 78 7
-41 93 -16
92 1 85
-48 -57 78
-52 45 -7
-13 -81 -29
71 76 -2
-31 -67 32
41 97 -56
-27 -33 -1
23 54 17
-71 -100 29
-17 42 15
-48 -93 25
79 35 -100
33 69 -42
16 -21 18
-94 -72 21
26 19 -6
22 -34 95
-95 -66 76
96 -55 24
63 0 32
-58 22 -19
-89 38 71
48 -77 59
-77 3 -9
38 5 7
54 58 -23
-11 -66 81
23 2 -90
-11 0 -34
-94 -67 32
-23 -66 -17
-57 87 -50
-42 -4 2
-58 46 -6
-37 37 0
-89 -49 13
17 51 67
92 45 8
89 -28 -27
71 -74 -62
48 -57 -68
25 -7 -30
17 -69 59
59 76 -23
-7 -64 74
95 -48 11
-93 53 -10
76 54 5
32 81 21
70 18 75
-95 -73 -7
-64 -81 58
-56 5 16
60 -66 -76
26 -94 14
-84 -88 -14
-23 -91 -86
57 -94 -49
55 -60 45
-51 56 -20
-31 -73 -75
-72 -43 67
-66 -51 71
93 24 -47
30 -25 87
-57 -21 -25
71 63 64
83 82 -6
11 37 -25
-33 -12 -81
63 3 26
-20 6 -79
-72 98 -46
21 38 -86
61 26 33
-77 -64 -24
74 -10 13
10 25 98
-27 -33 -55
-34 -22 -16
-42 77 -6
47 -76 93
30 20 -30
-50 -98 12
22 90 20
2 -69 90
-83 73 -38
-59 44 -26
74 29 35
34 -2 4
60 48 92
8 -97 0
40 94 72
-31 -37 41
-19 -51 -64
48 -44 98
94 -77 59
-36 -15 -96
2 84 23
80 -54 22
-60 -67 -26
53 57 64
83 9 26
99 -63 -5
99 -23 -77
-5 -30 46
17 89 91
-40 65 -1
-81 -74 38
-94 -1 39
-35 -5 -2
-47 -80 -67
72 -12 -25
-19 -61 56
-1 63 -12
65 -81 -13
0 32 54
39 -73 20
-79 70 -16
-35 50 46
-41 40 -75
67 45 -4
-70 -26 -75
24 64 20
89 -80 -64
1 24 14
41 -80 -18
-68 7 -28
-32 -74 38
-74 -1 61
-83 -23 87
17 3 -100
-75 77 28
46 90 -69
27 -100 -59
82 80 71
-72 -61 35
-97 -66 -78
94 24 66
45 95 20
12 26 -87
-91 97 -88
-3 -4 -66
-31 19 45
-35 40 73
-87 54 -34
-32 75 40
-22 65 -64
4 -91 61
87 -4 -12
36 65 41
52 -60 63
-17 -21 8
74 -95 19
-84 -60 86
88 79 -86
-39 -95 -31
-59 -94 65
-87 6 50
69 -88 -38
-34 -51 -7
-98 56 93
25 -31 1
-99 -34 89
57 -55 -39
-12 -11 28
60 17 99
28 69 44
-51 -12 96
-35 -32 98
41 16 -99
57 9 -1
57 96 12
75 -62 -5
25 -78 48
-34 -44 -26
-89 82 -72
-32 67 -92
-79 26 -28
-99 46 52
-9 53 41
-36 48 -83
-75 67 41
82 -79 51
49 73 92
3 10 -53
-54 75 -67
-66 23 42
93 -59 52
0 77 -24
88 -50 -5
-31 -24 -55
17 4 14
-62 -98 26
-48 -77 19
89 -43 37
27 72 93
57 30 -19
21 54 64
-97 56 -54
89 -31 25
89 -79 -5
76 57 97
-15 79 36
-97 -67 -82
-14 -43 15
6 13 -70
16 12 75
9 -27 -6
76 -40 54
0 -82 86
38 -85 -28
-100 -80 29
-12 73 -80
90 -46 72
-48 1 -79
19 -51 8
-33 3 13
-91 -11 -51
-47 -85 -79
-56 -91 6
-91 -80 4
50 83 -41
48 21 -40
58 -27 8
-43 7 51
62 -38 -67
-75 68 39
47 -19 35
16 47 -60
95 -37 74
-17 -77 -10
62 -4 39
-92 19 -28
-3 -41 99
-67 -96 71
-51 -29 15
63 60 -14
31 5 -32
56 36 50
77 -70 -63
-63 -46 -87
-9 -14 -18
-99 47 45
-7 -11 99
-88 -33 58
27 57 -89
-81 91 94
-26 -93 55
-19 -98 -24
23 27 -31
66 -91 68
57 7 -19
-31 67 97
-28 -25 -32
-64 6 -18
-65 36 -10
10 -21 11
28 -97 10
46 37 -79
63 -65 -62
87 -66 -96
-86 -59 -68
32 -45 -85
-75 54 90
40 -70 41
-97 -73 -48
-66 -88 -67
41 -76 -64
76 62 11
95 79 -49
-72 66 -3
-23 -88 32
51 -56 28
76 57 -90
-28 -44 -75
-76 88 43
75 -60 -8
-74 2 -65
-53 -57 81
37 -29 80
-47 55 -18
-72 -83 -11
37 26 21
5 -58 -94
-32 -71 -66
-38 -31 -68
-93 -43 10
6 30 64
-79 -8 -44
-1 -54 -85
-77 -11 79
-67 11 -42
41 -84 -35
-93 -21 1
-100 -10 -65
82 -61 24
93 59 61
-39 20 0
20 -77 -65
-6 90 28
6 33 90
34 -80 82
-53 25 -20
76 68 26
82 -33 -12
-98 -51 98
-28 -21 5
70 -92 -93
44 -22 66
-39 -45 -49
32 83 24
50 -81 44
-67 -69 -31
-33 -63 -94
-21 -77 46
43 25 -25
6 9 46
-4 35 55
-70 -11 -20
-42 91 76
27 -33 37
-61 -1 77
-54 83 -15
-1 40 -53
41 -40 -5
-23 24 -78
19 -58 56
-23 90 -67
12 -43 -32
63 23 -66
-89 57 97
-46 -99 91
32 -2 46
-86 49 -15
-90 -18 76
-51 -38 26
47 -80 66
38 -29 41
-39 82 61
10 -80 -47
-88 -33 63
58 -2 -65
-16 -28 95
89 68 -9
10 -20 -46
30 -93 -58
-82 48 45
16 -32 -3
61 7 18
1 7 46
39 -77 92
-46 76 -20
-8 36 91
-77 49 -83
23 28 -20
16 11 42
-23 -49 78
6 92 49
14 -84 -75
31 -36 -80
-87 -45 44
-29 40 -26
96 83 16
82 -5 81
-71 -22 -26
-37 -20 -28
-32 31 44
19 6 -73
75 -44 18
-97 -67 -4
-85 66 95
-28 56 -80
-17 2 -38
-33 -82 -91
16 71 -61
94 92 -39
-3 -47 -17
-42 -63 -79
-14 45 22
82 56 -94
85 35 49
-50 30 -64
91 -78 33
-97 63 2
27 13 -37
-75 -87 73
81 -50 -79
-64 -99 83
-70 5 88
-7 5 -64
32 -6 -30
15 2 24
-97 -64 -46
-79 47 80
-79 -10 38
93 -39 94
95 -99 94
-26 -32 8
94 58 34
53 80 -89
-22 33 50
-50 -35 22
-2 32 7
52 -9 -65
-73 1 10
-91 46 -42
12 97 -7
76 -14 -26
-70 34 50
79 14 37
-50 -3 -42
59 76 -92
66 -12 9
50 -66 -89
87 35 -32
3 -10 76
-93 24 -65
-89 -23 85
-20 26 -94
-4 -12 40
-45 -37 56
-60 47 83
-28 -98 80
-65 67 74
2 -91 -96
-69 81 -36
47 64 13
-100 57 39
-45 -49 36
-89 98 -31
98 -1 24
13 -58 73
-66 -62 -40
-49 37 -6
-87 -28 60
-20 -60 4
-7 70 -29
-42 -83 -28
79 54 64
-75 -24 77
-85 45 73
9 -59 -80
64 83 -60
66 36 -25
40 -38 -82
82 -29 28
90 33 -63
97 -26 57
81 -31 -96
-6 11 1
43 33 -99
81 -6 45
-27 47 -57
-52 10 -55
-12 9 -35
-37 79 92
-35 -66 -10
-92 -90 -82
-12 -9 82
14 38 -34
68 -82 -36
82 11 -41
-69 -7 -22
46 -79 -36
34 79 -76
-70 71 -44
-47 -57 -81
-76 -11 56
-44 79 20
-69 -66 50
-20 -40 16
37 38 81
-78 -10 -32
23 -33 55
44 -64 45
-43 -30 -81
-37 65 62
8 11 -3
-26 -76 -59
62 45 -99
90 96 -90
51 19 -44
-27 -83 -6
63 52 8
-85 -69 -44
32 88 34
54 -91 -55
-6 3 -76
-20 -44 32
48 -70 -74
-7 -8 44
-58 -83 69
87 27 -68
38 73 -69
-20 -51 57
96 99 -99
-57 40 63
46 72 57
42 78 -69
-81 96 -99
10 -16 57
53 39 -19
69 97 -73
-85 34 -50
19 -71 -50
-27 -14 -2
-49 -92 -66
28 -73 -56
-83 -80 72
-34 49 0
16 -43 85
-78 0 42
-65 -42 -24
77 -60 1
-75 0 -94
-31 34 -38
33 95 49
-68 -54 -20
-77 -35 -45
64 -49 97
-55 -40 2
-2 24 8
-56 61 -76
70 -94 -17
59 65 13
55 22 13
-70 23 -1
-23 79 77
24 -29 85
51 -54 20
5 64 26
-9 56 -12
-81 -54 -56
47 24 10
-71 30 1
70 -46 95
-76 -18 -89
28 86 78
42 -59 -4
-98 -34 2
31 82 -25
-75 84 -74
-74 -12 35
12 94 -93
-29 -89 72
82 -21 -51
-4 -51 92
-61 -95 -40
-69 -9 -17
80 -36 -69
-44 -48 -11
97 -93 -66
-77 -23 -89
74 -96 87
-92 4 -98
-23 73 -11
16 -83 -21
49 16 55
-98 -40 61
-3 -51 -56
-81 -26 71
-1 40 33
-28 39 13
-13 -63 -60
-9 90 97
-14 97 93
-32 21 1
-18 -47 90
37 64 62
-68 33 -90
92 -70 -100
49 -11 -14
-50 -68 -81
-83 5 76
60 29 -81
-43 -44 -58
90 -91 96
-45 -16 -43
-51 11 -8
-83 -19 -60
-85 -8 51
36 -9 81
68 42 -10
87 -82 72
27 -19 -25
-77 61 7
64 -81 8
30 -36 60
17 -50 34
74 -22 -43
64 -6 -12
15 -67 50
95 0 -76
-40 -63 -38
86 38 -77
54 -96 -98
-59 -14 72
50 -8 48
-7 -53 -52
25 4 71
76 -20 59
79 -1 23
-54 -33 -10
68 -36 94
3 94 67
-79 37 11
97 -85 -92
-26 -1 -54
33 75 91
-45 94 -27
14 94 71
-11 -70 -46
-85 -45 -69
19 20 46
-88 26 94
-17 25 71
-84 -45 -1
60 -49 -74
-17 -37 -1
16 44 -29
40 -68 -63
-19 47 -34
31 35 -5
49 -58 35
-31 -29 -79
25 20 84
92 71 8
12 23 71
-48 73 47
35 96 -89
76 -46 -22
-69 82 53
-27 -1 -86
31 81 -62
-74 37 -31
-44 2 -92
-98 -17 -25
-6 -37 -91
-49 -47 14
-9 -43 81
-77 -76 -50
79 35 -54
97 -12 92
68 -66 87
-55 22 -24
-51 86 79
-10 84 5
-40 -72 97
33 30 55
-89 8 -94
-16 10 -5
78 91 42
43 -82 57
81 -76 75
41 -18 66
-21 84 -59
66 43 59
-70 -57 -35
27 -88 -33
3 -43 -75
84 39 -89
72 51 96
1 -22 79
-37 -69 86
93 -90 -20
-88 -46 55
47 21 -2
-43 56 -25
-91 92 45
-72 88 74
-92 -36 -60
61 -27 -5
-67 -58 -23
94 32 90
-73 97 -39
-60 51 -13
-89 -99 -52
14 28 -54
79 -92 -55
48 -39 -52
37 -1 72
-41 -49 -98
-49 -67 98
-34 -98 2
94 68 8
-4 88 -45
-37 -98 -79
-26 -89 97
62 34 -62
-3 -46 -26
-51 -100 -76
26 76 -85
-14 -87 3
-10 70 52
-79 51 4
-90 65 -2
63 -27 -35
-82 27 -67
-41 -1 88
-53 57 -37
59 13 48
26 25 92
-50 61 82
-30 -55 37
40 -58 92
-31 9 -98
-88 -91 -62
-42 1 -97
65 40 89
15 64 37
-15 -20 -84
-57 -8 59
-71 -99 36
10 -57 58
88 46 -77
-94 12 83
-52 -80 69
-94 49 42
40 -41 -12
49 21 -6
69 56 11
-74 70 -20
64 79 7
-48 -89 40
69 36 -92
99 60 35
-54 -17 19
-82 62 -54
83 76 9
-2 21 -20
-100 18 -50
-50 -52 -79
95 -94 -55
-56 -78 50
-70 -42 21
40 -21 -37
19 24 -88
-43 -57 2
-64 27 44
62 57 -45
39 -20 -28
-68 8 64
81 -25 -43
-79 27 2
67 46 91
23 5 -3
-68 -100 65
-36 -49 -97
53 82 -28
-20 82 -83
-39 -87 -26
-94 -96 41
-77 8 84
-52 19 55
82 14 -87
87 -89 72
-5 -46 60
89 44 82
30 -98 44
41 13 -68
46 6 -53
-96 80 97
-51 60 -5
88 -73 68
67 33 -4
49 65 -9
80 2 -6
28 -89 -28
77 -89 -53
-11 65 17
3 36 95
-18 74 -57
-57 88 76
-25 -7 -91
-53 -45 -63
-38 -15 -71
39 -84 -51
2 19 23
57 68 -65
7 -89 -29
-96 -81 34
65 93 19
-85 -6 93
-99 -67 -24
-20 20 -48
7 -36 59
58 67 86
-62 8 -64
70 -46 -43
-77 54 -18
90 57 -72
-62 -93 -39
-45 59 8
-3 12 -51
74 21 -96
-9 34 -93
-60 57 -46
-23 -94 -61
-32 55 86
15 99 93
-37 -18 76
47 -45 75
33 -96 78
-74 97 -10
33 -24 -29
28 -37 74
7 -1 65
-5 -22 7
-9 18 -40
66 27 73
-40 76 -99
86 -18 72
-85 -69 -95
2 98 -35
-92 45 9
-15 -41 -62
-10 35 -3
-49 -84 39
-66 -75 85
80 98 84
90 83 46
40 92 -24
-14 16 -10
2 -27 -33
-55 -39 52
75 74 -57
96 81 57
24 86 -95
-86 36 -60
-83 9 -59
36 38 -94
24 95 17
87 -40 18
-65 6 64
-41 19 -30
80 -77 -74
-53 -68 -6
-14 -66 -76
-90 88 56
-2 -76 12
-52 -90 -54
-54 -36 2
84 -79 -87
51 2 59
-63 13 -21
-71 -37 4
-48 74 -71
50 -37 26
17 -83 -69
-19 -73 68
-26 -54 95
-16 93 -56
14 -99 -40
98 -94 -73
-82 -19 -1
88 80 76
51 -93 -92
90 -89 58
56 89 70
16 -13 56
-75 -69 -64
24 94 -58
-14 16 -9
10 92 58
86 34 -36
-24 85 -94
-25 32 -44
98 86 -52
18 93 -30
-14 15 -53
-58 -2 -79
-52 99 15
-39 -32 -14
13 -91 86
12 15 2
30 -72 19
-69 -41 31
56 95 -20
-3 80 19
-4 69 0
90 55 19
-88 32 -87
74 17 -97
-62 -83 51
59 -5 83
21 9 75
-12 -8 39
-55 18 45
3 -77 -69
-97 -33 -51
42 45 5
-91 -92 -50
2 18 -82
90 24 79
93 -67 -71
-70 -41 -52
-91 -5 -1
57 -71 -3
16 -39 -47
-18 64 -55
-45 22 -88
-72 -59 7
75 36 57
-52 57 -15
91 23 -7
14 89 58
-53 -6 87
80 -79 -34
-48 -36 42
-82 -45 66
59 -51 10
60 1 -19
-48 26 19
64 6 86
15 -37 -6
88 95 -64
-18 -82 92
92 -23 -1
93 -13 87
-87 -9 -19
-64 43 -73
-84 20 70
37 13 32
94 9 -49
71 20 -90
23 83 17
10 -40 -95
35 -77 -78
-76 -56 28
24 -41 19
-71 -45 -46
48 86 -40
60 22 -1
16 24 -45
60 29 76
-6 -34 84
-98 -3 -66
51 -58 4
-2 -12 -91
34 18 20
16 -76 -83
-97 -70 99
58 3 -1
24 8 4
83 -56 3
-31 -64 96
84 -28 -24
-21 74 88
-62 -23 76
80 -47 67
26 98 42
79 78 -78
18 13 -60
-100 42 -58
-8 -17 50
51 35 -11
-99 -78 -77
45 15 -30
35 -63 2
-38 97 -51
45 -73 -53
-91 -84 39
35 -55 98
46 81 -78
71 -98 -66
88 -52 74
-96 -5 24
81 -76 -50
-79 98 -42
-10 13 29
-80 -76 50
71 82 -34
56 24 -23
68 -49 -64
-40 71 -17
-44 98 -34
90 -27 -43
74 40 -74
-2 -58 -93
3 -48 8
9 24 48
-1 84 -98
82 16 -98
-100 -69 53
45 59 9
60 -91 -20
99 70 -27
-17 35 7
-91 69 84
-49 85 -72
-77 -32 -100
38 -88 -46
-70 -66 -43
95 29 -52
48 33 28
-21 -44 82
-1 13 42
16 -85 54
6 36 -70
77 -15 -95
45 94 32
57 -7 12
26 -92 -93
1 60 -2
43 -16 3
-26 -49 0
-41 96 -68
50 35 -10
16 12 -49
90 77 -61
10 36 64
-96 54 -36
-38 24 65
-49 63 3
-96 21 -19
-19 -85 18
-87 56 23
68 41 84
47 10 -98
-50 51 -22
-49 -50 89
-52 90 61
-66 74 -80
47 -77 -52
-90 -86 -100
-49 -36 76
88 81 -91
-54 10 -5
-62 26 -18
85 41 96
-37 -60 34
-1 1 96
-91 8 85
78 87 -75
15 -74 93
-67 92 -58
-44 13 -29
-83 15 -16
7 -26 23
-63 6 -12
58 33 53
-61 -38 -78
-96 79 -39
-1 62 76
-4 56 90
98 -43 78
-2 -15 -5
-87 -36 20
71 88 -26
-52 -9 14
9 -27 24
11 79 -47
-27 44 91
17 36 -23
-13 37 30
-76 87 -59
34 -34 -12
16 70 17
-5 -18 85
77 -64 64
22 1 44
-22 -21 61
12 -13 68
-7 -61 -89
98 -62 41
-92 -39 -31
-10 -80 40
-55 -81 -26
-82 96 -13
10 79 -52
93 71 -96
61 -8 -96
25 94 92
-78 -35 -85
94 -69 -28
36 -81 31
73 11 -29
32 12 -14
74 42 62
-56 45 83
94 -6 24
-1 -76 -39
-73 -27 -87
38 12 8
-52 -12 -46
-3 -40 93
-9 43 -23
-24 -71 -87
-12 -10 -14
11 -39 86
95 -54 25
-13 74 -43
64 14 20
82 72 -49
-51 -46 2
55 -39 -15
5 -39 46
-69 -21 61
91 21 62
-27 -38 25
39 71 76
23 33 -50
-85 17 11
-95 9 45
-61 12 25
3 -90 56
7 27 66
78 -34 -81
-56 84 -63
15 -70 39
-67 59 -83
7 18 -68
80 74 26
13 -32 -28
59 76 98
3 52 -13
35 57 23
-2 -60 -22
21 -26 -95
26 -95 9
73 -94 35
-35 77 78
-32 -61 -97
-94 54 11
48 -22 11
-26 -73 42
89 10 60
62 90 -82
55 53 -78
27 30 -19
-69 -46 -90
79 13 90
-85 -1 17
-51 21 -30
76 54 83
42 -90 -38
-78 77 9
-60 -19 41
-5 55 -96
56 22 61
58 -61 -3
24 -93 10
-62 -31 -68
-22 -69 -39
-86 67 2
46 -43 -36
-36 -95 59
59 61 -31
-66 10 -73
-41 -21 -30
-55 84 -52
-47 -59 -16
69 -13 -95
42 -17 -61
-18 -10 94
71 57 89
-53 -47 -29
-15 -97 16
-45 7 77
15 52 -66
20 -55 -38
42 2 34
75 29 84
-33 83 5
-47 69 -27
-65 -86 48
-19 79 -85
95 -37 -54
-5 87 -57
32 21 76
-11 41 -8
-13 89 -80
-42 -82 13
-25 10 24
-75 44 -70
70 20 -3
48 85 -66
-2 -13 -38
6 -43 -81
-73 80 1
-48 -30 56
45 -82 26
-41 9 34
90 -38 -35
-54 57 -15
-6 32 -34
19 -12 86
-47 13 -65
51 79 -66
-14 -23 -25
36 -89 -38
27 45 41
41 -51 86
0 54 4
-46 55 -45
14 10 -96
63 32 -60
59 -57 64
1 -16 -99
59 -6 45
-21 25 82
21 -79 54
-98 -33 47
-81 68 -97
-43 75 96
-9 17 -8
-48 22 34
74 -32 -15
42 88 85
82 -58 -20
63 -91 -47
22 -7 85
-61 -42 -83
63 -25 -73
-34 -68 -13
86 -44 67
74 83 63
12 45 -10
-43 86 -58
-83 -5 72
86 -61 57
-65 -18 20
13 -96 86
32 60 31
-9 -54 -19
-32 29 13
-58 15 73
-34 80 -73
-69 21 96
33 -6 83
-74 34 65
-61 -30 -84
78 0 -98
77 -60 55
68 13 18
-19 22 -87
-40 38 83
-54 -67 -44
34 24 76
-10 -41 -47
-34 20 -55
-19 37 -68
-66 -36 -10
67 -84 90
-71 70 -5
-42 99 9
-92 58 -28
0 -1 -29
47 32 57
0 -67 11
-65 48 -17
97 -96 -63
24 29 -19
-93 65 80
20 87 -90
-51 83 -44
-45 -20 70
67 40 54
97 80 91
-88 -77 50
-37 39 -32
2 -13 -1
78 66 -69
5 15 48
13 -52 32
-38 8 -88
-21 11 -52
64 56 -19
-67 -92 23
-31 12 -28
82 26 -74
11 23 -41
47 14 -48
-40 -43 -12
-85 -55 28
-29 14 27
-30 -21 31
83 -56 54
-68 -40 -89
71 -20 -83
57 63 90
-89 -24 30
-52 43 -54
-100 23 -65
58 0 11
68 -54 86
-100 -25 36
-35 -4 88
-25 11 42
-1 -52 50
-3 -42 -34
2 -75 -92
-69 37 -26
38 -73 -97
84 -35 -94
14 94 -5
88 -33 -86
-30 -47 -68
-54 -47 66
-67 -34 89
72 5 88
74 -86 -7
93 58 20
73 -82 56
32 90 -32
12 89 -92
-59 -6 56
73 15 44
-63 12 90
87 -14 34
72 55 70
51 62 -40
66 -20 13
89 69 -44
-97 11 10
36 58 42
-13 87 -22
-90 -34 49
92 99 -70
-67 41 91
95 93 -7
-7 32 -55
-1 12 43
63 30 95
-75 14 -66
15 -29 -51
66 40 -8
18 83 37
10 96 -21
-81 -18 -52
-75 -29 33
88 -74 13
-1 76 28
55 -94 5
2 22 -55
-46 37 -2
18 47 -71
64 75 -10
60 -21 -32
-98 99 15
33 63 -38
-73 -66 -6
-8 -69 15
25 -86 69
11 -69 -98
22 -4 33
-45 -36 49
-95 29 -25
29 -2 -30
-74 -76 -20
-69 -38 8
-93 -5 67
71 56 83
13 -42 82
45 10 -65
-17 54 99
0 74 -45
-1 71 34
71 -23 26
26 -81 -20
5 -21 6
6 91 64
-87 -73 81
-17 -14 -75
54 -59 -40
-83 48 12
93 57 48
-7 -3 89
11 77 71
5 77 -100
-85 80 1
-88 -20 39
79 -66 -41
-73 23 -32
-59 -12 93
-98 47 10
-38 25 36
-75 86 -52
-23 32 97
79 -38 -19
74 -97 -6
-61 -93 -80
35 34 96
61 59 69
-80 -97 -10
-100 27 2
99 -39 59
-61 -34 19
-3 -19 4
84 -39 -11
92 51 57
87 48 -59
27 -9 -16
28 61 55
5 -74 97
28 -60 13
96 -47 81
99 85 -56
0 57 -48
-47 88 -3
87 56 -54
0 96 92
95 83 5
17 32 -32
-41 15 -16
52 33 -35
-85 -97 93
21 -17 -10
28 36 45
51 98 16
1 5 91
46 9 26
-50 45 -6
10 -37 87
-2 -20 -75
32 3 -80
-26 -64 82
12 93 -76
7 32 -44
36 -11 -96
-36 -99 3
85 40 13
-54 6 -24
-39 -78 -98
15 47 -6
61 46 -16
99 -59 39
-3 77 68
-9 -78 -29
31 -23 84
-74 -56 58
98 38 -12
-30 5 -45
-84 -47 71
-96 -1 6
81 16 39
49 -86 -48
-34 91 20
0 -25 42
-16 -21 -42
50 22 -11
19 -58 3
-65 52 -52
-38 27 -59
-65 -72 2
50 41 -57
25 12 44
-86 97 -55
-32 -37 63
-58 -100 25
55 -34 -63
58 -86 99
75 45 69
-32 -14 96
-86 -81 -65
-31 62 50
92 82 -26
-45 46 78
43 -57 4
-100 6 20
-6 -90 64
-71 46 28
39 -80 44
14 -98 -20
-15 12 -43
-62 30 29
95 -96 -34
30 34 99
86 81 30
-25 93 -18
14 -81 92
-85 -44 -53
-43 -38 17
-44 27 -39
-92 45 29
-67 81 96
21 79 -38
-8 24 -10
55 -61 -66
46 82 -94
-49 -41 -35
26 85 -58
-77 44 85
51 5 12
23 61 -75
64 -74 -12
-100 23 -13
77 -46 -71
-71 5 28
-58 18 37
-2 -93 -63
-90 -87 -31
-18 -55 -87
-89 -66 -57
69 -74 -90
2 -74 -65
-88 52 40
-46 88 54
-81 -86 -38
-10 -72 -98
40 -44 -73
-53 69 -97
51 44 -42
-73 -15 -63
-8 7 84
-98 82 67
97 -50 -100
-1 10 51
-77 33 -31
50 1 96
-74 -95 62
54 59 -92
-50 69 54
19 55 34
-38 96 -98
-24 89 39
89 -60 28
62 -39 57
84 68 37
8 -97 -60
-76 86 -18
-4 -48 -99
79 38 -50
23 32 81
-15 10 2
39 50 99
58 -30 27
-45 81 -2
-28 58 -50
57 50 -67
17 -28 -61
-77 -82 -62
-70 -93 93
54 92 -3
14 23 68
80 29 -54
-33 -100 -77
0 -1 31
-6 50 -24
-66 -62 34
-2 -13 -83
26 -22 47
-75 46 -51
-55 39 50
-63 -30 77
-98 -97 -18
62 51 -68
-54 -3 -60
56 -68 -89
-41 -78 15
33 13 42
36 38 49
44 -52 61
-51 -81 -35
4 99 -48
85 -93 -51
88 -42 -60
42 -60 25
-81 -95 42
97 26 99
-86 -85 99
-11 80 -20
36 -35 91
14 49 28
-12 -40 -52
-69 -91 -84
29 -50 -67
56 -76 -87
-97 -95 -37
97 93 -95
-73 20 -61
99 -37 -29
1 -24 -35
18 89 95
66 57 8
-64 41 -31
-40 24 -16
-32 -4 76
-91 -92 85
-44 24 -83
-77 -49 -39
-36 -12 9
-14 -97 78
-80 -36 9
80 -13 87
53 36 64
34 -34 26
17 24 -77
-97 18 -31
3 14 77
-83 -73 -70
-67 -7 -39
-58 -94 -2
-80 66 -1
-42 -28 63
-61 41 16
-96 -53 -43
55 6 -65
9 83 -50
77 -99 -85
-15 -94 67
-74 81 -22
45 89 60
98 -66 -84
-21 33 94
-24 -76 -78
-2 80 -63
34 44 89
-47 -32 59
-53 -4 49
1 -32 17
-47 69 86
-90 85 -3
30 -62 94
-87 -21 63
9 58 2
-51 -93 28
-96 -35 -61
95 -58 -82
34 -69 -96
-66 24 -42
24 -88 -94
48 4 15
24 91 46
-86 -24 31
-35 -34 4
-94 -41 62
-44 18 74
84 16 77
49 -69 28
-80 73 -49
-55 45 7
9 70 -59
-76 -62 -18
-17 3 -40
5 -72 -28
-22 -78 -4
-35 -19 14
-45 -41 94
-91 28 -28
40 75 -83
44 46 94
44 87 -42
-89 14 -59
99 86 48
-88 76 82
-88 -16 -5
68 -90 58
1 -40 92
2 -93 0
24 98 -96
-26 -78 16
-6 85 93
-73 99 78
-59 37 49
-45 -64 77
43 40 -22
96 90 20
-78 -44 55
-79 88 -85
-9 -47 90
98 -46 -33
-66 -33 94
-62 1 -81
-27 -73 -12
70 -9 13
-35 51 42
72 15 -6
-68 45 31
1 -91 -19
-68 33 -9
90 -51 -69
-39 -92 -70
-51 -35 60
-100 -87 78
-54 47 -68
-1 -90 -29
90 69 -32
19 31 37
-50 77 -88
42 -92 -10
98 -29 25
-91 -90 46
-72 12 83
-20 -88 -81
34 -78 97
-76 -83 -94
-36 -63 20
-32 43 15
35 -68 -80
-64 31 58
9 -59 -63
-55 84 69
-52 5 49
42 81 -29
13 58 66
-57 -99 75
91 -57 -9
84 -98 -5
-17 65 98
-10 -63 9
-37 39 58
16 32 -90
-34 -15 -21
40 -11 99
15 36 12
-95 -61 90
-23 59 -80
-29 96 84
80 56 -82
10 -71 3
33 82 -87
15 -17 -20
84 -68 -21
97 51 6
-32 -89 79
-87 97 -4
52 -37 58
58 -89 -97
-21 14 -80
-69 -71 37
4 58 57
-73 24 70
94 14 -12
-32 -69 64
10 3 86
18 6 -56
76 -35 -64
-33 93 -44
-33 -75 21
71 -96 24
33 -76 -67
56 47 11
60 15 74
-27 -69 -48
66 93 -77
-71 11 -78
38 94 68
-28 -95 -26
-53 -24 29
-99 25 68
-81 90 27
-28 -63 92
-85 32 84
48 -67 19
35 38 -97
-100 96 42
97 -1 -31
92 -54 -46
16 -65 -32
24 -22 49
-100 17 -64
-100 45 -37
-57 33 84
12 81 -31
48 63 -59
-74 -7 61
1 -93 -37
-60 -8 80
-92 -41 -76
-50 -100 63
-81 22 82
-70 34 58
29 -80 6
-42 -79 20
94 -6 76
52 -53 -8
76 84 4
-92 23 -63
-44 52 35
2 99 77
35 39 -10
43 36 93
10 -19 55
39 -52 30
92 33 24
48 -12 -71
57 -2 1
66 86 -49
30 93 -1
-92 -70 -37
-14 -74 -51
25 -84 -54
2 -78 55
53 -10 -87
7 20 58
53 -76 -33
56 8 -43
-11 -6 -40
90 43 70
69 52 65
-9 78 49
-97 -14 51
-22 -40 75
-91 46 44
-87 21 -33
-29 -93 -10
55 2 79
-54 -100 97
21 -24 -49
72 53 82
33 -33 30
-44 80 3
42 -39 12
49 -95 -73
-92 54 -41
47 -44 75
-17 -84 -80
38 -4 -99
85 -1 13
82 -41 50
-7 44 19
79 -8 -32
-58 -26 -32
67 53 -82
62 68 -11
-64 74 -21
51 72 -21
-75 32 -74
13 -10 47
7 -88 -15
39 -26 85
-52 -16 -8
4 90 -51
28 7 88
-91 -54 -93
-56 -85 39
-65 70 -78
83 -72 1
-1 41 21
-24 -60 -2
71 24 84
72 14 39
-60 45 61
37 2 -83
-6 -5 20
-45 -1 -79
56 -65 67
20 -81 -56
-4 -63 46
-14 31 27
36 90 28
37 -71 84
-78 -49 86
-41 32 -5
-92 -47 59
35 -55 47
44 -2 36
-74 6 -89
35 36 54
-85 99 -55
87 -15 13
-50 -69 -85
-70 -77 -97
-59 -23 -3
13 93 99
50 -100 -43
69 46 31
-12 7 84
-64 -14 -24
73 22 49
42 -28 23
8 43 91
-46 -48 -10
-65 -3 -52
-63 -57 -95
-89 -33 -80
-53 -25 32
34 75 -47
-47 -74 -86
67 81 -1
-57 -79 -47
-72 71 78
-11 73 -43
-85 35 -95
-75 -89 -14
-56 57 -73
-89 -64 -36
65 -88 90
-96 -77 61
-4 -59 25
38 -27 35
-51 68 -85
-67 -72 76
-55 13 -15
-34 -99 7
-32 -2 28
59 22 5
53 41 -7
-60 -29 -53
-85 -12 32
-91 -97 -8
0 -9 23
-5 32 -64
-99 -10 -30
61 30 -11
26 -43 58
53 -17 59
-91 -45 14
-33 6 -56
50 -68 -62
58 89 -55
25 86 -44
92 -98 -65
-64 19 -10
-53 -29 93
65 -55 -17
31 48 -71
-59 -52 43
-68 -74 -19
-3 90 35
-25 82 76
89 -98 -34
12 69 40
-88 -44 48
46 0 -93
-27 -70 -18
22 53 -1
99 79 -11
-2 -38 91
14 -24 -52
-74 -63 -92
-16 48 69
-88 -79 31
-59 -18 78
3 -85 -73
69 -40 -71
22 88 -64
51 -53 -62
7 -96 52
-65 -85 0
4 -97 -35
74 -90 -18
71 -42 -97
-52 -33 98
7 76 86
-75 39 8
-37 44 -96
-58 -35 -87
76 -63 -24
70 12 54
26 96 53
14 40 38
-99 -83 -15
26 -69 -29
86 65 -17
23 9 47
74 68 -57
-94 -90 -42
-28 7 -46
57 -42 53
89 -52 -15
-9 -22 2
12 89 66
-41 4 65
85 39 89
17 -18 -53
-44 54 85
64 7 58
-14 -45 -11
-66 34 -33
-35 -3 -61
7 46 41
-59 11 21
5 -91 -94
-2 27 -65
91 -40 -55
3 -29 -53
17 43 -82
-98 70 53
-55 -89 -25
73 7 20
87 78 1
-11 -76 32
-53 -34 -58
-51 32 52
-76 -19 68
56 2 70
60 -38 83
-38 37 -11
-5 16 -54
28 69 36
47 10 43
5 -48 91
-8 34 -18
11 62 -92
13 -9 -43
-59 -72 -57
-35 -6 82
-15 66 41
69 96 56
-82 -54 -57
-88 -1 33
76 -9 52
-84 -94 40
27 -75 -2
-79 -97 38
81 78 52
-14 67 6
84 23 9
-84 -21 22
59 55 -61
-5 -34 2
88 47 -10
2 95 71
86 -31 -78
8 95 -4
12 4 70
-92 -84 -54
66 -41 -39
-67 38 -42
-26 59 45
54 -67 -72
8 51 35
-53 -56 60
-4 71 -30
-47 -46 -91
17 23 -47
-45 -100 26
64 -23 -17
-53 -69 -45
78 -47 -69
24 73 -12
-67 66 81
-3 -91 5
-69 24 40
-53 -55 73
-36 -94 31
-87 47 13
-7 60 -35
58 48 -25
36 -93 60
16 -82 -53
35 -72 -70
-12 -19 81
-100 33 -59
-16 29 -78
-30 19 -42
-3 -48 82
-38 9 69
-13 6 70
-33 -86 78
5 -58 -96
81 -11 71
-17 29 45
-34 15 0
99 -74 33
15 -96 68
-68 -64 87
-80 -73 54
-36 30 -7
44 -65 -10
-54 -92 -84
-98 -46 20
-32 77 57
-28 79 76
-99 -47 94
-37 18 29
1 -41 -28
-83 -27 -96
30 -6 63
98 -16 -45
-99 -23 64
30 33 71
78 67 -2
-26 -71 2
-58 83 -35
43 48 50
-21 99 -65
-11 80 72
-97 36 -24
81 -33 95
30 -93 -12
-85 -84 14
60 12 44
-72 -85 47
-13 -79 -18
33 -26 -46
-77 67 16
15 -63 94
-57 -15 40
-89 71 -36
-79 87 -61
49 -88 -53
-84 -44 45
60 94 -20
94 -90 -46
23 -14 69
55 73 -31
55 36 57
4 11 -16
-17 -26 -10
27 52 47
47 -45 43
-18 -35 -56
11 -61 -60
73 -31 18
72 68 -43
58 82 -54
-6 -39 -25
6 2 -43
-1 31 66
-70 -79 -35
-98 34 0
-11 9 99
-48 -45 -93
-54 42 -38
-21 -33 -44
-26 25 -11
95 -79 -42
94 -22 69
57 -87 27
25 54 -77
92 -4 -82
51 -61 -42
-42 33 -38
-42 97 25
92 -19 -34
-8 63 -74
38 22 36
-44 -97 -2
-79 -42 -18
53 -89 80
-79 -10 6
-78 22 -2
-82 83 5
-2 61 32
79 -76 -70
-97 -79 20
49 -94 16
37 87 56
-60 53 -40
-1 -93 59
-6 -46 46
-35 -22 -47
-89 -12 16
-15 77 -31
48 56 -18
-59 43 47
-91 96 95
78 -8 -66
54 -87 -4
59 16 80
19 58 -100
71 -59 76
-11 -54 -18
71 -28 62
92 73 -19
-51 -84 -44
-52 -8 -3
39 -18 94
19 46 -79
-49 20 -38
58 48 -19
-8 -94 92
-7 28 -75
50 -29 -38
65 90 -69
-20 25 59
-70 -68 -87
-83 49 8
21 11 57
-38 43 87
-63 -62 -39
-35 24 -48
-61 -64 -75
31 -43 35
-78 -74 77
-37 -58 -84
-13 -51 98
65 -99 55
55 -18 38
89 14 17
49 -50 71
11 21 -59
-62 33 -89
-25 -87 73
48 4 51
25 14 -39
54 24 56
13 10 -65
-28 -12 3
14 64 -46
77 -56 16
-40 -10 -71
-87 -5 6
60 31 85
32 -86 4
-57 -17 85
-70 -42 -90
-12 -7 94
29 23 71
-87 77 59
23 49 -18
97 -44 42
73 77 -9
-70 -5 -68
-44 -21 19
-100 -82 28
21 -86 -55
77 -60 -25
67 -6 -43
37 81 -78
18 23 -6
-14 -66 -29
-18 -49 -83
79 -70 -44
51 33 58
-15 -99 -4
11 -81 -19
-46 80 -35
-53 -89 -63
-22 -62 97
51 97 2
40 -6 5
-97 49 -76
52 65 -94
-57 58 59
-23 -15 90
-31 -34 -42
-25 -50 -84
-24 26 42
99 -13 -20
-55 -27 50
-60 -100 1
-18 25 -13
43 -28 61
-25 -26 1
-72 39 -89
-36 -76 -3
49 86 76
41 -72 -58
-80 -65 65
-99 -72 -84
43 21 -17
89 36 -94
-71 -50 -43
-10 -86 94
-47 49 79
-81 -28 5
-71 -27 -49
96 8 10
35 98 -14
84 -82 -50
71 -99 -21
32 -50 28
13 36 -59
16 28 26
76 -40 39
-26 -65 65
87 -12 -88
42 -90 5
-16 -90 -49
59 -57 31
52 -87 -29
84 -17 -77
-63 5 -89
-81 48 14
70 80 73
12 17 85
-96 -16 -57
-78 -80 67
45 71 -36
-3 69 -71
3 88 -24
70 8 -66
18 -86 -78
-11 86 -89
-55 -25 63
-36 -41 -29
22 -89 44
88 -49 -56
-29 70 33
56 54 49
43 56 -93
-38 17 9
-40 -14 48
-29 -24 -62
-64 -47 -45
20 -64 -84
94 -33 -51
92 29 6
21 63 8
40 -97 -39
59 -100 51
-34 73 95
-83 88 -21
6 -55 82
-39 68 53
-6 97 -15
80 -97 46
-79 -19 -61
64 -97 37
98 -86 -41
-91 -24 66
14 -33 94
-68 18 -59
73 79 25
-15 -55 -70
98 35 97
73 -83 -100
6 -49 38
-3 34 -68
72 -57 99
79 45 71
-67 -87 -42
59 10 -52
-70 -74 38
-91 21 0
19 28 46
1 70 -31
91 26 77
99 59 64
-93 -31 -13
85 26 31
-54 -49 93
-40 47 22
-53 13 76
61 83 98
-92 73 77
-26 -21 -43
78 12 9
-33 83 -27
55 -24 -34
84 7 55
87 21 5
76 56 18
95 -27 -54
29 57 83
71 -76 -81
87 -64 -50
47 -22 -55
-22 -99 -89
-80 74 66
-1 9 1
73 -35 34
-99 41 12
51 1 -93
-30 -61 -29
-89 20 63
-81 31 2
75 41 -6
-27 -65 -28
87 83 36
-8 83 71
96 59 76
48 -68 14
-50 -88 -22
97 -41 -55
-17 -51 65
-29 75 -96
-50 -2 38
-95 -68 38
-81 66 -11
-67 91 23
62 58 65
-58 -11 17
6 95 -55
49 -6 31
72 -31 71
49 -64 -72
-26 90 96
-57 71 95
42 -20 -26
-43 -74 -59
43 -68 -80
95 -59 -100
-65 -87 14
94 -70 89
58 -49 42
27 -30 -92
-72 4 -43
-66 -26 72
-72 -33 -62
76 65 88
-20 13 -29
-83 50 -64
-71 91 -17
37 -11 -2
-36 -83 32
-35 16 -28
6 37 -18
19 -72 -65
95 42 84
46 99 16
-25 21 92
-82 -41 74
-12 -26 -8
3 24 -30
-91 31 -12
10 -66 -41
62 40 6
-67 -52 58
-27 -21 3
-18 83 -52
6 -79 -68
-8 87 76
23 83 72
-27 35 36
28 -86 62
1 50 -29
54 -94 -38
-78 17 48
-7 2 -91
-97 -27 -44
-95 -90 -14
-83 -18 -87
73 -92 19
18 -71 -24
-43 11 -58
0 -40 -42
-5 60 77
-98 84 -9
-53 18 91
-46 -25 -79
-53 -6 -24
33 -75 31
42 84 -39
-64 84 -28
-33 95 -11
42 -95 -14
-5 2 33
93 -68 72
24 88 92
44 43 -22
-74 -45 22
-88 -68 -75
27 79 -10
-86 -48 13
71 -83 -4
67 49 95
-42 72 -70
-23 33 12
-28 -52 -57
74 16 28
-93 -27 8
31 42 84
-51 -64 38
-28 96 88
-22 41 -74
93 35 51
25 19 -29
75 43 -12
-30 -84 42
52 61 71
15 26 -39
-4 -5 60
-60 68 29
27 -4 47
6 -28 20
-61 -81 60
61 45 78
76 -27 -83
-96 -97 -86
9 -64 -8
89 75 77
65 -62 42
4 -30 -3
-52 -85 61
10 -38 -95
-78 79 -27
31 37 55
-31 50 -85
96 33 64
8 -55 80
61 3 -4
-56 18 -58
44 -35 -98
-44 92 -29
-71 -27 1
39 68 75
-99 -67 -30
-82 64 -46
47 -74 -38
67 5 -15
-89 88 -11
38 -6 18
94 -29 -65
-12 -6 -52
88 36 37
76 15 -91
62 -44 4
61 -58 -98
24 33 68
-33 -39 -12
-23 -65 19
52 -15 -27
16 -4 -20
-7 18 -94
-15 -88 -55
41 74 0
66 36 23
99 30 -52
-11 35 -58
-96 21 11
55 -75 -62
56 36 -22
23 -33 0
1 -81 -5
77 -80 -27
62 -31 -7
48 -70 -24
42 33 -31
-18 52 82
5 -13 -64
-52 44 -11
10 39 -89
-66 43 -32
-18 1 -33
84 -5 -64
17 87 -50
89 46 24
36 56 -43
19 -30 -63
58 10 1
-99 -25 8
24 -86 65
19 13 99
95 89 44
-33 27 45
7 -97 -57
-2 -60 10
54 -34 -16
28 22 -96
87 17 -35
-11 -74 73
-23 14 32
21 -52 -38
-29 -15 70
57 69 -1
-84 7 -90
-61 -81 92
55 59 65
-96 -80 -43
-30 -15 92
-81 28 -28
-17 88 -16
79 4 -79
28 38 -100
-33 15 58
-40 -23 99
-55 92 54
-51 5 -38
-99 6 41
-23 -61 -8
56 -88 5
23 -21 47
91 -79 48
-66 -48 10
-88 48 -83
-59 -49 -15
10 -84 -59
93 -17 -41
29 13 -42
-28 -92 -21
1 -66 91
-41 58 -49
-6 -47 95
4 -51 -47
-81 -34 76
41 -4 31
15 43 86
53 -14 26
51 -81 8
-58 80 -1
43 99 88
-73 -16 89
-80 -19 56
8 -23 80
24 4 32
3 -40 83
-77 -71 46
-10 76 -61
-72 14 -47
-30 -44 29
-74 26 58
-76 12 -93
47 11 91
25 -75 31
-32 17 84
-29 -21 -65
59 45 98
94 -41 21
-65 -11 -94
-90 58 13
56 21 -85
-6 19 -24
-95 -6 56
57 4 29
-85 79 89
-89 -34 96
23 84 -84
-17 -8 -96
-19 -79 85
-16 -55 -61
-100 87 -96
32 1 91
-3 2 37
-86 4 -83
5 -48 32
71 -97 -55
68 82 7
13 72 -77
-47 -35 -17
68 -55 78
-64 14 6
-28 38 -93
59 -60 14
38 90 13
9 79 72
-47 -36 65
18 26 61
-78 24 -28
67 4 -85
-83 -33 -69
-5 39 37
33 3 -89
-11 -75 -35
37 -27 -93
17 87 36
-5 33 87
48 13 70
-94 -53 -4
90 -58 -65
-41 -87 55
5 -23 -24
-72 -38 18
-49 40 -77
61 53 41
-79 -85 66
-79 -58 56
-99 -14 -48
19 70 -57
-64 66 59
-59 -90 -56
35 -69 -26
27 -46 -88
9 2 53
68 -6 33
68 66 8
-76 -77 -100
-21 44 33
-83 79 34
-66 -85 36
-75 -17 -46
3 -70 11
41 -50 -22
-6 -81 -73
10 70 36
98 -69 87
7 36 -70
-7 -38 -95
-43 28 92
-59 56 7
20 -85 82
-7 82 -94
92 -27 -44
-59 99 5
57 -95 -15
29 0 -16
48 92 34
-63 -70 -81
13 4 -91
-86 -44 -88
64 -91 23
12 84 69
-37 94 -56
55 9 -85
20 -82 -7
88 63 -32
23 70 -30
72 55 -78
50 -46 -49
64 68 53
-95 80 67
-28 9 62
94 -87 36
-65 23 70
46 42 -22
-55 74 86
32 -89 94
-67 23 -63
17 -99 -92
-53 -52 -24
4 33 -23
-29 73 16
-50 -57 14
67 -27 -58
12 -91 67
-94 -60 -90
-13 -64 -94
-30 -18 -76
45 10 -9
59 74 -75
95 24 -70
62 -16 16
-90 92 53
-86 -88 -64
34 -1 -75
69 27 -85
-69 96 69
28 70 -18
48 96 -22
89 42 -83
91 -49 75
-99 14 91
59 -38 94
-65 4 36
40 -57 -25
-86 89 91
-55 -19 54
-41 -17 -63
-18 -75 -12
-94 87 -69
-100 -35 -38
67 -36 -1
2 19 -33
-68 92 -21
-95 65 43
-24 -4 10
31 91 -98
92 -95 19
30 41 -75
-7 -67 52
-19 49 -45
-19 10 49
-26 88 73
-60 -69 -18
49 5 16
-95 39 -50
11 -82 -44
2 63 -92
43 -92 29
13 -18 -58
-55 -25 -18
-58 -2 -4
-91 -90 10
22 57 65
67 49 48
31 -65 -33
93 -17 -45
-35 -13 86
39 63 62
58 -25 -11
12 -62 47
3 67 -76
-77 -68 -23
94 78 62
50 -28 -19
-60 65 -32
90 54 25
95 -53 52
-7 97 60
-87 81 10
-30 75 -7
-34 -24 -3
92 42 69
84 -29 -76
-14 -22 -50
72 -76 -10
-39 19 -45
-31 -33 -26
-14 24 -88
34 38 22
12 -58 72
-10 -37 31
20 -79 18
97 -51 87
-45 -28 2
-28 -90 -29
-92 13 -75
-9 18 93
-1 79 72
73 -100 -10
-30 -75 -89
-58 28 72
30 -13 -95
20 -91 69
-94 17 22
-85 -14 41
91 -62 -69
19 57 -53
-20 -59 29
14 2 -97
93 26 -75
-29 -67 85
9 -99 26
90 -35 61
-46 -74 71
-26 -73 92
-94 -72 -8
69 -77 -85
-7 -47 72
-83 -84 -97
75 2 50
-22 -20 -30
84 80 -30
69 50 47
67 -48 92
-15 84 -11
52 44 -31
-76 77 9
0 13 23
16 -15 -59
-33 -75 74
33 92 -96
13 -63 -61
8 41 69
52 -22 16
92 -57 -36
-47 28 -20
72 -15 73
24 85 23
-66 -68 82
-56 88 12
34 76 24
43 -36 -86
67 69 76
85 -29 -90
-76 -55 49
33 -74 4
50 -30 -22
0 -88 59
0 88 6
56 -3 -74
16 39 94
-81 -89 -61
-43 6 -16
48 77 -35
-79 79 76
-55 -56 62
27 24 -85
85 -49 -46
-36 -21 93
-93 -89 45
75 -16 80
-37 62 46
-67 58 -30
-74 -68 -95
-82 80 -53
32 79 -82
11 -32 -89
63 4 -81
-24 20 -66
-3 -77 93
99 -54 65
-5 -32 -19
85 54 57
-59 69 -32
65 56 2
-44 -15 87
2 3 11
75 -54 -12
-26 -95 4
-36 86 43
11 -11 -10
29 5 -47
95 -99 24
4 47 -1
-98 -66 61
45 84 42
58 -79 3
70 69 -88
13 -22 -73
98 -8 -88
21 -36 -49
71 -21 -76
31 29 0
71 -70 49
-16 42 -8
49 -24 -80
14 -93 -85
31 33 -49
-27 -9 21
-7 -71 -39
91 -86 -70
79 74 64
-7 17 -23
-81 -71 24
-54 90 -7
-3 82 -8
-33 23 -57
79 -74 -69
-88 -56 21
-24 91 -17
43 39 61
-9 41 -38
-78 15 -12
-15 -27 -6
-19 59 32
-88 -59 96
-75 58 47
54 91 25
90 94 73
98 -88 -20
64 66 44
89 -100 67
17 24 -61
-6 25 -42
96 24 -10
78 20 -21
48 13 -89
-28 18 -41
-1 -87 -81
-63 76 52
-30 -69 76
57 -77 -16
94 -13 -45
-5 75 42
-56 26 87
-59 -32 -52
-89 64 94
24 -17 -15
-31 -49 42
46 40 -61
91 85 18
-26 -89 92
8 33 -37
-47 18 33
98 -25 80
9 -65 -76
44 -69 -60
31 -46 71
-99 24 -76
95 -26 43
-39 63 0
57 -78 44
-89 56 46
13 70 92
-33 -100 -82
-67 14 52
-44 -15 47
-78 22 -16
-81 -33 10
-43 -52 -18
-37 -92 -77
-85 67 33
-58 44 -48
-23 64 -39
51 66 97
56 -3 -88
-44 -8 43
-74 3 30
51 -30 5
-28 -54 4
-13 -9 74
-17 27 23
-51 43 -24
-13 63 -62
-10 -61 -24
7 -61 8
86 50 -56
-70 -40 77
-50 77 -60
-69 -48 -28
-43 -80 25
-38 -16 -95
80 30 0
1 -21 -92
98 -52 -14
-79 -48 -22
-96 -66 -93
-23 -56 30
45 -29 -28
-64 -39 63
97 -99 -15
-69 -68 -76
57 -69 43
-45 2 -68
-33 -94 96
89 -93 6
80 -93 10
-61 -32 81
-87 28 49
39 -66 -87
29 -56 96
2 11 92
-84 34 -89
-52 65 36
41 21 -72
-1 -24 -50
84 22 12
-72 67 -64
5 53 -98
