370 1831
-983 544 47 -847
-95 952 -5 578
-112 553 424 -965
-161 -125 26 408
-285 411 -464 727
-718 -289 -914 -244
756 -532 359 -231
-54 -22 855 704
-675 775 -835 985
-237 425 489 144
172 -209 410 -682
-687 -330 -66 662
963 951 -421 -811
-958 -831 -43 125
156 -221 602 -72
-822 -680 82 -153
745 661 -894 117
29 -175 -540 -928
-315 359 -242 501
978 -594 -669 -479
607 -931 465 624
-823 -389 789 48
-701 772 -492 970
961 -285 -221 -219
17 -13 109 -113
-981 117 542 -824
-739 77 -986 146
771 805 -438 -488
579 -697 907 -426
54 -356 -911 -380
249 -10 84 -919
-532 275 254 -334
-818 -44 894 -647
-455 641 -969 120
838 798 -915 469
-566 -535 852 406
271 -82 323 -810
-92 -200 -143 -238
-86 -582 -849 -900
-127 -418 895 101
-926 206 499 493
185 -362 541 -242
-484 -31 250 486
562 -530 -455 -802
719 -57 272 613
-632 434 507 341
382 -481 647 -635
740 -963 -653 276
-200 -304 920 670
-85 228 980 -523
-517 -237 -78 -399
838 456 -502 165
-230 -910 386 737
270 218 -500 748
-643 -126 -435 -190
-942 -875 374 524
610 -750 -917 -771
-959 634 34 -848
-994 -402 -841 -406
-466 825 -665 -891
-486 492 -365 -691
268 646 -705 172
-955 -465 983 543
-554 -154 -925 806
-431 324 -735 -786
732 598 191 555
-320 -366 808 -886
-464 -874 365 -586
462 -69 -499 -681
-76 -49 975 856
153 -711 -69 358
829 788 -583 -702
-433 585 -658 -238
-447 607 10 -454
-691 176 -865 -88
-526 -370 -16 283
474 -675 -524 32
661 544 469 208
-651 192 181 -657
90 -353 -520 514
-379 -47 -159 -355
-955 -240 -167 -103
-305 76 -151 550
492 -851 120 76
123 -108 940 776
-651 858 -728 801
-124 239 -477 -198
406 859 -946 -163
465 -688 -973 -820
-388 -300 972 778
-713 -295 374 -264
560 -561 617 -542
461 -892 0 -884
-395 905 558 244
563 -952 -395 947
-335 -652 735 -282
-343 49 971 845
-808 -688 317 -798
725 820 -590 93
-111 951 -261 -556
-894 46 72 862
866 -395 477 253
90 -123 943 988
-423 -859 261 -559
-870 180 -677 974
-551 -745 105 475
-317 -585 -248 270
-125 343 -14 396
-27 -336 -522 -876
553 415 -202 -993
-804 575 255 -227
730 -543 496 756
-322 587 692 -865
-590 -107 -904 914
-75 326 -912 942
-194 -287 172 855
-854 506 704 995
848 733 -795 44
-586 -70 -644 429
277 -912 29 897
-49 -548 -380 272
980 686 -64 -478
814 -443 866 630
109 650 716 -455
657 -4 -877 -258
-87 -398 -771 993
-629 -446 75 248
145 -289 929 -739
-319 297 508 -986
176 -285 156 85
-568 -621 806 -738
343 940 912 -285
274 119 38 328
460 -824 -375 -311
473 -543 -338 -220
-481 -569 232 -612
76 -435 480 -694
-707 536 992 -220
-390 488 986 -323
-315 -306 839 -384
100 984 -324 -453
-479 -240 -409 -833
743 330 35 606
-611 -448 295 -956
-629 989 -540 3
386 628 75 -994
155 -315 753 -75
560 -719 -78 788
396 -119 952 844
-241 -240 28 -975
90 13 236 157
-991 633 -585 -50
-621 79 -601 -548
-914 -570 863 802
-462 -486 601 -661
-479 464 335 -324
-522 -625 -622 653
371 -373 179 -27
-965 618 -737 -743
198 467 780 8
-769 521 742 -191
-249 190 -58 -319
-893 168 -458 -401
-500 371 -343 321
-516 -402 -258 201
-439 -458 84 -774
-604 660 -301 792
-338 458 899 -685
912 957 681 396
308 -163 975 -42
-423 672 442 -829
-258 972 -666 -256
-101 973 23 -337
-40 -33 0 -869
-369 -352 -368 413
769 483 165 207
-992 538 -281 -512
173 -547 -1 -290
-319 987 745 112
-596 -635 -303 117
592 11 -568 -12
608 -692 869 -829
855 990 998 238
285 -332 -111 -612
-384 316 -364 5
-790 136 -147 689
-61 518 798 862
-185 -128 -516 895
-848 -109 -213 -207
62 -397 -203 676
-918 -308 557 286
567 707 -224 474
-571 -204 874 -408
543 345 324 -337
693 -151 -471 487
548 557 24 -414
-555 -428 635 -200
827 -92 35 -691
248 340 90 721
-838 -160 578 -804
-645 -499 568 509
-288 93 -356 474
-822 547 244 856
-121 -552 -81 620
976 -518 305 892
86 623 -912 -676
196 -255 489 -364
200 886 -651 700
-440 -834 833 -602
-977 -877 603 -973
-475 -65 -12 978
253 851 450 -828
666 140 -176 147
-582 755 -615 829
696 162 706 878
384 47 285 -578
-947 767 203 707
-872 109 636 826
-83 977 -153 -816
-121 -180 -904 -406
-836 652 -605 95
-367 -419 76 351
-284 -59 -574 566
696 804 -694 521
829 -156 796 -940
586 -197 -356 -812
209 -15 261 -731
638 445 -774 -206
990 296 -715 -476
861 796 726 775
925 387 -532 -938
-422 -783 -659 956
-256 -674 164 -506
30 -470 -572 -624
-765 -382 553 518
-301 -426 -473 -220
-713 -470 -913 -109
396 -398 828 730
993 197 -623 477
865 971 176 597
-637 -21 -639 -5
-932 -247 28 -904
-665 25 78 -482
758 -667 -708 78
-515 -717 307 -932
-941 481 821 209
457 597 -840 892
632 400 -723 -882
-120 -308 983 704
786 69 691 51
94 602 191 -563
-934 610 729 274
551 -515 -485 -202
-942 -698 -999 -84
-50 -859 1 167
704 554 -932 -974
443 -4 -19 -953
96 638 -765 110
479 414 167 -251
-664 724 -935 873
-105 -125 244 451
252 -224 372 34
-17 -652 478 264
-787 -575 757 -679
-560 -52 969 -503
-879 881 -509 71
573 730 361 410
243 -765 -780 47
352 -321 -807 157
298 -368 -467 547
962 554 461 347
-608 -254 -472 723
-931 -635 -608 547
451 -740 391 186
294 380 -981 -305
-885 -954 203 -140
793 -943 -706 -304
-77 -770 458 469
337 364 -278 388
83 412 852 -520
372 433 -400 51
-421 -58 -472 -142
626 -965 -551 -481
610 427 36 -944
186 188 -859 -478
-726 -3 31 -529
549 864 -874 -161
-811 -660 228 569
-901 91 -757 33
820 136 40 93
-38 686 990 -444
-688 1 667 643
-156 899 53 94
-663 807 -358 653
-269 538 -182 -4
-285 49 -794 -699
-426 716 -683 821
535 -546 -851 563
946 -827 33 968
-798 146 -478 48
628 179 -410 -477
-714 311 -353 -991
539 289 611 118
758 -465 244 -149
307 87 -889 891
107 -899 -592 251
575 -419 -3 664
646 -53 -118 -644
-233 -671 619 -646
-809 -347 163 -856
156 789 -934 22
382 -767 326 -202
-399 554 -45 274
561 567 -53 -433
807 -55 -258 -509
-585 110 186 -13
-251 -973 -805 615
708 -6 -293 123
-622 -491 652 887
-831 -715 -882 -621
556 165 626 296
853 377 -136 153
349 -101 816 -54
-594 -18 -701 -647
919 -608 97 -668
512 -719 -397 -315
882 -157 -913 -969
-801 675 -274 -636
239 33 -985 241
422 -871 485 -290
-43 712 802 -381
-936 696 -347 519
726 941 445 -326
-516 932 819 -624
306 582 -375 -543
356 894 14 -402
756 -949 -525 375
-259 -55 716 362
772 789 -939 -440
377 -389 -349 -983
-35 366 593 -534
-88 214 -278 -439
-680 -96 -875 -266
98 -959 79 811
-142 -181 -748 -391
-666 -715 735 -457
-668 865 463 -76
809 957 -575 -831
-660 -196 -277 -155
476 -725 -690 -618
160 -232 736 150
410 717 485 550
309 -784 -143 -947
-645 266 -475 199
598 422 -212 -254
-881 867 -297 534
-730 -867 -341 810
-907 -939 366 186
-847 630 -360 646
-457 651 -402 500
969 997 -521 -633
879 -76 -309 -155
-665 230 -294 -879
-950 -874 -248 -523
177 -394 -139 669
610 -616 417 -202
33 613 851 -692
-635 193 -69 405
-672 520 -350 -918
577 389 -34 315
24 -30 -24
-35 -10 7
45 8 -41
46 -25 -37
-35 -27 -40
-15 -42 0
-31 -6 -19
-29 -19 44
36 -44 -3
-47 48 29
-15 20 14
-16 -26 -44
49 -16 -6
45 47 17
35 -30 20
43 14 10
16 23 -23
-37 39 -6
-22 -7 11
26 -25 3
-3 -6 42
-35 -50 -14
43 -48 22
36 22 -7
20 -20 31
24 -7 -19
-26 21 -1
38 21 -25
-1 -38 27
-25 -27 31
7 -29 -47
-14 -6 29
-14 25 -5
-45 13 -25
-25 -50 -32
-23 42 -38
-23 18 -44
-28 -33 -30
30 -27 47
-17 -10 29
-44 13 21
-16 -17 -27
-21 5 -2
24 21 12
-5 22 -14
-39 49 19
-12 -39 20
32 -2 33
-37 -39 -47
-26 -22 -33
-34 1 -28
-39 28 38
-29 -15 47
8 -32 -20
-42 -3 43
-23 -21 4
42 10 32
-26 -49 27
-33 38 -19
17 24 -41
-30 -24 -19
-29 -50 8
40 39 -7
7 0 -4
-41 17 -5
-44 -32 -21
45 -38 36
8 -1 0
11 12 26
-43 -8 29
-27 -46 7
46 32 -4
-35 -30 -40
26 9 24
13 17 -21
-34 30 11
16 32 0
-10 -8 24
-34 -12 2
18 -9 42
-25 -16 -2
44 -43 40
-38 42 -41
-37 -44 15
-21 -25 16
17 -27 41
-15 11 -26
-18 -49 -8
3 48 -38
-2 -41 -31
-10 -5 49
-11 -8 39
-27 -25 4
-44 -20 -50
2 49 -42
-1 -23 -29
29 -40 44
-33 0 -34
40 -21 13
-35 -28 -40
-16 37 36
-50 4 -43
-29 -7 -1
47 35 -4
25 42 -43
-1 -48 -26
-37 -28 41
34 -40 -24
6 -9 32
39 -30 -20
-26 16 -39
-25 33 31
-19 -41 -3
-37 15 14
37 49 0
5 -31 -18
-44 -1 -49
26 38 13
-3 9 14
-1 37 -40
-39 12 -24
35 -18 30
-17 -3 -25
5 -4 -7
-31 1 -43
-18 47 30
3 46 -22
28 -34 -10
41 16 -33
-6 1 -11
-50 -5 -26
35 -11 -31
-11 37 21
-49 -5 -13
11 -10 -48
41 -12 10
25 -40 -19
-30 -26 29
35 13 -12
-42 -38 13
13 25 37
-50 -42 16
38 48 -26
23 -43 -48
21 35 27
-41 15 46
-50 23 -35
-34 -4 49
-1 -15 5
-4 -3 38
19 35 23
-34 -26 49
-3 18 43
32 9 -2
42 10 9
-31 21 -38
48 36 -44
0 -9 19
7 -29 14
-43 27 -42
-38 36 -41
-40 44 -49
-47 -26 37
-7 -32 -30
-34 18 -19
-32 22 -40
-11 32 -34
-30 27 40
-6 -46 -35
36 28 44
47 -6 -41
-22 8 -33
-23 27 -3
6 8 48
38 -27 -12
14 17 -6
-49 -26 45
-4 -28 42
20 -26 2
40 21 26
-8 4 12
29 -43 -18
-50 -41 -12
-31 -39 5
-10 -11 24
46 37 28
-41 -40 -14
47 18 -34
47 -37 -20
-6 48 -11
10 13 -22
24 11 36
-20 23 26
-1 45 38
47 7 -44
-37 23 30
29 -26 7
15 40 -35
-30 33 -50
-10 27 -44
-33 19 6
-18 -39 -40
26 -25 31
-48 -38 28
31 -29 -40
2 10 -10
18 -24 -13
11 -30 10
14 -6 48
-20 -24 -1
16 -31 15
-32 -6 -31
-47 -13 29
23 40 48
41 -4 7
-8 19 25
-9 29 -41
-10 22 -24
-37 4 39
45 2 31
-34 49 -50
42 -5 12
2 -50 -21
35 33 0
10 -29 -1
42 8 16
21 -38 -37
-10 -45 39
18 -7 -4
18 8 39
11 4 -36
37 -19 13
-16 -49 -13
40 -26 2
35 -22 -5
39 -28 -29
-46 -1 6
20 6 -36
45 19 -46
-14 -16 -15
10 32 -20
-16 -1 34
-8 -27 -43
36 -29 10
-7 -47 -44
40 -28 -43
-41 -35 -6
-40 28 30
30 21 6
-23 -20 32
7 -24 45
-13 21 -39
-9 -1 20
-27 -36 31
17 19 36
-17 43 -30
28 3 32
21 49 0
1 18 31
-2 -49 -33
-36 -7 -42
-33 -13 39
48 -4 -44
-29 -8 -49
35 -49 32
34 -31 21
2 38 -17
-41 17 39
8 27 -49
-25 -47 -17
46 13 -42
-33 -36 -50
42 -4 44
-1 3 -23
-36 -48 -25
6 -11 -21
-13 1 -34
4 9 -29
8 49 23
-21 -11 -33
34 -30 -18
22 13 -24
2 -20 -39
-21 -24 33
-12 12 -11
-24 30 -47
33 -12 46
-40 -50 14
21 33 -46
-24 10 -31
20 -8 -7
-12 33 -15
4 -42 -50
4 -9 16
-22 -44 -4
35 40 -29
8 -46 15
-27 -32 33
35 -32 -40
46 28 8
27 -21 -28
48 -22 37
-27 -46 -21
22 -32 49
-40 21 -7
-17 0 -33
-38 -23 -13
6 0 8
6 25 5
-2 -6 -37
-11 40 47
-35 -10 -29
49 -49 7
24 42 -38
-30 17 -13
35 5 14
-28 -14 4
-42 -27 21
-38 29 -1
-13 -27 -20
46 -25 5
31 -44 1
-47 -24 -40
38 5 -41
-26 -28 16
-19 -16 21
17 -22 -4
-38 -43 26
27 24 1
22 40 42
18 1 25
-21 -9 -24
33 -26 -46
31 45 34
47 -22 37
-39 3 -49
12 36 31
-28 39 -36
15 -48 -9
-49 -31 -17
-24 17 -20
41 -20 36
27 9 -9
-21 26 -15
-23 -32 -33
-46 40 -34
-25 17 -33
-28 -13 17
-13 48 12
-18 40 6
6 16 25
46 -33 27
15 -49 36
-20 -6 -5
13 -15 49
-41 -26 -7
1 33 27
33 4 9
-43 0 34
-40 9 -19
-25 -50 44
39 8 37
-8 4 2
41 -5 35
-49 7 -16
5 30 -5
49 28 -15
-34 -21 -49
5 -33 -49
-6 36 -35
-27 47 -46
-15 -14 -17
-24 26 -12
-8 1 22
32 8 46
48 -26 -36
-33 -4 -6
25 24 -49
-17 -18 -16
-5 -15 7
-19 30 -13
34 19 33
-2 -20 40
31 29 -15
7 30 25
12 -3 23
-14 -27 -47
-22 17 2
-27 -6 -31
-18 9 -37
-44 24 -22
-10 36 6
4 30 -50
-27 -18 21
-43 -4 -24
25 5 29
18 -9 -48
-10 37 -7
-40 -9 49
6 11 -5
-14 17 -23
-38 -6 30
-43 15 10
-7 -18 -6
-37 13 -24
19 -38 -2
24 3 -24
-22 -47 8
-41 -9 18
25 -8 -36
45 44 25
-41 -43 -50
-27 46 9
-11 -6 25
-8 -25 -26
18 27 24
41 39 27
-4 23 12
22 31 39
-29 37 -44
-12 10 22
-41 -29 -26
-35 21 -8
5 20 1
-19 15 -35
-7 37 -38
21 -47 39
42 -34 -26
6 -47 16
49 3 -6
-45 -12 -5
-5 -32 -34
-28 10 28
-12 45 8
-22 14 22
48 14 15
-12 13 -44
10 30 -9
-1 -14 -35
21 -12 12
32 6 23
-11 9 33
-40 47 4
25 -2 14
41 -1 0
21 41 -47
36 -22 -30
24 11 -1
43 6 -41
27 -33 -48
11 -14 33
-12 33 -46
-8 -1 42
-2 -24 -8
-46 20 26
-37 2 -3
49 -3 19
40 -45 -23
32 41 0
-26 1 -8
-49 -33 11
-36 -15 -27
48 -6 -34
-23 -26 1
-38 25 -5
3 -49 -38
0 37 -35
14 -13 -3
25 -49 22
25 -20 23
-44 -5 43
-41 24 -9
-15 -20 33
-16 -14 -21
-38 -5 -29
8 -2 22
-2 15 38
-9 31 -33
-23 7 31
15 -24 37
3 -1 -4
25 26 -11
-12 35 -26
17 -24 1
-4 28 -3
-33 -44 15
-17 -31 42
-43 -9 24
-8 10 -45
-1 -20 44
26 -48 -21
-41 31 -15
47 -39 46
-47 40 21
-33 33 44
1 -18 -48
-46 -28 -44
23 10 -39
43 -33 0
-29 24 -7
34 20 -43
4 25 5
-43 43 -15
-27 -40 -17
-2 37 43
-24 -43 10
48 -49 -35
44 27 -27
29 -34 21
28 -50 -1
-29 -49 -13
16 -27 48
-4 24 -17
30 -45 14
20 29 -39
21 -10 8
23 -28 11
43 41 45
26 -1 -3
39 -6 -44
-49 32 -17
-27 -23 -8
-13 39 -2
18 -3 -8
24 -48 46
7 -37 10
38 24 -30
-27 -13 -3
-40 15 24
35 -19 -49
-22 22 10
35 20 17
21 -20 -3
-39 -23 6
38 -30 41
-36 -7 15
-26 -17 -37
12 42 -27
14 11 47
49 -31 45
-22 31 -29
-40 22 -6
1 -30 -9
-23 0 -28
-4 21 41
-42 -28 11
-40 47 -19
28 9 -39
0 -50 -8
42 -20 27
-46 13 28
33 38 -15
-43 -29 20
-40 18 -42
-37 -38 -18
-3 49 -31
21 27 -40
39 -12 7
-9 -37 9
24 -7 -50
-10 22 -48
-23 -34 -44
-49 35 -38
-16 -3 15
-24 0 28
43 -17 -22
5 -18 34
-44 -13 8
-21 -14 -43
-22 14 -44
46 -29 -43
6 12 -36
14 -50 -18
32 -4 -33
-39 -31 42
19 -30 3
35 -5 -30
-44 48 -7
-10 -9 22
-49 42 -10
-29 -4 3
40 18 37
-42 -50 -25
-26 -13 -9
-36 44 16
24 11 -11
-15 -1 -26
-16 3 -43
39 6 35
-40 -6 -35
39 -17 31
-26 21 46
-13 -24 4
-3 -20 3
-32 -19 33
13 -27 8
-29 -4 -25
-27 -48 -36
-40 -9 44
36 32 22
15 -3 9
-19 -17 13
49 37 -25
43 -46 13
39 21 -1
17 26 16
29 -22 1
37 -48 36
-43 -45 42
-19 49 40
16 -45 19
42 39 1
48 -45 -22
-25 11 8
2 -8 -5
-46 41 -21
-9 40 -29
6 24 21
-10 -22 42
-35 14 -6
-10 26 -34
22 8 -33
-7 -19 -48
0 34 -17
36 -10 21
-1 32 -20
31 -46 1
13 -18 37
-37 15 4
32 -2 -36
31 26 -40
21 25 -20
-4 1 -5
4 42 -37
-32 -17 15
-23 20 27
-29 -3 -47
47 27 10
-12 -30 12
-27 12 3
-5 24 -12
-40 36 12
-3 25 -42
45 38 -11
7 -6 -48
13 -23 45
-23 -6 47
-16 -12 -11
-7 38 -34
47 -1 21
-34 -28 13
-17 49 -22
-14 46 26
-38 18 -15
-17 -2 43
-14 -22 46
28 -6 -29
6 -5 33
-13 -39 4
45 28 -5
43 32 -22
-13 10 -20
-50 41 7
45 -7 -49
-27 -41 15
-46 25 -39
44 7 20
7 -46 47
46 -33 -11
-35 -21 -43
-26 -42 40
-45 -41 -16
-36 -47 41
-34 -14 -19
19 11 40
-37 22 47
8 -24 26
-10 -37 26
-10 41 -38
10 41 4
37 -4 -22
-13 -28 -39
-14 -42 11
4 -37 33
-17 -14 18
19 -37 45
-37 44 -2
38 44 -50
18 11 24
-1 8 43
27 30 32
-40 -25 16
-21 -12 -25
41 23 13
-20 21 26
-46 -9 -6
40 -49 -3
-27 41 9
-28 25 -33
-27 -2 -18
22 -1 46
9 -23 17
17 15 19
-2 45 -5
10 -35 -28
-43 -14 -48
28 2 15
49 -24 -25
-11 -30 1
18 -40 16
-45 18 41
-23 33 -2
17 1 31
11 35 -40
1 23 19
41 39 42
-26 -18 -7
49 -16 -48
-48 18 -26
1 16 35
-40 40 38
47 -16 -26
37 41 4
39 13 -39
18 -42 -29
2 -49 -34
-3 41 40
-9 20 15
-13 30 39
26 -18 23
-21 -28 -31
17 -10 -34
-41 -17 -14
-42 35 -13
-36 -8 7
-19 25 34
13 24 1
-44 16 -48
-14 -16 -31
-32 -42 -26
-30 -2 -7
22 -28 -48
13 -45 24
17 -29 -23
15 -20 -3
13 43 5
29 -21 -27
49 21 -46
19 -22 -39
-33 4 0
45 -9 -31
-7 24 45
1 11 -8
-47 48 32
27 36 0
-21 -8 -6
35 -49 -8
-13 -8 48
-43 21 3
-12 7 14
-15 -37 35
35 46 -44
44 -11 16
-41 14 -3
-40 -35 12
-15 46 9
-48 26 37
47 49 -38
-42 15 -43
3 33 4
-17 33 44
3 -40 26
15 13 -42
11 -9 18
-6 23 3
47 42 -37
-42 -43 23
-16 39 24
32 -11 -8
-40 33 -9
29 -20 47
-49 -29 12
-21 -44 -41
-12 -31 -17
-8 -36 -25
-46 -29 30
34 49 6
-27 -20 -35
0 7 12
45 -50 -6
20 26 -45
6 21 -17
46 48 -22
18 45 -12
-33 -44 -22
-37 -31 -23
29 22 45
11 37 8
-3 32 -46
-38 -19 -24
-34 41 49
13 15 23
26 -33 -21
6 9 41
47 -14 13
13 -50 -24
-15 28 20
39 28 0
-7 3 -41
-44 -29 -40
-47 33 30
49 1 -10
12 -49 -5
37 -20 -28
23 11 44
11 -9 -35
23 10 40
-23 -42 8
12 -30 -44
1 -50 23
27 22 -11
45 8 -9
-10 -4 7
25 -46 48
44 10 -9
-20 -4 -8
-12 49 40
-17 35 5
-45 2 -50
45 -24 -33
23 -15 -21
15 13 -47
35 -43 33
34 44 3
38 41 -2
31 13 46
24 46 -1
30 47 6
-19 16 -11
-45 -38 3
-24 -4 -3
-5 5 -31
8 -48 -40
-9 3 21
48 39 -25
-15 -14 7
28 4 22
-29 -11 -42
-31 -45 20
38 -43 10
2 23 -43
16 24 37
1 48 -11
-27 47 46
-11 -25 -17
-43 -12 45
48 -17 -15
-40 32 -4
-31 2 17
12 -18 -12
48 26 -20
38 -39 -3
-41 8 -14
-7 -42 -23
-9 -36 -4
19 -34 -17
-13 -39 26
-4 4 -11
-32 -10 12
-10 39 36
-8 17 14
18 -32 -34
31 -16 -45
5 39 4
-48 -26 -4
-34 -36 13
-6 4 -22
-42 -45 12
-19 -34 13
-1 -43 -24
-35 26 -30
-15 -9 21
-31 18 -44
9 31 15
30 14 6
-11 9 -35
-38 -27 31
42 16 44
-30 35 4
28 46 -15
26 15 -18
-29 46 40
42 3 26
-49 23 -14
-6 24 -5
-26 24 13
-12 11 44
-50 23 32
24 -38 -1
-8 -50 26
-13 -4 -45
36 -30 -15
-41 -37 16
-16 -47 44
39 34 -30
-8 13 45
-17 -35 20
12 -48 20
-23 -22 -34
-39 22 38
-17 -45 2
-35 -48 24
-37 4 44
-14 -12 -19
-2 -50 -48
-31 -43 -21
37 -34 -46
34 -23 4
-28 40 10
17 -29 -43
15 32 45
-39 20 46
19 16 -38
-39 -30 33
-44 -43 23
4 18 27
49 35 19
41 -2 16
-49 6 -47
-4 38 -33
18 5 -10
-32 48 36
-1 -6 28
6 -8 -39
28 -44 -50
9 15 22
46 -11 -44
13 12 6
-9 11 1
40 -21 25
-34 15 -35
7 13 49
-11 27 5
45 -47 12
-11 -9 -18
-35 -29 32
47 -41 -12
37 -16 34
38 -14 -25
-47 45 36
-49 -1 36
14 -28 -38
-46 41 -10
8 -1 -31
-48 -30 -42
6 -33 -39
-35 19 24
-13 -45 -38
-16 -14 41
39 44 -26
39 -16 -4
49 -16 -12
12 23 24
41 10 -28
-49 25 29
34 -28 35
26 14 31
-1 14 -5
-13 36 -50
12 35 -27
-33 12 5
7 -19 -4
-35 0 17
-22 -7 19
41 30 46
31 39 -46
7 5 39
22 44 -44
10 1 -50
-28 -18 31
29 9 26
35 33 -34
-10 -32 -23
-6 -32 -17
-37 6 13
-22 29 -42
36 -18 -22
-19 -11 -32
37 48 -16
42 -49 43
44 17 2
47 17 -36
36 41 -10
37 10 -18
-22 -20 16
36 -42 -44
39 40 -23
24 5 43
12 -7 -50
22 -14 -48
1 25 -31
38 -39 -8
-43 19 23
27 -33 49
49 8 -20
-22 -29 33
-42 -47 -4
-12 -5 -39
-44 -2 38
14 -8 40
8 28 -42
16 -4 1
-10 -7 21
-11 -3 16
46 -40 2
26 31 -2
-47 -20 -7
-20 -21 25
44 16 7
8 -7 -48
-37 49 40
-20 -37 -24
-24 2 -48
21 47 -10
24 37 32
-28 -14 -33
-7 28 14
12 16 21
12 -38 11
-49 -48 21
6 19 -17
-33 27 -39
22 -42 11
-32 17 -34
8 -33 36
30 36 1
-45 -15 31
-17 -2 -42
-5 39 -34
37 -49 44
49 34 -13
32 -27 -45
-10 48 -14
-42 2 -29
-17 -24 -32
12 -1 -49
33 -23 -22
35 -5 14
-44 -35 1
-34 -25 38
19 31 -45
-49 -5 48
21 0 36
-47 -29 -45
-40 -28 20
-25 24 -23
18 -13 38
14 43 -42
-28 11 37
-18 -11 -3
46 31 -37
22 5 45
29 -7 46
5 -18 14
16 42 19
29 -45 49
-3 -4 -18
-4 0 20
-48 33 -8
-11 -8 10
-50 19 -18
-18 -41 -33
-24 5 34
20 28 -47
-39 25 6
-20 11 -46
11 -5 32
35 9 -47
-46 41 40
-16 19 2
3 -27 -9
30 42 22
49 -43 -23
7 20 -35
14 10 20
40 3 19
17 4 7
15 42 9
-28 8 31
11 -2 46
6 22 37
-32 -17 -45
7 -32 -4
-10 18 -41
-2 -45 -24
0 49 -31
18 34 40
-22 -3 -21
19 38 -18
-27 -9 14
-4 -8 -2
23 21 -17
-25 28 49
-44 16 22
35 33 -3
42 -12 -17
27 -32 -35
27 -33 28
15 -22 12
13 34 -48
-23 -22 26
18 -2 10
-26 40 -46
-49 -45 -38
15 23 28
6 -13 32
-47 -30 -25
-22 -16 -38
9 -31 40
40 -39 -15
-13 -31 -5
27 48 32
0 -34 15
29 -37 48
-16 -28 10
14 4 -41
-20 -17 -35
-28 35 -44
34 44 -46
-41 -36 -47
9 -45 28
39 -46 13
4 23 49
-2 -48 -41
-31 18 28
17 -22 -17
38 22 21
-8 32 -12
-11 -32 -1
-14 -8 -31
4 -5 31
20 4 -7
-43 41 4
2 30 25
45 -36 15
12 33 15
-7 -22 -20
1 37 -32
-8 0 -18
27 11 -5
-33 38 28
46 23 -8
-46 -45 -31
-38 47 -6
34 -7 -25
11 -50 22
35 -20 -44
-32 -13 -41
4 33 -49
29 10 36
-35 -1 34
-15 -21 -5
-38 -42 -28
28 -29 -26
-4 -40 -16
33 -35 3
14 -14 -40
8 -3 -15
9 -14 -24
-2 14 35
-45 -29 14
20 8 -31
-31 4 15
43 3 -20
35 29 -15
-21 19 41
-7 -40 7
2 16 42
-28 24 42
43 -20 11
-34 45 31
-20 19 8
7 38 43
-33 20 3
7 15 2
0 26 2
-1 17 -33
-4 -3 26
-13 19 2
-30 -20 36
-49 -24 40
36 28 21
27 -35 -38
48 -18 30
35 27 37
17 -34 16
-27 -11 11
31 36 -21
10 24 39
-2 -39 6
-23 -7 -24
44 -5 30
41 26 31
-38 -13 -21
-19 15 13
44 -13 -22
14 -14 -39
34 12 -49
19 45 -11
-33 -19 13
-47 -23 -29
-7 39 46
-9 -21 5
-25 35 34
-34 40 -38
22 6 -15
-31 -41 -24
-29 -37 -15
-31 -1 -36
-1 -50 5
-46 -45 12
11 -38 41
45 36 -41
31 -16 20
-18 -12 43
32 28 -38
-31 -10 11
-18 -24 31
14 -12 -28
10 8 -30
0 -19 11
-30 -33 -2
-46 2 35
29 -35 12
-42 -10 8
-47 1 -2
28 -10 -29
40 6 -47
19 -14 -27
-42 15 -2
16 -16 14
4 42 -44
21 32 -23
26 -2 31
4 -46 0
22 5 42
-4 -14 16
-41 44 -20
20 34 31
21 -31 10
-13 -21 -39
39 -24 -3
-21 -42 49
-30 -20 -16
45 -41 12
44 3 18
-23 -28 22
-29 -13 -12
27 -47 -24
-17 -38 6
-48 34 -31
37 34 -1
27 -27 -11
5 -24 45
4 -38 -31
11 -31 -22
-41 37 21
34 -33 -5
24 -45 -26
-4 -37 10
11 47 23
41 -49 -35
-20 28 -49
-35 41 -48
-36 7 -12
42 -37 24
28 40 -6
-23 3 -19
-11 11 -41
12 -12 -48
-50 -32 -38
38 -35 25
-17 -46 14
26 2 18
-32 10 -10
-47 -27 23
49 -41 33
-23 -50 -29
-22 -20 42
34 13 20
-23 46 -16
-32 31 -27
48 17 29
5 -49 40
-26 19 -31
47 -3 0
48 -10 -1
20 -19 42
38 -34 19
16 -39 -50
-49 -47 -8
-5 41 42
31 -17 26
5 -7 -3
9 -11 49
20 -36 -19
-45 -29 33
43 -25 4
10 33 1
43 -45 -28
20 -16 41
32 -25 4
-26 39 -37
-37 -21 16
-17 37 -47
-26 34 23
-36 -48 -17
33 32 -2
25 -20 21
37 -40 32
-16 -39 -17
-32 21 22
1 41 -46
-19 25 -28
18 -8 12
29 -10 -3
40 13 -3
2 -5 42
-23 37 6
40 47 27
-26 7 19
-16 13 27
-1 47 -9
-42 -2 23
-22 22 3
47 36 32
15 5 -47
-39 19 45
-29 25 -2
-25 44 33
-38 -48 22
-29 -18 -8
43 32 -23
-28 38 -42
14 -33 -15
5 -41 22
-47 -13 -31
36 27 -29
-48 -40 18
-14 -35 48
9 46 -46
12 -17 11
18 4 -30
-3 21 -4
-24 38 -39
-19 -33 49
13 35 -36
-4 49 27
-22 38 40
39 8 10
-34 -14 47
1 32 -38
-10 -49 32
34 28 -14
22 48 -2
-34 39 1
-43 29 21
26 -48 -43
10 -34 25
6 30 -27
28 14 15
4 -3 7
11 36 29
46 -26 -20
43 -49 34
19 -35 -26
-17 -27 -10
-24 -19 -14
33 41 8
44 -40 -45
-13 -24 5
30 3 33
42 40 -28
21 -43 -26
5 19 11
-42 0 21
12 -38 8
20 27 4
9 -42 -44
-29 -41 36
-25 24 -46
9 -14 36
14 -50 19
-27 -14 -2
-45 -11 6
41 -37 4
37 -2 -24
-47 -32 -2
18 -7 -3
-36 14 25
3 -14 26
-26 -19 41
-42 2 8
-45 -7 46
-20 7 0
-5 13 -11
11 33 44
0 7 1
29 49 -27
22 28 -50
-11 -9 28
11 42 -26
-1 -20 -5
-11 25 -32
-35 -42 -21
-41 5 11
-10 24 43
-20 -4 24
-19 -20 -32
12 3 27
21 -17 -28
-7 10 -46
20 -32 25
16 -20 -46
29 34 -23
41 -17 -3
44 -23 -30
11 -24 -46
49 -23 17
30 23 47
26 28 22
42 -43 -41
21 -30 17
-45 -32 48
39 -20 9
13 35 -32
-15 40 6
-26 -27 5
5 25 -16
47 -16 -6
-8 -46 -30
-11 32 46
-7 47 42
-4 47 1
-33 -3 -38
26 40 -37
-24 -28 -10
36 43 -49
42 29 3
-43 27 43
20 -26 -23
41 23 -42
-21 12 40
19 -36 37
41 25 -39
-49 -20 -18
-17 -31 -44
-24 40 -33
-4 -31 35
-48 -10 -46
41 16 -44
-39 -44 20
13 -23 -34
0 17 31
20 -19 17
-16 -36 -27
-6 -24 -3
9 4 1
-10 34 -8
47 17 -7
45 -10 9
19 42 -17
35 27 34
48 -44 44
-19 -30 35
22 -36 -3
-14 -34 -17
-13 -27 -10
-11 43 31
-48 5 -12
48 -8 -36
-16 20 1
0 15 -11
-32 -8 22
26 -45 3
-41 -4 22
13 38 -18
-39 23 -2
-16 -45 2
-47 44 -40
27 -35 -50
-30 -27 -24
13 -2 4
12 17 14
40 -6 1
8 44 21
47 -26 -16
8 47 10
21 30 18
23 9 24
-33 10 39
33 -46 -18
-35 -47 4
-37 19 -24
44 -29 -8
5 -38 13
-34 45 -37
-10 -21 9
27 30 -45
-21 22 11
-8 19 -46
-49 29 -3
6 9 28
-33 -24 33
30 -34 -7
31 45 17
46 -45 17
35 44 32
21 -35 14
4 30 -32
-3 1 -1
-35 -38 21
36 -41 -24
33 -9 21
3 -10 48
39 -22 -15
-3 -48 16
-6 26 28
-16 13 0
-6 -20 -47
32 24 -36
31 21 2
-42 23 42
27 -17 40
-36 -22 24
-8 16 -25
-11 -17 45
24 26 -38
4 48 38
16 49 -14
13 37 6
-25 18 -15
19 28 -21
-31 28 5
41 -4 30
0 45 31
-36 -16 -4
4 13 36
20 19 -40
-7 43 22
-41 34 -40
-31 9 49
-3 -20 46
-31 6 8
24 -23 30
11 4 -43
-26 -4 21
6 -12 -15
37 5 -9
-35 47 -45
-45 -28 -21
-13 24 -40
-46 15 -32
5 -9 -50
6 -38 -31
-32 0 29
-32 43 27
1 15 -11
-32 42 47
-18 -13 -24
36 39 0
-46 -30 2
-3 35 14
24 29 10
10 -34 9
15 -50 -24
19 28 47
-24 -31 -40
-31 -5 -46
-44 -30 -47
15 43 -18
22 31 32
-47 -34 -2
38 -12 -50
27 17 20
-28 -45 -30
-21 -13 49
33 1 -38
47 -27 -11
-34 44 -13
42 -35 32
-4 22 -38
8 -30 -44
39 2 16
13 38 23
-9 33 -14
-23 -6 -46
-50 -15 11
-21 35 36
-37 -20 -22
-18 21 -7
47 -33 2
0 47 -28
-38 -37 -49
-42 3 -28
36 -49 -42
37 -6 -1
27 1 25
-22 -11 27
49 -13 -23
40 42 23
-32 -1 27
-46 0 -12
-8 -38 16
-13 34 35
14 -43 -19
-10 28 19
15 34 -30
-4 28 42
-47 47 -27
-13 1 -42
-1 22 11
-46 -40 34
49 28 19
22 -6 12
11 -30 -29
-3 -50 8
-9 -37 46
-35 -10 11
-43 -6 -1
49 2 -8
15 -18 -16
41 -7 -6
-25 8 -16
-29 22 -19
44 30 -35
-33 -9 30
-7 31 -28
-12 -28 -32
49 42 23
-4 -43 -12
33 14 -18
38 -34 -37
7 19 49
48 44 12
46 26 -50
20 18 -27
7 23 10
-47 -30 3
-31 -45 -28
46 47 0
28 26 -45
10 -42 14
-46 49 -35
-4 36 31
8 29 36
2 -48 25
-4 16 -30
34 17 -48
36 18 29
15 -11 -19
29 31 40
39 28 -43
20 10 -31
1 -6 29
-3 -9 -43
-50 49 15
35 43 -15
9 15 11
39 -6 37
-46 48 1
10 33 -16
16 8 -36
-9 -44 15
-33 10 27
-12 44 21
23 28 -18
40 42 -50
47 -16 -44
13 -24 19
-48 42 -47
16 -13 -7
-9 -5 -28
22 -23 -39
41 -26 10
34 42 3
-35 -29 46
24 -40 30
-13 17 15
1 31 -14
-15 4 -49
-20 42 -39
23 -36 -13
42 -41 -43
40 -10 1
21 -41 34
2 26 -6
-33 17 27
-11 24 -46
-4 35 -10
19 5 12
16 18 15
44 -19 -30
-24 -27 42
9 -36 47
-36 -11 39
0 -49 30
-19 -30 -48
38 12 5
-41 -31 -7
12 -39 37
-25 -37 4
27 -14 -28
-36 -50 -32
34 -33 26
32 31 -1
-1 46 -22
-27 24 28
-12 -29 -32
20 -8 -25
-43 16 -31
10 38 -39
-25 -48 14
-43 29 26
-45 33 34
-28 -3 -45
-21 37 -5
-19 -15 -20
29 3 21
-23 26 -24
-32 -25 30
30 -16 -47
38 24 -48
-31 -9 -5
-27 39 -43
1 -23 -19
46 14 -19
-26 8 46
38 -40 46
-24 -8 -2
46 39 -12
28 -42 -40
22 -25 -17
41 22 -15
29 24 25
5 -31 -42
37 23 -21
8 2 -28
-17 -6 27
-46 -34 -20
31 -6 -31
-14 45 -32
-49 3 -21
-9 -18 31
35 -45 16
2 48 5
-4 -37 42
46 5 26
15 -32 13
-40 18 7
-12 3 44
-39 -20 -14
-41 -36 -21
-9 47 44
10 32 -42
3 18 40
-19 -29 39
25 -32 44
-35 -36 -6
-26 19 -8
39 -15 -33
42 -2 18
20 27 -50
40 36 43
-50 -24 -44
-1 -8 2
15 -31 46
-15 -42 -44
20 1 34
-4 -2 43
49 23 5
-49 25 -18
21 -28 -8
-4 -9 -44
-22 33 6
2 37 23
-29 16 22
26 29 47
-19 32 35
14 -21 -12
-50 15 -28
-40 -39 -17
34 18 1
22 7 -47
36 48 -43
-43 -19 -48
-39 -26 8
47 -27 -9
38 -50 -49
33 3 -49
-36 -15 11
33 13 5
-15 24 -26
-15 -14 -43
43 49 -21
-26 -49 20
8 7 -22
16 4 -43
-10 -23 49
-43 15 21
-21 29 30
39 24 -10
-20 3 0
-10 24 -25
-38 -42 -22
38 -40 36
-22 0 10
-25 -27 -38
31 -1 14
33 -28 -45
30 9 -2
-28 -13 40
4 21 9
1 -8 30
23 -37 -27
34 33 4
-14 46 24
-20 -41 -8
-16 -47 37
15 32 -23
29 -2 45
