297 4385
780 220 44 966
-475 809 -643 754
566 467 172 35
-655 270 649 -856
-334 578 -912 -81
-605 763 375 87
-225 -541 -854 -412
-381 378 660 -249
883 401 -182 284
-318 -43 989 -817
422 -595 -913 979
155 67 -678 -794
719 -955 -397 148
-98 -889 -268 -498
-513 -658 859 -981
19 -219 398 -274
599 -895 -923 823
509 -413 528 -235
-100 -778 -591 127
-385 970 396 330
618 -22 762 626
-83 556 -825 389
469 -52 838 -278
-963 260 493 53
961 430 591 -614
597 690 -739 630
-304 -815 810 -849
-288 -645 473 -907
298 783 700 810
840 939 933 -776
818 -579 15 -507
929 -735 -567 -655
-916 -598 -727 866
-195 -277 -571 -506
-664 507 -770 -986
-672 505 494 -663
179 -271 933 -385
-295 13 -736 -942
850 -342 687 88
-538 -677 -431 987
-524 -650 649 -175
-336 -467 234 -166
-472 818 -270 171
462 17 -272 632
-539 -457 -378 -555
29 -288 150 105
-100 205 -148 203
963 -364 -252 -792
-29 -970 -829 499
-347 964 190 -445
998 -591 179 -420
-325 360 -972 -853
741 205 -215 524
174 716 499 -528
148 361 396 -123
-923 118 154 -439
-810 955 123 -463
-644 644 748 -851
693 -119 -721 435
387 -743 358 432
-920 529 -961 -719
-186 -986 589 -306
-445 -642 307 -99
982 104 471 -68
788 -458 -211 -463
604 -451 708 -422
440 -189 376 -153
-978 -756 373 -51
-725 611 894 -393
341 -994 -502 -804
91 -762 -962 8
420 86 -901 818
-204 -82 -615 197
-349 768 -327 -176
400 -642 768 723
-926 148 -913 -900
256 -946 -533 904
-773 553 -186 -142
-479 -992 991 -705
662 119 330 465
900 394 458 -68
55 96 678 -119
916 234 957 -966
526 343 967 115
155 467 698 213
-418 709 399 230
-784 -104 -434 -418
798 713 -449 -991
639 896 246 -904
-287 82 118 609
218 185 16 -870
69 -17 -790 397
793 91 751 -87
-598 525 -86 -224
-951 713 967 584
781 746 -774 -116
-502 3 -167 -532
246 451 -571 887
-164 638 -815 -737
-970 540 -347 694
292 770 -513 606
987 -295 231 28
937 566 -50 388
-260 852 -350 397
626 436 -49 -686
909 -550 494 -613
-592 -567 -846 -847
564 -396 -496 154
159 -783 -456 -577
-278 -77 213 311
-220 58 -511 317
37 -668 556 -244
-143 -593 -874 -507
-420 508 489 496
510 491 729 439
955 -739 -916 980
-707 -542 -676 382
-147 911 -405 -615
-892 994 837 499
603 570 932 -814
-615 382 -342 -143
-143 -569 754 337
-962 -217 -9 -361
337 109 981 -966
151 29 942 673
-36 167 -118 372
801 -631 744 430
-467 -907 571 942
597 -838 -513 998
927 -404 -401 -285
-557 254 -833 859
-403 -373 44 -554
574 -833 599 -541
-440 951 853 973
-431 -908 -379 -418
-285 -490 242 -458
-396 159 358 -395
223 -343 -405 419
77 -678 258 -739
-551 -643 -73 686
-192 -560 -831 952
992 -489 -229 831
-234 349 -686 723
731 -203 460 -398
-533 -286 -14 -99
779 -672 768 787
-976 550 733 -196
450 -775 -971 -816
-856 576 -610 155
885 -755 -683 -25
-584 -359 614 -441
359 991 -423 950
-527 -891 982 852
-536 437 -947 -541
129 -812 -478 810
983 -234 -328 151
-952 256 627 466
-191 608 374 311
478 -346 -635 997
931 47 193 -807
-785 271 903 637
696 -197 -466 -776
220 -595 -958 -158
-787 -209 -821 572
69 -694 -1 554
-619 991 -988 -239
258 -173 396 -864
-756 363 329 -71
-185 727 -845 -917
420 -910 167 193
-370 -38 -902 465
-253 655 463 225
-585 -1000 183 -895
-65 -949 981 958
-569 368 -662 945
544 -895 871 -958
-524 -233 -395 256
-956 -103 -951 770
-642 694 -515 -138
108 407 -712 403
666 433 824 -86
358 917 36 169
-250 -112 282 493
-711 -67 711 -916
-94 250 -108 736
580 382 29 -914
31 -732 -343 326
511 882 586 -752
490 -500 -865 28
135 -603 248 -680
552 -647 921 91
-733 4 -294 87
-980 -127 244 404
-881 473 -260 169
-409 -244 817 -58
-245 -708 -273 427
116 853 670 -163
896 -88 -710 -123
-494 142 997 -970
534 -785 -813 -623
770 941 745 -797
73 -650 264 539
-791 -383 420 906
162 -688 918 -117
-496 -709 992 297
117 -912 926 -800
-136 121 548 290
23 -482 -640 -628
0 -110 430 -362
899 306 -641 -736
-310 -779 850 -743
-740 -752 -365 739
810 799 -496 503
400 354 -173 659
809 942 521 -894
-527 85 173 -998
-497 544 -507 731
-737 742 -883 -258
828 105 -219 -349
338 275 -993 476
233 261 115 -535
378 -465 960 -166
-117 -517 -564 -876
698 -397 436 679
875 237 -599 481
-813 945 852 234
111 -942 513 596
208 368 1 -943
514 730 166 466
411 673 53 -703
-351 -646 558 471
-875 -688 620 157
702 729 -527 -15
689 -245 885 919
496 -829 137 -120
786 -912 989 809
26 276 -510 479
447 -826 49 -797
507 819 -582 -873
-697 384 -200 716
-821 -943 -145 643
33 636 -775 622
696 -943 -907 -104
-951 -488 399 -264
-122 -278 896 935
499 -659 -80 661
258 -700 -3 833
676 870 248 358
-574 -820 -279 966
-754 -712 185 -604
135 -622 677 -263
651 -804 -414 -974
-999 -546 599 430
-19 441 -119 3
-539 -445 539 -220
-48 -438 -305 157
-559 460 191 -227
-59 -136 -466 -782
560 -490 -662 -276
848 699 358 -517
353 -287 -242 557
832 -603 437 616
-330 -944 556 208
-656 975 638 -523
-469 568 -790 -882
370 130 -477 -280
940 -913 733 -268
224 782 730 96
-784 858 -116 -598
356 420 626 -138
-898 -334 -350 -766
-340 -862 608 -732
149 -443 -502 86
575 -912 561 221
-461 648 278 59
-62 -788 49 -327
802 575 962 29
308 -6 -557 694
323 -505 201 510
-943 473 909 954
115 -879 -556 -633
616 -788 16 -482
276 -533 -751 -658
701 935 -7 -862
-750 314 554 -419
340 -939 765 782
461 -228 -56 -650
630 -876 350 387
-797 -889 -5 660
-842 -459 -57 339
-596 348 -919 -911
-615 9 -511 -307
-500 339 -79 291
-854 -244 313 630
-534 -697 -667 -904
242 954 235 718
698 646 828 870
-9 -50 -32
-8 28 -44
-44 -7 48
41 37 8
35 -50 45
37 5 39
30 28 -35
39 38 14
-20 36 -23
6 19 -32
21 -39 31
8 -18 34
-50 -33 40
43 -48 36
43 22 33
-14 -2 -22
-33 -2 16
-2 -45 43
-9 10 43
40 -34 20
32 -3 42
7 -31 -28
-48 -33 47
-36 -40 37
-11 -25 -31
46 -44 12
42 35 -39
-32 -12 -39
-41 -32 13
0 -24 26
10 0 -46
15 6 26
-33 6 -43
49 12 -35
45 -10 27
-50 -14 -24
-19 9 19
-46 3 21
-14 30 -41
-49 -19 5
15 8 34
-5 42 9
-1 34 -18
-32 19 6
15 8 9
21 8 2
-38 27 -13
-32 45 0
23 46 34
8 4 -24
-21 -29 -19
-41 -24 23
-3 -13 28
2 -44 -3
15 -3 -18
-1 43 -46
38 17 23
-50 16 13
38 -1 11
-8 47 31
36 -3 -43
-27 10 3
-41 20 -12
-3 -13 24
31 -15 33
-19 38 -28
11 -12 -47
-30 47 -9
18 42 -32
49 14 36
-4 -13 -25
-3 3 9
-3 8 18
24 -23 41
-49 7 26
30 -27 9
36 40 12
29 1 48
-3 3 -2
33 -20 -46
-43 3 -24
20 15 -44
-12 -46 -23
-19 38 -10
-22 -32 40
23 43 -18
44 1 -28
-43 -26 2
-32 -49 30
46 3 41
41 10 31
-40 -22 -49
-8 30 -34
-4 -46 31
42 10 38
-43 24 -13
4 -20 -5
31 -44 -17
9 39 28
7 14 15
37 -47 -16
6 -36 -33
27 31 -49
-3 -23 -13
19 -44 -8
17 -46 -39
48 -6 -3
-45 -36 47
-26 -11 -49
46 3 20
31 45 -10
-10 -43 29
-45 19 8
38 -20 -40
29 27 -35
-31 -12 1
5 -42 24
35 0 -45
-48 -34 40
45 27 20
-12 40 41
-1 12 -30
11 -28 25
41 -29 24
-47 48 -35
32 1 -40
36 -46 8
-13 -43 -32
-27 -7 -8
-39 44 -47
23 29 -9
-14 12 -11
8 22 48
-33 32 16
-50 19 44
-9 -7 -16
-38 35 24
36 21 16
2 -13 32
-15 35 -25
12 -8 -20
21 -29 -37
44 9 14
2 -27 41
-17 37 47
-2 -6 31
38 22 -20
-4 -15 -10
-9 4 -18
-41 42 -16
-38 10 -44
-30 -9 -17
-47 -27 -16
-38 43 -27
-26 -14 -21
-23 -10 25
46 -36 -7
26 -20 41
14 5 40
-5 30 29
-6 42 -12
41 -25 44
30 -26 17
47 46 -6
-15 43 -1
30 4 29
-50 21 -32
-48 12 -46
29 1 -44
27 -32 -49
5 11 -48
-23 12 49
-11 36 27
-19 13 4
-45 7 9
-38 -8 21
-7 14 -27
-16 42 -45
37 33 3
1 29 16
9 -50 21
-3 7 -11
-10 23 -15
-32 40 -18
40 30 -17
28 12 44
-47 -32 -44
-5 -8 26
-48 46 -10
-32 15 -39
-46 36 -44
12 20 39
29 23 -42
1 28 -15
-21 -41 -22
20 -9 49
11 -4 -34
-11 19 22
32 -3 -29
29 18 44
-24 -35 29
43 -17 3
-40 25 21
-9 45 39
-46 49 -48
30 47 15
-23 14 32
10 8 14
-17 30 -35
-45 24 20
-35 -19 43
4 -36 14
-3 22 -50
40 -15 45
-33 36 -36
18 -18 -37
-41 -21 -18
35 20 47
-29 -45 40
-45 7 12
-19 -36 -44
-1 21 8
-28 -34 38
27 -13 -10
-2 45 -40
-4 -25 38
38 30 18
-12 -1 -28
-43 9 -26
46 -48 18
-27 -25 22
15 -4 -28
-26 4 8
-30 31 -29
-34 -25 12
-38 17 -4
23 -29 -8
-22 2 40
32 29 31
25 -15 -38
18 -3 -25
42 18 7
26 -36 -49
-32 47 21
30 -6 27
-8 -24 -32
43 12 -4
-37 44 -31
16 -7 19
15 41 10
2 -46 -11
-33 5 -44
17 22 10
30 34 23
15 25 40
38 34 26
28 7 -13
3 26 -5
-34 -46 -39
-4 -27 -15
25 -18 31
27 -41 -13
25 -19 16
-49 -31 21
37 -44 3
3 49 -28
-12 -11 37
-8 -18 35
22 17 -48
-2 -39 -25
-2 31 -35
-5 42 -39
-44 47 1
-14 -32 -27
-5 -16 -2
32 33 20
43 -35 44
40 -38 26
20 -35 6
5 -26 -45
-26 -34 -16
-11 42 19
-42 37 35
-26 46 -42
-36 34 23
0 32 -2
-39 -30 19
-28 -26 38
1 -24 -43
29 -8 31
-32 7 -46
-49 -11 47
18 -4 -2
36 -22 -18
3 -31 -19
40 30 -23
16 -24 -10
46 -40 6
38 -34 -29
-13 -36 28
-6 40 17
-23 21 -7
12 35 38
-21 -25 17
-16 15 43
-26 6 -14
42 7 10
22 -49 4
31 1 21
-25 4 2
19 -13 -11
0 -41 -19
10 -38 25
30 34 14
48 -39 38
-15 -49 -20
42 21 -34
-50 -32 -34
5 -21 -47
-18 -43 -15
-16 -26 -34
-40 37 -29
18 -25 -6
21 -20 32
-1 25 -39
-6 34 15
6 20 -47
-42 17 22
-9 40 -40
7 30 -39
-23 -48 -11
-26 37 -20
25 -30 28
-19 5 -18
-48 -3 11
26 -46 23
-22 40 42
1 15 -32
-29 5 -25
0 -44 40
-7 -36 19
-2 27 7
20 -2 11
-43 -6 -13
6 -12 -48
-9 0 -48
-26 5 6
-13 24 43
32 -16 44
22 46 -46
17 -12 37
44 -16 -3
24 -4 -8
-50 14 -31
1 41 38
-42 -3 -47
15 -33 -12
32 41 -7
-33 -32 -8
-39 18 -34
-1 -39 3
-1 12 29
-46 -6 31
20 -25 48
33 1 -1
-39 -47 35
-2 -12 -6
-7 -48 26
19 26 7
-38 26 13
3 48 -10
-20 -25 -15
36 -40 -42
48 4 -42
2 7 26
3 -26 48
37 -43 24
-6 -35 -30
-34 -1 -24
6 30 -47
-7 42 -9
48 27 43
27 -44 -33
-21 37 -19
-19 -12 -45
26 -6 18
30 26 -27
-35 -15 -30
13 -14 7
-46 -35 -26
2 8 -8
-49 -16 -14
21 32 42
31 38 -27
48 43 -28
-10 10 43
-43 -7 20
-46 -42 40
21 -39 -31
-16 -10 -18
-5 2 -11
-24 -25 -1
10 37 -40
-26 -17 -49
-12 8 24
-41 -12 -3
-20 12 37
-37 10 2
-24 -37 -50
-3 -19 -49
31 -40 22
-37 39 3
40 -48 -4
48 -25 9
-25 28 -1
-40 -39 -10
-14 -18 -7
16 -25 45
31 3 -4
-5 3 -16
-4 9 -8
35 12 37
45 -37 -16
-11 -2 16
20 -10 -31
-45 -37 26
36 -28 6
-24 -4 29
1 -46 -37
-26 47 -25
-19 -6 -4
-24 -10 -7
-31 -18 -50
-20 -46 -33
-43 39 10
28 23 -39
-42 -45 40
47 0 19
-14 33 -31
-12 16 47
-23 16 -9
-3 41 -1
31 -14 38
-28 5 9
23 15 4
33 -37 -22
-36 -24 -31
-39 -46 -31
-36 32 40
23 -9 -1
35 -11 33
23 -39 -26
-11 -35 12
13 -22 28
43 -1 9
-23 -49 -8
-1 -6 40
2 -10 -30
-12 -43 47
16 -8 -22
-5 24 7
19 16 -12
-30 26 48
-29 -47 -44
12 -15 -7
-26 32 -3
2 -15 -50
-33 43 33
-28 -35 -24
-27 10 -32
49 -14 34
5 -7 -49
-29 -1 -10
-20 22 -4
43 49 42
23 37 13
48 10 -23
-35 18 -38
24 -30 -37
-45 -16 -22
-9 39 26
-43 42 -40
-11 -48 33
20 -33 -36
32 -23 -40
34 32 -32
-32 -3 -47
11 -14 29
28 14 17
35 -35 -3
-44 -38 8
-44 7 -28
-48 -28 -45
19 11 -43
-24 -50 31
-45 -1 -10
-44 44 -46
3 -22 39
11 -3 37
0 20 -32
-28 -21 6
10 -34 -5
-3 -32 -27
24 -20 -28
42 -9 -32
46 -48 17
-38 -10 39
37 30 -42
30 4 33
-19 -22 -4
37 -35 -31
21 -22 -48
-20 -14 37
17 3 -8
-47 -32 -19
40 15 -17
18 40 23
-14 -6 1
38 37 -42
-21 -19 45
37 -31 -41
-6 -46 -32
4 -17 42
-16 -25 -4
19 -22 -35
49 6 21
-35 -11 20
27 41 17
47 34 -9
17 -10 38
-16 -25 -8
32 -7 -3
-9 -25 -4
-26 15 37
-6 -28 47
-11 45 38
38 -14 -41
-50 -4 -13
18 3 28
7 23 -26
-4 -10 28
-41 -32 -2
16 -36 18
-8 44 5
44 31 21
-18 -10 -33
-7 -39 -47
-34 -23 -6
-28 -18 26
-29 33 -25
1 27 16
-26 10 27
-17 -13 -49
-3 -27 22
-30 5 -13
35 8 -30
-26 -19 -37
-32 -3 -5
39 14 -21
3 -15 -12
36 39 47
-3 7 46
-42 40 2
-26 29 2
5 38 29
-15 -45 -19
-42 13 18
-49 -6 -42
-20 32 -48
22 -19 -49
9 23 26
15 10 -20
6 -34 -2
-8 -7 6
-18 12 -31
-43 -42 2
40 32 5
-28 12 32
2 3 -10
-22 -4 19
-27 24 -39
16 48 -10
11 -45 26
13 -50 -24
-42 17 9
32 13 -40
-35 31 -7
-5 17 -31
-17 5 -13
-45 -1 12
-19 4 -35
-5 41 22
18 -18 39
-24 -33 0
-24 -42 -38
-9 -16 13
-32 36 -36
-24 -43 -42
-32 37 -22
16 0 -10
-1 4 -41
42 9 -1
-41 23 -5
10 -32 11
30 -37 10
-50 10 -40
6 -35 42
2 8 49
40 28 -30
30 33 18
33 5 -34
43 20 35
18 -28 32
-38 -9 20
-36 14 -49
-28 47 20
-33 -19 -38
-44 44 17
40 6 -3
-2 1 -17
-3 33 -8
32 -33 -36
-34 -39 21
-29 -33 37
-12 -37 8
38 -1 -46
-39 26 35
-19 40 28
14 -31 20
16 -17 -34
24 -24 -17
5 -33 2
-31 -36 -45
45 -25 -15
42 5 -7
12 10 49
-34 32 23
29 -35 -32
-1 -30 -24
-21 47 -23
-40 43 23
17 -30 -8
9 -41 -6
46 -17 36
37 -10 48
3 22 37
18 -6 -16
-32 46 -15
32 4 -28
11 -8 24
41 24 20
-17 -33 47
37 -36 28
-23 -50 39
35 25 20
-38 10 -32
20 -26 -41
-11 7 -5
-49 -35 -40
42 -25 -10
-7 -1 17
-27 14 -35
-41 -17 36
42 -13 -42
8 -28 -3
0 -8 -40
-20 27 -15
-39 5 48
32 16 17
-10 -8 48
9 -43 -36
34 42 2
16 -46 -40
-39 17 -38
45 -27 -18
21 12 -6
5 4 -11
26 -20 0
38 -48 -42
12 19 40
-41 -7 29
4 -41 25
-35 -30 -7
28 29 -43
-23 38 14
-24 -30 20
6 -11 0
26 -5 32
25 -32 26
8 34 17
18 -50 -10
16 -11 12
21 -31 -27
-37 -28 17
-18 -21 -24
13 -19 26
28 -20 -18
34 40 -18
43 22 -14
43 -15 -43
-37 3 -22
-43 9 -35
-37 -3 -29
-21 2 -50
-45 9 -20
31 -39 -4
35 -45 47
-35 -43 14
-38 10 27
-26 -18 9
30 -32 -11
37 31 25
-34 26 32
27 -22 -12
-46 -36 -48
12 38 -6
8 -27 -4
-42 -13 -19
-41 31 -28
45 38 -4
-7 14 29
-36 -20 -40
19 31 -23
37 42 -23
22 38 35
12 -2 25
47 26 35
23 -15 46
8 -49 -17
48 30 -49
-9 -18 -39
-49 -32 -36
-38 41 -37
21 27 29
12 -11 -8
12 27 -41
-40 -4 25
-3 -34 -17
-42 11 -41
36 -27 14
-35 24 -39
-37 30 37
-19 -44 -38
-21 -18 -4
-49 -41 13
38 5 13
0 2 -16
-13 18 7
46 -47 40
27 26 24
3 -49 24
45 -15 5
-8 37 16
32 5 13
22 48 -42
-36 -29 25
-14 6 42
-47 -33 -22
-49 -30 13
-26 35 15
-40 -30 -12
-12 -29 -26
-26 -15 9
-4 24 37
-41 -26 -34
29 -11 0
45 40 -10
-28 -38 -16
8 -37 35
9 15 -25
10 -30 17
-32 -17 33
-24 -23 -36
12 43 1
-34 31 -7
-33 -11 27
-15 -27 -20
42 7 -7
-7 3 -23
15 11 -27
14 -19 -23
-16 2 42
37 39 17
-45 -20 -13
5 45 44
-27 0 26
19 30 -1
-6 -19 -28
29 18 33
15 -17 8
-24 -20 37
27 37 42
37 18 -46
-9 -47 28
20 43 22
33 -44 -38
-38 -26 44
-35 41 -3
32 16 42
-22 15 26
-25 14 16
-36 32 -43
37 14 -7
-1 -45 -29
-31 -3 -5
47 -23 -9
-46 11 -14
20 1 21
-31 31 32
25 -19 8
-32 0 10
29 13 -43
37 26 48
0 21 41
-42 -23 25
-21 -37 -43
-11 -49 -35
-45 0 24
19 -7 -5
-7 4 -9
-17 -28 0
-25 -39 -13
-37 -19 37
-29 44 8
-13 -5 -40
-16 -22 -12
-26 -41 -32
-30 -35 -40
1 -31 26
-6 15 -32
-32 -26 35
-33 -1 12
48 -41 35
37 -27 17
-21 -48 12
-27 -1 -33
5 21 10
33 26 4
-41 -7 25
-2 39 16
31 4 0
-35 -32 -50
25 -24 -5
34 48 -50
36 43 -45
42 34 35
-40 -14 -32
-11 -27 29
-19 44 2
-42 -21 26
-15 -36 29
-11 -8 -9
0 16 -41
-18 29 -36
35 9 -2
-14 -6 45
49 24 -27
-26 -24 37
-19 27 38
34 42 6
-33 -5 35
-39 8 -10
7 -20 22
19 44 -17
49 26 1
21 -23 -46
19 34 33
26 39 -17
-25 -24 34
-48 46 36
-20 -24 -15
42 -9 -18
-11 -2 -9
37 -42 -16
-48 -40 -50
-33 -46 -9
49 -9 -11
23 -22 17
44 -5 37
-6 -17 41
-9 22 32
-33 -12 37
-26 -19 -47
49 48 14
9 19 24
32 -24 -5
-8 23 -43
-24 -23 -7
7 16 -44
37 -7 -26
-34 43 -50
20 48 -12
-46 22 3
5 -48 -31
49 -26 18
-7 -14 -35
48 -3 25
-38 25 -25
-33 18 -24
-11 -33 32
49 43 17
-27 -26 27
26 37 -36
4 -20 27
9 44 -39
-42 30 -16
5 -1 41
6 -12 47
-28 21 -9
39 -46 -50
12 45 4
-23 18 10
33 48 -18
11 -6 2
-14 25 45
-14 46 44
-26 -10 36
2 35 10
7 -40 18
-49 14 -19
33 -42 32
-31 -7 -22
-37 20 -14
-39 -34 4
14 -35 -29
-47 -23 -10
-15 43 21
-37 29 -9
16 -17 -24
-28 27 16
-8 -20 14
48 -3 -39
-7 -30 -15
-32 -22 -48
-49 37 18
23 28 -29
-38 -1 -26
-7 1 28
13 47 -24
39 -10 33
28 -35 -18
46 -31 43
-30 18 -44
-39 -10 16
-22 -1 48
49 28 13
3 -47 12
21 -32 3
-22 -28 31
11 17 -2
-15 -27 -49
-14 1 -31
-14 -19 49
43 -10 30
-10 -1 -15
-3 -9 26
17 46 -33
25 4 48
38 44 -37
37 4 42
36 -40 46
-49 36 -28
34 -39 2
-3 45 -17
-33 36 26
-17 45 -19
-3 -45 -16
-28 -21 -29
-29 7 42
21 30 -14
9 -50 34
-47 -40 34
-18 -25 11
1 -16 28
-24 17 -27
6 9 -20
-6 30 2
-47 10 29
-37 11 -35
-19 -32 -5
-22 6 28
-27 27 10
7 40 -26
22 24 15
-28 12 -36
-37 49 45
37 -25 10
35 -29 3
-12 -19 29
30 20 -4
-47 2 -33
11 21 36
43 -35 -40
39 25 17
-16 25 43
-7 45 4
-14 -39 -32
16 -18 -7
3 -39 30
34 46 42
15 -23 28
30 43 29
45 49 23
-15 34 -34
-4 32 23
-30 -15 27
-31 38 49
4 -12 45
30 31 -21
-4 19 22
-49 43 39
-13 -7 -14
-15 -45 -37
17 -5 22
-37 -7 19
-28 24 20
43 -3 25
2 45 7
-32 -43 -19
-21 43 -47
39 -23 37
-45 -7 19
20 -45 -42
-17 9 -8
-16 -14 44
49 -25 -28
44 -42 -32
7 39 38
-8 13 10
-14 24 30
9 32 -44
3 -48 -1
44 41 -18
-20 13 30
34 -11 -13
32 49 25
36 -46 -8
26 -46 -20
41 -32 47
13 22 30
35 44 4
-26 -10 -3
-28 -7 17
-17 -40 19
32 16 -40
-39 -12 10
-42 -26 41
28 -16 -50
3 48 16
8 -31 39
28 -15 29
48 -40 -42
-12 -38 5
-11 -9 11
-44 -46 -37
-27 39 -49
19 -19 20
-27 -31 -32
20 18 -34
43 -42 14
-45 38 12
8 27 -29
-24 14 -23
37 45 27
-15 -43 -38
-43 40 42
-1 49 -50
3 -34 -24
-12 45 12
-32 -9 2
-2 -3 -49
-23 25 -40
13 9 -2
-49 46 -18
-5 -41 21
31 -46 45
-18 0 -9
22 43 31
12 48 34
28 43 35
41 45 -2
12 20 -15
-5 -28 -38
-43 -8 35
0 -29 23
-41 2 -32
32 -41 16
-11 2 -8
25 -3 22
3 29 6
-16 -3 -4
22 -15 19
-21 -40 14
35 31 -23
-38 36 -18
12 -43 0
-34 -39 15
36 -9 -46
44 -18 32
-10 -11 -45
-24 39 36
-6 38 -35
-23 -28 -11
0 31 -12
-13 6 -11
37 3 27
30 -38 -35
36 47 20
-49 24 0
32 18 -45
-43 -13 42
-1 -32 7
-39 -2 -16
-6 -33 40
17 -14 -10
-46 -23 16
33 -7 -42
21 -31 -15
-45 16 8
-49 10 18
27 0 -46
-16 -5 -23
-8 14 -4
4 -37 27
17 -16 -10
-27 13 29
-38 -2 -12
-29 48 -7
-30 -35 1
-48 23 29
25 -46 -19
49 11 -20
40 20 44
36 7 23
-39 -15 23
41 36 38
6 23 -12
-13 -17 -31
49 -20 16
41 15 -21
-33 29 -39
-24 -37 32
2 47 -41
-12 30 -35
-46 14 4
28 5 -32
-21 7 -11
48 35 -42
-18 36 -39
42 -32 26
-15 -26 13
4 47 -3
-24 -50 13
-10 8 17
31 -48 -10
1 -6 10
46 -32 47
14 -50 -11
46 39 -19
-26 -19 -27
-50 41 30
9 -1 -5
25 4 28
27 -38 30
-43 -26 -38
14 26 -41
-2 3 39
2 -48 40
27 -46 -47
35 22 15
-38 -18 -21
-2 -18 9
-43 -45 10
-19 -14 9
11 13 -19
41 26 33
4 37 -35
41 47 33
46 -44 -43
-18 -39 48
31 32 -22
32 -21 6
-28 3 49
42 16 28
32 -11 -15
-23 38 42
5 19 -18
28 31 -39
-5 -31 -9
-7 -46 48
-41 -30 35
-20 6 -37
-39 31 -15
-8 2 17
-3 -18 -23
-19 42 -20
45 -25 -5
-30 -8 -24
22 -3 6
37 3 35
34 -7 -15
-32 -7 29
31 14 15
-12 38 14
6 -16 -34
23 48 -47
28 -15 -46
-2 -5 49
-11 -28 -49
45 -12 -41
24 2 7
-26 -14 -38
-29 -5 -38
28 -8 14
30 -38 -17
-24 6 -6
-39 43 36
-48 7 19
-32 -6 19
-3 16 26
49 -3 -21
-7 -46 -36
-34 -40 21
-19 -18 35
-29 26 -3
42 48 -19
2 15 42
-8 -32 -2
-5 -47 18
-18 -22 -46
-41 -28 -32
-1 23 -45
-9 1 -28
-1 -9 25
-14 11 48
-5 -29 47
-23 41 -39
47 -14 -25
13 5 -21
3 26 44
-36 26 -37
-19 -37 25
35 -13 46
8 24 5
-18 5 -40
-5 -31 19
4 17 -45
-25 -39 -37
-6 -24 15
-32 3 23
19 -45 8
31 -11 -10
-42 5 -15
40 49 12
-43 11 34
8 43 0
5 -35 -6
-3 -49 -2
8 10 3
-42 10 8
-32 32 19
32 -32 28
-39 -38 -41
-49 45 -11
-37 -44 -47
-50 42 -37
-17 34 -29
25 -38 2
-9 -25 -1
48 -27 -15
13 -34 -11
37 3 41
35 21 37
18 6 -39
-2 35 34
-16 12 -25
-13 -9 -7
-37 29 31
-38 -8 7
-43 15 -35
-48 -44 -18
-26 -5 33
29 24 -42
44 -31 -4
-18 -17 -8
-47 15 -44
48 -37 -4
-7 30 -10
-28 47 -15
20 29 -44
4 -13 -48
-42 -2 -24
-2 25 5
22 27 -42
9 -12 -27
37 45 30
-24 -25 22
35 49 -2
-17 30 34
13 -22 -32
37 38 -45
21 39 31
38 -18 15
23 -46 45
15 6 4
-28 48 21
-8 28 -5
39 38 8
-19 34 -41
4 -30 28
-36 11 -7
17 -36 44
-12 40 -18
18 8 -48
-36 35 31
-7 -9 32
46 -1 29
-33 41 -38
17 47 -9
-18 0 -11
28 -11 33
-47 5 -48
-22 17 -10
-41 38 -28
18 -37 27
-49 13 -10
12 -9 35
40 -45 10
-38 24 32
-17 -19 4
10 -25 -7
11 42 26
-20 -27 -47
-30 37 -28
-8 13 1
-24 -33 23
-50 -36 26
43 39 8
-5 -33 -7
12 7 -31
-7 -47 -16
-11 -30 -15
-37 -24 10
-10 -17 9
0 39 5
17 -19 49
-19 -38 -7
0 -32 26
20 18 -49
-36 30 17
-16 -3 -23
-8 20 -15
47 -43 -22
28 -28 16
-5 -27 30
-26 -45 -42
12 -19 -31
-16 -17 12
-16 35 -5
9 -21 -50
-36 8 -37
-44 -41 29
-30 -38 12
33 -46 -13
24 -28 -31
-10 36 14
43 45 26
39 26 47
-21 -35 -33
-15 -27 -18
42 -28 29
-34 -44 35
8 14 39
30 18 19
12 -7 -16
27 44 26
10 19 -37
-19 -3 19
33 -36 35
-12 -47 48
13 10 12
44 29 31
-32 -11 -16
-34 23 -40
-7 24 25
-1 30 -38
-11 -44 48
12 46 -9
-40 23 24
7 27 -1
-39 27 -20
-16 18 -32
20 44 -29
0 -6 -20
-10 42 16
42 -22 40
34 42 21
0 19 -44
-28 -33 5
29 -3 49
-16 31 36
-27 -49 -34
33 -50 -25
19 31 25
47 43 -5
25 44 -22
45 44 5
-22 43 -37
-21 -10 -16
-8 -4 -15
4 6 5
-6 10 -1
-21 21 27
29 46 -46
-9 19 42
-2 21 42
43 28 -19
36 -15 -30
-36 36 -10
-36 30 -47
8 45 5
-17 -21 -49
27 -48 42
-35 -24 25
-3 -9 -17
-49 -32 21
28 -12 32
46 -29 -24
-40 33 8
-19 -38 -30
-8 10 -30
-21 40 22
15 -28 -43
-38 25 -37
25 18 -17
-42 -34 -45
7 -50 31
23 -42 21
21 -23 -47
-18 -5 -17
46 1 -13
-39 3 -23
36 -12 37
-39 26 32
-22 39 26
7 -31 -50
-41 40 30
44 12 -31
-39 -38 47
-20 22 -46
32 -41 28
10 12 6
-31 33 43
-25 -37 41
45 2 -27
27 -17 36
36 -26 18
1 29 -29
29 -44 -45
29 25 -19
-29 46 10
-16 20 -37
37 -46 15
27 -26 -36
-32 28 21
-13 -29 -2
-23 1 -15
-20 -17 19
28 -30 3
19 33 20
24 -50 14
9 -45 7
39 38 -37
-11 13 4
1 33 0
-48 -45 47
-8 -16 -6
-7 11 2
-31 -42 3
-21 7 -32
9 -1 48
-17 47 35
17 -1 -33
36 3 -16
33 44 27
43 39 -33
42 44 21
-38 -47 41
20 40 -25
42 16 -26
8 18 49
17 -39 -5
10 -14 -15
48 33 -25
20 23 -45
-1 -5 17
-2 -44 8
-21 -15 16
-1 -10 -43
-48 -22 -2
25 47 0
2 1 16
29 17 0
2 -2 38
-41 3 -47
-50 -35 -14
33 -29 1
-15 5 -43
15 22 19
-33 -6 -32
25 -27 47
-48 44 19
-14 43 -43
-36 -50 18
-37 -31 -11
-38 -16 -30
35 -50 -46
-17 -35 34
-28 -49 -9
41 24 -49
-32 -3 -4
-37 32 -15
23 6 -50
47 -22 -8
43 1 -47
-23 -7 -46
1 44 -10
6 21 34
16 -13 13
-18 4 20
-26 -49 34
-46 -12 -50
-27 -17 -43
-44 42 28
40 10 -46
9 -27 26
17 40 38
-32 41 -11
-24 40 -23
21 -27 -48
5 -31 21
44 29 33
17 -36 14
24 -43 -18
21 43 48
-46 -14 31
-17 -7 -36
-48 -18 -47
37 46 -9
-9 -8 14
5 19 -49
-29 3 -4
18 3 27
5 -27 30
42 44 3
4 -39 -5
-16 -23 -22
-49 25 -13
-24 48 0
-40 8 18
-29 47 -16
34 -31 -16
-6 -46 -41
21 -32 -17
-45 6 -47
41 15 -30
-33 32 23
6 38 -5
39 -50 -23
20 -32 16
19 -35 -12
-25 31 -5
44 -10 -40
-43 -2 29
1 33 -3
-45 -31 -37
12 26 9
5 1 -12
0 11 -6
39 35 7
21 45 38
41 -43 -19
-32 14 -28
-6 21 23
-42 -2 3
-47 -42 20
40 -44 43
32 8 -37
45 26 38
-42 11 1
-4 46 43
-30 42 38
2 -48 -28
42 -3 49
12 9 21
-35 32 37
32 49 -40
6 17 -16
-37 35 30
-16 30 8
41 -48 27
8 45 1
-16 -20 -38
-50 0 -22
7 33 -31
32 6 -18
29 -26 43
36 -23 45
14 26 -44
17 -10 -16
-37 -8 -45
2 32 24
41 16 2
22 -28 -26
40 32 -7
-2 -5 -7
-8 -40 -34
-7 41 -21
-8 -2 -24
-19 6 -45
-3 -32 11
48 -38 31
5 -19 -3
17 27 21
-19 48 -48
5 -50 -47
20 -9 -18
11 -20 28
4 -25 17
18 14 -12
-37 25 48
-1 -13 -25
10 31 -45
-30 -13 18
-35 -41 -22
-40 17 47
-48 -43 -42
14 -28 5
23 -25 24
4 -30 -25
-49 -10 10
14 44 -32
45 -48 -35
-34 -36 -4
13 37 -47
-32 -14 31
7 -43 -3
-28 3 -8
11 17 -28
4 13 -44
-21 -15 5
31 -27 40
40 41 11
-23 21 -38
8 35 -42
-27 13 -42
36 39 46
3 0 11
9 -49 37
-17 41 -10
-22 -40 -37
-40 -36 10
-2 -6 23
14 12 1
8 12 -16
6 20 -27
-34 -11 3
-1 9 48
28 -28 -13
-13 16 -45
-15 4 -34
-30 26 -41
26 4 27
39 -1 2
29 11 40
-15 -43 -5
-13 -44 -47
43 -49 -42
44 -37 -19
5 -6 2
-5 -9 21
40 -26 41
-38 16 31
11 -26 -49
31 -30 38
-20 -47 -8
47 11 -27
-17 0 25
-38 8 -48
30 47 -5
-6 1 30
30 41 2
29 42 11
41 -1 38
23 40 -15
-14 13 5
9 -43 -2
23 49 -46
11 -34 -23
-19 -33 -5
-9 -12 47
24 -32 27
37 15 47
-37 30 3
36 -26 -9
33 34 21
43 16 -48
-49 -20 -48
13 -13 47
38 18 -20
-35 6 13
-26 -30 -32
-30 -43 -5
19 -50 -17
15 42 9
33 -27 -36
-17 19 -48
8 41 -13
-13 -5 14
-29 30 15
1 -7 5
4 3 27
-32 41 -45
-50 19 -32
-7 29 4
33 -31 46
-2 0 -18
-45 13 -7
-22 18 -35
42 -6 -23
-10 -31 47
12 -47 -43
22 -28 16
0 25 39
-46 6 -5
-42 -30 -33
-28 17 16
-49 -3 -10
-35 -16 33
48 18 15
-33 -44 -18
44 -28 18
-2 45 -28
15 -12 -37
44 -37 18
17 -47 -31
38 -33 -48
44 3 33
-33 -41 5
11 -4 35
0 36 18
34 48 44
-27 -40 -5
-6 -41 22
-39 -31 -27
-48 -50 -5
-32 40 13
-3 11 -2
-29 20 -26
-49 16 26
-16 5 -33
5 -50 42
23 -10 14
29 32 -36
44 39 -45
-13 -29 -7
49 2 11
-42 -19 -13
-35 -47 -50
-9 -12 -38
-7 -26 -11
14 15 36
34 32 18
19 7 14
13 -37 -47
-15 33 1
-45 -9 -41
7 40 -49
-39 8 25
14 21 -34
39 -3 22
27 2 -50
-28 26 0
28 -36 45
-4 9 45
21 -50 13
-40 -3 28
-21 17 5
-26 -49 -14
44 -2 -41
-11 -27 -12
-22 -5 26
-22 -36 18
-35 -48 10
46 7 -30
16 33 6
18 22 -17
4 0 -27
-46 -5 -42
-4 -24 -37
23 -14 -42
-8 -42 -17
-21 10 0
39 41 -11
-11 -26 19
-47 31 -48
-26 45 48
1 4 17
26 -24 6
-40 -29 44
1 20 19
5 -31 19
-41 28 -22
-35 -1 -24
-47 7 45
-34 3 -37
28 26 -4
-49 46 -44
-1 -14 12
35 45 14
-32 -25 16
3 21 -32
8 16 21
-24 -14 -11
-12 12 2
-26 0 49
-6 18 38
47 -45 19
15 48 -13
8 -49 -41
-48 -14 28
-36 18 12
0 15 -17
17 -27 4
20 -19 30
10 -13 -29
-3 14 -13
8 -34 -21
-32 -18 -27
-50 -40 22
-6 2 24
19 5 38
-14 -7 2
-41 3 22
25 -36 -34
11 -11 41
26 -29 23
1 -18 -13
-28 29 38
-10 9 48
-5 26 -32
39 -17 -3
34 36 -43
12 33 -49
-39 4 34
-28 -50 -45
-26 7 -6
-40 -35 -7
-1 4 5
0 -42 -11
43 -4 -16
38 16 -3
2 22 37
-16 39 37
-14 -19 31
-14 5 12
-7 -47 39
-13 -50 -43
-45 -6 25
31 -11 -45
31 -4 -34
38 -29 -24
42 26 -13
-13 -44 33
-2 8 14
48 -31 -46
-3 -24 -47
-43 23 -8
-42 -29 -13
9 -10 27
-50 -46 20
-29 47 21
-42 33 -36
-32 0 7
6 31 1
-13 26 -49
-46 -47 46
14 -15 -22
-31 46 -35
23 4 -2
-33 8 -45
-24 39 -18
12 22 -5
10 13 -9
-35 -22 9
-44 -22 46
37 21 34
-18 31 -39
-38 33 36
19 13 -15
-48 37 -14
1 -43 -35
0 -27 13
0 44 -8
-3 39 -32
28 -3 3
10 -24 -3
-27 13 -30
43 -20 3
-46 27 -20
-11 -21 -9
-19 -46 1
-7 46 0
19 -6 -14
30 40 43
-38 -28 -20
-4 -23 19
28 -14 1
-39 -4 -35
-17 -1 -25
-16 -43 -25
7 -31 47
30 14 -45
39 -32 -33
-5 26 30
-31 -5 9
20 30 -39
-3 13 38
48 36 42
-3 -22 -46
-21 44 -34
-26 39 6
38 -6 -18
27 -10 10
39 -12 17
16 -34 6
36 -13 -37
0 -25 -12
-23 49 -11
25 -35 47
-33 -34 -47
-49 -25 5
37 28 -42
29 -25 42
29 34 -42
-12 -26 -10
-17 36 -20
42 43 28
26 -50 43
-49 14 -11
43 -43 -15
36 -31 4
23 4 45
39 47 -22
-46 31 -2
5 -20 25
-14 -30 -27
8 -27 41
47 -32 -14
1 -5 39
-49 12 5
48 1 24
37 -21 -30
17 -48 41
-15 -48 7
6 1 30
-28 -9 1
-42 -25 -13
41 49 6
-46 8 17
-29 6 29
-2 38 -22
-14 11 -20
-23 45 -31
-30 17 -8
-20 -26 15
-13 -36 -37
-8 -23 -29
20 12 -34
28 -48 -25
-39 29 -44
-48 -37 -12
-43 -36 -48
7 -12 -37
43 11 -25
-37 -10 24
27 49 -41
-47 42 36
-6 21 38
-20 4 6
23 25 -3
-34 12 22
46 -33 -10
-6 1 -42
23 22 -38
-10 28 12
0 49 39
-40 -14 33
-32 26 49
37 -24 44
9 -50 -6
-9 -22 -39
21 -35 23
-7 -39 45
-35 41 19
9 43 20
19 14 41
4 27 15
15 45 4
-10 -43 10
10 12 -36
15 9 -39
21 -8 41
5 -3 11
5 39 17
34 -26 -27
27 2 -33
29 -42 -33
33 8 -25
-34 -7 4
-5 -7 23
-46 35 -26
44 -24 -3
49 -15 -11
40 -48 21
-34 43 -14
-41 -26 6
-47 42 30
-45 17 -23
24 -37 -23
-33 10 6
-40 35 -24
17 32 -42
-19 -48 40
36 9 -8
39 19 -9
-30 43 47
-39 37 14
-15 44 -13
-1 37 -2
-13 -8 18
29 -39 5
16 42 36
29 1 42
-40 35 -1
27 -21 42
-28 29 18
36 3 -42
40 5 -19
33 -33 -32
-3 -10 45
29 13 11
30 22 10
-49 -13 -41
-34 31 34
-7 -5 -21
36 -25 -37
-18 2 -50
47 39 15
1 -17 12
-32 -22 8
-5 -42 -1
-10 -28 -30
37 -4 -9
-11 44 22
9 -21 28
26 23 -46
43 -6 -7
13 -44 16
-37 -9 44
39 33 -48
47 -44 -5
-50 -9 24
39 -35 -11
38 -35 -20
10 2 -2
-39 -47 17
38 32 -3
7 38 31
11 43 14
-3 37 31
-26 1 7
-33 -16 26
-16 0 45
9 5 14
-34 29 -44
-40 26 -23
-45 -47 8
8 9 -6
34 -18 -28
-42 -18 19
-46 44 41
4 -10 -41
38 45 -37
-27 -20 19
11 35 30
-37 32 -26
-18 -8 7
-30 -18 3
-17 49 9
41 27 -21
33 -2 19
23 -15 -43
45 13 -4
-35 -10 16
-16 -4 -2
14 -19 6
-49 -20 -3
-15 -44 39
-14 -2 -17
-22 -33 -27
-34 -38 46
-27 -12 -2
-50 29 22
-41 42 -5
-47 -40 14
12 49 7
-25 3 -27
-7 16 -12
14 15 -8
-23 46 -22
11 -48 23
17 -45 -43
37 2 -21
-15 5 24
-18 -11 4
41 -38 -3
-27 -33 6
-8 23 -49
-32 11 13
7 -5 -6
10 3 17
40 20 -43
-4 12 5
-32 -13 27
-50 -35 -10
47 -22 36
27 43 3
31 20 9
8 6 -39
-13 43 -6
39 34 -22
42 21 -42
-14 -26 -32
27 7 22
34 33 -32
31 24 48
10 -38 -27
12 -8 9
-48 -44 -35
2 42 4
-24 25 1
35 47 -7
-14 -20 -36
4 23 2
-15 1 15
36 -19 -5
48 -7 -34
-16 -45 17
-8 -33 -13
-29 -28 36
-31 18 -16
28 43 -39
36 2 -33
-34 41 -2
-49 16 -41
0 22 -34
-45 21 43
-26 -19 48
-21 -8 49
16 -45 37
-12 -33 11
-15 -35 23
-17 -20 -19
37 -9 27
-47 17 -7
4 -33 15
-39 20 41
-39 -50 45
-18 39 -26
5 27 12
15 25 -8
9 24 16
37 -12 -9
-16 -42 -31
-47 -48 7
16 -50 46
43 -19 40
-50 -5 -17
-18 10 8
22 -18 -42
-41 -50 32
-21 -30 33
15 -23 31
28 -17 -16
-32 -10 15
22 34 25
11 -13 -50
49 -9 15
-38 6 -48
-49 43 49
32 -50 -23
43 5 -44
-22 14 -7
28 -31 14
45 26 -34
17 14 -29
10 -33 13
0 -19 -10
-26 -10 21
-43 32 -33
20 -23 -35
17 28 -26
-18 -28 36
-33 32 -44
31 2 43
-34 -15 8
16 -49 37
-27 -42 -19
32 28 12
-8 41 -24
-1 -46 9
-46 -31 49
32 -26 16
33 -22 -38
-19 -32 -20
18 3 -28
26 14 -28
9 -6 -1
49 -35 -2
1 -2 -29
-26 -32 34
-8 -44 49
-10 15 -36
21 -4 -50
-30 -33 -47
-12 17 -15
33 20 -11
-48 -40 43
29 -11 42
5 4 -46
-40 -31 -16
-22 23 2
1 -37 5
-28 41 -19
36 -5 33
8 19 47
-20 43 -47
2 26 -25
-10 27 7
-26 -48 -19
-31 -18 14
11 -30 -43
30 2 42
-41 49 -23
-16 1 26
34 -29 9
24 -41 27
-6 -27 -50
46 -45 13
-24 2 5
20 -27 48
11 48 -41
-35 6 27
34 46 -30
6 1 16
34 49 29
40 18 31
29 -18 -34
-5 -20 31
1 45 -5
-30 32 44
-9 7 24
-36 -33 38
-29 14 -17
-8 -35 -9
10 28 -49
4 9 -50
-18 42 36
44 -25 -22
48 32 -3
44 -1 0
-46 2 -3
12 41 -49
-34 -22 46
6 36 8
7 -36 0
39 -9 41
20 -32 -1
14 39 -6
-24 -36 7
-10 -15 9
-44 -1 -9
-39 -12 45
49 -13 33
-28 36 46
-2 0 -43
-6 39 41
-28 -9 -48
-8 -25 1
35 -35 31
45 14 -38
30 -50 23
-35 7 23
-36 20 -50
-23 11 36
43 0 -36
-37 16 48
-25 29 24
22 -39 13
22 -12 -47
-17 3 17
15 -18 -24
45 -48 31
20 2 -20
48 14 1
-38 39 -13
-45 0 -49
35 42 -14
-31 30 -47
34 3 24
-50 3 -44
2 -1 32
-8 42 41
19 35 49
32 42 13
-3 -12 -6
-35 -50 4
-13 40 -48
43 35 -22
45 43 44
8 34 -46
-32 -25 -40
-21 -20 -25
12 24 -6
8 -9 20
40 31 -49
35 5 -23
18 -25 -16
43 -42 -38
-17 14 -37
44 -30 8
1 -14 9
-13 20 -50
-30 0 -12
0 -27 -39
-49 13 -24
-35 -49 20
-40 17 0
-33 -26 -24
32 -40 1
-3 -44 -36
-31 -6 22
35 -49 0
40 13 -25
5 36 13
18 -46 49
-39 -27 27
-39 -25 33
39 -33 -35
-41 47 41
29 22 43
-12 -41 -11
-28 -23 -13
-44 -2 23
19 -33 35
45 0 -1
24 -38 37
-6 -42 41
36 -49 35
-43 10 37
-10 5 39
10 -7 -48
39 -46 -27
43 -4 26
35 -15 -14
-38 29 14
-11 22 8
-5 22 49
33 -35 -7
-24 -30 -10
-11 -46 -40
5 31 -40
3 9 41
-21 -9 -18
-20 46 32
-6 40 -33
-7 -27 30
-27 -12 -26
4 16 -41
1 -26 -10
45 11 24
-23 -4 -33
3 -47 1
-29 -32 25
-23 2 -12
-31 12 19
-9 49 -29
23 -31 -41
21 -33 -13
0 -31 -38
9 29 37
-39 -33 -9
14 25 27
-24 -3 -21
-2 -1 13
44 11 19
-34 -35 -38
3 7 -3
11 -27 -4
29 17 15
-42 -20 -22
13 -48 -44
43 20 -37
-8 11 7
-24 -16 35
7 32 -1
-16 -41 38
-27 -8 -11
33 -6 -44
47 32 -49
-37 -3 38
-2 -28 -8
40 -26 21
33 -46 -42
-20 -14 -33
-22 -32 46
29 4 11
-33 -1 1
19 37 -38
36 19 8
-37 2 -16
-28 10 30
42 19 49
-49 -34 43
4 -18 17
-38 1 -7
30 -28 -26
-5 4 28
-22 -12 -6
0 44 17
6 -33 44
-2 28 -39
-23 2 -5
-32 37 10
10 -1 14
44 -38 1
0 -44 35
-49 25 -3
0 -37 22
-18 42 -21
35 14 -9
-46 23 3
1 -36 -24
-23 -12 39
-11 22 -42
-18 34 -16
43 27 -50
35 -10 7
-4 41 9
-50 -31 -36
-3 -13 -24
-27 42 32
-10 -23 33
46 -4 7
-31 31 42
20 -8 29
-44 -50 -24
-48 -38 -30
-45 33 -11
-30 8 40
28 2 -12
-42 -32 34
-50 5 14
46 -43 -48
-10 -8 -29
19 -26 28
-26 -11 35
33 -48 -16
14 25 -33
-47 -25 -44
20 -13 42
10 39 36
-27 3 -29
1 -26 -9
41 -50 -26
0 -38 10
31 40 3
0 -34 -18
33 -47 -44
-48 -47 -35
-17 -37 -40
-13 3 45
18 37 30
34 -6 -17
29 -41 -8
-39 -16 19
-12 24 30
8 13 17
-15 -41 -30
-2 -29 -14
42 -21 -23
36 33 -28
-21 -19 -36
-2 5 -23
19 -33 30
-44 13 12
-3 44 41
2 -41 -47
19 -4 25
-34 41 -27
-29 -16 -42
22 0 -44
33 27 -45
-45 22 -18
-2 48 -31
18 25 35
0 37 -43
-49 20 33
20 35 -29
-26 18 -36
-22 -32 -12
-50 -34 -16
49 -20 -32
-2 -16 30
37 42 -5
28 17 -50
-18 44 -9
-19 6 12
-28 38 -17
20 -32 -9
-37 -49 -9
2 -16 4
-47 47 15
-16 42 -25
-50 24 8
23 -9 7
1 -15 -39
30 5 47
-24 -42 7
-49 -13 14
-22 5 -17
-6 -28 -35
15 49 -44
26 39 11
-39 -44 -28
-44 -21 -20
25 42 -26
-7 -33 -39
40 12 -25
49 -1 27
-44 44 -1
-23 5 23
32 29 4
-40 25 7
-39 25 -48
-4 -23 -15
-17 -36 -20
26 21 18
-41 -32 -49
-30 -31 19
-40 9 48
13 -32 -49
-43 14 -19
41 -4 35
13 -22 -15
48 10 40
-11 -4 14
13 -19 -16
46 -47 39
20 12 11
-44 44 27
-41 14 -14
-41 -18 -39
-26 -15 -19
31 44 -31
16 -42 -21
6 -43 33
9 6 -44
3 44 -27
-26 32 4
28 0 49
-36 46 -38
-47 25 -27
-46 -45 40
-14 -43 49
14 -29 4
39 -47 -17
-12 28 -11
44 -3 15
-10 -2 42
31 -29 -42
21 -16 -27
-26 -19 37
-12 -13 25
-19 30 26
-8 -3 -36
-33 1 -13
-8 -22 -1
-8 39 -46
27 -41 -4
42 -26 25
-25 -43 -46
28 0 8
-12 -48 -19
38 -32 20
4 15 -35
32 29 20
-7 -26 37
-3 43 -16
32 -6 14
24 16 -43
-17 -31 -47
25 -50 -47
24 -50 29
-6 32 33
-44 3 38
4 -12 42
40 -2 -47
-39 -4 -15
-6 -17 9
-35 -50 -33
-40 4 -6
-14 48 -30
16 -13 -37
-24 -45 11
-48 42 12
18 30 31
-27 -38 -20
-10 -41 8
-4 -35 9
29 -6 35
-1 23 28
-6 -33 -28
37 -46 48
-36 -21 15
14 3 22
-21 30 26
7 13 -6
-41 30 -17
-30 45 18
38 -50 -6
28 -36 3
42 17 -21
49 -29 21
37 -12 -26
-38 -44 31
-34 -10 4
47 1 -10
-28 28 1
-36 -33 4
-7 -19 27
24 9 -9
-35 -40 9
-40 -9 37
-27 -2 29
38 -47 12
26 -30 -41
36 -7 0
21 6 4
-3 -38 -50
-42 -35 -8
-45 11 17
3 -50 -37
49 -43 46
-15 -10 -50
9 -5 -9
0 -3 -39
-38 -33 -5
11 -34 -47
16 28 25
17 22 -49
26 3 -20
-34 -6 25
-29 -25 -22
46 -31 -24
-32 48 -9
8 -16 -17
19 21 -50
-30 46 33
-2 30 7
16 -35 -40
-20 -47 15
-37 -49 -38
3 -1 -25
1 -18 -21
0 -18 34
1 36 -11
45 -32 37
-43 -24 -3
-34 -11 -4
3 2 8
-33 29 -25
5 21 -46
20 -36 -37
43 33 -45
42 -41 -48
-3 0 37
-28 -19 -6
-4 -17 20
33 -4 -40
-39 -14 48
-3 45 -15
3 35 -38
11 -46 -8
-30 40 7
28 14 -23
21 -45 19
-16 14 11
-3 27 -7
-18 -39 28
35 47 -4
-4 26 33
2 22 -24
-36 20 -5
27 45 28
22 1 14
31 23 47
-18 -39 -50
31 -49 -15
-11 -9 19
-48 22 -20
-9 31 44
-8 -26 -28
-1 -21 14
6 -44 26
33 -42 12
-34 24 -27
-14 -43 -37
-26 -35 -45
20 -24 -25
39 35 25
-20 -6 24
-5 -6 -12
33 -9 27
26 2 -46
18 -27 -43
-7 27 -19
-45 -21 -41
49 -21 -46
7 -15 39
-13 -50 14
15 8 -47
-6 2 -3
-35 29 27
-16 26 -6
-9 27 -18
3 20 -37
-5 -4 -29
-35 -42 -22
21 42 -36
-29 -8 -32
-10 22 -18
-15 39 -2
-14 37 11
-38 48 -36
-6 -3 40
-25 -13 49
4 -13 14
-25 37 -8
13 -20 -15
36 9 -38
-43 -34 46
41 48 -50
41 -37 -25
-18 35 -46
10 -38 29
-22 14 19
30 47 49
30 17 -34
11 -19 -22
46 -33 37
-48 -5 48
34 -33 -16
34 26 -26
42 -7 45
-46 -6 -32
-47 -2 -14
2 -26 29
13 12 -49
31 -24 7
-34 15 9
28 48 34
32 6 -40
-22 15 -39
-18 39 42
46 -17 -24
31 -27 -28
-12 -50 45
-10 14 8
-32 27 5
-24 15 -5
-3 32 33
42 14 44
26 45 -1
25 23 35
40 44 -14
26 13 -4
7 15 -24
44 41 38
0 -18 13
-34 45 -49
21 -47 -40
10 3 6
-15 7 25
47 41 -20
36 -19 -16
16 42 38
-2 9 -5
11 30 -22
5 -42 25
44 -33 37
-25 5 -26
-34 -23 -1
-27 -23 39
46 30 34
6 -15 23
-21 16 -25
-39 36 -15
-6 -39 -27
8 -1 28
3 28 45
-15 38 29
-21 34 -17
15 24 11
-50 -41 -3
-36 -44 27
31 24 2
-47 30 21
5 36 -16
20 -12 33
25 -29 45
24 -43 11
12 31 1
28 -30 42
34 -28 -46
-4 44 -41
31 11 -42
-18 34 20
-15 -19 36
-9 -2 4
-26 -48 49
-46 33 23
-42 -2 6
21 17 32
-40 -22 -10
39 -41 -7
-18 17 38
-43 10 -29
-27 -41 19
-17 29 30
22 -6 5
-2 -22 16
35 1 -4
-26 -38 8
19 43 -7
-15 -28 34
10 29 2
27 32 9
13 48 -49
-15 -1 -19
47 7 -3
-32 34 -33
-6 -16 -22
11 6 -15
5 -50 27
-13 -6 48
37 33 39
-37 -15 -19
2 -37 9
-16 -4 -11
4 11 -16
46 12 -48
-11 -50 -44
42 4 3
-43 -13 -23
-45 18 19
-4 -37 34
-35 -32 12
-33 -40 -9
-38 -14 -41
2 -8 -9
18 -47 -7
-35 -16 -22
3 -17 36
-50 22 41
0 -22 9
15 19 -15
-46 4 -47
-35 -33 31
33 -42 -37
-21 0 25
45 32 0
-1 24 -16
-14 5 -31
-36 43 6
-15 -11 -25
12 -37 -12
-18 -46 42
11 -7 -20
-8 32 -15
34 33 -14
31 1 -26
20 36 -21
24 9 -47
31 -19 -25
31 -17 16
9 -29 -34
-43 12 -41
0 28 34
9 17 25
-40 31 35
-27 18 -23
44 -20 7
14 8 -37
-6 -5 -27
-46 0 47
-26 -10 -29
-24 5 -26
29 12 17
24 47 28
48 30 -39
-22 -14 23
33 -6 36
-41 -16 40
30 1 3
-12 -31 -48
7 -47 47
-38 27 -15
46 33 48
17 -49 -39
15 6 -43
18 4 -27
-6 -32 -19
-7 39 42
11 18 -17
-11 -15 43
-38 47 -47
25 35 13
-25 30 -41
-34 2 -9
-17 -41 40
-31 48 -23
-20 48 -37
-4 -5 -9
24 39 30
-7 -5 -50
-14 34 -18
8 -33 -18
-6 -26 21
43 48 15
49 1 27
38 10 27
-28 5 -46
-31 47 -48
23 29 40
5 24 -1
-46 18 -10
22 -19 -43
45 -7 -37
-1 -40 21
18 -6 -24
10 -16 -21
-44 -31 30
-27 20 -12
-17 13 -46
-15 9 4
46 -5 19
-28 -22 -9
30 -3 22
48 26 -46
-36 -18 42
-18 -50 -20
8 44 15
24 3 -6
-41 15 -37
47 -43 49
-25 -21 4
-25 -14 -49
-48 26 45
8 -25 39
-15 7 -45
-49 2 -40
7 -35 -1
-47 -31 -17
3 31 -3
9 16 -31
-9 -44 35
-22 21 -12
37 26 -32
15 6 23
-16 -5 -18
23 -10 -14
17 3 16
-20 19 -29
29 10 -23
-4 -18 21
15 49 -48
46 -28 1
-39 10 41
-40 -26 12
-10 -46 -4
27 -32 -5
34 -34 -38
29 24 -49
-30 17 -7
27 34 37
-27 -44 -13
31 -43 22
39 19 48
26 -50 -30
22 11 10
35 37 41
42 -30 45
49 -45 12
-24 -22 -3
-21 16 30
-7 -36 10
-44 32 34
34 -22 49
27 9 -27
-4 -15 43
36 -37 -39
14 7 31
20 22 24
-46 45 13
-27 35 40
35 21 39
-30 26 29
-39 27 39
46 -39 -35
-4 -48 32
-13 -49 1
36 -38 -27
-20 20 49
-11 47 -18
49 0 -32
21 -20 -36
9 6 -22
4 26 20
1 -37 8
1 40 8
-41 49 -44
46 -48 24
26 -47 -17
39 2 33
-24 2 13
-21 33 2
31 28 -45
47 26 -49
-43 -2 2
47 -13 -6
-40 -49 22
-13 -9 43
-21 35 21
-8 -42 -12
9 7 18
-25 10 -12
35 43 -21
11 46 -32
-17 -34 42
12 -9 -36
27 -31 5
-43 11 18
-14 10 -47
49 16 -38
-14 -36 -16
13 45 -35
-16 44 13
-15 5 -36
14 26 9
-39 -13 -43
7 42 21
25 -28 39
-21 -4 18
26 -40 -4
-38 26 40
-21 -19 -41
-40 41 -36
16 -19 -3
-29 -25 -38
25 -24 43
-37 2 -26
12 -46 -39
-41 46 -15
29 -48 -1
35 27 0
5 -2 -21
33 -48 23
5 13 -40
4 -38 27
-13 -37 32
-48 -40 30
43 33 -16
-37 10 -11
-28 1 -49
-22 -36 -5
9 17 -22
19 23 -28
-39 22 -36
-2 2 19
-43 -34 15
-44 -31 -39
39 -3 -1
-7 -14 24
-23 44 -14
-10 -7 46
0 -14 -21
41 24 -11
44 20 47
10 -16 7
-6 35 -14
5 -21 -50
23 32 -37
2 -6 20
27 -49 -34
-14 39 -42
30 -40 20
24 7 -38
-36 -35 -17
-45 41 -2
46 -4 -44
-40 9 -2
-5 -36 -31
9 37 21
11 -5 -14
18 5 -15
-31 -2 -21
10 17 2
13 2 10
-2 23 -38
-47 -6 -26
-22 3 -49
-40 23 -18
29 20 -27
31 -29 -6
-41 39 -9
-36 45 39
16 -37 -20
-46 -20 -6
-34 -12 -31
32 -39 5
-26 -32 -36
47 28 31
-23 14 12
32 37 -9
-25 26 36
-22 -1 -28
38 12 -41
-32 -50 -34
-45 -21 -1
-8 26 4
-31 44 0
15 -2 -26
17 1 -26
33 -9 -40
8 31 -10
2 -21 22
40 16 -32
15 45 32
-33 -18 -46
-22 -41 21
-42 -24 -13
32 -36 -23
32 24 -15
-17 -12 28
-35 -16 -48
-44 -4 -12
43 -18 31
-6 47 -49
-35 -33 -39
45 -6 -43
-38 34 -4
29 40 -9
31 25 14
-33 13 27
32 8 -11
9 -10 26
11 -50 -13
-44 40 -24
20 28 34
-1 -12 -30
-11 -10 4
23 21 38
-32 42 -34
24 28 47
22 20 -50
-41 9 7
9 49 20
31 44 1
-21 46 38
32 21 49
27 -50 2
2 24 -15
-17 29 -10
-46 25 47
-13 -20 -37
-16 -19 20
34 47 11
-9 26 29
2 -1 19
39 -15 3
-40 -20 2
-44 -15 0
18 41 -5
42 -42 14
-4 -27 -6
9 4 31
-4 11 39
-41 13 -46
-25 23 -44
37 -27 35
-50 -18 24
-26 7 5
9 -24 12
0 -30 33
-34 18 24
-26 -46 -41
7 12 37
17 47 -40
-48 20 14
-15 35 40
-47 -36 -8
-16 41 -43
32 -10 35
-27 -46 -20
-27 29 -8
6 -2 10
-12 35 1
35 -26 9
-44 -35 33
13 -3 14
17 -36 -30
44 14 4
-40 6 5
18 40 0
-13 -30 0
-5 -19 39
-1 17 8
26 29 40
46 24 -23
-18 19 21
49 29 -25
-15 -1 43
-10 18 -38
31 -25 -38
5 -9 24
6 39 -32
-29 -49 -26
42 -18 19
-35 -10 33
30 -37 -9
10 -48 -11
-35 27 -30
-22 -12 46
-42 -19 21
-33 -27 13
49 -18 28
4 46 -20
43 21 -4
6 -28 16
20 -38 27
17 14 -4
-19 47 -46
40 -1 -21
-48 39 7
-47 17 3
28 46 -5
-5 -7 20
-50 31 5
17 9 -31
28 39 -20
21 45 -13
-7 -23 23
-42 -8 5
-44 -1 -4
32 -26 -48
-17 -4 46
37 -4 -21
44 7 23
44 -19 24
-27 41 -42
-48 41 -42
-5 45 -37
10 7 -2
-16 34 41
-2 -29 -11
-7 42 14
43 3 -43
20 0 13
-16 -3 34
-16 -46 10
35 46 -12
39 3 -47
-30 43 -15
31 -15 -12
-20 -10 -16
-26 46 1
-3 23 46
-25 26 -6
-17 -35 10
-30 16 42
45 16 -42
27 43 -7
-42 21 -4
-11 -32 -6
46 16 8
-28 -9 40
-18 -50 -25
7 45 -19
21 -44 -30
35 -27 20
9 -29 -49
-47 -44 -38
24 -4 -12
20 -35 -47
4 25 10
-7 -5 14
-18 14 -21
-15 11 44
-17 -44 20
47 -6 10
34 -43 -17
26 -12 36
49 19 -25
13 -16 -17
-4 24 -2
-38 -13 -9
-18 -17 25
5 -19 1
-35 28 20
36 -17 49
35 36 39
-17 -23 46
20 13 25
-21 -10 20
-24 8 -16
45 20 -14
-33 -23 -30
-32 23 26
46 32 29
15 -22 -10
-26 -25 34
22 2 0
17 4 39
21 -2 37
38 47 -30
-23 25 -1
-44 49 37
2 40 -32
-4 -14 -45
42 -40 -49
-28 13 30
4 -39 48
-11 -37 -12
-30 38 3
-15 9 -12
-48 36 -20
-28 46 -49
27 8 -1
48 26 -31
-46 40 20
43 32 40
-1 -25 0
46 -18 -27
-9 -48 28
-36 -13 9
39 31 -33
-45 38 -16
4 -8 -50
-9 12 -2
-32 -25 -50
-35 -36 8
45 -47 -8
34 39 21
44 21 -27
42 -9 -25
-40 -41 44
33 21 2
28 -1 49
-44 15 7
49 -36 -3
14 -34 43
-31 8 -44
15 -36 36
-22 22 -48
-12 21 40
35 8 -40
-31 45 16
-31 -22 -18
31 -34 48
-25 -1 -13
-39 -32 -2
-16 3 -30
20 27 41
-23 -10 6
46 -17 33
-10 -18 -15
10 -30 13
5 6 16
-10 39 43
-15 -30 -12
-39 47 15
-48 -40 14
-4 43 9
-1 21 24
14 -21 -35
-4 -8 -13
-33 30 39
-22 48 -17
-28 6 -20
42 11 20
36 39 14
28 6 33
23 -14 31
-11 -45 -44
-34 20 49
26 -35 38
-24 -46 -16
-47 -28 -38
-19 8 -33
4 46 -50
8 -45 9
-12 -15 -36
41 -16 -48
35 -20 41
41 7 0
-15 -3 47
14 29 -15
-30 -17 -32
25 1 3
-35 44 -11
-24 26 -3
1 5 10
15 11 49
43 16 -29
5 -25 -31
-26 41 -37
18 -13 -39
-23 -44 -5
-5 22 -15
-5 -18 -20
3 -40 6
-22 -26 -8
38 15 13
-11 -14 34
44 20 -29
23 -49 -50
-15 -50 -48
-44 44 46
-21 49 37
41 -19 5
-34 8 -35
-38 22 40
46 11 26
45 26 29
13 40 45
-32 -42 45
46 -13 22
24 -45 38
-7 0 13
-13 -8 39
-24 3 -45
25 -22 8
-42 37 22
-15 24 28
-31 0 -9
39 -3 28
-22 -46 -8
-19 28 37
-30 6 39
-19 -45 -42
43 10 -37
-44 45 16
-29 18 43
-15 -18 -4
39 -13 0
38 -42 -3
15 -38 -25
8 32 -35
28 27 -35
3 9 49
-27 -20 48
-24 12 -45
-39 -46 -10
-3 -6 -43
11 -47 -34
33 5 -47
-44 46 -6
-10 -34 24
16 -16 42
47 -45 -1
27 35 3
13 31 -9
48 7 5
-47 -7 6
-37 -26 37
18 7 15
-31 -49 43
49 -4 48
-2 28 -48
30 -31 -46
-22 36 35
18 -42 1
-7 -28 -40
42 28 5
-48 7 15
-30 23 -14
-5 28 11
-20 6 24
-31 3 8
23 49 44
-44 7 11
6 -18 -44
25 -29 -36
47 16 -37
-46 12 27
27 7 29
-8 27 -5
-30 -14 -49
-46 16 10
5 44 20
41 -38 -9
-37 -6 -47
22 13 43
0 16 24
38 45 -26
9 49 -39
-15 -36 30
37 38 36
-15 -41 -17
2 -8 -15
-38 -15 0
25 -26 13
-49 18 44
-16 -29 30
-48 12 -3
-34 -26 17
9 35 34
-3 6 -47
41 23 -34
-35 -5 36
12 21 -47
22 36 1
-20 2 6
-16 31 -19
30 -26 -41
-7 7 37
-3 36 -36
-34 -11 -27
9 28 -35
29 -25 22
18 -29 -49
37 -49 49
-11 39 -32
24 -1 -2
24 16 34
25 45 33
29 -19 40
-13 8 -40
47 -23 17
7 24 17
17 -6 -25
36 -48 25
-45 -22 -39
-3 -27 -38
46 17 36
32 11 -27
-7 -49 -6
-38 32 16
-14 -7 23
-35 -29 -24
38 -11 -7
-46 -50 18
-45 -13 0
11 -13 -40
27 -16 -27
7 38 42
-25 4 -27
-17 -41 -5
44 23 13
47 -7 42
3 -17 -11
-35 -30 -11
-3 -15 41
-50 -33 -8
-45 3 -2
30 40 -11
17 24 32
-48 -31 -26
6 -5 -21
47 -34 -37
30 33 23
-6 25 -44
0 31 48
-41 33 43
-27 -21 -49
-9 33 5
-35 20 26
13 15 -43
-31 15 -49
42 -41 15
18 -33 -37
22 25 36
-44 -37 38
-3 17 -11
-34 -2 7
-26 -15 -48
-1 -10 16
-44 0 2
24 -15 26
34 2 -44
3 9 -48
-9 9 -39
-50 -32 21
-4 39 -28
-37 -8 -41
-41 -12 28
-22 42 9
-10 -41 -30
-43 42 -38
-6 -48 46
15 39 -21
45 46 -25
-25 29 -27
-42 -17 30
21 15 22
46 -21 -30
-13 -31 10
46 -20 -1
-27 -4 -24
-18 -26 31
-22 -42 -50
-3 40 24
28 -31 43
-19 -29 25
39 9 35
-9 -35 46
-12 -45 -38
-24 -11 -14
-49 -22 -20
44 20 4
11 48 17
24 48 -20
1 -10 -9
17 47 -1
-20 -7 35
39 -23 2
-47 -3 -46
44 -16 18
-5 26 -45
-49 -40 -47
-5 49 19
33 -7 13
-18 -48 45
49 -2 -10
12 23 43
10 -26 37
-11 -32 7
13 21 16
16 25 -38
23 -49 -2
26 41 -32
-1 28 39
-48 16 -2
10 -23 17
-41 -31 -14
45 28 -28
-31 -37 18
-44 3 6
38 41 20
-11 -25 19
-1 -46 23
29 -19 -10
15 -16 26
38 -11 -23
0 5 42
37 -1 -2
37 -29 -33
-39 -43 -34
-7 -35 23
-7 47 -8
-36 -1 -26
-38 -16 -49
-32 -5 43
-6 -32 0
8 1 -47
-11 40 -25
8 -50 37
-19 35 28
-12 31 11
12 39 13
-35 -46 -39
-21 -42 -16
21 7 -19
33 -42 7
-5 -22 23
43 3 -29
-37 38 36
25 12 -38
28 20 -48
14 -28 37
30 -41 36
13 28 48
41 -32 23
19 -39 -49
-3 9 45
22 -29 1
35 33 40
17 -20 39
-40 48 14
-43 -31 19
-32 14 30
-50 -11 20
-4 32 39
37 44 -6
20 -3 24
8 -50 46
8 29 14
-7 -17 -40
-33 31 -24
-24 -20 -3
7 30 -33
16 9 3
42 43 18
43 -3 0
-1 -36 37
41 -35 -8
-24 -11 -9
23 -5 20
36 -45 -42
-15 -24 24
-46 -30 -5
35 46 29
-29 -16 18
13 17 15
-30 -36 -13
19 5 -45
7 -49 -4
-45 2 8
-27 -3 -6
12 -26 18
43 -47 47
-26 32 28
40 -38 21
-4 -41 44
44 -19 30
6 -21 -33
37 39 40
-41 -12 22
25 3 -2
44 26 -44
-42 25 7
-13 -32 -27
0 -8 4
-15 -25 -2
47 28 -1
-29 -38 19
19 14 -34
-25 32 3
29 7 -20
26 -38 14
-14 35 44
-13 30 -30
-28 -26 46
10 14 27
32 31 38
32 -35 -39
-14 49 -36
-24 29 -22
38 -14 15
-35 20 -44
0 -43 -29
33 29 27
6 -11 -23
48 -37 10
-22 -7 -40
34 -17 -22
30 33 -12
-30 37 6
-28 -4 -45
-9 -33 47
-19 0 9
-8 47 40
42 40 17
-39 13 17
-8 -48 29
4 16 31
21 17 11
-5 2 -17
-4 10 27
3 11 34
5 -2 -27
-50 -22 31
25 -22 37
4 -31 35
34 -9 33
-20 -38 -24
6 -3 -21
33 -49 -8
-49 24 3
-31 -5 17
-22 19 11
0 6 36
-27 -15 -50
-38 -44 21
-40 30 -30
12 -48 -46
35 -26 -46
-20 -8 -9
-29 3 4
-31 -34 32
7 14 43
40 42 44
35 -47 -40
30 -22 -36
27 -8 -3
1 -22 -26
40 -25 -29
-48 22 -44
15 41 49
6 -31 -16
-38 10 -18
2 -19 31
-18 -35 -31
-21 26 -36
-39 39 -29
29 38 -20
7 -50 15
35 10 -37
49 27 26
4 16 35
-2 47 30
-20 -39 26
44 17 7
33 -35 16
39 -1 -17
15 19 6
-39 33 29
-19 -27 -38
37 20 41
1 -4 -29
33 -6 -19
23 39 44
15 -6 -5
20 8 -48
1 -32 44
-13 18 46
-43 -49 25
31 -40 -25
42 -26 20
-44 -10 -19
34 31 -21
23 26 -40
0 49 13
11 -26 -44
43 -45 -15
25 43 29
-44 -19 -26
-24 -17 -49
-4 40 -39
-20 -8 -7
-29 4 17
-29 -47 -15
46 -8 42
-49 -29 -1
8 14 -23
32 25 -13
-35 25 18
-1 20 -43
-48 41 -29
10 -1 -43
-37 35 -18
-20 1 13
-18 -37 -25
48 -45 49
-39 -35 -18
26 22 -44
4 31 -17
31 22 9
-20 -34 4
25 -37 -1
-15 -5 -30
-13 16 -49
18 -24 10
-9 27 -29
-49 20 17
27 30 9
-11 46 -6
36 -50 -49
21 16 41
20 30 -23
-16 4 -4
-42 -36 -23
-29 -31 14
47 -38 31
-9 -18 -49
-6 -36 -8
24 -13 39
-44 -41 49
46 -35 -15
27 43 -11
49 30 -44
47 2 -35
-41 16 -13
-24 7 39
-24 33 -26
5 -28 -40
49 -39 6
-16 20 5
-22 -41 15
-10 11 -39
-42 -25 -32
-9 -46 12
44 -20 12
27 24 0
7 -10 28
17 14 -35
30 -7 45
-37 45 -4
0 -39 5
-33 -27 -40
9 -46 -25
0 -2 15
26 5 -38
-43 -46 -21
-31 -3 -14
-2 36 10
45 15 6
-28 -25 -45
-2 -44 11
-18 23 -33
24 5 -29
-28 0 -34
29 33 9
0 -44 26
-13 15 8
47 -7 48
-8 -26 31
-38 24 31
-40 -18 30
6 -10 -33
28 16 44
-48 29 42
-4 -7 36
-8 27 44
13 2 45
43 10 -35
9 24 4
-8 37 6
-50 8 14
-35 -14 -48
8 37 -40
-21 20 38
36 -9 6
-50 -29 -43
-21 3 -4
43 13 -17
40 -20 -4
-43 1 -3
2 -21 13
-18 -50 16
28 23 49
-14 -35 -28
5 22 41
47 23 27
21 -42 17
15 27 7
-49 10 46
49 35 -15
-25 -21 27
-24 39 -44
39 -7 16
-28 -43 43
-25 -43 5
-45 7 -40
-7 -10 39
26 36 30
21 -3 43
0 -10 -18
38 -30 12
-40 -48 -38
20 -45 49
36 10 7
-42 38 -15
-49 -34 37
-21 -44 43
-39 19 -28
42 -46 23
-26 -13 -21
33 48 -28
-44 35 7
3 -35 26
14 -1 47
-14 -43 -25
-20 39 -4
12 5 -22
-25 21 -24
-47 47 -39
26 1 7
24 -37 34
37 5 18
18 17 42
-3 -46 -32
46 5 -45
9 -43 37
-24 -8 -48
-5 22 -4
-32 -12 46
-45 4 43
-15 39 26
6 -4 40
40 -44 25
-29 45 12
-16 -32 21
31 -47 -39
35 -35 25
-14 -47 35
10 -9 44
25 -44 12
-17 31 -41
20 43 -28
12 -39 -37
3 -29 -17
33 46 36
-35 48 30
-5 12 -40
8 16 26
-28 -12 -45
-10 -31 -43
-22 17 -48
29 -22 -8
-39 -9 16
43 15 33
-30 -48 47
-1 -30 23
4 15 3
23 42 24
-4 49 -34
-35 43 45
35 20 -17
-28 21 -31
34 32 -45
14 34 -1
34 -46 19
6 14 -6
2 -14 -46
6 -32 20
12 -44 43
35 0 49
4 -15 27
-46 -19 -4
-18 35 44
-14 48 46
-40 6 -14
26 -41 -29
35 42 11
32 -9 -3
15 43 -20
-29 -39 32
-13 -3 34
30 -48 -6
33 29 23
30 -15 -43
-12 0 -45
23 2 7
20 47 -11
8 22 27
-48 25 1
0 49 19
-16 -42 35
-37 -50 46
-37 -10 45
44 22 -35
40 6 -43
45 -13 -7
-25 34 43
-32 49 -31
37 -41 21
-5 -31 -41
-16 -46 8
-49 25 -22
-18 -8 -10
-44 15 -15
39 -15 -12
-31 -42 20
-24 -49 6
33 -26 25
7 -22 -11
-23 -48 32
-39 -30 -25
4 3 34
-2 45 41
-26 -15 11
-33 20 24
-21 -41 12
44 -46 49
13 -48 6
45 32 -38
-21 -6 -7
-50 44 -29
-44 -35 -8
10 45 -8
34 5 8
23 35 -22
22 -39 9
-15 -29 -22
-13 25 -10
-10 -7 28
24 39 18
-34 -30 12
24 -44 38
39 23 49
0 25 13
-9 -12 -29
2 19 -19
9 49 -48
-40 4 23
45 14 -4
-27 18 20
-13 -24 -40
-49 -35 29
0 -21 -50
20 4 -11
11 -31 0
-23 2 4
1 29 -24
16 -49 30
32 -20 27
-32 -19 25
44 2 -33
-47 -30 -9
42 -50 -24
-49 31 -1
-47 -39 46
22 -25 0
-30 11 26
-32 -21 2
40 21 4
-7 -34 -20
18 13 -23
13 -20 -2
34 39 -22
36 -38 43
16 5 -44
-30 -35 -22
22 -18 -25
8 -37 43
-26 -36 -32
-1 -9 47
17 33 -33
20 14 31
-24 -18 10
-14 -32 8
-25 34 -49
-7 -6 -40
-43 -17 -18
49 47 10
-40 -16 1
0 -26 -8
-22 -11 36
-3 -22 -39
-43 -9 -29
21 -26 -10
12 14 -46
-49 -40 39
12 -44 37
13 41 -10
44 31 -19
-7 30 44
21 -29 40
41 36 -18
-21 41 -46
7 22 29
10 31 30
-18 -12 -40
38 -8 -28
49 -40 45
45 25 20
24 -15 -36
-32 -8 -4
1 -41 32
-18 -14 35
30 -6 -28
-35 -4 27
-11 -8 -50
14 38 30
6 -33 -25
-18 -27 42
41 20 -12
-13 -21 -43
-38 -7 21
-13 -50 13
28 16 22
47 -40 -33
4 -18 -39
43 -3 -24
-39 -2 41
-27 7 44
10 21 18
38 -49 -5
49 31 22
38 37 -41
-44 -15 4
-8 -48 41
-14 32 -33
22 33 -20
-30 40 -19
27 44 -8
15 -19 0
1 44 -44
-41 -5 -9
5 28 -5
-13 -49 -31
-45 -44 -7
43 39 -30
-35 -11 -49
-38 25 14
31 36 43
3 -17 27
25 -22 -17
25 14 47
-13 -25 18
27 -21 -23
-50 12 -2
3 -11 -19
-18 -33 35
44 13 28
-18 35 22
15 -38 19
1 -10 -17
0 -39 38
-30 -50 -4
-28 25 39
-32 -30 -22
-33 -36 18
1 43 -30
33 -8 -13
49 12 -31
42 -31 -33
-12 18 -48
39 37 10
10 -44 -3
-39 -6 -30
33 11 29
3 -9 -25
17 29 -45
2 11 -34
-2 8 23
40 10 22
37 7 14
22 33 -46
12 18 -23
-29 -37 -8
43 -41 38
27 20 -12
10 -39 43
-15 -7 39
15 42 -47
-3 16 -32
33 -9 24
45 10 0
23 -15 -18
27 -8 -35
-35 3 -50
-41 21 13
45 6 -32
1 25 33
26 -30 -34
-39 3 43
-3 -50 13
15 31 47
-27 12 44
-24 48 -28
-11 36 -18
5 2 21
31 42 20
-19 -44 -42
-1 34 -3
15 40 -16
31 -46 39
13 41 25
-48 -19 -21
0 -25 19
-29 -31 38
10 -33 -7
-50 -33 42
-37 28 31
-47 12 -21
-22 8 6
37 4 -10
34 -42 44
7 36 14
-12 -31 -20
0 38 9
0 43 5
-10 25 -22
-23 -41 36
21 -9 -40
-25 -7 -20
-46 -26 24
-12 41 47
24 -40 43
-38 36 -7
-4 -29 -17
-9 17 -7
-21 -6 -32
42 -50 30
-20 -19 -47
-7 -12 -24
-2 -16 -48
-48 19 20
16 34 27
-37 31 -49
-4 5 -19
-9 18 8
34 24 -7
41 -35 42
16 -14 21
12 -10 -19
-10 32 -5
20 -50 -1
11 35 48
41 47 15
-5 14 -19
15 -26 40
9 22 -21
-45 0 17
-24 -32 17
-46 29 13
7 -14 -15
-46 18 -35
20 -48 37
-39 32 -17
-1 8 6
-7 40 -12
-30 -40 -24
8 15 -50
26 -21 -5
48 26 43
26 -5 24
-31 19 25
-3 31 46
-41 19 15
34 8 -17
8 41 -26
-45 -11 -36
-18 -1 -24
-15 18 -18
-13 36 39
-23 29 -35
8 -32 25
-21 -49 4
12 -4 17
14 45 -26
-7 -9 29
49 -16 -27
-29 38 -12
15 -22 -32
41 26 -20
18 1 12
0 -9 -21
34 -12 31
3 -26 17
31 21 -50
-42 -18 -12
-16 12 18
-33 41 9
-31 19 -36
20 -11 -2
-22 -13 -5
20 17 -10
-42 18 21
-12 -32 37
36 10 49
0 -25 -37
-36 -41 -28
46 -12 -25
43 -6 36
46 -23 44
-8 32 -40
-11 36 21
-11 39 6
17 -38 -42
25 -35 -33
