2000
80704089 15055945
48299581 -81211926
7489905 -11441127
42618994 -95854188
53371263 -67491395
78628948 1609332
9720373 54756164
83268802 1134989
-63872925 20324667
34373387 -93420957
-5313588 -80951682
49291576 -36618207
-64877002 44882439
3921335 -6139815
83252792 50097938
-27274034 -39765420
-58029577 92847923
33908966 -44377328
8237383 60914327
12473224 -94694391
-92700645 42899167
21191265 9501467
-15275564 99162731
-59529302 -61678225
-48103865 76953964
-63297686 43734157
-95491508 67933919
97501898 -7795458
13089780 -68144820
-70856833 -42979572
-12222832 92390977
84285105 -4894768
75320655 -11112416
-61596548 57636979
87338703 15181863
-50134592 -88889581
-36367895 14198685
-27464941 -86134288
74374220 -92953913
76038788 59984291
-62868684 26988668
-65656270 16379034
91727659 85739283
54922819 -11094434
23908271 38375407
-19032898 -15887353
-79439848 -40312350
5340682 -56359050
42243018 45215952
-66633844 -2368360
5594161 69230437
58975036 -40584953
21790049 -80516650
54870330 15423970
-35674876 69232839
12894867 -96043619
-86102374 6190550
-29391177 -32117807
72986417 98854419
-95168047 18198443
47983874 53913075
-84169840 99041449
-59905705 -76032704
-58018285 79000470
54592257 20802687
-53646533 -4605932
-14871658 40104495
12456343 -11287349
48705231 4633467
41752609 13159986
61814611 12707487
31824401 83972289
-87725998 8334365
87793096 -35099998
11450167 61647016
81646304 82612939
95478856 60496388
37912945 41293343
90440320 -96621767
45034585 -95130358
14805938 94012995
18547680 -61353106
-36630839 -61981807
-24627375 -18223781
-5970735 95204366
691194 -17466249
87126914 -94587887
60496679 36927565
-60219008 -77799529
53046659 -59658744
64469555 15654842
-12847323 -46457664
-87814745 -21479694
-250491 1299886
19015868 17421990
-26320260 62043607
-49418616 32773490
60403380 25014953
21915163 -17615996
79408695 25393687
72109156 -96619134
-46287375 -62293080
96881926 -60427961
77385834 -52154528
83783103 -74642182
25550009 -76650508
-94345501 -35817702
-70147533 -90779755
19393009 -33105649
33515724 -78464756
38647652 -40747479
27401784 58369503
-82694123 53383817
27571043 16479834
-38515088 97697981
18887803 46520206
11873965 80046815
72047828 46043945
81527766 -43948343
95540986 -44548323
15992689 80374701
17079014 -64418266
4769209 9008632
731413 97553046
37152118 -66987527
-9200995 20381435
3482582 -32641402
6479711 -62308275
-32156661 38027582
-13210073 -89901483
44687761 -76663152
-5752493 55358496
-69304436 45619657
-16581358 6645706
82144391 3876157
68746895 -1671644
-89274749 -64726971
22488387 24725738
-47570692 97562016
-45025066 1439526
15568691 6012200
49049338 -49916481
-44687051 -66701416
-73845933 69639624
14756653 83266185
28184661 24639703
41705841 -7762277
-17170608 -72547740
6679320 -68857775
88389969 -64633179
-80546652 20339466
-2233273 76317405
48028974 10989564
-3723725 31061470
-78935223 -97268397
82609349 5619306
-74948686 -34938416
18746841 65750161
29558505 -3844181
52556678 -94280324
-47292649 -96016552
-77817106 -80129041
-29512842 -91538894
52965826 9562454
-81834724 -73218920
95650597 44183520
44439771 -19798069
12837174 -34199498
2995552 53495679
-68765062 -74183051
-70966463 57990264
-53990704 65426165
35681309 54923169
-48370229 -66657752
91756125 -53399761
-54423964 53615059
-8553201 -13409311
-44002290 72680776
97450136 62762741
-51660083 33430057
-61962444 -70105722
5137427 -77868514
-98813750 -11047996
35574307 84223449
8107206 -4260673
-71599933 -88340531
-88291039 30167244
40334403 -19218482
8056912 -76377451
-56903301 -27838868
-70971043 -12751209
33831920 48917802
-1920437 9718465
-82708746 28529308
79182035 21034736
-34829552 87653567
88780751 21188666
23868651 56823840
-65555185 -98457243
-83168080 -59605404
-12496364 36173252
-13408593 -1896384
-95709487 13247080
-30084544 88842464
-1449090 -92411305
-7210330 -91493792
26333951 -59396135
92894072 86168459
31332178 -2021317
81278963 92642867
60555598 -43583356
-73495513 11093548
17221727 -6854130
-94261814 82971447
-13087096 -56052293
16046163 -26487392
-58361006 -20192856
-98593225 97708023
4990549 -80700676
40489436 -54336760
-65552959 90086790
44639932 -51949811
66119196 25845904
-3047474 82529491
-23712258 -66734689
92622966 -3761878
15255165 -55487396
-90228176 -85133894
-84623104 13627039
-79469698 -87569005
-2699356 94003156
-48448045 94409380
-96949780 -42220453
53782593 86398751
89987470 -46380612
40949928 -41839240
13385483 -6160736
84468870 -75432361
-55932321 -58554196
-85010498 -17745948
57549602 50177865
-51473603 37083626
-89591669 -83576285
-75708161 -57879885
-54071957 41839562
63591541 -16970699
26071708 -62584760
33916284 -11496096
91342436 52145480
46347824 98534414
49327952 70949221
862338 15485930
5662928 2008081
94665285 -27354869
-86680647 66276939
-95381643 12643593
347394 76430251
-97976743 83048156
91131639 62004226
-55677958 27557631
19518420 -21278318
-81750859 98649297
-62721210 -87719368
47413730 57420819
-3208259 41410827
-51669126 -34007649
-70556789 -66625903
99940747 -73727229
91147231 -2403355
-85829024 86010855
-61457210 -56688788
83323947 -79507825
15548340 -46111183
92597496 -55405369
-47893065 -56165599
21308419 67238358
53679661 -33637627
-52295347 8967077
68389232 85072650
43702071 73953281
77039248 -63148723
40082316 -3055833
32328389 96103167
-27626250 -1046863
-7176071 20875469
54697626 17872918
-4348650 -48500045
73080651 90268356
44832783 -91522266
4092985 69081404
73989243 -80834384
58139293 92199271
5036614 -78143692
64157039 -77494873
-93450123 -74123438
97579688 94924400
-42735855 40450131
-76224750 -88303916
-6719508 -94562900
-44302283 -96335434
16413937 -94950517
97876182 -81620486
71046247 91414701
-95377809 39023481
74763450 -709734
76621330 -5777769
-18242217 78535937
-56080521 -27349555
92334602 30838281
-70816992 89448386
-53128372 -33430564
-40834607 60426835
7018407 -74554991
99218393 64075235
-19321487 87586529
84597765 4120364
-20317331 -10311215
-22652864 -39950387
-11265241 28304455
72019110 -90530385
-27825711 92656805
45157792 -79476336
-75781827 15297109
72280849 -84587678
-1491293 35096697
-46484711 -48438987
-10794420 -97793262
-51363514 -9230858
90753767 -78774155
-65959159 -22600258
-23608442 93957636
-14366002 34300666
67925080 -8128552
78069641 50959277
-94783800 -14600470
53857875 -59301621
35107054 99099858
56405898 86165195
84157129 68657114
68685977 -83444333
-10720812 -74188315
50540932 -34621754
-93687210 -69131694
-8937161 9181190
-49246975 41913500
-40994930 558494
-57692529 33575035
-5632110 -47800449
-23306462 -73830239
63006710 31922250
28572519 -36225620
-498430 -71766964
87296265 98611218
-41344163 -9238015
60516297 -78778235
-36169140 -8530910
-77828224 25445619
64714547 -90102554
94470461 -51445475
-76017679 -22204865
44957047 58059057
42997429 98009845
-24995476 -15468977
-94961547 -68647487
98685954 65711061
-35435366 -5314852
73310120 7716877
16345998 -28235406
-43836028 18112398
-68230450 -64582541
16765341 62823019
66192443 99014767
-58442888 72300931
47204021 -38744089
-27182553 -61466910
34940832 31183869
-99527000 46088446
-65841213 -32835690
86168092 -6154752
83656702 7019941
67242266 30041875
-96306820 79360330
-17416576 88517967
-94935183 18484002
-49690613 -90200802
41043352 -30351586
19624334 -43207723
-51811299 -82493940
-14883374 -19132383
79258822 93473004
43236241 27407734
95935478 -92865938
-42754392 15914589
-82460536 -48574202
63735622 -65525126
-3003068 6704030
71792650 -45847981
-91144509 26800614
-1934624 -67589008
77980157 82830548
-15511346 -62440030
92749724 68830441
3605998 -23870663
67418160 67824896
88098850 27858447
19993945 -78567752
-49925875 -19328942
-4445557 -67607652
66228380 79566096
52548581 50804326
-44201563 -24799895
-2552128 94454429
-60621253 6374090
-86448210 31643393
42555668 -73233089
-202566 -48907536
21193072 71268695
-37955003 1570484
55774737 -93149612
-59001039 21404841
81784615 -42896043
90910602 -4274571
999533 77362488
89334429 94432526
-35408249 17848021
69061035 85489655
-46552469 56704853
-38259002 87477088
17695873 19655968
27537093 5362986
-44363564 67457273
95119505 99889178
29023821 37219402
-12900946 62647508
17744642 88014033
71777159 82578094
78559145 43356419
44375877 -35423249
86953166 -53408726
18264736 -48472780
-30725451 -72552437
-27605638 95361593
83665773 -77386171
50542038 50168780
48148403 -25068087
39805610 82933716
-20982020 63447004
31243944 -45277247
-4483012 -49567168
-68218480 -26082396
-87633887 -25455267
-69299990 43190210
-3501030 -31758875
62213981 89858012
-17232215 5043064
94561449 -73104761
-82533822 -23694841
97268212 -76052050
64081273 48095887
25100858 -74495892
-10703089 38117965
-99247795 18784440
-90285483 -39915942
-44654207 -29546208
20013154 -55163432
84840100 -91871501
78865269 -25993016
-30399848 -46337719
47622638 42606466
29145971 -12542965
-1261539 43391451
50121533 -74186555
-81216261 69346266
-64422782 98092334
24424415 25887962
25773453 -59512026
-25492934 62474533
494037 -78277967
17871170 41539068
-44198309 34516170
-35374304 29083372
-69572755 97522833
-80313716 76325721
53533515 -32877736
61577856 70089329
-86036839 -45457119
8050482 62456600
12284034 9476948
37418339 3503989
43496342 -77650386
88829260 46000505
-40888871 18652079
-25554524 -40938567
69186210 -44971356
-55208472 5431310
-89161657 -56488685
-91648643 -51029114
36247252 -424616
-3038003 21703398
-63783379 -92460925
25927959 -2620794
52750437 -4374052
43404580 -88887338
35027453 80603847
12340176 -87991964
81488865 71068248
-65272688 89274209
99103070 -85006080
21348897 54764171
-81860675 96528690
12725196 -35172760
-44423935 -16866545
-55731506 -73955334
-63728363 44742077
-313934 69277292
-49602207 -24921776
5352936 63054305
99487806 -3530138
90219249 -77468949
-77462388 83636981
-66638858 -30723237
-53907818 58239780
68509233 -1216078
-64522887 -35094596
-19570499 -12297771
-63309728 22635905
-320989 14043811
31504554 -43362397
-91961483 -28309492
-59562824 30297651
64275105 29874607
57098510 -60941075
-10272703 -86919260
55375648 -72162988
-20212072 -47523640
49243539 46074030
71463680 91939845
54027076 49905464
-73318431 -22346475
92389372 -53262360
-16183421 -30523846
75814018 49183253
-80244750 -24769574
-74452681 21126617
-1005415 -15732082
64479080 -11887937
-54856654 -67696684
-68585409 28141053
83434915 85969473
-91357929 -64411516
-6197194 -62151139
7696460 68067185
-58959628 78262652
-83675839 -95238095
68931346 -29470662
-50392844 90452962
-89962779 37975482
37198841 8474322
8623230 70442468
9699709 99950306
-50777968 63755358
-99016248 -99433314
59647645 1604052
-24365890 -8050772
67429772 62894743
-38669242 -58754276
45594499 64666441
99673598 4166478
-69966127 -38850423
53113430 36253960
-21700127 93370114
-29106330 -95628523
-80090633 93410748
77917655 -70847645
60779388 10127265
-27209518 6793552
86786293 -24775477
51287825 -49609684
97810156 53639438
-89903750 65278342
-45949376 98749249
58954222 -35726901
87098884 -10345191
30160516 -95401859
-46543116 -74860530
99455897 57099438
-32446725 -39469997
61121715 -42180058
76931544 92452343
53369678 -10849657
-90849329 39264609
4234232 97060427
58325497 -49185169
-1700465 17200119
25039090 -87730178
-91245419 94310382
-97715898 86365938
-80404700 50994619
-39738117 -22423141
-56963270 -44285129
33164784 51399173
-17135835 -55409684
64638451 -81881316
50432382 -32103388
-45154435 -27322705
-46256095 -97833986
-45197787 64065205
-95391424 88982229
-99420285 -66105239
97384949 26516053
5607736 -49111583
11750791 2978215
-82943717 -30840736
83642521 885400
95621703 -9390853
-53461608 -97821628
-35093856 29432688
-69718899 -55421172
-28957048 -5806247
4870714 -13602295
52988927 -63399112
-39736403 -49830289
-27883636 -71580066
-36794622 36549651
15395355 4718363
45451123 47889693
97550398 -13062010
-90013676 66516453
-13610553 72843260
-76938718 49718661
68528659 64024220
35059862 66629182
57467986 -25173629
9831351 15826755
-90640554 92213665
-77708882 -27959298
64081361 -9319540
-31046206 -14072089
-64973093 -96126549
-57759536 -59951663
78850049 74732811
63528348 -96158091
44895159 -69234960
-55629702 -30165445
-35450479 -77867359
-96041059 83059615
92873976 -61795436
-43633771 57752760
-48416703 89748709
-41037199 29300983
28643337 -91066970
41530177 71474904
-94195905 -49361589
-57913033 -69241026
99002909 -34988180
11242687 1025253
-24702021 -31768053
-51086724 -92956869
-52948567 86798132
-31993831 93125092
91055231 -42436924
18528374 -86217762
83594214 -68464931
37030395 36227967
98237411 15084675
67986661 -28053974
89957957 4112942
48865768 -12582405
45662071 -19453490
30907004 -1569971
65799006 -89010748
-29330516 -22735723
-19094198 -59524025
52171214 15876915
59113868 -66328900
-90986534 96355435
79365951 -49010286
-59250791 -16181112
-61816348 42011379
-44839054 -61439811
-31740768 97645756
29925275 -54992610
-69084830 64382735
-33786702 43696091
-99026663 -51572729
64994677 36693355
-30146500 5335670
49170218 30891681
-25902601 45010882
-48882629 62605734
-16503897 73728617
76740634 -29170167
85166629 68217215
-3006828 -35122822
-79388978 23304544
72426937 69798297
-76636625 18837205
55335335 57509006
-26053455 -48847517
66062381 260006
34264703 -82591867
12938617 -69119503
-94417729 -59584362
5216006 71898471
53237438 64469653
69000193 -64522432
57932049 -97639574
39562351 -99900693
97675436 -32918536
-66105226 35491145
63889260 -55828854
98260684 15067753
-12945174 32309675
79862751 54526271
35984666 -26339253
-22187872 25001533
-50551783 -80000469
36828700 59682045
-1224373 -78101319
-10097776 19947031
-82143001 -24520877
24171101 -65068355
-71036763 -27673069
91714749 -85276230
-3685216 85268736
53964957 66242210
-88080307 25108524
11183478 -55995470
-69735994 -45439419
-25208811 73195102
-51242295 -34138861
-96017606 -96347217
-49661505 -52571447
-17082447 -45794414
-44924434 79974066
7107193 -65118405
-81723197 20823752
-64093859 -96538097
76958632 36576581
-82941201 -1661198
31039376 -34557927
-23348386 -649577
-1655952 58530675
93764112 -96753579
15448499 58430081
-19187625 -24104722
-71267189 67234436
38862463 9858024
47558898 -48661009
17542617 -97260876
28318190 69014705
77011601 -58027204
56125209 -97123061
22267606 -15984245
46507851 95766620
-70764070 50803554
-53281838 -1385597
44252425 -87744404
65236340 51413667
-72858844 -58571580
11296238 5283693
15048276 48835944
49447718 -37160215
-51390358 43928662
-26746620 -6566046
-73205871 -86927011
86268298 -57084311
72884191 -37162534
-52927511 1176135
41513346 82618493
92605793 -26998134
-69976972 -21402408
98738626 55814271
31480390 89495640
40221441 52328367
74279438 81207125
-48629293 17785997
-98729969 54749870
-26158722 -83296323
-22594510 78839188
84468904 15211597
23731556 23435615
-2154574 88218574
7879113 46336445
51215842 85892722
-80422740 88831054
74751329 44739480
82623011 41406726
17341616 -49695901
24238803 -99130013
43093542 55823206
99878833 7669956
64485778 -49615995
-40874606 8959091
-81006149 31567795
-97259781 -53291405
56870106 75689005
38324972 46421025
-28100769 -84003850
-60568375 -17319574
-50460208 68615970
57389451 -43101609
38204 -39112878
-85846681 -62306316
5205968 49328024
896033 -29450692
-48317216 68706500
-13785051 114553
19858875 11321332
67406978 -57462900
-57612213 -71227548
-7771144 95283279
11291695 -97160134
-20853937 -45739735
-65901523 -81195912
17614990 -80856916
-11661839 54898578
28482332 39975252
-74603108 72303364
-52562559 -59646521
37802651 -80006114
-4268480 6067716
39754526 79657109
-12037873 33845472
-73262967 58906892
-97071943 58193935
-5631269 -23043648
65879805 94823061
-82914098 26587434
8560717 -2778927
61937999 9408053
-27949695 10598586
-5033049 -53500799
-51957181 -44606344
-76654529 -7001161
-35078595 -32866739
32720324 -9819920
-49734223 95640572
18436934 84444646
-46843358 55477563
-91199821 15302571
67478213 37132175
65994231 74947674
-41631110 -90816498
66775724 -59652509
95842270 63942207
-73497934 -46902280
19703882 -35852846
65865047 29403670
41401864 19645442
92321147 7422229
-18888759 -703546
92169030 -1950826
74838278 16330978
73266856 52707289
-11890258 84862525
87667900 -30699954
-23325264 23757815
-88980092 -20403362
65985402 70195397
-57815246 -16841981
-29476260 99440665
-32464815 87317347
-35411923 -44577336
23416105 26123861
-51472645 13964210
-37790757 65620629
9868386 -33568726
81942879 -7231394
-84014863 -8443971
55499277 -99003417
-90673700 36480115
-29698739 95147887
70230899 24209936
45629955 -71511712
-299313 81735472
-55030449 82799085
-78425131 15027237
-25293038 69025810
21464311 67431355
61136015 29986362
21125247 73652250
-85544946 91792008
58457576 -76861233
33006920 36381853
33712040 30883268
65123963 -12019528
-34676421 -89765902
59035256 -47637308
11424257 4844149
55371520 -64046214
-97590366 78404885
10342876 -43337850
47602311 -80909349
2377297 -32136316
-63889011 -99822370
-94351479 43551935
32657052 -67371038
-49586095 -55967639
28946312 -34937203
56578374 -93771423
-83300971 22379641
-61112909 43202007
-91999491 -55439685
80453725 85722713
36063381 44065368
-33831079 49684869
-95886176 58581549
32282988 -54925042
32983314 96635765
-35229233 21606736
18092116 54494914
-34406190 49566905
-64899018 12429785
27541660 -5824796
8857875 72251336
29735414 9431105
94773761 -45737965
71928109 -45282104
-46488717 32791980
-32630116 -91048091
-28243836 -53621896
89181071 -15735272
-37665217 -34273413
-67117506 -29600486
11742260 -16640123
-72843859 -24186392
-24488938 3087490
60760188 23090289
66076690 -19524135
-33139173 40788786
23458384 -45812218
49420427 60912201
32474531 -91058426
15462595 -30694197
30953032 71639417
-70087926 -12328156
34977977 11183804
47061871 78258377
66747479 -14632354
67900011 34265046
25318325 -93696478
-39830958 -44133988
-17054922 50266897
-2585882 42334922
18358676 28510516
-70735026 9600824
-94421489 52357528
-31155623 19703314
24374983 4906164
13530153 45303634
61590611 -83305682
-60632456 66075827
74694304 -86915935
69541149 -85082843
10098955 48431749
-20231639 13299040
25284050 25266186
78499646 44645048
69868226 65013413
80936777 464188
88799985 -51624522
-7208190 -87657306
375420 43559787
-5417671 3137418
-72444880 -40701542
45384764 88993952
-76843347 66165115
-47299638 11830476
-11104772 -47522621
-53649360 63894185
34962567 24373792
-79392108 16278024
31648216 -58294791
-78656342 44537561
-80902253 -44808255
63445393 38742197
12337425 -41623251
-84375759 -21545328
-60275590 -7554058
92379329 59198696
42105773 73944162
63777458 -70522979
29908771 34555536
-86986538 -69998885
84888414 -14935215
-16562631 -25540184
-98549089 -86907264
-58777557 78627227
-38053463 -64786574
-86415969 -78712394
43621642 -11161960
59475821 81832922
93317660 84862579
32555509 64230340
-67697444 -74875925
90298882 -8022158
30020801 -85296789
-51349647 25507156
5723142 -36282217
-17036323 -29012122
7985459 49959504
-85648488 37962953
-3730732 -71914841
-43805105 44695512
-25336642 46777769
-73340425 -65955282
-74315802 41079729
-67090944 2278813
-24902135 -22249077
12150616 97470895
-12576076 20128339
-64172369 -71933619
29908623 20468992
-40353193 59080649
82955473 -47127368
25096233 -30534338
-95173124 -10236602
74547476 79318062
36682654 34799558
-7370658 -76717894
-22153830 47044074
-28221552 70374703
-78029329 57273692
38633309 10278781
45615361 -71731258
31934994 -5583721
11769952 -86579001
63290511 -11698751
-43390871 -40438232
82886500 20683362
49854510 16609258
62725068 55947345
5392534 14680662
77521903 -66764828
67889169 93093741
98920786 -81170017
77901102 -56618135
58031479 79710470
-14457400 58389965
-58965587 -1445964
86744854 89485797
-88378838 -88732931
85933789 -6538626
81991500 -24461600
-87519146 87993064
93349313 -55175128
88708422 -92621541
-32245681 49939295
-32394126 -21982752
-99904036 82237020
64038629 98341164
-64974558 63773040
37946255 53516114
55979231 -31969379
-65837771 -1941536
92728538 85509743
-36259854 50302369
1216657 -15206038
84460446 46446193
-37758728 68077832
-79888376 -90971222
52040485 92415735
3606253 70312580
94354171 -33557323
-36324618 -83877839
-90763140 61996310
14462525 -2037710
86327879 18087033
-76185212 -1125667
76231862 -29939594
-34932910 16703379
-16925900 31462143
-32226041 46239738
32659684 -33859677
22796917 38113811
-26522952 -19884500
94936555 -44935529
5578735 32540410
-15492101 81542344
29430065 97939529
85180257 74892661
-58514234 7242714
-49381678 -70449963
-25337694 -93630119
-94880612 -51468195
-33543810 21959509
74736371 38723907
67232035 -63251633
36704043 -74941341
65834583 58632827
-64412708 -62294367
-88666254 -21572658
-42138520 -58449301
95913280 -96406492
-62869322 55353146
79415381 88228025
-9259365 20819963
-49140750 81351482
-76383793 20941637
91088518 -31200249
-96324265 87061687
12262997 -93644316
-71981347 -90298754
83994575 -21940579
-29321923 -88626095
-34846517 52456091
24937351 -94004067
67570725 -19736130
37377733 -1344435
29048737 -62292282
97585001 7669273
-97948427 11322479
-42506051 88205854
-75480617 4700692
26859816 -87472128
-75788501 -5344178
24650570 -81873484
-95642167 13612636
-39887515 94919677
-3129775 -40371025
-47500773 -75577648
42433104 79844904
46851688 41523178
38533248 46766819
33642399 56001902
92268657 28481875
-58888887 -9711275
35627905 -21728433
-48561026 -99035372
-90306041 -97779005
-22293479 96666845
-9507024 70565703
70908251 -73005915
67213964 60757732
52131740 -41690149
28319503 -21789069
89539822 -40202903
-5378621 -10199013
-94437142 96546712
-50803606 -99699097
93142862 52407182
-95864110 -59108307
67927122 29236183
-20573174 48252714
15449516 71214825
-58867509 12520877
-88130784 25540819
-35061664 -22638251
-19965864 24501092
-81503252 73592793
37456082 34262370
31316153 -69450685
-16806937 61733850
9239345 49366006
73100618 -66784312
70651301 -96604434
10600713 42773429
12089004 -91537606
-62678009 90800791
-78338404 27511766
92949889 -10672745
-12820833 -23173468
-97769671 88359374
-14981026 -3111235
-21858961 -54963223
-51914373 -21894094
83413897 72182738
84739498 -25052758
-66242031 -58243774
49877906 -12891290
-30170391 12731414
13645746 24181144
78756552 80007693
35142204 25404578
-15203875 -98539586
-92012554 -1317314
95945135 -35634156
86232308 -89883825
95584057 54441183
57333676 -32567584
39232212 12414735
-53775435 -3018622
-4035370 19418376
48357406 10853686
-73380312 55369437
-22062254 -4691836
-34572896 36667994
89483085 94884062
95257233 71615376
-54136070 -88795280
-46717889 78041969
15936152 -15181399
-53496313 45261185
-17162576 -92938674
68231296 -30475494
-1063569 32325789
14595931 20569514
-53594024 -88033601
52555506 86519860
-66501207 -53230172
-3888080 94538637
70398867 -83682394
-20646850 83743291
32173027 96839422
-84535317 50767381
-52287928 -62875861
64034018 -37361191
53566978 -13528594
-60147646 -25477442
28923984 -7708653
-19838219 -86232145
56471215 -22831999
41302452 -89085738
89352528 75865573
92136205 -26596447
-31084143 97841769
-43954185 -14879781
-85357778 -39760558
-79837380 74031873
-12248942 -65150900
-84315368 69295395
-90608384 40234770
-77943345 -18629145
-28763018 -14167124
-24138429 13484935
99334663 -9960846
-96863085 -22158985
-25332839 4528924
-55229828 -66586433
52078981 -42879436
98608269 -87565364
-4876108 99961438
54393214 47057126
72716801 -47410257
-9826269 -2151404
-89246498 -36895863
-64691434 4697234
1176690 -92673676
60402041 67435519
-89634223 -37853694
-20273490 63821727
21485169 92179142
-64316799 -25810835
42287803 66419630
-46812994 56669718
15338009 24090556
-55932965 87051113
-84969673 94169486
30807907 58140591
-12360375 -67761705
70874244 7919966
-45524826 -88357036
-53216995 71478098
-67766609 -87259330
-17818823 -6726576
-78160776 -11029307
26380947 94543079
84079829 -91063277
9558980 82776911
-91418881 11262455
37176668 -6575645
-57564375 -1552320
-44238753 -84034237
60075676 1687835
20102009 -32421971
29282905 21670987
-66644004 -62430753
-69382846 27613205
-71730186 70368652
54236874 -58469540
81596490 -57005122
38804581 -58525884
20380528 -82619712
46138210 -17013113
-24319365 -85183823
-81111055 95758437
14583678 79070979
65025801 -31556259
6977523 76115978
17483892 50225415
-90793306 -55383243
-86291368 -10602286
-48801897 47133668
-93512468 60017443
-99261412 -72753718
24147558 80451715
69908992 22140781
-32492638 83995467
18366954 -81692331
-28354335 -99700804
99788266 44631517
-84324316 99839724
50814842 -40442245
10822284 13710891
-65581424 -45257122
65431501 -65885746
1637222 16611519
1761420 -1071718
-10072944 54476312
57814410 82218028
-16042957 -57257625
28790562 53011014
-43746516 99317026
13879853 44885036
963121 22802611
-99339372 80818212
-27877215 -34208442
3393855 -581070
20614673 11366587
24826666 17121672
63188144 38818025
52359416 95299196
-7290445 37011674
-52246903 28683400
87940336 -29294843
98956364 60486235
-70857384 -64031541
65981986 -99113898
-62675498 49310678
45001774 61709058
-43252514 -46218343
-21100947 23450475
83912364 98697764
-39178299 64789502
-13826401 -41411831
57084422 25167301
-54373214 -69973639
91886566 -52017292
-51765762 -39733226
8157910 83509561
-12185048 10038638
-2996996 47219971
30372932 -4759288
-8749982 8882295
5178907 72129478
-2611360 -14422947
-78706908 20308336
-20756346 -76739140
10295770 -21673437
58210622 73393707
-29532101 14190405
-46801750 18933325
53639071 -98698768
-57539313 56603366
-58100766 -40431575
-46290182 41243572
-68958568 39824634
-17269987 -40420001
37874881 -70307684
-21089706 -92240468
-16449687 13983483
-53776756 -72315510
-16827958 -75841279
-63962807 -54184324
-83752369 55883713
-73601280 17729168
-50365369 -61796105
-79393914 -66467567
-47965843 50713618
74405696 8880214
-95525502 46361800
-4654475 -69986478
88089894 36567787
84354144 34555635
-69247876 5626086
-15844151 44390895
-41802457 23331302
-48339586 -15640515
40502409 -60160434
-88965020 15535348
-49653277 77118901
11908457 60646423
-92156127 -93474456
-20036993 16919756
-2899947 -70985160
-13560067 -80934301
-70652273 -8421389
-69726632 -88097455
-20997095 91251815
81784542 40014190
-48815650 98228051
16375685 -62634006
58730169 -24132656
-50509485 30085039
50543439 54815842
-76282789 -81056000
68934882 -64003052
83981213 -34964203
-83614933 -14980445
-6768846 8218957
-94089780 -22895034
-96289586 68935734
22062781 91984087
30117774 -90626392
31656883 73165411
-3662553 78753531
-59293686 -96856007
39511943 83109697
-60592336 -47025810
42594060 18480425
-52950760 -69391204
-61709802 -13876859
-52628436 19309297
-29781696 -54981593
30408218 64514049
-3359270 -9715081
-6279989 -21646098
-18133644 -64481426
87320850 97038880
-29250047 98366561
-32232546 -22486750
93226358 77719762
47875765 50046295
-35714031 -50088858
-99074508 -53728433
12406047 78978090
-26777425 -95712912
18715327 -62771020
-98826234 51720483
-16739602 -40825391
-41789098 77825218
29430348 -49248538
-83941890 -60376964
66220403 72739137
27919022 58454143
59033552 -92177670
42243838 41793939
22286749 84520271
-54916417 25784873
-48294628 -36108301
64523106 -29148010
7611678 -72413867
25780568 85347611
-91539988 -77729098
41163636 -68456042
-39241097 -94267161
41875796 -60793381
-66301926 -68416304
-81001449 -13488886
57506200 68887653
-60108253 58721777
56549718 -93947691
-94267742 33270147
-80957522 704395
83936131 -34499229
90365945 -36011847
-54333188 -12620901
71237651 7804230
-59544219 53588655
49094855 -73811683
-87035168 -63663757
4081464 72578951
36234598 -48327227
79992113 17108810
66495451 -53780239
-71249712 14115496
1860295 -2492602
74198640 14439312
97045089 60561545
-86143769 54192488
6832191 -96842226
15273380 -32960865
-9805260 -22256475
-48007310 84484073
91606659 51847480
58773322 73463470
-29193238 -10729023
66966519 51562151
-90866373 -86264308
-56759384 53323690
-97150267 74821499
-60057138 -95902562
-59579538 66435627
-67883129 36704667
44334826 75531904
-82694743 -53395425
-75046408 -68964272
-19360223 -87191379
54433625 -45927741
16158394 -97743249
22297876 -25443907
65848738 -77193468
-53181869 -65492456
-57781316 24676822
-46536796 -56666890
-64681425 41801296
1889252 39202063
-44666460 11454018
-3985192 81112059
9195789 20591889
76900082 -80070650
-16994059 44406377
190567 90282821
-93106747 72644539
-78564454 -37277303
43811850 60151616
-11952497 -63958863
87553887 21532992
-40703593 56344323
19420432 27629263
65418850 78917280
85563431 22604996
-56940135 -10365787
81180770 -86656826
51644329 -32318135
78776388 48693701
-15612665 70437540
-9178177 93021471
-17414933 -84119265
98223687 55315150
61758581 99073950
-26852774 13381939
-65294510 -66505410
33490707 11636863
40273016 9313692
-3378945 -9047866
-22751225 44980068
9013905 -39245896
-45333462 -14388067
31487314 -67345894
-15864861 26127600
48324972 81588632
-69910420 -36734224
89508940 -14779136
1417105 -82187633
-28499984 26189078
-9825038 96582308
-20532723 -23296095
-4865575 -25595879
55143070 81651820
-74462544 -97597419
47257919 -58765548
27011928 23374317
-17485150 16861131
36159510 31818183
36302629 -46028820
-53459187 92935628
46166268 89284420
-15324473 -18478952
90688265 -3758527
14175697 25056459
-42561144 -78073245
22306579 -28695602
-87361957 7203039
-91905299 21319121
23467779 30712383
63825371 -42721536
-19436791 13485944
59651732 31415187
-65139460 -40151685
94904342 -40044373
92179662 19433623
-3062664 722377
-17458098 -23824915
-65472142 -92352116
86272498 -21714010
53048295 -37241750
66373980 89556409
-72906209 -43733314
75150764 89327059
87115097 75084317
-21871074 -91772130
61246188 -50721457
65732365 11509941
-10422469 -15105944
59229723 90365549
-58950985 -55528886
64264377 63765713
22339637 34071071
-72613106 66933087
96004700 34155430
-86384226 -53711595
69676887 51354916
78302011 98865143
55905060 -8827708
6136205 70073422
7117170 95421619
95299983 -85473972
85914622 14877217
-59303855 -40149340
-95790497 -62278035
39564428 84752969
-50652960 60688756
87482010 67358267
-35701313 -59472664
-54567538 96318678
-51028993 -52468361
93994931 69588308
32202253 -38362941
59162077 -40010063
71578509 -97065869
73003806 68057882
6659974 35445100
-65693497 92407316
99282442 65273244
95787383 20467268
48016862 -18456404
89704133 -86236851
-54901957 -55888689
94958083 -93912559
70744479 -51854110
-97751583 97898877
-26018502 92672866
53420517 43620354
73544978 98158334
11021155 32362109
-97889535 26699618
53900854 50739621
67196699 23105178
78884044 -27032584
99432532 85574167
-59481774 58137455
-6185451 -30859754
-62749405 -6585006
2161303 -34349920
39690397 83815743
-98127476 62571115
54508864 53919387
-35504061 91398019
-58143166 70628883
-4966296 -6213845
-23052240 -40590012
30709171 -40081575
-25159334 -35005611
3893273 8849469
41411813 11962270
62072840 51559695
37474357 -46109077
-81355777 92457583
-51272801 72374835
-61870472 -59141934
47606317 93184289
-52292270 -91123658
43164161 99965719
-28144696 84601520
-44715982 56888579
-4565307 50088432
-20383778 -17773318
54039160 97468089
57547329 -73951281
-68916955 47346171
60675659 -72290032
89975100 -80720083
-39415819 -6823494
-44061080 81973299
24702084 -75954630
-53409264 -86714137
-4812535 96639603
-83504344 -72833307
-10913503 64418505
-17596516 35751458
-35452926 54109282
81151006 51032028
8397343 71517809
-83526879 -32366777
-66514141 -58652549
2813635 -59967206
56490529 76259133
-88723415 70790922
-56303795 -74145313
-27966717 -99988361
91824830 -66969231
-79437402 19205123
-45773288 83695115
-66001216 -37153073
12231153 70746666
-76167455 32097770
28833730 80798459
-89091771 -68665605
20109880 18368768
-18186296 9703272
87619425 5704519
87712140 18535700
57181184 -66945047
-11385137 32308557
4574551 28470458
71968603 58863341
82987792 78356047
13199308 -19302612
-93877645 -56790305
83097659 -48465720
38297379 -55322126
-696172 -5540342
-95002758 50381871
-49585967 31600543
-62623822 -95713078
23620988 -64605475
-39976097 51670744
17516767 -87640147
-77515850 -17851499
-41401369 78884481
79133950 66512822
-92185827 -88251543
53975142 -526181
-11987902 -63970450
19705350 95086575
77486002 -28169224
33838634 -16439924
63195732 75226113
-5685155 11593857
-66741826 -46986663
-22301663 -79976520
97661158 -70693779
31212843 3867590
27756267 34840410
36977047 -98699608
-10150266 21340531
-36567369 -82280020
-47630603 64770941
98555208 98626163
-43262214 -84277857
-35865009 62892368
-28918095 -54420710
43130106 -15675863
50088971 83768011
12693127 -59346356
26093831 -98134561
79491356 38153932
32335346 -22997728
-93928875 -78033472
-21093323 -11435567
4949596 54205543
78407040 7513414
30070747 -98628486
-88653984 -52710860
-53460722 -3242532
22663050 -14404033
95632413 -62495753
-77313762 -67461432
-2015340 45922952
21739786 48337164
-73012981 -62667961
-48522982 -7423027
-53245140 -67354985
14403568 2112132
-26771264 73901169
-10232801 84560908
91433315 -46165490
-33632573 -79947244
20444335 4246116
-78231120 -28792000
82080454 6180434
-98040565 -92493738
42883207 -83571613
-4917058 -75140818
58854041 -96979964
-62527296 17000175
14139939 35848598
61076615 -52480666
17540482 -93178556
98685388 -58718286
27104053 -22933714
-61732159 83056670
-99736331 -51563090
62456771 77638306
12208115 -63180613
-51947736 -37439403
61263410 63831437
31348605 71595037
56833771 91473575
35280261 -23324393
45540639 6221472
28775793 -20922369
99446259 -57654879
-3125764 -55340371
74439481 34101032
81696388 56292032
81901767 -27240580
-41422777 2261300
25475941 -15668190
-35499475 -62687470
-12967508 34709666
87585082 9523769
13580920 -14355379
91803406 -19952534
-21990541 -21283081
10710944 57819143
93936756 -55439500
38637525 -99846645
-6699819 27124147
-59882255 88115214
-83439952 -32484700
32646263 -97612529
12040375 -87828389
77158729 16975853
48005764 45470378
35995162 -51474248
20503738 48395762
57035363 -37181126
-85912041 82100699
58054216 -34566492
-78902589 -36321564
17546156 13462849
78324853 -28895653
95167967 -33538837
43962769 66088374
73472017 -6219810
-97735296 -21566689
49287970 57915968
-27051351 36044913
45659327 44637435
-35468404 37575958
-67572505 11978769
43737080 -40305355
-64230508 -38312411
3025012 -21740466
60215016 72719945
-27127258 34548228
-36856151 22408248
24446777 -2774033
33121242 10216107
-4850725 -52238228
-40735920 -75083323
-43057094 -84608331
-51122171 45650281
4259037 -39884539
8730920 12058603
-70505040 -99477237
53474148 77282006
37586629 15637856
88030080 -71933337
-74410490 -62449792
-13632016 37648977
23440874 87265333
-51226261 90618560
87784941 -35357697
52547037 15616181
10379929 50975148
56260565 -27287946
-82575594 43861672
78243766 28226403
35515818 50247863
28604366 -27583103
-67684919 -21662879
-85674982 -72732804
56349018 -5289825
-87258857 88189468
98702407 -78309927
89841110 -78263246
-20671983 -13341790
34390280 -53289069
-5887124 62840230
-74443572 -98400760
3438838 -33400449
-87453991 -54661872
-32304407 21385067
-38240472 -80694190
-96660630 -46209904
-34566250 -82200111
-25437767 -24327940
62783366 -30749215
70168192 62157272
74971379 -28787464
86724078 -71821525
-60681489 -17201512
-40123918 -44396819
49798450 -83506587
28512517 82344608
40312444 98413350
-457380 50017479
-16142150 -14190415
80990044 99448321
-84917397 -14879298
91256856 66164306
-81810363 64493988
23343633 10456133
39395767 79641759
-13222127 22925820
87131818 10356261
-89797807 13501435
-60173157 35877116
18087739 -90679020
-74527856 -42403262
-1560209 -31525919
27451184 -90920301
-35147306 -53661931
29772781 81126478
80554201 39181233
40801869 -5260215
-22617761 36677593
-75839919 -35082833
-63831595 71076084
92103334 39575374
62836938 42785869
42608980 -79141300
-84294289 -19604458
8873151 36372872
-50610790 -8940954
77534950 -6365768
81359156 37444634
82546484 19128916
41113538 42280762
-36954450 87825583
26697276 91075083
-80361882 -39815626
-10340466 7505249
10185689 -86649508
-43260328 -50083882
-4034517 -95828292
75627892 99008106
21055070 -16101043
-21481186 -2998098
-99807515 -52594957
38224177 -58244630
87100793 -66281197
-26023174 -83813937
-75062346 306626
26271744 51100553
-18899960 85289436
-77168159 16652634
-39942807 -99006734
88410381 41533197
90553763 -14446290
-99067749 19794581
10499508 -7129531
-1508959 17192942
45525305 -96490283
-4592678 24919309
63975462 -2919979
-774178 -52422380
-34812543 28386037
-6147500 90375295
-34522207 -75161477
-57844623 -67750036
72279987 -95207927
-47121325 43758556
-35424602 -48050591
37520142 -31025652
-64727817 82798940
64409040 58474090
32723576 95950130
25126339 -68306431
12994201 86890362
-69975435 65385882
10005703 -81022429
-47656274 -4155057
60047875 29260827
-31145163 12141500
93932797 -90920638
92664073 -4747981
-65422696 -7053004
-36980990 -80366542
-15448971 -99590920
80283783 -51708151
-18812773 -36622860
-72620944 -22935893
75411321 92285260
-20514250 -35871567
-84474822 -96112693
99966557 -82566587
29608957 -10667293
-67784083 66394139
63478279 35376333
85937277 -22359292
5766263 78293657
-78334983 -12102822
94819869 -80236468
-15461528 -74366898
34491538 19705190
97049052 15586447
-10201839 -53024843
90164019 97716012
-50490206 81900132
47250880 74084012
78913327 78437354
-12683710 -18954657
47849579 26371481
33138926 51827369
58565457 9217291
40991480 -22462444
9961867 64266954
-98475146 -767826
-57240605 48852772
-42648457 -37390203
-30011643 53630601
-87389800 -49205048
95011448 4269582
-57082913 99829537
-19204499 -64554385
713182 50247078
-78676710 -89825541
24397882 32017435
-77813828 99056094
99428497 -91324948
64375045 11507094
-16917531 -71286619
7540478 -70868691
-17189967 -14571752
-76492373 -17625871
-90607486 12597003
45555949 -77946134
16085445 97420086
2929663 51227584
-81932787 -41814438
90247385 6645536
29913851 -61099114
-50530952 -86509508
10255616 -39590824
-94295720 63629579
