3000
796324 14791624
-21818887 -78465906
-476072 -12311986
-80874382 -91505478
83154746 67945504
-36134255 58403714
-96621443 82961674
23198212 24173714
-81360893 -53204025
-70764656 93604822
-47802749 -42391224
5380707 -26984845
78819778 93644860
-63535251 -47680157
-25353676 90720968
38152352 -42607128
7118913 -14140302
11650420 73552758
24064364 77946691
88482547 -36595768
73887211 50352921
58191522 -44870608
93056825 -81992851
-76807949 95361179
-25779110 -33979124
12606045 73916144
57327992 74821911
-40019584 -65393863
-48565766 -11767071
-57712247 -29052048
-45609798 67007088
-16141865 1779738
-90301747 -21682815
44891770 53054670
6812128 -10173129
15751657 93015915
36300861 78968363
28084141 -99227941
96153614 89604518
-49241884 90485291
-57772175 14042047
21872135 56972784
-96403654 87253182
26018841 -94370978
48142494 -89907510
52547788 -75313424
50794957 9251991
-25953946 81500103
44158658 -45382934
78230900 -13729093
83918215 86297895
58784461 46948407
23587550 -19942753
-59912882 48211283
-30291247 -8569196
75957497 39037860
64963417 -34361297
76100722 -50984369
78708865 -26963718
-65821384 -84430247
-64769831 -75265550
-78309018 -38171770
-92713015 -79386237
-61138929 -92767560
-57496799 -34077651
-77585807 37788929
24882833 -94570978
83903003 44711326
-11401961 -61232754
1632901 78509774
54208123 36449694
-93169400 -1862977
88701193 19646210
-14197946 89108572
83360615 -90194286
-5172581 79809730
63347073 -82604020
51299368 8643586
-48454144 51491210
24283235 -74111544
10295365 77188978
-60103887 5319218
17417827 58601582
77034968 -81006963
-23782581 60702055
60261827 -41975565
-5253599 -89170468
99976510 76061051
-16227161 34236413
-56595030 -54379016
-26414227 59699444
55974876 -30613977
-50831349 -9070856
60599191 -57874212
72946604 -94342590
78927819 -41051654
-25836524 -12687048
86219425 -53022899
88905620 20958246
-18581367 72255926
-89562626 -62624902
70655544 -40162210
67346471 54617183
30138971 68660114
53968367 -82967502
96551548 -88429797
69270809 -17395871
-69016538 60354472
51224623 -88420774
73896252 -10398754
34609640 9619572
-25560973 -61439944
-97720359 -21979219
31356176 -35190552
-55054671 36443829
57836685 51477842
-47419382 -25544077
-66783539 -1393551
37171983 93156805
78261202 86225897
-41307220 73825704
-35595049 -61937866
58813824 9283215
-73465935 63950703
-76620432 -60796609
46755946 -11411827
95986224 -24294593
79714867 -68844758
-96946197 34506173
33667130 30908929
-72380759 40683602
-59514498 -16278314
-42758782 -24061356
-49918087 99145383
38145070 64462297
10137319 60053804
41310486 31685087
58214887 44808733
74309668 -59482123
-33923010 86182658
63510904 -68908292
-74582698 -25206665
52859716 64893099
-93640607 -73546352
-23803338 12481024
28403374 39270640
-75672454 -23146115
61296282 -23341189
22410273 -45336283
45148872 -68696575
-19583603 1304511
11314846 -28089826
80144949 -92161404
64509674 -80880064
-47991125 -14707333
49984673 10631595
29345790 23469451
-99494882 -44730354
62455439 -86102650
-22247176 -59632791
-1118872 88436876
-90575204 -78735797
-9943102 16940323
-43869414 -83207324
9187310 28808508
79906602 -40739194
-62741999 -20150665
43169621 84049184
-54664257 88319088
-89183255 66060166
73380189 22878721
-52085744 -14459058
94661533 84237730
34242349 88789742
-34279665 -82608974
-61165055 41198642
-35061227 83545612
76495721 -64361766
68842841 -32631928
39697564 -77227563
88901383 -20378820
50816207 61675204
-21785726 53686891
90247703 55938738
-44541009 -30841391
42737671 59163025
-77775763 -57149126
94729327 -70915542
97437664 56947991
-48934122 56320359
89199451 10608442
-19532292 -36291477
-53174684 -26121417
58867614 -24718013
-24661439 60628840
88780774 -71208155
-68010258 15170409
-42380147 60486029
37718460 -33744350
63134674 28403216
-22153077 -12160642
-24076662 -15340562
41605660 -43016483
29648760 7493148
-43757081 -93468009
-2477915 3401390
-94409002 -38090447
-95906041 5548975
68690286 76710010
58492859 4900315
-12193208 50959590
-74826699 91171958
70045521 -31211701
-42201589 -62409827
50829344 -21548013
53804886 76773125
69361489 71773239
-93575494 56669654
87954598 -28162637
-27487574 12230309
36463504 -90987247
-98797942 -51580264
-68239662 38720921
69351990 91798003
43345982 -34114296
-47383021 -13524676
-68674651 4917852
-21718666 -89723471
-83307015 7361778
-91914932 43430509
-69251386 9630588
3908333 15001599
-14835289 -44822249
65012040 -37696899
75260155 -17399864
66334086 3444737
-42801012 -69544878
-14057923 -10638363
9211005 -25210496
36042960 -39743785
-15226069 -32971784
13637845 54858477
66237582 2086453
64479873 35765920
59734242 58461393
-7771056 58785769
99982649 -88925693
-32557763 -84558668
-68767786 14991879
51147738 -21860840
-3443337 2950463
-99897412 -99528027
-35759852 65301797
-38434883 15899971
91910531 6362761
-68784306 -26626821
-35943643 77201189
79105070 41009880
-60642883 8238529
43009797 7236827
-82289920 -48980893
57926062 80056070
-4463323 81496155
92283300 -4865207
-83767392 54694197
5509642 -3777554
55156709 -54579744
51103407 47798799
-12865314 -95339881
-26540556 -18528604
97203479 40177868
95768255 -66081604
-31266647 82717608
-68763204 -90369295
59562404 -62711796
11086847 -86832855
-48614382 -69882624
64247162 42246612
-40922349 -48942077
-50739682 -49600323
81070332 -36084352
25360706 -19540875
70765762 89354141
79972537 9968243
59385911 60448231
87356730 86481387
-27107467 -57949922
94050607 27089693
60092719 -91903620
-73057461 -72574664
7648231 96030746
-82618366 73017555
-57014356 -88582473
94349148 9461717
23833382 70513594
21469531 -38720788
-1239220 1735596
-8839035 84238976
-64045308 -135832
90714005 1977793
-57562804 -97582737
51395378 82795551
-78643258 28875178
-28548634 -1115448
-19891537 -15535123
-99003864 -22834107
-64707830 38730208
-1672122 -39980882
-30836773 36990237
-32071033 -64436699
49686879 -41272510
11899179 55118647
99183738 -17590361
-39290105 -79431549
-6996411 -6714030
94474599 -99825555
-40297415 77425413
34701634 67038994
-2122212 -14297198
-84597683 -34793621
-70979446 -30904166
-95596768 19996529
-52375599 29528278
31906751 -27130863
-21588824 -28605912
-14560244 55348610
-22135648 93013890
-88350043 30911892
5334272 74333178
-48221307 -84522207
29736623 -17899693
52902325 26173651
4687821 17161326
99538115 28532777
-62322127 85523127
1832718 11894227
-44316008 10704999
58291312 76485337
11175397 -21111215
87293286 -84811961
-65633270 -36077844
7189589 43293540
6677613 39977982
68336619 90411944
68176616 -45519984
51117352 -55420927
70461246 -48241364
49154823 -17069843
30420210 36668355
48745532 31102344
9412606 34800193
57792581 -29126478
-88994514 -87117785
72458635 27910722
-81517020 35907311
-22025199 -93390570
46377196 -16023592
97839825 -55982212
81591833 -58907677
42711077 -68407532
-23039445 7451413
-40093504 -2162147
-32256103 54863797
71815124 -6983472
-54723067 74540753
78050628 -43643239
69316143 -14089553
-32065223 89403874
-17840119 -40104125
-23709045 30414431
-69463417 -79991214
-84632717 74761863
-39398252 74472263
-64955727 -87831536
70373516 17097116
49399819 21186977
-16896399 82986075
-63816373 32640271
-80679907 38387324
-75210647 56993353
5596953 42515
-10014524 -14575395
99401805 -83189382
99432799 98078177
-13898795 -84494307
49292710 15886783
29555035 33483323
56658886 15829236
13013055 -21813277
-89789590 -42228646
94417701 16176648
-76492412 -42245339
46322275 84112387
34424392 -11355982
-99319091 71973335
83434172 94479620
7566639 56788342
-36257581 -10858668
94245308 -66875855
98569008 -19614428
-92521479 -99841342
-28628745 65886650
54848962 95487902
35296768 -88607762
-66178537 -62748201
-57625775 91626686
70426445 -20975623
-63882862 -98512015
-87159588 92981995
-96106594 -42566212
19667047 98174851
91822760 -47887351
77807444 -58018490
-66693667 71576903
-93378762 -57468384
-67080322 81974682
-29318159 -36055669
81708919 -27044814
-27091514 -59305706
-46967998 36099001
-57568777 -48761465
-36057025 -50449445
70168566 -77614453
-83035306 7219953
93749910 -49625934
99915213 -20667555
-13815571 70536656
-74411612 9304845
71276631 28642477
73007939 18323349
-75923040 -49542559
-54958781 -7764261
-29245959 -6871036
-84355950 59489185
29780379 53616711
-61448615 36424997
83885387 82697993
46647851 69903761
55141568 -83454091
-10760216 3411517
25038609 -25650440
-6733405 39933064
-25130209 71020416
93101115 -60061113
17462311 -93648791
-9392974 -48834065
95294301 22601633
2159591 -90765028
-58986162 94108667
-30295132 68283161
98623057 93452386
21309935 18753688
25855826 35038849
-25901688 63928000
10677635 -18839149
39015410 -98962111
88969381 99833170
-26182249 -90863884
-33051924 63949354
6714435 13216663
66974532 90592587
91504585 86333317
-55782118 -99212258
-96563351 13071318
-20763142 36171711
-36415371 13526904
-23315543 -91388090
9130801 90464670
95907741 -27373614
69690893 -17518597
77245177 -14766169
51854720 21947304
94709540 -13970705
-71582113 92688801
-37917642 64684887
20747620 -16093085
69259582 -52203270
25973264 -21661036
-9293483 70988507
-23857407 -37383596
31804943 97511340
24070356 -10934239
32797618 -75334158
76333604 90918913
39357833 16974416
85568683 57039879
75654837 -84165360
-25654787 -86384973
-50756579 -24444685
64794010 -23272382
-57281591 -91236372
26183039 -84988399
26641715 37830479
11035968 5331822
82287934 -14047900
-83152084 -6074993
4457907 -92900
-39729919 2390447
36174249 -87529971
-94923642 30503066
59938782 76813847
-1587223 -519280
3640658 -37228197
78108380 68660625
24252255 -48159436
78752748 49198670
70024899 88896318
-39921981 58331392
97208513 -29429749
65027675 -33100876
62653514 -48808174
-68064124 -57309707
-98914232 51389170
-86297974 33780888
50862743 41481511
-28463651 90296754
-76513738 26676349
31596025 28855858
-969986 7772368
32889953 52423013
-57537427 -81011754
-15649884 13806159
-34623405 -15622869
-80082803 61016632
-96137044 -26265855
-81769712 -22153925
49379779 22475621
77089164 -72543822
-16906425 -38740481
-7966193 -97815218
22796965 50093414
36583801 83912332
11635128 12158944
-49153418 -85834574
-53937304 57700437
-73657888 99110857
13074446 15143835
31140151 -41817768
-49195608 -61992133
31911052 35040644
87780049 -90088563
-55642442 27050014
7570444 72140693
-77281794 44594896
-19363531 -89051154
82621074 -12744641
-61309026 8892895
-53386085 46583488
9610506 82160829
93829932 46698234
18546355 -57196860
58839109 -40336383
20366998 -34934410
40516315 87443264
63123957 233589
4106139 2549635
-82588095 46311746
27088641 -46980746
11817598 76642041
36512375 63550304
-33354190 8174033
-99369129 46374246
76064000 -27872021
40656461 52238056
-25690024 62863809
61344731 57460066
85922426 55889872
-55885482 8610647
90874735 -55300849
-82207884 -17098021
31259838 83959808
7101155 -3657947
-89028479 -87049720
46729297 -84019002
-23339512 57284890
-72971394 -23835342
80798215 -35660380
45432741 21338150
36529760 -43912800
-39736763 11289097
-45756592 -76799384
73981391 -57362565
90983375 22476640
-42406303 67243453
-30488151 89003844
77390444 99970244
41712729 -20508775
34174017 53932487
30543928 -19336997
-45816370 71766200
44332484 97157122
17853554 30702559
-90503838 -54107502
27724838 2815237
26582812 71245768
-53232674 57294857
-69398924 -46878555
-45528686 98301890
28772662 80531795
97722523 62006040
1184656 -66647652
-3766795 98850409
-29007831 -17665253
-5049061 18208466
58470624 -80225786
-76388051 24107955
-19000406 47462506
-61523458 25043552
-62508252 -8478877
-62781605 -40020394
-88783054 72513766
-4232790 26957712
-47719191 -51320614
-682574 19369284
46454840 41742676
20410737 97988484
-46104102 -68545302
-25870228 -70204693
-21868220 -79060669
-17114612 64304955
-4616973 88148176
18113118 82341229
4823611 -55126482
-41285726 -94722990
41235901 -93951122
31527045 -72530611
-22585490 -56409651
67671027 9287491
47627077 -88960451
572659 95057681
42949534 13011799
20331763 -70294256
-56731127 32733711
30044412 71750989
11489667 42698169
-34082078 48070360
45407260 30060769
-50551342 64495641
-77907702 -62219724
91457728 -12737518
5234856 -92603274
-74094662 -92035222
59366786 -44058935
-8080745 -37762495
33448470 -75674244
41308314 -59771376
-87476463 8325265
59159170 84702574
19863131 32923082
34365974 -89745632
7461741 -74621966
67949252 -83281655
78060991 45079085
21552664 92365534
6979577 -74356406
-12163590 69374771
-91207805 80367644
-28061462 61584551
62771042 -29350123
58518590 2488202
68326961 32346663
78614362 -83340214
-58315860 -76047442
32045285 65342614
64102976 50410092
-83127647 65296555
-36580130 44436203
21893947 74265917
-12892949 -70359359
-81821290 63852131
58100174 14106520
41799814 -48050577
90433564 -11789665
98176660 -33271872
-53421476 -66194557
-18790622 48953543
-66676302 -64236324
38590325 -93834398
72946555 -91626351
52220822 37472732
-8891558 71446227
89274178 -91917632
-61123632 -97598504
-251433 29262241
43672959 -89394268
-53596699 76461796
-58925910 -98991309
71455349 38443394
-35228942 -31332637
27269266 -22158759
28797822 3646031
-23680209 63211575
98317761 -94588365
92987502 71568092
71397105 -29468900
-81606232 67891587
-68885728 33537853
-22129916 80678141
-94208111 -43426281
4989916 -84934919
30421930 85714818
-56338406 84626957
60664624 92333043
48161358 22237386
-33357882 -95763999
-42070081 98496055
87507523 70371897
-69143577 -14094985
-85071244 53147086
8108374 -12731549
24603872 -69949743
-27032873 -36295483
13111165 -593181
28105045 -96344823
71307849 -70981436
12504122 -70994334
12163174 94706287
-7514571 -19197704
-73386207 973898
-88357775 -66092311
45991567 -36126584
-25082116 -75486850
41823665 -71843091
96994848 18265256
-33732523 54495695
61748714 -39873486
83885808 -71643860
-94330353 -60572059
-83332979 34931739
-686994 -76174474
-77442748 60307635
-61051774 73834039
13576300 -43784622
-37508871 -85837079
-38561898 -93484088
-77113940 86231203
73512841 65944231
-68804898 -59285163
88854027 95490146
24483796 -38778996
8330744 80434631
-31727829 -14658731
-96387073 -93836589
8142311 -63966474
-67311026 66593076
5141817 6165034
-78795021 -13531882
-29880893 62074700
90226105 1713379
37211645 -33385753
33901975 19948683
-44346663 14288293
9154081 35772586
35857512 23529271
19445088 74327388
86999550 11995241
44806446 -11833122
-33176593 26830356
58283694 93511864
18193568 47596834
93130969 -15196227
13013668 46318452
-11959613 -45143757
-50655314 -78083306
40553101 -84034987
93577244 43665599
6519879 65387207
68211680 -31231186
17998899 38604579
-36606898 -57049042
50319793 -87407639
-99611223 -55145518
-19908285 38025157
47172652 -1445235
-75928470 53780651
64367888 -4969030
-46245874 84695040
-86450366 88926319
-10584573 38907016
-73646547 60827193
67560582 -55525379
51188619 39857218
47279254 86956194
73289199 45266034
-44914798 82334336
-72343744 32169415
29148208 -44857269
-7670659 -91950350
20846416 -23216575
85698054 29776842
-45165981 -61122229
8892750 -18469716
79870542 -6351268
-90064316 35408190
85354611 -8645170
15082325 -45125536
68537199 27412540
-21021870 54302527
45227548 -90207133
50738553 79408779
388545 16254863
-56735683 -73722850
-14688128 28408084
11837549 -58965026
37884433 -90640162
-39389840 -44897548
-65067034 -26001719
-10403896 5580091
-74060006 -86743573
-68066042 -63499360
-90217637 -97541925
93947120 -32690286
94425249 58072646
-13352264 -89811942
60750802 -99486745
-32669867 95038428
58138023 29081747
88863230 -96089368
25909410 71716861
69031116 54512581
-48449196 -62415721
-63350841 74119246
31179743 28862666
52104488 -76997795
3035554 -69958092
56427756 -68333835
-54156132 -89755711
-94200941 67875223
78223772 75160169
-37602512 67963946
-21415069 -13970209
-82583564 -90837532
44908119 74018435
-73542579 83599153
-17301019 -78567763
-55869385 -51078668
97101200 -67390620
84360019 -23940385
49105828 9512521
20100577 32133647
-89807624 51446829
-3696388 -15280448
19446714 -9294772
-30868256 25176027
77900937 -54578305
-76165255 -28173259
-93092647 -31238191
70163259 61471455
-33176135 98797841
-92468217 -19333818
-54209442 -15175816
-88207579 75170819
-21286889 12870384
-26288289 96659847
26051376 -192193
-21495366 -31981531
-62671431 -93423467
-59034487 -74944724
-80057125 98595220
99671314 99955010
41227846 40095050
40562239 61191731
4120418 31385985
19744647 -36077709
-83049359 -12718663
-70908814 73278167
-58727050 62864398
-33727737 65358022
22310609 78854827
-24045828 -7341937
20771435 72402892
23930929 -19472691
99361236 -17206732
-19671511 5073222
-52567172 32533181
-55141573 94164204
17776467 60477716
61517584 55449043
10810479 -45501327
-88223896 69239156
-95934887 -20598908
61912432 -6868392
-83616145 95159821
-39999994 93750545
30412081 92270302
-96550133 41626027
-39103967 97020707
81044492 54933327
-47640430 -73605039
-98868834 56901494
-90292811 73738185
16275370 -49699235
-56837068 16833737
-92058208 -67223641
-79421973 45401689
87515978 -42027158
-64934786 73262721
-98029661 56775770
2184331 39722525
-20485930 57754054
26331053 -63937447
-12396265 -62211068
83288984 24514512
93206635 25759395
57145069 25538641
-74006900 92251977
95985299 -85820825
-31666424 9931959
59899347 90013985
81931291 -91512223
-13487605 -49086796
23681941 57869518
-73503763 -87995732
-38270000 69560972
-75340315 -8408743
30859130 80775736
99432532 -18268581
36446470 -93583765
-92263081 -91411161
63449041 -94199458
-28592259 41778430
80800883 78431996
-29758350 -689557
-90550287 14896911
-68844103 -97103987
67517932 -12544568
-70287632 85865685
88420230 86527331
-47730007 17089795
-75210530 19350145
-17512709 -6495551
89958643 85100096
20621898 56559409
-60193318 -23239470
97268365 76487439
-83685668 30071451
-61447731 68200593
15190692 70857533
-56193481 91941412
-54788367 -30927801
9043829 2870355
-64972154 97784812
-62364978 21081046
-95521313 -56807926
-48984343 -6732916
56826841 -59725235
46656088 -32841601
42278002 48134562
-91825423 -21809343
-10948021 93945751
58236864 -1241297
59616149 -44220552
-31848819 19496506
-37340353 46116284
-25978813 -13799682
46041135 -52254322
99731289 91308286
70062175 -17045144
-45547717 -64220604
-27552123 64244541
-86871394 85474177
-34901542 -62241503
9172439 7650220
97876735 11497608
35628558 -2837549
-86541610 -36168200
45285467 33043844
53409668 4291025
86109210 -83836355
7942095 19689550
-83557449 13671092
81036768 -6530399
-63685473 22189606
-4184029 -18808469
-24414831 10917183
99727946 26264831
81459114 72196641
75967733 -21376091
-96075277 74587310
-6045468 10041463
86023908 6479451
-22820655 -42202130
7628560 -88631559
35883855 -16748126
56430973 79595177
-89890228 1065217
1193182 -8257260
-97919204 2724729
27718980 -49317180
-47587156 -75133300
-29773174 -5765327
-32446078 -85238556
-61527923 38464729
95423846 -36722888
13525069 -59772348
-45102890 62721194
-55175133 -68132250
-67994357 22483658
4240444 -85488065
34196783 1744784
76997784 52183936
32740163 -54908668
89967333 13823575
-88901010 -94370746
39959891 -82889862
95660930 90358582
39965418 -14032874
-66345882 -98360083
-91882720 69893119
92101346 -59042257
-64436671 -94582866
-82092917 74862859
56710510 66394498
22196121 92635936
16699732 25164047
-25320519 9324303
-48439387 -12085401
-87944777 28429460
84660350 29258634
40103659 -31147753
-43674475 98343611
99587228 10285326
81356725 5115529
65871144 95728932
85841469 -68461343
5538397 -28234887
-54980546 -42598397
-44033453 -35583507
-72949939 71990214
-14381564 90569884
-21557719 -82505231
-40801488 28513875
53525946 76390742
-40353220 -76323950
-74327723 -42105634
-65764754 -65651893
-18679284 -75410270
-60788454 -70998966
-18004194 29974922
-98491700 -34364843
66708519 -48474777
871833 55927856
87602668 -99282856
-67602030 37334294
-15321490 -7237161
29007806 4070092
-65470783 15440592
91539683 -15715304
59549941 -12348372
-47477748 -41402355
-4139636 -28144492
54512348 -90648584
77844949 77229056
67952799 -56825510
-93254469 87770564
-10250067 49857838
74109218 77415402
54710565 -2089991
-14332930 46606541
91405059 93738911
-12835293 -99164175
-19986229 -38747128
-81372984 19491677
14290468 -19819433
-23047474 51980948
54327824 26269237
26046300 26780749
-10101779 97593831
-58746188 -8961642
-89490807 -96501651
136854 92570224
36514409 -65939438
-76241886 43464221
54261600 16927165
3014223 55459284
29782673 60645688
-28512597 64108720
-49673880 77125366
-88728278 -8435675
-56936194 23790027
92703353 29336667
24236035 -64329825
-39232757 20312868
57658214 -60695180
-9192289 -25300966
-68474660 -42684117
64280774 12487271
48844309 -14562116
-23491469 -60212954
-31357013 18893173
-76623750 42012464
50801357 1195206
64804704 95283195
98986061 -20264147
-80717522 80496023
-29597307 78901665
-39385110 -1771145
52646560 88847663
-22981534 -56524553
1136087 -68648720
18274140 33357860
98284208 98461434
31613941 99450341
74519467 9844028
59275135 -16910607
-21712247 87369490
71914931 42216503
97927310 -85031472
50539994 64451635
-822150 -6940059
-69557705 -3770970
-85087491 94293506
-32602455 39641660
-29552382 -46000748
44040127 -82640293
-48669422 -67660206
25084850 43592520
-44103815 21842759
-54450951 -63950234
-4551322 39044088
25250952 84050169
-11837132 97827799
96347008 -35190446
-62973732 -11781996
-30066668 -81932824
-98989859 25945283
-77203876 -74027230
-2993329 -28862253
28695408 76400089
27093516 -35498146
-62158763 67746823
71283068 -60460929
64779095 53100781
-12303704 -24870804
-25211502 -60088235
93876535 -1027952
73308767 11838473
93267655 53878499
36229821 -23754728
-26956945 41570052
80593392 -66916354
56134927 79382677
-9950011 79816276
-64786805 -29330347
-96184433 -62809952
91008720 -47287553
51054801 71850520
73863639 10789465
-13121555 42179775
-70292736 -51962622
95929628 -7203697
95938963 2793840
-97601251 47624933
-86679876 88646871
40909481 -97526099
-74688802 18946075
1014651 -170147
62755363 -56088905
-62556559 -38965595
59508993 46980222
39360798 52832351
84572619 -15613472
-967079 4801455
35246588 30211181
97714840 -28761833
13894160 -48213337
-26683104 41813865
-6474474 16444830
-86931786 71560196
39252482 -45068671
-23924721 20338786
98125985 33231185
23734643 -32945491
25211374 13501568
5849890 42588292
-12617201 -9109612
5688897 59171256
-31566674 40916693
-82464000 32992495
352534 -1350546
19804899 34813477
-95682462 -47662898
24310304 -73518075
41481641 -84807242
-670105 58659063
-34133888 73933371
-34298801 42446728
25814579 -74026257
52229574 45536739
-30156532 98950677
94723150 98691391
-36934412 73375236
-73158872 99967411
-4933873 35130893
-13276559 57403083
-34756582 -56762112
12814323 47945988
-2923138 75451405
48209709 -30134923
-63553196 39801528
37074505 98623347
-92118255 -68804574
33917611 88533480
68521948 -13542087
-15818912 -17666004
-38278082 -4426940
-57737479 53137963
-731343 -29305552
-97880589 -65310811
10252857 87466219
94218373 -43714653
-38669438 56103840
43689147 -84018223
68442146 -41978335
65432599 96556831
23359846 85512725
-19785108 -59364926
59271991 -63804807
-69989360 -52083320
49679550 48579966
-1714189 33846718
-59294058 -17598295
-63642720 -64395137
-60755168 -87619665
-63371545 -46339916
69115157 38692354
11020303 -58796081
76689232 65072109
-56965808 -63500381
9512607 -20592736
7958922 78224041
77813164 65418050
43851702 -93071473
-36386717 -13926118
55953353 -34163800
-37765295 -16279804
-36663235 33572732
76090451 69373059
-84341146 -66666322
-73514808 -77184996
-49044320 -98699001
-59189381 7464940
71587834 -40618644
-63613346 25940491
-4658914 33629415
-19412988 -94135862
65035971 -23946795
-84682503 95525769
63630214 95076350
48126029 94463253
-3598549 5542663
3822396 -24316130
79581955 1026151
-5745378 -78150196
-38098771 -84538145
-1122724 -29981328
24165730 -1966043
85543038 15006360
-61179874 54439909
-57838255 -49137711
-84379305 -15982786
54571286 81952164
83521753 19773185
29493208 -94024672
50330539 77624643
-75917283 70360036
-73189631 -95474361
-71915555 -53513235
-23701661 38716717
-76507102 -73307813
6542268 26086254
-39743568 63130042
-17080169 -73873522
53828183 6035419
-43493922 60552304
9617095 -21474448
-42434272 -50605511
83093209 41986914
-41663369 60351071
17495446 -75613001
46229339 38610181
-83740001 -27003643
75804897 -84142169
-90727441 -56618893
39721775 76670417
83844002 -51419670
23498288 20144698
-27258627 -16473746
-40430173 -51459277
-45030548 92542912
36192115 26176174
-71638457 25375923
9735160 -90802707
-92543918 19600864
4688486 -47469216
64257039 -65801940
-68121851 93876374
6126064 -27254991
-468435 45440804
-20183868 -44838103
16247231 -83280875
77895228 -94153798
-17141968 68504044
-20762746 -75236135
-58735349 -18950535
95975910 37046825
86199187 41491474
26430361 12996818
-79111869 86283430
-30378829 -92243044
-84714205 -3888320
-86929887 -52563249
-80329588 -24541336
-86159583 -37184788
-66837623 -33170032
5155972 53725669
19783174 27917156
78965112 -3039775
30208810 91724713
92395879 -94179120
-26156025 8738167
-87568428 -70781338
79704853 -94745040
-1427498 96814767
-34305473 30001731
52045145 56451420
23435195 -36555962
-95503473 -61114164
-24236512 44912234
-95357862 -59087192
-75431285 -86641322
94795657 -27932811
17160262 -20421516
-10160289 -4948344
44038836 2184842
-80153579 1776530
-25378318 -70135939
17086473 38696588
65787997 -59713731
-4027625 -45787185
-19309255 -38772925
-56052907 44283660
-28991735 19203445
-42983658 39585512
-93696260 40252469
65064555 816075
35238504 -65113609
-47657801 56912416
-90419421 -2193143
-37565871 54888158
-54777121 49536461
-67841056 9786170
-80726697 -13549234
-11736523 54461767
-1404995 -8911023
11721225 -54215101
-37603351 35307010
89160895 -45451381
51609154 21187092
-37518905 59281873
-86734537 3710613
-26051274 73312811
-23851225 -91868370
-16901829 73099036
-21858884 -91932272
-5672363 86275707
35794091 13006248
78776212 -34761606
91857845 -39537263
-15959599 36255726
-97625560 76185792
-78318578 -93479427
-39496065 -41760675
94330767 -8648096
-83985794 14053511
55860997 77832972
87965953 -3533351
-16163016 -27935443
22220226 21525858
-85899034 18155137
89556030 699615
91191830 -46919809
-8776695 -60219619
21725091 90945861
96897830 10389062
92388305 -8966795
45856159 69932903
44466865 3657585
58767835 -80900484
97111951 73597023
-97617183 -62206435
54345203 72655611
-22324251 34030276
58592793 37396617
-7149798 -15778421
50104093 84588009
79690405 34487922
-32112912 91386105
42093543 81706440
-62848193 -9328957
55906354 -14153040
37484985 92247252
-17475071 91794352
-71670364 -24539044
-78706426 34640820
42697940 64024645
-47071441 -74857930
-29982559 -64304320
-46610109 60619075
47702106 -55414201
-44587646 78081052
-66191491 -96505683
-78196882 -99008830
-34785509 28171234
91232658 27837624
97453160 -3824743
-12979177 -49411859
82324252 19090880
-95524302 8525865
65228939 74826792
25803383 65178983
-26080855 36418020
5680889 -91507676
44215840 19411194
-12066550 64870986
-93136412 -57376822
95128597 -40648328
91377782 -83845397
-97127511 -44335195
-63574879 48542932
-53223906 41210748
224486 71499441
-63311723 -7370441
-35951778 32500104
21099141 -60215956
-80765050 -13540912
38858041 -78031061
50036918 -31853216
-77527934 -69107188
47916247 19209181
32089163 80620514
-98158462 -6161463
72370299 -39295153
-3633711 -85090988
-46227904 36516185
-46494750 -82439769
-12258189 62447039
-92081012 -89224945
-83835415 -15596319
94794935 -27662152
76832669 51077936
-78517188 1338577
-48881936 -32494806
72271815 17803536
-28557108 -64284701
-35804000 -9730823
-46755809 31284893
-90646597 15061285
-35834381 -13487617
90647981 23583139
-32234838 56627879
-16996525 44592560
-70159971 81831803
-67845676 -17812387
-95054576 -18896693
-31177283 -79298201
-59730106 -51947097
32289650 -41765716
91375426 11057623
41304536 51712094
-89501328 51129266
46702147 -78358232
-17806968 -2419379
18471127 -1976553
61367351 24216552
11511804 6508015
905707 -46766297
63511127 -20799679
-44269038 -5995743
-16046475 -93871381
-97628988 -47187413
-88125729 84313332
-85658945 -45243123
17105183 -71616346
28700726 34423312
63734304 86655890
3868190 40679863
-94669248 -63379338
-67805542 2596872
-61900950 -99932456
46057235 -53362214
66222327 -90365666
-10201075 87398057
78299868 38523090
-4064001 -19889058
53497214 43643358
-74628561 29987357
-16978899 -91373182
-43562195 -42434287
20346778 6031562
35519808 18620516
-93406841 -33119404
-42048344 -60048485
45818396 -19151140
42321761 37737281
24229293 -20619181
-40574892 -97467238
-9940923 58509930
-13346503 60630407
-78619192 -97789221
-96103455 5294907
46291442 -63051873
-50823108 -77330761
61291114 -71434522
-48231728 81042919
79285748 98947686
88472303 -55504588
62540394 19857723
-47199753 638883
-857042 269369
28611622 92524061
57691840 83370101
26414155 -25962966
-95881451 71776171
-56318879 -74033468
-71827610 -21919224
91188035 89092033
79301273 -7169484
35250694 67807979
-62374183 86390369
-8672038 -724267
69630701 -45403616
31751188 74362335
-44069446 -15985816
-76550970 39581863
-92357585 73131476
-79046426 50483174
769612 -77650925
47039085 72992716
-77652436 52877359
-99273567 97546824
89972141 -70560113
88724418 34432177
90766115 89753181
-90264699 26523436
59167313 17760694
-14305920 31122071
-35307687 13747216
-29762792 -10293282
17665525 39455727
-71453636 -82692207
-57165651 50982668
-15299964 4487583
-10198693 92491318
51920939 23344615
-55649610 89951535
5874432 -69408484
60000400 4341758
11710504 82452830
37402209 -32852523
1719374 -31769721
-12249992 -42350640
-88408910 -17717320
90026727 44370309
43105356 -7355609
-55800554 17939936
-2058053 -4002395
84534419 -64745321
-90989645 -81994739
67039718 87456622
35547111 -6565224
-85693360 -86938817
-87954658 1560631
-97126660 33784922
97897704 -84539005
-19850437 34654528
-18971573 -71405957
58816577 99791921
-23137989 -14857280
-67915886 -64294241
-57175262 3249265
-16433125 -70101814
65984044 69722245
92514620 92382691
-92896742 42210915
87823213 54423203
-34117697 56141002
-42813120 83383591
51547183 -63770970
11703496 -77734485
-76870688 -17620931
-53985287 -40734024
2938643 32958957
-72066235 38405648
-96267574 -60938932
82776245 93887364
-72783685 -57704812
98777178 -91423356
-2961243 42174146
-15601777 91857124
-81876393 12669605
-94084887 -66376300
-98973866 29008506
13393931 -7299347
-33684870 -76662848
6501593 -33989985
63830984 -8486798
-15075441 83893035
-72096386 -3704818
-46083975 24335768
-15907567 41817493
-16339362 -47870415
-69424117 88098020
-91442940 65737813
-69279193 84846871
43550038 76853058
-62361003 -31928967
-8575576 -61739927
78427602 64003767
96516211 88294574
-93603617 -29528392
-99328563 20923145
-36959073 2593073
85590654 -98541860
-52330329 -6428686
-6546464 85032561
86465219 -50619843
-83410391 -62574826
-93119151 7479836
-55388112 68477114
13649188 -62747041
-99715979 -20117034
-70728053 93180451
-10117698 112091
-21962319 -50024040
-12410958 15466998
71020052 2627856
-8387676 -17512986
-66002195 5127577
-68035967 9975445
-12059814 25541005
6258928 82930831
71726903 -7671781
-35185177 59396619
8685081 14822870
19005604 -71612114
-35454817 88581553
52979182 98176962
91897634 21162433
-64315776 41222122
74467301 8958588
36441947 34453758
-5691387 -80526074
-16226324 -56307441
-5824922 92441950
-39013311 -36751376
-84352612 1922214
-854486 -93144438
11039233 -55871319
92869476 -18061945
-63900840 -80566075
34815516 71588429
-59057760 13241047
79942607 -90339762
-28618548 28218493
87546924 61123491
90695695 -1339206
-11538408 -12072830
41941981 -95791751
-51972046 1509428
-6486709 -8851173
12985188 -54842980
79968777 3983500
46791551 40478515
31761650 21395836
18167496 -67131854
-44040037 90007270
-58931892 57946230
-34391865 76409654
56541326 -90403402
68311020 -4669443
-92555596 -48846636
87032943 38060171
-32754279 96784216
-34287142 50139007
88100678 -17220345
57904447 -65739637
73531568 -29596884
-21836502 -78014042
13097224 -13177105
28829387 -92375860
62393083 -66104164
-45463116 40164601
68800164 2879333
-46291745 46458209
90231281 21648759
-92274466 -83831468
-45476260 -71494946
-63231002 22434993
-39680518 36146673
32012807 -90484403
26351075 -3668142
53207142 -31709763
5040840 67638081
-43996149 -71698446
-3478576 -28270479
-72324618 -74180618
61275875 16403248
24948955 -975895
65309165 31661058
90705247 -13297165
35509274 -46281639
79872984 -81137355
-46134156 14286133
66067679 -50702999
22326185 96641937
-31122063 -41408355
59051564 15488437
73497145 -10949313
75173799 79373586
-17823231 63159485
92787899 -87034472
-14149355 -4103902
-89995822 -4742835
78843746 45365297
-33823124 -52571812
-42866122 -46135836
78559755 58659228
-91476029 -81538664
-38053838 -75556438
-61102195 -40684810
-24859971 -22149631
-98012788 86998075
-36729654 -38186996
-60152716 83571826
-94165159 -96105185
64672471 94669553
19583553 95680278
60646137 -45895589
-2901532 -57809188
12060743 49256691
-57228488 -30588111
-57192086 21244200
-1568777 -30440634
19351678 48110804
73431569 -52536525
2773141 -43471898
-55265320 -48330137
18096024 -58412530
-81535425 19990312
70909708 -81498754
44171116 -15743860
-54968928 -1928993
58672439 72257621
82091974 30208659
-69798290 -12484244
-14615187 58803243
-96548574 -54642838
63131159 94964702
61626586 -16774896
-2935084 -79053558
33751149 -67339050
-68728172 -1134677
-67641689 -14493393
96498001 -25582583
-29967449 -86479353
-44639870 67692595
-51495041 -56452630
40286022 -40741923
-87426037 13997982
66630128 -24886672
-18358320 78727644
26620271 96950486
-96997366 75309870
49944530 -65794272
65983506 -83474152
91865576 -23373816
-15100738 -89259973
-60608481 -56521669
-83595823 -62902778
31573561 31355737
-8846991 -58625528
-91462352 21517295
36237650 98394153
-47416091 83220674
-64444002 24842574
-22680067 -48138059
19697456 -23649049
-59283923 94254263
-27739861 -53957120
80581349 2326916
-36588388 37119695
-93726289 25672639
-48455504 62122084
-54662585 73029216
51855411 83188657
-4381793 -74365499
63259609 -49774418
-34880548 -45170329
-38446646 -24750480
7793362 -47010329
-8322910 -64842366
91362440 -81119135
41360151 -98981208
-12448616 15251042
99217437 -20535405
54835691 -47626445
-42411549 -63719808
-76501720 13117086
30524461 83515717
60276811 53829175
-1213266 -59002394
27374078 -59802637
28537025 -39008598
28733864 -65249227
-49016477 -40292884
32431087 95621180
-56752126 -69311925
65682394 20253738
-91256015 -26000357
38245076 -3082145
-15977192 877311
48154438 22654247
-72354696 -30544523
-90988870 -72216196
-48147834 -70378005
-37959097 31192191
1482392 55117948
-33424143 77194973
-31913483 13226488
-19839996 77669040
24186047 -51025663
-82616782 -51599808
-54239293 -52071505
73219615 68437219
-21543502 94867236
-91908497 -48273871
24223775 -49160424
15236482 19391902
-33239333 29781324
23826174 24616803
3069498 -48085260
12712218 90332862
85571252 -47093361
-54853597 50913891
92076114 19067495
56076338 -55707201
3149740 9365457
41761297 -36671120
-85549082 -57684353
-23002588 -79683242
-81340951 40410893
87032016 -84310052
-77929226 90297705
82196387 -97596033
-39100765 -1512886
-2293261 -89738236
-11544505 -83823797
72380558 28178026
53411605 48375848
-71780490 -40826919
83772651 -53503019
-5781183 -43681015
-31874919 -86630301
-65291748 32375175
-80453895 -88535783
61494805 98301823
-44801700 -88202385
-41745309 -8524912
52203701 11442450
-98577818 73393066
-29121148 61114685
-80523548 -65539320
53327623 -36194532
-97683161 -89483280
54953352 32003136
-38586191 -83158314
-45688092 -38408327
63602059 -20674727
-12703910 6536858
71004873 -16733662
18477128 -78669354
99356450 18149881
-99011310 51885862
-45510187 -35241189
-21652303 -50828274
-86403515 23268769
-83353444 57183609
-99375318 -67651972
35662290 90302982
81734872 -56248384
23754011 -66530761
-52959424 48855447
44445327 -64064701
-75538921 76379561
3762088 54557953
-38880790 52647174
-40896242 -4811597
12782931 34927348
-41770926 75805429
38519580 76115579
-51845825 -44143097
92498899 11098008
-46821628 -33946007
-5931244 -50578361
94698804 64088824
11691769 -72945050
18488922 23301766
5419184 -85227070
-17348663 81682654
-33990859 -74019420
37578127 -40795130
-58564221 -97783021
-28866326 95634664
-34512095 9217955
47838245 6262252
53451531 -77990610
-65724254 36244619
-66226561 -71245108
-57330065 80661659
80599113 24978212
82311343 -91885769
57585748 63026699
-27330320 -49808731
5333021 64306977
83427304 -95275091
-29383285 66208320
19176701 -93935337
48496711 26957880
20496503 9488002
-13394640 -84991673
-78165724 45890664
-668689 2555138
70079451 69251743
-23954056 -84446152
66584614 17611724
95941380 84714278
-34049876 -16311982
-67299052 -8469068
59962215 17188656
59734180 -50272164
-43658192 -81376110
57831947 -3723720
50949367 -6605394
-28555921 -60508757
85682562 -87144373
88319141 21384095
1362380 46272197
15540112 -13057386
-56557315 65933247
854631 34660105
1624511 29370830
31358903 24147783
-55053563 59983215
-75458109 -26208752
91974841 -57937001
-79326017 7475875
38826879 68508652
-71924682 -6172043
-94613992 1807079
-73730977 5554556
-74786727 -89522723
12908357 -75863450
-61961672 55147361
49219000 -52100226
-34304663 30516611
-24427080 -15497527
76370158 -54810493
-20219315 31530906
51259752 -81370942
-55389599 40028656
-92646613 -40037457
-38684978 -65187269
-25856854 -33238529
-20955598 -82014353
72623865 78532562
-24928430 -87615906
-98139235 -69548872
85962120 -6364512
18336411 31609613
-2687325 -909996
65550908 -29038070
96951779 12509335
45805353 88561269
-5762922 -81202300
47499125 -19938461
25196015 6235043
84891724 42158298
1170382 -53431093
10031492 -17186401
-55606967 -37644915
5903129 38567047
50305748 -1924923
-68869964 -79580337
-913294 -96497505
-14349524 -55684347
-69227649 -11162722
-42972315 97352154
-51049258 -64839777
61317509 57827650
-62817153 62619845
-98777330 45052352
73456765 78226637
3624398 -31140097
7417374 51382410
98966955 -87849043
-386115 -14158283
59912883 16688509
20736096 -16718669
13677876 -94455614
-68999899 99685449
58979114 -13139318
-32673293 -58301421
-37671552 -43974079
30712394 59617556
-72650934 -83956108
83646178 -8398077
-9504680 77384996
73920652 -62011312
53172394 84555796
93417940 26765192
70591152 -68723362
-29010959 -26743678
-66589547 -2636015
-20187315 -17382439
26485493 -98680847
28920409 39862543
-36896460 96576782
-48420269 968094
1432839 77956117
-27220010 85943740
-19249760 21350958
31646226 73607546
57751437 -43226854
64718315 52282406
-85892581 -3059706
36934161 43683559
-28061130 -91205165
29182523 49663624
-25637895 -47754167
-98472072 -71467311
-24861592 96642171
92332314 -3870042
89764003 36835612
-37682777 13338216
-9886892 95717150
-50682577 -97809302
47120317 -72194714
-39241659 -530333
-70983251 -6300638
-76627721 57536956
33401187 93956790
96855804 1642706
60149682 51734687
-43077060 46644342
25505698 -56881060
94414419 -56120978
56113563 -43947906
-57597825 6172734
49318849 97539589
27191763 45380739
-70887726 12914966
-42186316 -50286274
-35178869 -98022827
14625391 57323382
90440754 -95881595
34458301 51137516
70702717 -31529488
20679104 -19347761
82031339 20765483
21039611 -68216703
60573040 -86527115
30106512 -11140387
-2219852 47337012
14465496 17784673
64919471 -87071025
-11936849 -65752352
-90267817 35515812
18192969 73028942
22289099 -66422100
-72198902 -64931547
-48627458 53734591
-59812812 -48693351
-25423264 -34411810
61673006 -67407171
-90630427 15551813
84354170 -6932880
27219810 -62764980
-82195906 22668076
-74925290 -37217818
97552488 -19634466
87915486 -21765764
68264937 72307978
10538670 75397635
-44648157 43490944
79758571 -25983159
-28868634 -5318970
77329625 -3814523
-60722921 -32980102
-7427221 62915952
-693462 -22381448
65298284 33147951
-15938348 32765333
-74202279 19492898
-92784865 52806332
-79423546 98425437
-83559612 84610011
-57895265 -17358286
51693322 32771606
8146661 -5576175
9233686 -69577090
-28521920 38103188
-64249496 -70194858
-45741850 94495064
6639519 -7673826
-15494804 -99666799
-64856327 -18935838
84193184 -11412103
52228632 25443314
-31050452 78232393
-41743705 -35836226
3897088 77263177
-39158711 -61135339
83720315 33975462
-81113420 -74383418
36359731 81782158
-62727498 52635990
55268050 22863502
97075675 -87927022
-52094514 56720494
29523895 -59276766
-43082981 24147990
-95188018 -47720878
57672278 17203155
-90977535 28478518
-69053993 -2056581
39308748 76172987
37686246 -49645965
-28918547 71644383
39542847 87294083
80163986 -31563523
-12345982 -78387783
-69772905 -2406557
69267674 52450362
79699737 -93168211
-48259901 25925674
7056562 -17081008
-65683655 -43047284
36160946 -33960821
29164789 -49639622
39268525 13872520
98332636 -25363469
-81072022 -23287778
-27389038 99571417
85751930 -93286537
-59782910 78331991
32029114 -67903624
-33883218 68189296
-54204843 -64484484
-3882618 -19487179
-79012176 -2325169
21655166 66438294
79966323 15635551
-23539347 -36889272
29562823 99647338
53477057 -43977393
-26795689 -14236308
9269552 -47332713
39582244 -70049948
-82785372 22791983
-57746494 61891425
66061047 87417666
-88179152 -88517003
-91194860 -60992847
-2640140 -19093007
-49432702 -13535010
51390683 85376689
-7228405 -6720837
-49406182 42915856
26427820 -91258067
43236869 -6559628
1049900 73161590
-71739072 -32050982
-81511790 9917709
81622105 -78303778
84913792 36726947
-58327409 28166768
87600749 -31722781
-19842668 43329512
96390455 19695123
-68275518 40663092
-50550079 -2898004
64124515 -20739218
60029022 78440140
-81343950 73032082
4766538 -56164677
48369500 63399520
7718722 -73378349
-60927234 53546263
17630223 40277855
85484354 -75524120
87415277 -44649523
-69652943 -90107967
42021130 -33949373
-85389956 -29703013
45125977 16780081
-10444599 -19747010
-79053969 45411237
54976110 21088229
-59830356 -11811365
-66678701 26689503
-35737199 -70387876
-29970697 -5353554
-88974688 84536506
-8674948 -59213248
-86143241 -39062334
-16003710 48046162
77077764 37869614
-61732043 -94884129
-78963247 11095481
-81807057 -75265419
-61049448 -66896648
32477349 -92451532
-60604515 1130577
-96352077 -89026532
40676403 -19992425
21436701 -74298701
-64655102 51669409
19633756 -26940242
60658405 -63346240
52049176 26512818
-60265584 86330154
96412525 88173970
41992441 64651078
98945581 30329178
95478289 -1952834
-37925110 -55821575
-90294907 -77986417
-43036800 18188332
-93030564 -35667009
-20571253 -10442915
-55359721 95914824
89416611 -83709685
73991592 46777208
-17755521 -77966413
-77254591 -59270357
-95805413 24315116
40639443 10459688
88247485 69513192
47194383 -26506635
10204351 69780014
-91942613 -10855482
-39795695 95722493
-17601963 -52619808
-16544935 -79446753
89698520 -29628432
-69608847 -23503464
98888926 -39269400
39779025 15461889
47197717 -87624876
38789457 20481464
-39294885 82009635
75487907 81429846
-69207166 -29256178
94799440 -32712523
-61180154 -1541338
76636459 -96898178
-42367330 49174239
-21280735 -95750870
-22823176 -75337859
-14965430 56426109
85698451 -61762511
45594499 -16127708
51246501 600797
71223874 97150891
-94584527 -88899244
-61333234 -27200355
42289304 13785977
20148916 -77726344
91624215 29449913
-99524268 -44855460
-35900549 -49139796
45551691 65637385
56680346 51326481
4607589 21697418
57258771 -83265041
19975815 44318532
-82668845 6223732
-72673761 -85136738
25913304 23512276
-65370832 -69946096
-86004738 -52379212
-51244412 -89492300
84305652 -15654206
-37633208 -36073546
23480728 -59025853
99896627 -75771965
66239651 -39808270
30466530 -10418502
-37517286 -51689323
-24369758 -82599079
21342499 69638148
38628553 -88024325
63049166 -71397008
-55763126 -39357458
34491788 -73575538
63659568 48644644
-87850400 -53604516
-44849522 82454690
-61708 4375756
-10028089 11958968
69251060 47746947
91520591 -58055199
51236247 4718319
85655458 -44718903
83870710 -48414293
61643571 -28123890
79527073 74590406
70827578 -84245476
-12202389 -43334718
79885972 60480258
-47912720 65632993
-34297456 30554449
-60730783 -13318478
39774736 3689342
93672215 63010385
91893732 -30192965
-3432196 -35696784
35143226 -13042340
-27109591 -7148186
502555 84660873
40644492 22753243
2391461 68350891
77789460 9344425
32636709 19438026
-15522659 66346580
-42962999 99313018
91341024 -19719380
-33549431 -38354755
-11443750 32809348
-64700308 8556749
-99289065 3669765
17497206 91875000
57649929 -87270934
84752198 54996386
50495550 53043426
55341579 -89227438
96996230 53762899
58612112 -55520023
28707046 -42948384
-84235854 -99987883
-79771053 19699551
-14056384 44147698
-1231436 60647158
-37354521 -4919934
-61180183 17142736
80212701 27175183
-10462741 20708334
-35603619 53085366
89676994 -562946
84229478 -27047211
-25359092 -67143664
-45009139 11662948
-52624395 -45704050
25205242 -85469342
-92357905 -78723552
13902300 -32877424
-72021413 -44129340
-17729453 99584156
-89897399 -65330755
27479052 23810355
-55010159 -16386715
-5633779 -48206532
-42080387 -43538228
19189807 -66506052
49563626 3221708
-48463628 53500751
-72974201 -29766974
-18045489 70666705
74364086 2033307
-68818589 50486574
-81456815 -66206341
-5635128 -74131322
33036944 27072156
-95036091 90796667
71232864 24145107
75403832 -43730902
-10847208 -63435836
97358628 76603772
66456782 80685527
-19325496 -98353706
-11476353 -89520370
-94461138 67945544
11907756 -94211452
68337638 -28084967
98476796 -20405032
-46168340 -54117098
28851233 -17953144
-76898020 9968154
91029798 -59513667
-98884769 26605974
70347429 29491726
8622771 -70563452
55839927 -16998340
-1693087 -50448466
21677483 79129388
-24678349 -9585017
-60877021 -25393826
-37506805 50671571
-88436762 15526500
40439073 -59394690
-94439017 55176011
-46942193 -94190603
77000627 -63504763
-56690718 -34404545
539850 -9370262
68256350 -69789563
33640498 -88903764
-6980258 -99488438
-99771368 -21940314
24967750 -70096586
94787187 -24176279
81202747 -15774295
3084684 78755091
-51995568 -1880823
3985864 8774222
-93181273 -47906631
72356261 -5580586
3518690 -27454080
-85165555 -49740437
33860120 -73371460
43343275 -14065620
46469497 -78830617
-63510995 19249042
8074598 21085660
84540504 -41306614
-58232600 88319113
13186401 -39505862
15448346 -76687661
-8265233 -47835664
-52399260 49354844
33981960 35294522
-87405092 -65328751
78945248 -79762277
-33425889 82248820
-63914057 -57314807
-56156517 2187696
-23306880 42994591
-47802234 -15812220
-53637174 34626339
78849078 37350143
-59260621 54513428
-19256293 -21544189
-66467528 -22957956
-98488305 4056947
68030117 -40476037
60523677 -80874707
-87566465 -37722911
27471629 8488259
-98929541 79073813
2756911 85534886
50381038 18332106
-94596301 -93591445
3923243 31147191
56938639 66951892
83009028 -63529680
-16429756 -66777305
91876897 -58664354
-99761019 53676925
-56231994 84665877
-71852325 -44609279
44110031 64104970
-40473503 -40302433
3464211 49274710
12904325 4298481
-94037081 37288235
61363030 -4585491
77376619 -60029419
93300920 -62371332
-70494043 -7342412
96419669 -33810042
-77647514 -49868056
7140655 89317399
67924087 23497712
9014924 80362033
-46427882 48982237
-56491585 -70601251
-93130643 -56033723
79313796 -85051121
92379783 45811770
82881232 38830751
52351467 949984
-88166884 83053039
-84991282 6952203
99812544 55671342
41333774 -89205884
-98812622 -23410384
-40562545 11283640
99497682 32575865
-23824732 13983996
-13855216 16043226
32170506 99724281
29162540 -69418312
-33116393 96632240
92720746 52363952
-41446397 -52126665
69587243 -69860900
95533910 16765385
31373817 -60545633
36823815 -85044532
-50541357 17565983
89891682 -44096782
40957279 -73249327
28800373 -46617843
97848666 -8295109
69793353 -72295276
97661240 -63864927
71561229 -4832874
5316011 99393918
-35551872 -57709038
-67767562 61045342
-88015843 92313332
34513129 97622576
-93225491 -77638434
34596082 -97978262
-62401938 73990054
-72163848 58784148
77300253 -17186041
-5337238 -86626333
69956481 -2340065
-64318067 53300222
59735271 51698381
-69397179 -95001393
-61545890 -17100479
32388144 -88850189
53455096 -72497669
-37320534 25295116
60524865 35754542
-53049653 72342378
44192692 -56277559
79928069 56239016
60212401 -32730008
-91951898 -50832253
26956938 10298341
30552920 46928075
22187459 -65179170
96249034 -5269237
-9239109 20915030
9288344 -10235767
94827692 -83701652
11009919 78065203
35076828 -64876771
-87703713 82691733
-30516821 -500722
73107936 49707971
74042840 -23363377
-49943222 96030710
-69272716 -30178353
64967859 46956838
-42336248 -2087248
84289386 -92651649
-27780579 86582378
27043720 45110247
41457355 71903281
16528748 24893978
54149510 7674038
38039231 -6228644
-34083810 -95220106
-4094271 75752788
44274800 60647750
59692378 1150487
92482861 -97882536
-61762201 81905633
6017599 2482709
-12319824 15366646
56335925 71918893
21483376 -79544361
55487306 -52484012
-61996147 -53603039
-99124800 -78971751
-56078977 -30171670
-53004866 93152686
8835530 -25290986
4758107 1475102
-63301133 -19383006
71970810 65310930
-93732748 14718937
32244262 74587177
56129114 -19612260
53084480 -49369226
-4693093 -32009644
-24426236 14378627
52881584 16244330
37444247 -39326887
8214578 -21768857
-41003052 57241675
-94958107 -80534502
3290635 -27560598
-36312767 -66231996
-99372902 -90545039
-71523652 79201780
-87883142 -36728457
84235572 -80808445
15242333 -64094733
-4092736 90298421
89166052 90744851
-84238768 -51881162
-33314717 -55651244
63008024 -55865788
-15765606 -42372461
63896460 -48473630
13740605 -53224060
46116644 34727516
-31152204 -58709300
-49030164 -56065390
819086 50777779
18942253 65647907
26134157 -95537557
-93730111 -34131056
-44220851 92605341
53462265 60548971
-56996068 32323448
-93417372 -27739659
-58336393 -25595297
-9432526 -56835351
-90436466 22039120
65468620 38330685
44801885 -17803462
-63402441 -75774799
-5394013 -68741762
-98636309 89109855
-86417844 36784725
-87605777 19228347
34216376 9248054
37682727 32466629
83067494 -47059267
69650460 -57917940
-49940441 67560334
-42800685 57595316
-32164088 -72080845
-75290304 38653626
85314803 -12721099
17267925 52328299
15531082 -78595359
59310318 -27312078
-44757706 59628786
-93234968 43314119
-61645264 -62225285
18761887 -51172834
-67819185 -72945812
14535923 23284779
-99791916 19806232
-50290468 56210569
-4418504 -8030077
-72866449 69214344
82642865 -65252722
-14049409 8015071
-48602223 -89906116
86468531 11433621
-93546348 -53478917
98428078 -90893538
-37030074 27435844
-36284222 80152848
26733713 48159866
-71032458 -86110445
-8034130 16369256
-85573386 28795136
10258250 -71035713
-28471246 -40359384
-9435858 -72097289
-19651124 -44623870
78883910 -35419555
-44659667 13847133
-91148320 -92407653
99459244 -73147177
-93907157 -45837505
26983525 14950106
-6079486 -86198910
89256688 95905184
84369963 99654601
-83795545 -32838796
-45251335 38732389
70082504 -67067734
-61070637 26825803
-97361440 31621420
15163368 11914605
-95421881 27227302
-88504755 -52351285
54688857 -7057089
77433196 48594326
-94420536 -57264940
-2784512 82681631
32507713 -44461680
-95014910 -50121859
26233146 -50785947
-88855714 35428335
-14790272 -24242755
-48684229 50613337
-15072230 -97938119
74515516 52971134
13711463 4484274
14170517 60994857
78561132 -47568298
-94911244 -57115491
-66320480 45575920
-58024401 10413591
74396949 95706255
5533937 54590179
-29613820 -30107392
-42779004 61680162
19421735 -74613861
89115220 -98444060
-29621880 12825636
-12696240 -52437137
6057746 -58181173
20691194 93936589
65110250 7690029
2052214 -97045983
-5248461 20541878
74135820 -85797342
7003525 -13396740
35892820 10607134
-27992577 20365730
58013499 -77536867
76765214 57236756
24456568 77327266
-12555578 75299978
53272274 -13030640
-82425604 -13395424
39424515 25058646
91709846 99319880
20664542 99944755
-8101609 -51403042
25787296 8265617
98348206 95790100
1563915 -28681819
-1907949 50073999
68421183 -25235980
66478202 -97340317
-17047945 -57319747
-62703777 -23908028
-66019006 10850378
56916577 4796260
-41753308 -37229996
-43923378 14019946
31801227 96192877
-13033893 29097018
90688775 10925396
18963159 41262775
-85205115 7310495
-7339940 -63209253
97806718 -25957651
48838803 22540533
20518164 34767538
-2328600 20156806
-15989018 67726511
29390046 -60966050
52928609 81343942
-21523429 99159372
-86530242 73583588
-82886671 -26579853
-86399378 9129770
-14712463 -59160412
-88214788 -5404337
31544110 -27825082
-55265583 53613041
67901444 -62863817
-88370864 2406681
18366913 87289210
80332541 40464811
12876436 -51909213
-54817325 96248061
-5399510 79114370
-41773513 20430471
71799072 -86962367
-60487709 55934425
-85384048 -34179648
-67452129 80092743
-72131922 50841318
-17357791 35980183
-82890692 -7767743
-10688975 -62198484
94024323 81831346
-9302451 -23112524
-47677591 -92197965
60302536 72718866
-84761389 -18398849
55389191 -6829085
-46729003 -4985163
-61957584 85397795
45424346 14708788
13167209 59413326
-37624416 -70973850
48005960 15805718
91469470 -64372207
-7251121 -79458098
-39119469 -4808528
-88971247 -10733930
25123217 16620787
-25777545 -64821786
71286101 8415605
51732109 -2886961
8020910 18551973
-85392781 -11807703
40363493 87382779
-88057326 -62692463
86240138 -39813452
-69661169 -62325
21553953 -43296593
-29931561 -13907392
36029516 -21155111
42661167 40936200
-18018289 -7816921
66308839 -54215569
30873854 49721253
-2403845 53773731
-33611111 97960683
-91038642 -63420595
39029146 -75640762
82573154 -29133848
-50578073 -93007639
74970567 90958202
49220677 -34558798
4501143 -15982942
-9856467 4808328
-94749914 -41348789
-5370525 51979325
-58627473 -65935337
-97330289 21224842
-97704110 77237719
83360061 55947297
31874499 -16885028
8901244 10887791
-47781333 -91304090
13532001 -39677718
58097730 96893916
69432020 -84078887
-7269427 6627052
77596241 -57295201
58453894 43118798
58972975 36203875
33954183 -58670324
48892941 -57330822
-75598633 -57881305
68902999 64073782
39398654 68692995
-98342511 -1271626
47425185 17550797
20221932 -31952933
53876832 81286151
90373288 44808341
67796200 10206105
57206983 -19459359
93105494 41908444
69940030 -36142477
44633167 -51078381
-60491406 76438820
29425670 -20917581
33798902 -41363705
-9354541 66876903
32816350 43390609
-93149719 -12870397
10243161 -18487598
-3728523 -94136236
24486604 -8644543
72984201 -67115158
-60573457 -72249188
-58673100 -73464111
81814978 82141709
31039487 -85265471
-80846555 51057070
-96093539 20824709
97922894 29529535
-49626534 -98054009
72103539 82474849
99338051 42165555
-52800564 82841801
90654953 -49730810
-29076616 -88712656
-36293387 -83072808
-49529828 97312522
20016091 18304039
-4602980 50392153
-31313463 -48662527
99960491 -61190215
-19132688 -62698950
-58838745 -39514802
43051150 -4171178
-77867127 29496989
52817611 -39719909
-51146866 -41932695
93371183 2487625
85614230 72018363
-8550135 62243315
-62539773 39281701
-36478142 -42258394
-58190746 19455621
82838292 60259331
-55530634 27083875
57971313 -89035968
96220378 1190752
-51928908 40203804
-77017631 -67895118
-63232005 60723792
95194987 72939624
-59044616 -90321136
43467232 -48270149
75834275 97795865
36937152 -73186385
57882049 -36907318
99338987 -42243423
-39143049 35423177
3107902 -40789238
-1110323 -80499311
78227350 90482281
-40596420 -6667011
-45882502 -40012094
36689452 98957215
-55847665 -60746152
-11849783 83149520
85407190 -10719358
85499053 40195637
-542275 54941951
11567966 -36351617
-19787496 -1688205
81230085 59850445
94754871 -83113752
-19659587 -46301903
26430358 54549792
-15165141 4635719
-18597687 69850745
-62836021 40478933
45301280 -38494045
-58898428 -9375603
28370842 39344507
41989432 -77692582
-85338770 -73435334
-96696393 84975572
-91509633 54253621
8298412 69919214
25760959 -25961114
99387925 -37932627
63628267 -24982931
-58568090 -75920133
-97047018 70759553
60293803 46466777
58673765 -16100220
-69270735 -86492855
-6679307 10130021
-49310906 -87926129
94405649 -87670629
-73251689 -10042668
-42570001 -50414857
-24063155 80521039
39393165 -58366710
65975519 43086037
-71971048 -58426957
-23577858 -80619658
-62847045 -63037555
90149768 -15024802
89245667 25856638
67081555 -97932922
97677365 -26700103
38202494 95833732
-51828640 -17780937
98678136 -62982343
98167133 -36773012
19286954 -90855339
-15275674 80550767
95476180 -18841046
-18085618 77794651
69684647 -40934204
86739596 -48375832
83878441 -33921773
16791778 67589666
91229472 71365303
-98855958 63693932
61040498 84607734
30644566 97007055
-53322320 -40425562
-86197951 89306769
7533513 38534357
-29508405 -4027178
-1192500 -55062123
6942737 -20324986
-97981624 80366213
-19704148 -23463145
27319461 73713426
-5453 -37783405
-90774910 96282535
-14014220 -22557420
52765973 40052231
-38255898 -18899214
40689496 88555665
94508666 30414661
53872058 95391426
-56471560 -75429134
-80919777 -46152609
4255797 86199903
-68477125 88023375
