3000
65954227 -63584761
-69345656 60709819
-54808164 86394464
84537294 13066712
19385907 9056321
59323997 98123426
-70099581 -99348303
-51603423 42965856
-88236563 -79698640
-43293872 -59685563
66131898 95980761
56659337 85596389
-14014377 -76499669
61657680 28469436
40792945 -14373737
-76334762 -22879448
10555083 -52131299
39416479 22488083
-72881088 -3540781
38589867 46356767
-87808318 -68917527
37494102 77136902
-16407165 70788449
-81932364 -43432771
80127993 91895529
-20261978 -86177707
-47266468 -51120448
323953 -89100194
-91509207 -26582769
9940679 53397619
71133990 -29169873
-62935244 60198813
-38949015 27714443
-33272587 40398223
-7321648 -34909574
41202811 94712441
31414910 -76073837
82701169 69973714
62371211 79326615
34238484 41446202
-73835508 23269439
-54742469 97472124
-22338936 -67465368
8857533 -90808731
-26212107 -20558377
-4207000 60479521
54120031 -38207930
48446584 -58161583
90417300 95972143
88613688 31717375
-60474948 32976756
-63680379 49119932
-414788 10833655
-44948933 -63934207
95058187 -36830893
43085201 -24103330
-68421704 45535496
30693118 28705758
-78184310 39496092
91080203 49347070
-61391076 -42559735
-22630873 -59862873
5478343 87633307
26126137 96146597
16579766 -91379601
-36246504 -86710388
-34386639 -17206330
-97518681 52155777
-1791765 -65294006
-49042829 -16020829
-83659553 36663849
-45013018 20665150
46868904 87716651
95418665 -9970486
33550670 -81828078
24988757 -57760283
-33911824 -15706681
-27173002 25968180
-72957648 29816115
-62394441 63119277
-50437251 94355651
92643928 -67836453
-73697435 60566653
-6395538 57963603
-3494424 85802074
-51078454 -42142850
72096052 -78111233
-30898544 24549503
-82630400 -6425859
-96117569 21398168
91623922 65398438
-97005787 80951612
-40389394 -73550064
-38410820 13394149
9265639 77158092
-77159508 -96735666
-21072835 76193547
86433651 -16898277
86879067 41688892
-52539342 -46089429
-76421345 58475439
-33269789 -75032870
30676731 -23063366
-45565968 -86953941
9122599 -50604728
-63974604 94332429
20744802 1866326
65244667 1489035
-93878842 -17931491
-80196237 12288835
84795828 80657314
-71079891 8034439
29177767 -38069850
10911679 -85519570
22780245 -16406234
-9792965 29942225
16150982 15068043
-92195672 -16578253
-48927672 -64780021
78809300 77779304
9145195 8448570
46015804 -30899480
-28544497 -30596326
-40236241 -95078583
68061378 5762087
59426025 68914505
41589067 39347383
6775623 -4769740
-99363934 75583365
-42613745 33138855
35954949 -83818229
74818130 2952534
3889476 -21058654
63157480 55713465
5810999 83859158
43492579 11486278
60478543 87818561
-51243929 -95731646
31997975 -23976526
59964454 20353226
-23045137 -87265580
45969219 -96474974
-74510571 -59403726
9143574 38262334
-77618271 2938838
-10475213 33921828
-47117355 89510663
-28188712 13197929
-60776981 57394621
-94622755 -21524908
3359106 -57646011
58127140 -7801787
-34205490 -57882117
-2669180 -47954139
-60667274 16506173
26517480 -69962336
-272642 76318477
67851101 -78212118
-63825413 -67945244
73079783 -43796982
-52353280 71055589
16715722 26665073
14443061 69975920
85436912 -11456784
88298308 99075749
-62990920 513729
-70058942 -90670598
-83202373 28454386
79645619 54379040
34632902 19006841
73047173 50032823
50057584 22876384
24538692 -10098733
-31451637 37598303
33137647 39802294
26055156 -39958439
-60699370 -40931026
-62728207 -81188507
22788313 -54377719
74905786 -714431
97753026 45964965
-70132356 4709758
-8299580 -51485517
49911061 -68343642
-23853206 76617719
87812222 -90085130
8165679 96702175
6841793 16254075
87790021 -92618500
89920931 -35001097
-71124721 -50518010
-39834666 -9770389
-21117657 97309638
-10539228 -40953429
-67049915 26534764
-10895770 86751517
85529469 -83470289
74202017 25234819
-42403977 -26132445
-96457289 -7565642
-15473288 -2429835
-44147649 24467426
-7514739 35570066
-83281809 51970845
-67079326 -43476031
93075018 -99077640
-47852918 -38033779
24736327 -24727042
29632212 -1826839
59379212 -824815
-87737713 -14430038
22879500 88414019
-86555697 77138322
-87417864 -83321850
68890647 57028033
38993535 -82466781
78403871 83354943
66520665 -67857686
-38469141 -23457199
-77370708 -43771495
14104188 -4726002
-31260029 81692177
44879936 43172274
-11444538 -13796826
70344594 -24303963
78615821 -16212530
88165994 73932835
-60796924 -85070088
-76867404 42338531
-43035104 -69821863
-17134391 -49082662
84920640 95369112
-65883148 -87211499
58508163 31388350
-43321259 74710447
10064479 -9329592
85550575 -70014198
-77956908 -5648506
31297153 -48162408
-96852070 -94275545
-33710545 -36367547
54255759 -84698946
24052017 -18844184
-54066770 78454572
23429583 56606871
53351072 22805183
-53469554 62700428
-10828864 38255559
37623004 -96909427
-1757470 -86316526
-3612011 91438943
23065467 -77797012
7819105 35504035
-76188105 75259217
20012726 -71682853
-87876593 65206660
-85060907 13860266
22865831 -96927325
-72710197 -63900357
20494120 82934887
92836888 -17438691
99968158 -98749098
89700050 88697044
-42707619 -43561771
85149044 -6444990
84335614 59590948
94816745 -46133982
21412703 -24559835
44425299 69559424
30413349 7915208
41161076 -83730796
59069912 -30704040
-66825912 -10352847
93485058 -58044847
-69055020 99343943
-40798844 -1107775
79788093 97421437
62356613 -50934817
-93508660 -72002943
-76754922 97798604
-29890759 20205706
2389864 -62820663
-38904832 62529910
-2255733 65609689
-62345664 -25566544
18633917 -20521544
-96390899 -72979935
65937900 27301422
85793714 3131040
99876763 76176487
31783657 -5332972
35181701 72092533
66233576 36533714
-87321297 5780975
-82058282 -48234235
-37233271 97175589
30602286 19274608
28984297 5153877
-69557947 21483498
21197199 62566629
12144041 -77542032
-87483838 -20035225
-20398937 15481024
-65671819 76948217
62313549 49581477
-62250229 -78393983
-75689137 -68188655
45006289 67383020
-77880258 -76407842
-91765456 -83078731
-14639799 -81825387
90652270 -12852269
51234351 -26886139
77906240 -30873354
98150725 49355803
98756272 78788279
-97303961 76872048
-39986431 -69212973
-37023205 72273187
15350109 30037412
-23459483 -81937559
-5697168 -41573059
73806033 -64977304
-90602860 -15096722
-67868389 91498615
-52477419 20799757
54847695 13127275
53362950 51941326
-65828554 55540886
-55180569 36996080
97321542 -36478731
-78947628 -2880918
2188193 -17062676
65593847 -59229171
-90262636 -99776524
32597506 75154058
33850982 16674279
74167876 -75598720
69616277 -23025171
-88054284 87212494
81039769 63539140
-65291295 -61546600
-28173993 -5580865
-82095193 33103483
74324022 29195783
-65878968 39198930
-77736164 64654817
63112579 76428393
-36549771 89706117
16302733 -21318114
45926009 22577916
-37166001 -73308845
31911571 -33435322
-75490951 -4538485
-42070639 -80278024
69680020 53950986
-8082865 2190283
1407788 76157051
-39700941 47462520
15601786 -68029794
-42014527 96003959
-56984228 98610524
77875409 62788332
-39414299 5438142
79888433 -57257522
20967559 -79827119
79306144 27731487
-85211533 -99642144
-14012667 -55877081
69238489 25528079
-19928542 -80459205
-1416646 -39330500
-24446486 29944311
1124580 -28974668
54906265 39482877
-82504040 53222824
-61065770 70176926
-78619636 -79538445
-760129 -69799909
-82889140 41109590
2299200 42974987
18555689 -86350608
8929423 -40904649
80774585 20022312
-43206040 86364462
-40719441 -31115244
-84140956 85775125
-38879990 17519906
72876077 53125719
-92510303 29828110
-38614505 40256577
2177678 -20222257
-77575970 35279525
9767103 37852873
-37340794 88488042
37087635 24662061
-21208703 270540
-28618215 2432372
-20498127 -58042415
65223714 -2975204
83717455 -63946920
-89465254 67525726
5417517 27594063
17183942 -42187646
51613844 -67581845
67385944 21709577
-52717477 19397715
-25006438 89391929
50529569 -64198367
42741141 14860970
-99598796 -74374278
583136 64873896
35048927 -94149860
-62632812 89133558
25375511 23498233
82420424 52920294
93833734 6744381
50892942 -34327430
-38192527 30832868
-75565397 6152589
-97183583 -45070566
96568892 31028390
-7627927 -39190812
56645032 -30861434
-32733438 -30324023
44015597 38212451
-46752582 -17642711
62201050 -14886398
4051492 17705679
-86796963 11530247
-83234692 67085550
-25540459 -77493377
81669061 -22450790
46788879 -63057785
12372723 50625743
-75715546 -53779930
-85101145 58392676
11586194 -96101802
61443638 44009441
-73107428 76510811
-95370996 7777536
-81679381 12898363
-21524221 -39453940
72290152 26698813
-77047397 -42639925
30978719 2238509
53885781 -25059039
26943452 1462832
-10244159 -72051379
-16264622 26120493
-79081286 41553133
45524995 11903716
47114601 -33532502
62210773 60217286
86175322 -89268707
36492964 -86092902
-33825311 -98703863
78742918 65762611
-81030993 85032255
90973167 59731915
82037638 35114340
41332555 -82881924
7009607 -91653554
80816948 1567759
30121747 -33979498
27576488 -30600297
78555596 1546550
81653842 -40310592
-13085673 -92242039
52955720 2080288
89426853 54187203
-23691195 52319696
35144903 -99640637
90515025 62051591
-35055610 95543940
-45464292 63110853
-64441840 71919358
27562073 -3022820
-76926548 52475665
64238543 -88932698
-79115612 -49561693
-73689942 95350864
93093060 89342887
-39384917 12758218
-22298461 -1577156
-17225700 -16770282
-7759564 -45580779
-46172427 49897711
5509209 -64612394
-64857141 51221661
-60163024 94134518
-48270560 82565804
19229100 -53908399
-78308854 1263445
-2751255 -59685296
81863983 57114720
86542303 -78605900
13767656 42002450
1176861 -95623406
19614845 3104908
-23088526 -8565950
-91236053 -48060557
-25276443 89398
-34514838 64212515
-88098904 -33146406
-29425069 64167573
-30491606 -57718578
61069599 57336317
57454510 19852021
-32153247 23197681
-89254510 59061327
-27707621 81698536
-18354465 83254550
89825313 99668203
-49657613 32376835
5659266 86139879
-96743799 37329610
70411057 55385780
7946244 5909734
58620297 95791414
51282707 -36793226
36038931 93581400
45898242 -9459352
-86755482 -57576129
24952565 -30591151
-85755761 -69652376
-33819412 27869369
-55719084 30616285
-67720975 -95906815
45253612 52683991
10664468 -53561257
-63055325 62410232
-88329479 -33527250
-22845093 -71104350
-47728416 6110208
34281757 -93625180
80364642 16535848
14826307 29371419
97507218 91012601
30801090 -37567805
-87702328 -98258942
-26693538 -4010607
-40128744 61842748
17134294 12390833
-81762430 -52348105
-43694942 -32813823
19743003 71966943
14368345 36599648
57721253 -47703907
-53000316 -87719444
-48568042 -32835619
83407695 35348803
-15066735 70240943
36906177 -4303019
-34920361 16128995
91312378 -14761860
-89304548 -20378976
200536 -51757695
85412175 29350140
-65521902 85557574
-99128996 -32360054
67866686 69299543
24019705 20173918
28602209 41777521
-9301453 -9401467
5672359 16733450
61186981 -33492545
43333600 -1812518
46392562 -77723430
-47791743 -73726301
-42931046 71196834
22402 -37712182
24038069 -32447333
95358889 22894677
35030823 80458
-54031691 -47462552
39975688 -52423441
79634662 -40642527
68655234 49729193
-44237251 67948566
-65981216 -89208762
94830665 11200170
11747296 -54109064
24505130 83080473
82633633 30751985
32133829 47850205
-95732817 -89982087
-85701114 40415983
-43944205 -92192006
29286378 32643610
56218985 81768927
-67723300 -51646564
15692719 32075211
-78467763 81149776
-24751592 30638484
-28262832 35629783
-92159945 69811970
-89477917 14979744
-66758746 -43715418
64171751 23814772
23823212 40038186
51252812 -54160731
-33330948 -98023968
-23283093 19770981
90321306 48110495
62596656 62676717
19237054 -52098314
26656963 -2484813
-60415591 -15043206
-81244231 -57212749
-91773453 63259340
-20220141 62434312
83837933 -48783590
36834260 -88120748
82874320 -92117674
-91742794 38786861
-31806987 -9054440
74077446 -54618509
98328698 -92521748
92815900 -8146963
19597514 29400644
-83144366 -49734414
-61491817 55373994
-75876892 15051445
66014749 -45841576
-62416104 44422660
-74970368 38498176
-38359105 14796510
32220432 -90319848
27022824 -10469748
-41812791 -60093706
45914976 -35925119
71447840 18297006
-7930647 76815095
29037850 -18261407
71221811 92779215
-20411047 1532075
-25383259 -74523681
-19768147 85772797
-60333009 -22455374
65293560 -22704947
-1586963 -87139149
-95446021 -96476616
-25907312 -67313165
30626689 -92565746
-19162131 2200840
-42454604 73410730
-29505972 27037032
-68126010 57926912
-95335965 -43980252
-63157285 -95794814
7162488 -71998029
-84141817 -39285199
73120721 -38070723
-77826114 85631894
-6592103 54882068
-90378367 -99871374
-35816862 -3769428
-61786234 36112214
45007588 -68183689
-2832517 -93747552
-59173300 -21118904
72172194 -59447636
17617874 -32876477
-71307761 27667341
-19512068 45531140
54052121 -74017260
-70571331 -62242965
19211222 -42802078
-80543868 56907267
53351467 39612774
-2253005 -32219216
-17054372 -24200639
-28924337 -27292471
-42321247 38224679
-61139791 -93173647
84394422 34776290
9959845 -34904242
79923796 26636980
-25625533 24478014
39168790 78513420
98644294 44438453
79379435 55946211
-49278848 36786179
-80458575 -5335375
-81784578 90188345
-72720623 10352768
64335328 98208438
-32980745 10992045
-9954792 -25394210
-92070813 -3255264
-89843402 -51063443
62543297 63759731
40337707 -94714483
-90383975 -2790920
76017602 -67813570
-20158325 83807657
-46058781 84090251
-9822636 -87727403
66350333 -87158663
81393767 -32612676
60649310 -99859933
-37777193 -49209945
84852502 -26956320
-1627223 87540457
28814579 45365547
-31200854 -92449339
-96723936 52910943
52534646 9693556
18113371 -80271496
-88719737 21006251
11556160 -70236582
-24089873 -36454459
82903287 32778226
78815607 20125295
-82494714 -26590687
-1107869 93761965
69350934 67263472
21974231 65586412
53370675 -90115803
52581916 -88677932
35199375 -32086438
97347541 21363904
-68759629 -59215019
-71388205 -53035259
-12344004 94298728
-21472219 -56481354
-14816276 81836183
-99043639 30315738
16876646 19362630
-7853941 58915026
69500328 -82095919
6408834 36123005
-36455589 -77934417
82864028 77703123
-73015895 -43980724
-63137209 -19295527
98832038 7470625
-41919356 66377904
48874375 96176260
98263324 16593767
38728702 -158248
-76861991 68466909
-76195289 16673703
41256322 17889196
87119185 -11268696
-99443705 76024778
-34276936 32185946
53897218 90737855
-89544964 -1540213
-61067402 -49359253
8974454 57340368
42655814 -87614002
13387560 13779334
39123679 25150605
1215814 23318813
-47681423 99979368
-71617989 43728252
77559974 75736031
92718240 -67590008
78966955 -79575685
49318439 -73197808
28987670 77332621
-91825458 51400181
59916162 82434471
-74595277 -782400
-68015947 -55468865
-86606816 28212933
63336857 -59129470
-58923540 -37294044
-11093918 57978983
38580650 5389029
-84563335 -99085320
63337886 26069114
27076465 10689862
-5815816 -22619195
-9840134 -59162542
-74011743 66302228
-10424816 960277
71109566 87816192
-38101794 93178723
27626210 -32136905
29529897 69304935
33043494 -43501412
5872175 -57775382
-51585852 -7553308
-49280613 29102947
49683006 -37892136
94593378 26275766
70352549 -53454111
-87573445 -47359625
-87072657 -71995555
-23277533 -18179870
34631454 73691953
-1709412 78003596
-61642554 -42404974
-2040267 7723820
72444935 -53728077
96423930 -22631278
-63575775 69959815
-85211092 -1817224
53713828 -45760819
28249419 -47707755
-33934251 -48241311
-12983449 -55566943
24832877 7673124
65613578 34054954
92400499 -76431972
70208848 -77657303
42239859 66756189
50603964 61680952
-89891033 13244304
75819489 -4981666
32502147 -87049414
48500578 -60598192
-72112197 6677234
68589700 86253859
41453036 -76293567
-45824407 -55593086
64960298 66004619
-49622052 -89387693
-40424557 -84207662
-7884484 41868639
-75337499 -92272443
-32020511 -29793598
7382871 26874838
93460183 -19315282
-76807321 20451571
-83653139 58141221
-37669416 14656811
-73751091 -20591262
-1885575 74249612
22407493 21093051
21090804 -25092054
-96107118 -51349112
64105727 27914255
-8434160 -28132351
27506258 -9783883
95954787 65620843
-19774965 95834531
43039888 7751237
86800511 70320855
-66214818 3335813
50313433 -91681297
88876541 -41097420
20417934 7060694
-44549895 22615823
-43479238 72209541
-93174776 -9328332
8694197 -74006408
-46557078 -3917158
20243461 -48095833
68991940 -61360221
54282488 -85832092
45791603 49396906
62210528 72565149
40888629 45473917
-69431710 3280164
26909832 49262367
29377281 82929159
-93629333 34820823
90387316 54097487
-30739660 -41055435
-20032422 -63924607
-12865090 98973339
12687666 3546362
-70609181 78688980
-69058849 -19473648
-82861480 -51327505
-54525199 -94623928
33250193 97995826
41803173 -87019627
2263250 -42557848
71442415 -43746223
74396841 -1545423
20119489 -36404511
84774383 -60048017
-46704252 77814315
-81052891 -7928215
-52671137 -20958235
28350098 53088879
-85019926 -50286263
-29403610 47048450
63254027 -60462657
-84572917 43431218
-84606580 -42945975
-46279770 12198163
-75247512 79026682
52313798 -62420960
-14677801 60525984
-55378352 -55462380
-34139219 75901355
-32166661 -30431384
-10082059 -43011994
52356991 57458127
-37691915 74739386
-31092977 -77419841
56979764 43106296
-84461300 81569860
-96373078 37772543
7119459 46611110
65433692 66960
-7814640 -15781455
-20062464 -21723885
46354495 13009843
-45695505 -82162600
84766628 37086581
1126827 41584927
15624915 82298860
48177027 -40964100
46271629 98646082
-2346391 13162614
-25123717 70266293
-9795954 87917090
98984 81597126
-2684743 -96108601
-89758317 -21188898
-32239763 -90857894
-25192857 -7684104
64615211 19141822
-64249146 88685481
59353174 59618205
23034882 24496715
81466606 98354403
29734898 -64367934
27032662 -82084544
-66961882 8410466
71817732 -5245673
-801626 66148978
1852559 -97865726
83123051 -32219097
3693774 -28828181
95188112 27464481
-30908214 -68529806
79033815 -69586028
39623418 52538644
-78178232 -59315624
-64797689 16049641
-31426035 -57471651
98039397 -95405259
96930397 98560594
8187928 -36074459
6438078 95331693
31843951 -51640382
77937276 -70717483
24241410 -3422079
-94853281 -23332190
-33443300 -73579127
-51779059 -79113444
35052094 91638898
-34894014 -47599988
6083456 -92388658
91542513 -86663747
-37214869 79380476
-9216020 36304462
94552780 41583704
-8796943 -53363960
-90327891 88458383
445198 98164355
-51328407 4887111
-97574077 -92608298
-26889095 86892716
21354818 95662631
-37931290 -19916935
1992182 -43281185
22813555 50609259
48665600 48261456
-48680793 11872997
-83069493 -22842321
27639002 -22726893
-8665010 14556656
60227261 -99250349
4555155 -4340718
-56312394 44225542
90664803 -35079063
-34460920 74214431
-80922250 -50242752
-75659338 -13046470
89109825 66783714
-36905310 -13870205
11606956 -59280214
80757846 23708047
74760858 -11250876
-13736290 -22606699
-33001869 2938684
11729744 88841138
26583392 -24959059
79227028 -1298234
-98745141 -2544028
621538 -8104065
98423579 -3647031
-67845449 23518813
-59720401 -52422096
-98482827 31808738
-89824575 -28496912
78926847 -45307338
-73057242 36117494
13028335 6272657
-93927314 -96945669
81553774 -32104362
34612101 -96529224
-40425207 -56421602
91209777 77010828
64264330 -11244122
-54515802 -91662813
-23495984 -71329436
-4810861 -95079664
-77684720 -12658493
70218933 -70551567
55100953 -17052876
32757701 -10906896
68504289 93193094
-95089441 10544806
70674103 -16697468
35432022 54944007
-38774561 33425947
44469571 -77313187
92748465 13963088
-56038916 -89119301
75009472 25594518
73307939 91628976
-34652561 89974374
87968889 77306664
-37925594 85828521
-43177819 -82887673
-50844994 -40981649
39563560 -1742100
-35617413 89071153
68699536 6340110
-44471675 96648169
36734430 72564052
-94279067 11823155
13980645 5886021
68357156 -58328107
13318693 50053624
-56033061 -61389236
-6402538 9356598
44479887 63510601
67670589 -8793945
-93888458 93845392
31184964 18549840
-29398142 85371757
11719670 45724221
47431474 5522124
-77320791 30935463
-43701009 83745117
-65145530 76837035
78990962 -32004929
-58589263 -43078462
1400905 -31985299
-97845070 52362274
-62387408 790172
-79507109 -41603334
-97434038 38710058
-71519842 -50949737
-84287957 -70289538
-73322928 83224897
-12785710 -94520892
-10318593 -38299699
73740945 70598971
37393779 6018008
57448909 -26865665
90527062 -4821010
-22960104 -19806859
31221068 -47377839
61238273 -67946235
-85388201 29724518
58303865 -95919206
53569322 -75849325
-26695312 -18672015
-65612839 48661743
29254326 -35599124
-79508524 -58956028
-56574246 60581519
72171633 -91468685
-98759157 -41506107
-14234794 -24463545
-4188276 28840156
-70489424 22908989
-21601423 -31286304
-78027460 -67010986
69976302 -77022949
85620560 -3771384
84822691 21311746
93732608 89623575
-66861427 -5548811
-44588742 81145534
68840477 4999367
19783133 -31881261
58164233 24956376
95658664 70806125
-96051453 31641486
79737119 -77272640
-3939696 -11757126
-34818575 -70545255
91395805 69867166
92762698 -93570985
-30043836 -74289618
-78364937 81110733
16952291 -87864390
-93884663 20701831
80291519 29452174
-8920911 64285223
24035148 514874
-4493302 51205674
11487925 18180123
-90848685 -93280458
-72983810 -21242914
87763563 -24702197
-62139614 -27681199
7325093 -41043621
81865191 82024148
-8465774 -34082338
42454101 -34519584
90511748 31969256
261755 83368181
28713858 19388439
72311108 22551430
50074589 -16253114
-4532992 -58346716
84986054 -73562404
98112257 -25771025
33113765 -50351000
69636770 86001246
74426587 92010207
10028089 21290804
49085239 -11075708
-28723368 78012826
-43378385 98285612
74619573 98792939
73145661 -47978236
87258262 -53621771
89942331 -3974916
67550730 -65068319
-21996551 82904483
37187242 -74316497
92611008 85652954
-22937093 80112791
-70771940 -10735017
55577732 -23732054
-36449897 88220390
67004511 10542623
20975827 33859013
-80221892 -82895099
10508340 87450149
30779308 -28200315
37886736 24580267
49169678 64089469
-96774166 -90064165
-83477363 -36178691
7987291 -9146321
-87788583 61487611
4498726 29337220
-77326095 30104475
24412944 -44087543
73522726 -28030668
-31199834 -80709116
-14058108 50621141
-75908565 -23982579
-99903958 -54989779
-72203150 18565381
93717479 -649261
-31326688 51437099
21335903 94274649
-59901426 -83335374
-2740088 -90649996
89653571 50430166
-37796512 27541306
10721845 61746531
-60524677 -59587136
-43436353 -13109335
-16039743 47767610
20864344 -57887567
93754852 16613679
-10839716 -16704975
-77893397 -11994374
38260117 11762444
-99440368 55268278
-76839394 99840021
-72122305 48419639
-65426469 -45959141
-56336545 -49462783
89976210 -5299592
-6034098 1759691
-86656973 96227509
-88834616 -54857972
46045289 -89139702
-37484826 50189064
-44991116 -91345992
-86612380 52483028
-27212969 67361143
-94256358 -53357989
83770628 73665547
4387303 76624225
61855841 99877431
-35925639 -8581763
46118049 -34251254
-49456477 21730515
38749325 -6661304
-18996194 18887755
-15878589 -49885936
55875822 -4417243
-84926280 -71554886
-33563480 3362494
-96638019 53994067
79628034 -46947849
-49206546 -82274991
-63568257 56152580
82475523 -39914068
-36599507 78112898
-42838591 -20975324
-81402898 87813094
69715853 49099822
-50039455 -26821919
-53120597 27534440
53470803 33011536
-99209024 -71983633
10768872 -69654488
71816245 45805161
20459617 19143776
-57255497 11418133
43288351 -72364862
25505287 50340769
15991801 -62783977
-214523 52359774
98125020 68660287
-4817945 64789839
-63317095 -66529976
66950618 37287907
78691631 -46069849
49141731 23328593
-5447778 44002154
-9543109 90767119
45980212 -69684713
-72675245 45434225
-27978088 90091530
52699509 -74531875
-78831707 42821019
39684503 47669935
13602121 -49151620
-40253545 -87102552
7231402 -2520270
19156145 -21773748
3221514 52772251
-28279413 -53584728
41125546 22578228
75023341 -65239719
-83665985 85155838
-76167155 -59009899
-16798019 -59953381
64649607 78346897
6661630 45584326
65829774 -33451987
50695983 -81815717
-30352264 77270682
89788546 -64751409
-45678484 -4471143
-19720407 32705723
570503 58464253
5131084 -21542924
34121069 -72516520
53972803 -9044957
-54140415 -13247563
-34164873 33835520
-53815484 -21853412
57255134 42930248
60689320 -26933198
-68259707 23742373
98057583 -69088082
8406853 69464542
-18926296 -22550616
87187923 -45849543
-74978498 -87062831
-94276685 -23049319
82648808 -26437796
70366923 83299814
48129274 -20697378
9817466 15119170
-88177951 -80093751
52672177 -12298193
-17704827 33625584
-33558590 -11676514
-43000440 43534942
79947782 31450960
5123971 -30858564
-6076041 49414892
65020722 -34825487
64799771 -80215155
18936186 -9086421
-59091333 98277698
-34720098 -19453692
-89337983 -54001567
72590853 72481875
-16106025 -34107660
-92394841 -64050569
-26465995 22149283
-16830821 -45380678
40219905 11403290
-30393757 92607100
-78571604 84675571
23065239 -33794179
-14189790 -66432598
7141545 56003020
-79815951 31366468
58680185 -78782501
23359419 97249087
75174186 94997914
-69133193 75443435
-1313569 911251
-73565783 -41189918
-90071739 20665033
-35766319 -2609154
12303691 -19765021
85350967 -70191229
24968473 -7031333
-42306547 26823946
38623667 1502530
-80977887 -88985038
-26927945 -4530747
3450477 -24822827
33298175 -53925732
-9386479 89602251
60681864 -83137345
-15347803 74698011
-84874381 39561637
36198597 -38727364
-91828667 -59971857
64751649 -21601891
42379906 47650780
-10064336 36989572
-30948290 -51683186
-7592444 26020307
-58171952 71535254
8281323 -23600606
96803853 -41088312
-72628990 -90836526
32392351 66168084
-97218418 53614916
-95426495 -5086067
-23576905 -48109254
7617927 30555725
61052147 -75444767
-84685256 92013521
-77056599 -63594643
-96482020 -73031691
91722946 53135340
25584053 -15757281
19410932 -6086669
-24549509 -36100923
-75916379 58069161
75339690 24628377
-84401735 56544752
85701901 -3216543
-13746661 -33446622
-47244911 27728636
42999251 -18404402
-69826729 71258308
-37177926 -32124101
42381472 -76896755
67072394 34147194
45674296 -35327140
-287539 40011
-65905210 29344
480515 49144787
97003784 32630519
-94295177 -52862467
87473811 64122564
-59175430 -35057532
64014016 18437263
19880148 97985351
-98130839 -51058710
42296675 -45700370
-43383760 -49579603
-35326093 -45114337
-85548424 76218014
-9512800 -37645102
55863939 71523620
9684921 -98272049
-5655898 24668886
18290111 -10067425
-32684928 -45934604
-10842188 -64081168
68875399 -65608495
47481266 4138621
-48888065 8208255
-91490238 8835906
8398894 -68923581
-81468416 -36643425
-67610059 -8677786
21299904 -75121436
39502376 -92894774
-18214236 -34332543
-90114365 46065172
33120933 42111261
-93538615 -28328891
-90463584 -85001330
49658250 43568697
12106816 17038909
-99742626 -82790864
-41880006 -84199389
55882941 -45881794
-39913366 -24404477
33639019 88851889
86043990 -87514991
-28146014 -45919194
42677302 -71796939
-7348496 9341115
77416118 -56392647
30731470 68297693
-52346305 -68249633
-63397227 -77842520
-87300151 56691338
-92571571 18296309
-55118500 41663616
79301600 -34173495
28513945 91499041
-65122171 -57574339
76089606 -73627427
74866007 -30191019
40325050 70509667
-18866216 26607370
-42701540 76726616
2538515 53246327
-67343826 -752326
39826204 85337719
89455016 -16281446
23330412 -58731475
20779202 9588594
-17995267 97324351
-42615409 -52688689
-38652449 -57775718
-80983167 62981644
-67566689 65046474
-5415251 -3088771
-63144541 -96288193
44863683 -7475017
-13733452 27101128
-22434193 -44082599
-32031410 20009256
52079725 54054700
13641938 62596164
56942176 86711576
-62864253 -60372577
-5502071 38660526
7325344 12142420
-59847993 23602326
-96093411 -41875554
47755696 24107086
-810764 -2561961
88363786 37873367
86463232 -59278540
95102316 39007237
65664275 32613944
47980328 -5159421
45641809 -15059123
3319444 -96348992
-54953536 99673569
-89222620 -67443713
45414432 -59103775
-6453883 -12733164
21974471 69726720
21155183 72400276
-34584911 -3543731
60923238 -47601922
-19053394 -11590195
-16281690 -99843503
-58166644 -73578292
-53770549 -33196503
15123691 7152489
-53119395 62258671
47961506 18361209
-21191782 -29442418
-16061366 -75605317
72731474 -16589363
20100976 44975037
-86058596 -8395758
-16043236 -12794335
14450908 2245947
80715900 -79885875
83108611 65026731
-28412619 8945263
48313819 77514195
-8027402 -28777224
-17714042 -14861666
-5259588 76008518
30850798 5020551
65835522 -94144135
95114279 -11474067
88727879 -61298711
-67659933 -71440414
-70420127 76998433
6519260 -17826475
21177063 46032838
25816083 -69890235
-79320571 25089023
67474090 29759082
-96209973 -43764263
-45694738 47950077
-63114257 60193973
68871347 -76064092
-29189871 5208159
79653813 98103225
63471126 28297954
91852317 -74758490
82774512 -27554004
-24222458 -83794345
-60019698 -28773238
59177726 -36593690
9620310 11902446
18671330 50441000
-18064652 31444763
-40866853 -69795595
72086204 59091550
-71375425 68962446
82539674 38145929
90575172 -69546395
-26120328 -79484583
44816163 -28477891
-13182402 85977430
-35083032 -69967681
16266164 25401817
21465504 -36386008
99982282 35846364
81079689 93026520
-8896693 18467292
94652472 -61249874
85230094 -64790637
72550505 90100774
43371302 -29594665
-93385937 92674806
-97226990 33185113
70474804 81313382
96776046 -45403703
48324959 94154048
85471413 21130594
84550134 99577067
76582634 -67227046
-27832649 87566220
-78835836 34869328
98327637 -55390784
-87097034 24368704
25892755 21148700
88907776 88659452
-14679008 -2790172
29821626 -14949026
-53019555 25024987
22462053 -84760510
-86431223 -44540010
53361093 -32737474
92390613 2228616
34339877 95243393
-30112334 -35916659
16547592 -31262036
40422187 97692214
-33974552 28186682
33590926 62762047
-81573767 -69846040
-64463838 -72985365
-45454541 -44627126
54516285 43031288
-14149080 61979499
-53791559 -10995949
-45452729 -20782136
58904595 -91342906
14772217 53224269
-24729540 88628572
-22349705 65312132
-59729610 -67778956
94045414 -53552578
46900569 -65684890
64367432 -97561111
13658829 -42129844
-81689310 79841301
71510644 -39395415
10126874 83838411
88288208 -84648957
-89596652 -78295370
-32818795 60911240
-81426572 -59174645
3874284 10241315
75560211 -3854557
98032657 -40945501
31549253 62809009
6882158 -3632804
28929328 -80936413
24163614 -29097670
64922830 58499086
-64559126 -64069626
55852034 76856759
21848018 19343033
-40021443 -54957996
11937155 -38019783
-22478788 -3977351
87348534 39916323
-48106637 59851319
-66480985 28150675
53514823 50012650
-55521673 -90186129
-83952136 94888718
-75395803 -68337172
12810691 63332167
62080063 -21634542
34307432 -5333810
19818801 15961628
97549404 15609590
78201064 -58793997
-42951887 -42911176
-10933693 9399078
4838258 -11041520
-29304903 -9233451
-92123094 -23284415
76772277 83260316
98253373 -61188576
-54041263 -31146373
-6821537 65135879
62974876 12015625
-1726085 -80630710
-40382910 -76504630
-43075593 -70275645
85794845 62327804
1346750 -25718157
-71711961 -94308336
-37138150 88767091
70809740 -36798121
-94006004 55934888
69693337 -65224581
31468054 -44216978
90022738 -60121029
-30881140 -37135168
73211655 -69734780
25780972 55728649
75407141 52560814
-29908441 -52660009
-13619022 -11852897
99072199 -23713152
-35977259 38231956
-83841972 -7706908
-12878575 83671235
-33644892 84314342
-36907615 -76700821
12857068 5468193
-6576902 -66409746
58664586 -60631940
6226608 70545993
98500892 -69153852
-15778148 15519175
61556525 8388628
5851946 -88312376
-61830613 85064037
17299016 42252557
79194747 -55292452
62572838 -64290825
-37739543 -25424793
75953336 -22693837
-82861617 -15033541
-7313444 -12501032
43071568 -68105467
-97374465 -8489325
4198473 1601980
-83283451 -60715866
25086205 -91776810
33056636 -99523147
78761357 33901661
-89569467 -56150613
92919409 11187220
52017242 27301118
11063979 -84287039
87324678 -86310303
25558613 -81939945
-66438666 -74175440
80539190 85275752
-88798721 -86044389
-62722592 96160195
76797903 11233025
92391793 11112299
67205723 25996640
17858698 84921713
33963038 -9246203
48298239 -84316356
33594404 -87969966
30315213 43354438
-3259376 65273072
-88045938 17208364
-6410875 -40932394
-30655845 -53317456
75321246 -16940528
52449943 -36943223
-18193032 55523975
-28424245 -95850696
59014549 -74042396
-41932994 -39115883
84686614 60894908
-4453777 -83761599
99626840 -34919474
71351824 95603020
43454015 -72068602
12290307 27879774
72982215 -56001828
29564297 -58286776
-99244246 34400662
90386380 82607513
38658842 70780500
10795858 -7882921
-37167108 -67063323
99320200 33498955
91058965 -75258856
32202827 -78094206
16317652 80754864
81578244 38679896
16496960 -5407862
-12617414 42215302
45215835 -91938596
-8619514 135919
-40215872 -72977794
51863488 90865657
-89455624 58487732
78155110 -40990041
53488787 -32442957
-64744786 195262
-43870855 44938463
52486060 6955861
-11882176 -36774916
11718762 -58333684
13957751 -52214194
29651472 -20488409
19246588 -97296029
-38836365 60843841
32284804 -35017449
-80734085 72227177
-4686739 1526853
-89298521 -70649306
58813056 25870089
-68502704 81354522
-17694251 -45124910
-28096589 -3781108
45636812 -11998134
10452657 68762033
-16817043 60547622
-68170592 71409890
-80864893 84413496
-7394959 -61817118
66661305 51289785
71882991 10639531
78966659 -68190205
15524443 14354528
39986409 -22143464
60159791 -27561148
638866 43878180
-95071424 79890659
10562806 -70654300
902885 47806237
17479364 32630275
-81366722 -51886987
15079372 -99088341
-79367031 -76884162
-4099687 68604648
68271362 77458795
32845613 23448317
42726470 37946266
28788558 -19284231
97886453 41610502
-14099484 51301589
-13687262 1531105
85121451 -24134575
55194697 -18352582
81540677 -18067226
-77463974 87451412
37514194 17182517
-67152349 68994181
-46201951 -73648567
84023103 33536316
71679494 -80175923
94447981 -34165556
28087950 -90323319
48180485 -31457613
113956 -98892016
-25819389 81302403
-47554341 -33145190
-9165305 59633948
-4212233 88047020
58771805 -83044844
-33646571 96173585
-74597365 -42514753
-14856223 48356187
58726088 -54210264
91753106 -9369101
-85108758 -79618191
68201978 45852120
-89558398 -53925443
-61225346 25235841
-9119302 -84421594
-91521656 -98424072
-17090288 -59349186
-46476496 -44110688
93877994 -11747282
-62032277 7428801
-76792378 -73081732
83710900 -10318145
-20324193 44750154
8768955 -65405071
-52917089 -44237636
87277389 -96308964
-78076631 -90894632
95127227 20064567
-40555527 99884677
447088 40611429
82783438 -3152926
31237179 -66306928
50704936 -28292449
-5389544 90453773
95810883 -21437284
97534464 -81945109
-74535718 37763364
90288878 41486551
-1589643 63473210
24091029 -86480108
7994385 -92591462
-60779807 92114433
7052519 91889020
13984559 48082546
-35383922 -88755583
35775010 -81482954
22554629 73914231
-26684830 91926470
-30632797 -9936873
46058281 64633251
-3465555 81387525
18207389 84009634
10286196 81322440
59963818 -83823677
58051424 1992287
-98543788 -7235739
-5165005 -89396773
-20019886 91477544
30026835 -39477141
12215195 -99083999
-17763515 -9721360
-78468161 50631878
59646374 -45818985
70352924 46588159
9652849 -22263719
41798912 -12365698
-6941305 -52043527
72705763 59086931
49761501 356545
40589553 -31433362
-63326485 22338778
90372340 73217061
18846720 72639033
60206994 15229010
-72726133 6038968
77378059 6438566
48460012 -59618865
22458121 17037544
18470803 44758985
45998654 -16539296
57254354 15271916
-52569850 -75788457
-94782036 57649627
-36963678 -92850124
34849444 -30986258
73016685 3688200
-66359102 -72744675
12453220 -4734482
-58988834 -80136761
70475892 -74393604
-17969547 729456
96397459 -22715277
10121449 -62905822
43972811 82569
-55927336 12275586
21770330 90140187
-43833285 4905904
-84087455 96036304
53198839 -77401615
-24024890 -67061713
-16021059 -68340109
63545310 -79842360
47940573 -88342363
-13706761 -95942720
76970405 25103770
-77056538 -81767383
-62741044 40624903
1919685 -34402236
3007095 -63853508
-54721390 2978977
26472973 -64930790
-38282054 -87460326
-31236251 -34133050
-92836618 62971859
11063894 85466019
5827838 58540404
-2623593 -40576246
29704860 75322145
75301778 -71968014
84265403 27044155
83761193 65909789
-67422509 -95609402
10054437 -82298044
-47668377 89530581
46660928 -82918689
-18486087 -47026650
75985913 -55158556
-78439895 44357073
90934710 67758886
-19128338 -96286587
-50196831 73794157
-6828152 -83821019
-16686365 -11329559
48286506 55203323
89853919 32414890
31150151 -16444937
-79560006 24548003
86014966 17977202
-85239663 -39094441
-87734957 36309589
77740127 -96336481
18365610 43898965
-26442384 -90352411
-17817274 87278688
-40832963 26188730
-60400947 30660869
3773481 -77224592
79039297 -48422239
89681280 -97407442
-47492981 -66640315
78988616 52088688
-97760945 51283759
-71016657 47286682
-87870832 -73547213
79484465 51195682
-75593579 -8347336
839306 9887503
-54102292 95330177
-81539761 19693294
91675312 -151642
82099451 86839174
33164370 -9998790
1813990 -68155958
7681180 -9849580
39513887 48948757
-87611260 -37777968
-33472112 -61938855
73929653 -54608137
-50391376 -80101788
72675392 57648063
-69874404 34309895
82483345 98723450
22795786 31429595
-66892726 -14983561
-26356686 24090168
-57201319 8615594
33775218 -62075945
-39046016 -60538820
4957706 -65721479
78434435 -98920656
87112977 35140962
-88650235 95446796
6312212 86759781
19847782 76542196
-66713975 -39538273
56942224 60215752
4610775 24020321
-39113286 95404926
-96365968 -75582879
13033142 -52072808
-47910441 -48631302
-20592685 -85516670
-26110519 90964916
28329081 -35094259
-27229104 -88175686
-63207074 12312087
58960964 60311726
82499656 92698451
-72573407 88738015
18793332 4351316
33673604 -48196529
-99008689 99430467
-53818538 40945490
-71376447 -7993121
-2656573 38129228
-75727863 65735391
-79465325 -5407752
81763463 13779148
58948460 50291804
49413596 27201129
-3695504 -24892195
94899409 19663042
-57574588 5730509
48375723 2127967
93643385 -93137265
53855532 34088061
-97826904 -83837032
66634245 44673981
-33911427 78663326
-46725196 80579932
-56648794 -29259543
89530641 19409638
-7466959 61577087
6843496 42018661
-15594143 -65101401
-22938434 16576943
35713576 52015621
96479871 -8783538
75458886 -24662617
60406574 -48552838
48377754 71337529
66123244 71120701
-61981267 70505345
-64982209 -87984854
51893173 10690069
34057585 -81213709
25440505 79110321
-80946875 -20193018
52789312 -57104238
-48622687 74228458
15775636 -56279025
75838315 -23968843
-30603625 -21742068
-62058823 -69270094
96661149 23524123
14836108 -73828243
-43129004 24243852
2739701 82841929
12659223 6568318
44394549 -63092250
89734042 49346612
67754518 -7179283
93617625 87010953
-18109719 -34973116
57214187 16321622
-79580373 -39648582
-77468338 -53458356
-28801753 -35027547
-22683811 78797962
-37723274 7757932
-5830810 61638554
17590275 -38289835
-71306216 50904881
54397271 -64482367
-9060215 31698600
16222863 8814146
-68892746 -88907274
58051248 74555190
16170405 68977996
-60383889 55326235
59767245 23821166
-82379213 -33283951
-13514537 -79338534
57401430 79168083
-81422813 72328553
-95473013 62410913
-56814691 -18563576
80768715 -4008536
79720957 34480069
-93395720 50137729
22829741 -95875437
-9718034 -22042094
24387797 36522485
-11895113 -62850434
-32279675 -59481293
-9562191 6627404
-94748323 50917017
62149594 5609186
27999216 15031172
-99348044 27071269
60253692 -2001434
5787821 -97453544
-86447602 3653498
-19637646 -43355909
9772670 -21894932
-26818415 84718489
-88420683 -58010210
678567 -87035542
64153675 -72501795
48729104 57652903
30828553 78332346
48261412 -87989855
-16233256 -618876
25723366 64553497
-73426464 71235941
-77028155 -3436102
-79986788 -77219222
88571037 5591053
53746315 -68898163
-22850537 -75791370
-91450800 60763797
-82152938 -80468286
-67433163 71135142
-90447034 -68873929
22012073 11496413
-85062423 66172248
64041899 -13887693
-18615034 -49765466
-33277000 97220088
-54364311 -55906702
-84780598 67002652
55465479 -61838173
-70214759 -65717492
-67274180 -14509549
59418048 75288003
46057497 -59911524
-48110930 -47293728
48022380 -78113958
31080648 196266
73566632 -21310621
64503916 -45583425
-48272883 51648019
-40893304 -2330066
-63785066 56466755
12074364 -69413585
88993853 60533129
8417855 -35701541
-13848213 8483866
-89691489 43160476
69445751 12865130
45562434 8568807
-36566868 -73518659
93769393 -34368348
83988407 -22478552
-99669216 -32435987
49822384 92816157
-5495214 36365770
98981625 57734301
86254085 9521571
-76600439 52802509
83866571 47236495
-95430608 56371322
-34181830 -39580938
-95234461 -13829671
-98303047 -33044550
-43567360 -6387147
33669098 8061996
-97018809 50343176
42201484 -48991945
12967043 -82448313
-88229931 -21932749
-87242806 -56201209
-26476094 1719647
-32742476 -29446088
13958544 -92707235
-92382302 84478461
-79143678 -95144875
-29216483 23522149
43305672 -75814222
-20574608 74126908
74611224 -20259167
-38437959 71550888
-91382865 -35603461
-75608644 -38699988
-99588360 12888875
90675312 5173901
-35355888 -68030694
71878365 51135734
91975458 99743819
43275757 83149427
79340704 -63771776
3323108 -81070783
-79768681 78732572
12834656 16344950
5998557 -52483366
-14500105 82248673
20879962 -73193712
-9462157 -93782557
-37647638 30856284
83171741 -85641410
-18735115 -16874353
-19425453 -81635906
86624523 19683989
-4712666 64931161
-9606399 -27374850
-78523048 -70881289
78134913 22366674
69456205 95696839
-50335094 -39268111
-639112 75997943
-48494268 -79168460
14036903 50380116
1064796 24127207
11502947 25443777
63975715 31046342
-37861859 -24150765
-65942585 40503210
-55279734 55669827
35616617 28656601
1412807 -8643303
-2417209 75971817
21162206 -43412906
6445042 39716714
-12745874 2561590
76665687 97975351
31486679 -73139305
-27418182 -55730367
-26004729 47930994
-30210632 -9763300
-67503004 38924144
5477894 -23352111
-10768791 -41428072
-36341532 1167165
-98434154 24777860
-21080135 25335632
-73067599 21476879
-12982478 18962746
56681095 -4958952
66847619 19758022
-43329780 62284284
34364752 -30453829
-43429266 -81731552
74017049 71638412
85382900 75391370
-26883231 29578421
-93926456 -69703978
-19587147 -59375924
-66381452 -83434040
-86595210 -83700140
93414641 -96262213
-5997034 84641865
-37858177 -11842130
69546645 59329841
36481706 -12413533
-24938978 -74072190
51231854 -47055453
31393385 -62020651
-81227234 -89720014
97772947 -18853835
72533283 -10169538
44866021 -43463687
-1978582 -96426751
-38071778 75028681
-55411405 -99520250
-75095466 -40831944
32633315 68228226
62201237 7183385
22206040 38903600
9572465 43089947
-32622188 56575922
-24450375 841577
-70914379 -35451099
1289703 -42274508
83354452 -89746734
-9712126 -4823958
-36367565 99361056
-23846852 7424377
45630901 -31247372
89661197 -28768247
-18180302 -54155687
82458589 -5638309
75242244 -51582524
58409528 81617349
-35322807 24654405
-32743128 -82374909
55420282 43860363
-86889752 -79474172
55093818 49809140
22905315 37636183
47691289 -68876331
54078467 -76965933
77707873 -49612835
-59516183 72289776
37365421 9884694
-32998585 -76262161
-27209751 -85235118
36910874 5357290
-98187889 -57426680
18241238 -63267497
78016740 -82261917
25002932 -77750812
72070793 -47305435
21802072 -87414547
19059556 -89944714
49457928 -51071295
-21965444 -43207620
40025259 -4234478
32217117 87788455
-33656872 -86345667
25610637 -89783781
-63139395 62161858
93194162 11142687
48083263 67392704
-51618891 84904120
-48241025 39041308
-1896852 -43722080
-52872633 -72692414
4777818 792997
-34014141 -49758476
25546605 92665871
-11008969 -99590724
62229989 57759552
41513225 83135136
-49827573 83958739
57804435 -68397282
79422971 68245217
84369049 -24636019
-3672571 -71227387
72934897 38785259
-6637295 -80839008
11125276 32919752
-25726740 -41757461
92554969 30149803
97931286 88031770
-67689111 -68929342
-18404806 76124517
-41262133 4459960
50608224 80338678
73009286 -7714749
92605149 -17321446
36046041 27351099
-35220664 -42579532
18497790 -58736631
-9258814 55728818
-91717596 -50216005
-76219028 -77737137
17976577 5643252
19699212 -26515815
-37524656 -83211040
97524565 -99348204
-79448912 20067577
83136891 95622669
-45395720 14275161
96295551 51333629
-34807311 28589400
34011317 65990865
21605403 -12667157
-63417841 -35886465
19404215 11065376
-26280328 -28033110
99328521 57013169
90732145 -13969199
99242558 -70743121
-30826425 -23641144
-18908163 -81605584
83623252 1073177
-68329502 41062845
31826140 42158632
-195427 -91554015
-213773 -87745376
27773643 -43941257
-97149658 -11278772
-90281817 -29438668
-38892081 -80007881
59702366 36307163
14032904 -30423647
35091272 -82319494
-16909235 89294463
93910774 87265434
-64329783 -46598303
12885065 47165147
-25743223 -48488690
-88922680 -60054459
-44492333 3303844
47465876 74155918
55562530 -60535597
35495667 -21501961
61490716 -13149410
33325567 -19235274
-47807741 -32947282
-84342558 -71209695
86186095 24464734
-67646540 -69111626
11775768 23403736
4596080 -3792214
-4178486 24305143
-14705706 -26667910
-14430370 -29552549
-89247450 1930179
17889777 36542327
66824992 -92612448
-12773099 11297404
15552496 -38710443
-59424754 -65305741
-317875 -70232236
-78227403 -51931698
-94386003 28921606
-65383740 -69606299
-94549529 61948431
-33035124 -32918438
-83063153 98432985
9231898 -83897677
46355585 -3961748
75060859 -3620675
-60641908 -71628006
98129706 30903860
-25645013 46678515
62859454 6643074
-51738032 -22066429
-34341918 8264647
-44843354 11458733
-89763755 9187020
-53596930 92821119
-41629369 96627117
18959499 -14524623
34353838 87885808
13296690 52993982
59835513 -34271014
-2548720 61099268
-63282775 -27151269
-18506740 -33708430
35895459 90439206
-63815761 92394661
65354966 27157913
89826820 -70981919
-26628610 -86385829
66410421 -71330554
19235422 -41983882
-59792092 46558427
-88811538 -12055653
-56367469 -58843936
-24667528 -43912593
69388361 -38423474
58984136 83641596
-83661901 -36917317
11310285 57563070
-16083653 39906783
17416015 42463126
28952015 -54065738
-95458316 82105290
-45123237 49602552
54097536 30185539
12629789 20562126
-81292912 -19389450
-80954419 37419770
21492603 -16772576
-58849873 -9762217
-5048161 -55549788
-69883513 -20508
61665581 42248772
23539532 -21064258
-34465778 -1733136
-99048441 -9480128
36988150 -83859284
-78523834 -85513432
9702374 88251671
-99080357 -31570903
-45049034 -28953030
53133990 -89390566
10555129 41099186
-45694701 -3704455
-52926643 -57936799
19816927 -30297921
-30877376 28702282
-22026540 39106724
97158732 18578640
-59970456 -25378745
-36418474 -38396772
-82192985 61230712
-63332285 30877445
5371830 30515283
-97313141 -99685153
-62482985 -40181509
39365142 97254162
-46432533 -97028838
59417826 30109258
8870045 -29467648
63944948 -34040222
53823121 -52575379
89069827 8202984
-77611725 -97316122
524455 67404213
20441414 10949732
51746694 84867550
87864075 98980382
55153268 -85136147
-5724844 -29132151
96689241 90263911
-15858032 88187419
-17447834 -39552487
-56530349 48104113
-32420516 56732460
97823805 14412282
19524894 -42178030
62905429 -30243002
7775435 -25159816
-67030058 71883837
89586093 -17266472
82820695 -6330616
-97439295 -14049146
-41448249 -65899540
46008060 22986392
98790405 46342383
49678289 -57131315
13766055 -71531012
85233105 -28832697
-43623455 -71292317
-30509568 29617264
-84384478 -29555677
24302264 50299699
-30666588 -86388103
-68630434 -41973581
16760793 -18057775
85972776 8411898
28421937 59050722
-48364802 -48240642
34731643 91498113
-26827510 -54702746
-46100866 6440153
47389865 -29556541
89134612 31485877
27817805 -90911213
-14254842 -90409352
-83756009 75931561
-39073195 -75840974
17665655 28401555
3206614 -8372784
27954063 -63658872
-28718059 -38354412
96351353 -25062571
31474258 -95447383
74392113 15337680
43420941 85180667
-46600195 10052723
33214226 4320545
-29752073 -39171772
47781452 -20514527
52931796 30365757
-25189047 82944505
4678673 54586136
20967472 -65213645
77715820 87888641
40302587 -63298499
32957168 -89549125
-7029085 14616181
-58063225 57902625
2001583 55674265
-61256090 -45715196
69272374 55633886
45185556 -5907047
51568353 98149560
68540962 14265455
41578444 78688254
32781764 97997463
17471818 -79289519
29685095 64412265
5534751 66730442
87256922 17631826
70123663 59895270
-44514241 42175799
8312009 4285028
-20264208 -78818266
93580516 -75837246
91875206 28786893
74855875 30781821
50237310 15423710
76612050 75233442
13375586 57380985
45603675 69225683
54887640 28066126
61121708 -22464350
-29436679 -15712307
-99350738 33972592
-65724254 46711291
-12485124 -21400361
-90318307 8750157
62009724 5264029
26488941 34752438
56157739 13545564
52726363 -11443171
-62900767 66742998
-75297698 -72223741
4328707 15635553
-75533076 -88856889
-11133880 -79206804
-34335455 61888123
81719093 94498291
40706460 -24060296
-51471172 20625130
79312855 -11432715
-27952322 89525451
62080315 34566149
61072625 -89741351
30384356 58146177
-58908248 -54089256
12301783 -41264558
52857001 -15072071
69644677 -59044397
62365246 -11608948
97450911 -53493787
-70981221 -18842699
57057624 39683497
-64463031 68390299
-45800666 60905407
41701088 26206396
2908414 72764905
-66346175 -51118216
-48830713 26138860
-86579301 -11223157
89999621 17527036
-31519251 30347203
-56189538 1050516
33700108 -49544458
80815088 -96953801
-8960810 -88658644
23085036 -80309696
-34125939 -12888258
9623882 -89066475
99089703 54106030
98029848 -50888209
-81288398 -50730120
17844208 -47148145
-16413412 76723651
85975560 73601172
71125905 -65399470
-13395054 31987335
-75142609 11116796
-20709187 60982607
-56692681 91101234
-22353008 -29495324
-33870416 44190084
-10222344 -59323723
-33233162 -46909366
81920811 -40232884
70989914 6385847
-31987569 43842552
74437122 52483173
46964513 77530497
-60344792 -8980669
-2048451 -58258385
-62829545 7910058
-37414566 59751053
-51003646 5102418
-72501580 87759649
81146929 -21646510
-56380200 -41738786
62816445 24449323
-44921416 -98106824
-8506172 -72624028
-90885170 34342795
20359471 25842999
47829860 -52604333
26816387 -39589335
-14702076 71603182
-16420763 82430776
-59434708 -67321159
-65813363 -50565819
8795067 -22716897
-63934004 -13705093
-22464415 82567228
-75598905 44291629
74285409 39465412
56326136 22278164
-97574633 31538840
-63179372 81923596
51490234 40139720
30993551 81451137
45482802 -62730634
54265374 -63921694
-32588335 26873148
-93540579 -85764272
-89532351 -49130086
2963862 -18916161
67048364 68214535
-53199810 -98912082
88536341 -25349647
-81512230 81675742
-97196551 -99862827
38577738 -41761228
95543465 64356492
82209355 -68267387
-73745800 57858982
-4578047 69379038
-83042603 44163816
7833321 -17776532
24618223 70770844
34023373 -86403558
-79652991 30302035
74533471 31544249
-87131517 48617952
10146723 66661496
85508200 78353327
13248331 84658065
-68437725 75833827
491229 -12500660
64825724 20842162
52593905 -42139524
93405720 -84266036
-75670785 -88887542
-94370401 66880565
39321761 89628421
-73415076 21720777
91846768 63387734
3441532 -2504163
20891646 18551703
37194873 40512965
-62231347 -5850658
1657055 -48926779
89129337 80689893
-6585703 15981334
-24229547 72658958
14478067 38014181
82549760 -53488516
-64922462 -97969115
-2238032 -39101153
-85235532 -85439527
-23892369 -30884669
99287758 -89411534
-24900321 -1041126
-25597923 -87616335
-77880858 -29154592
-70365824 4818548
48190756 -95326813
74850702 -79990401
-5140195 -6009327
35713262 -96140789
-60105661 86150990
-46902169 -77621571
-743708 -59156763
47166798 -2066412
-6298817 35355474
78797633 -30989307
-279088 -25507594
90687103 90408456
53618321 -17886137
-27265011 86845307
68919526 12663904
92698467 89481880
79662780 -86546042
-51628767 -11395687
56398945 -2421050
36222722 -32932966
15431333 4679058
37362963 -91778103
19936277 45714085
-49186896 -10649514
65560285 -49002637
866602 -91336439
43300243 -86119866
-12057113 -77727330
45343068 -44765288
-59520386 -67664616
52116262 67513992
93041566 -16220353
-52743617 -35161521
-70478284 48424947
75168636 64422224
-19252163 56798919
73656128 -9636871
35482664 79262685
82772465 -40437157
52318898 -67938956
-76069850 77170468
-70795321 -45059418
-7305147 -87081962
-32572918 -36255787
-47815196 -65163643
14856807 92162092
77746642 -29604948
-89673857 -33331010
32107438 77003947
-97576052 -67336983
-61405371 -73116613
22314120 32151184
20611214 89808194
4666884 16583310
-42500583 98160575
47355309 -70648224
79370628 27702395
6411055 -49433879
33188804 -28768353
97329813 26552604
-18039407 -45804721
-26923592 -26423386
-32977589 75521776
63862799 -38259719
23008329 39429221
22176389 14516374
-86596598 57248941
210384 261325
-78214864 78472312
89538158 4909733
-61457848 81773011
-1911431 74945561
-17451605 -65158487
-80591061 -80126417
48989714 63017396
45167335 -77909952
92045057 -99930024
13765183 11568689
32026009 -74831760
-6493656 92033051
-1957523 6372990
48831517 22022843
50022301 71066511
-48193510 10912557
13629107 -86736311
-97244798 37337820
-48951489 -5342304
59448376 7141250
-26337886 5632448
-2592236 77031020
-15214250 -59432229
38453104 51131568
15079032 -50635345
2030532 85671058
80936810 56973261
-35354577 -91675939
-87721450 26221043
20361538 20152871
-895065 58675077
-90835594 -51137070
6553441 -27078530
-62198345 -7108429
-96490790 68304446
84438234 24385971
28942535 -39757779
-76562576 -27422206
-23284795 27026026
19576505 -33309026
50746388 -20701905
40424232 -64210032
45229159 -17404901
-86642846 70128311
46514224 5054919
33295862 -24920817
-39473017 15630698
9211250 -66549151
62012780 -72636602
-28384285 95307046
28496792 6145823
-66309062 -8295591
15279998 -52114922
-56640635 76703102
-75371840 -74087390
-76381283 -98031414
3057094 11210168
-79625852 -27906385
95362670 -26779086
5357908 -70020876
-96035433 -22701655
41983574 14423598
-90849165 -12545851
81389775 -63716595
-66963844 6836194
-73995729 -28565277
90192145 -20429590
21840164 -23049601
-40656923 -61597932
68497313 -25510883
-16203595 60957463
-11592534 43708096
99419848 -54627725
-50622355 -94773704
-86108797 66144896
-9243035 89090284
84831163 99528857
-43452065 -23775321
-89233364 -83365639
23830224 -36080866
-80352820 -13846359
98418093 56741377
-67725375 -95643811
-11819707 -41104677
79558467 40360306
20737902 -97080892
-50803362 -2665503
-65777856 -56372508
-20045199 71688665
27725153 68830457
-60945948 32666205
-17196628 46090938
8747442 -44098379
-48333506 -51358397
65157366 -34948743
-41385848 -7892293
-67802613 -17249472
82824096 -92923716
-51694686 47975102
-29484091 79978853
-2944987 62299587
20016092 -73584578
-50255299 23372304
39044159 16313092
69865600 88569858
-90597661 -2576794
42217485 90178421
-29947117 -46981535
49227805 15379259
79634140 54128618
-35091365 1092722
94089300 21313134
-26404855 81319100
-54981840 -73080174
-11108445 -9863203
7058071 -87980604
-12541283 -91034985
-86012309 3427919
-849056 4351570
82275722 -25278740
66015110 12066805
-53181628 31661643
35327971 59044577
87273801 -67898614
-66554885 -64866286
84802642 65800109
-62436945 38383634
-61741585 -39201492
37568082 16643203
-34746352 67932139
81636920 -35140592
-91895059 -3426921
-46580019 -85100977
35441541 54473297
44472610 93814931
-10512395 65554715
82603254 57276662
-20523696 -4301273
85064695 42440010
13325380 -33831764
-58093465 -71905404
-24785130 19645782
-55366656 93945285
57611362 96515502
-58630752 21393582
-57126273 776070
-11745439 54012252
71982907 84556710
35494865 -23812333
7417816 -70760493
-55670853 -23294895
44362874 51255659
-57263020 44586733
59136950 61831892
-92125484 -32745887
-92823940 61395908
-44262608 -26825727
91186619 65836323
-1138708 71005945
-81849600 -62147964
-82818824 12949447
64721406 -51383156
-20339808 76661617
-54312395 -37738523
-46312958 -34199974
-18889346 -60756583
-12330829 -53846169
74648428 92776854
89821917 -525013
-95514856 78234458
6550081 -94671086
30008961 -35253531
-79268910 57234347
48530669 6770325
67146699 12976973
44854749 -58417547
22147098 -29406721
-61778484 -76399406
10356468 50675533
8865306 -95112486
20511916 -65977347
47990316 78972342
76217981 89229570
95904498 -48405290
91454989 18241114
-89043902 -99337619
-47370905 -81172683
-28057386 49227041
-72623617 76165640
-66427013 -12774583
-98609670 94436338
72461616 51909829
-33250979 51610112
-28755571 52904739
24418894 -98283472
-26908657 -37816612
-68620334 47801560
-50982475 82358532
-82720272 -90023220
22061771 -95994666
62555616 -56917871
14431426 8429102
-84183281 54474451
91706920 64992628
21080209 -49906819
24800494 10285115
-30177189 -98759686
51421545 95556267
-16390396 60813377
-29880901 82661016
83440253 59833666
20078059 17099635
-759036 98376390
-95267402 20076244
-17568621 -67531444
24287548 -79517917
-61127248 -78200806
31894920 15437624
50450606 14905846
-20559333 -21790631
-66719215 42470270
58668832 17702988
-28371652 -67391079
29247421 -31008370
85018819 -47755761
-26801065 46201570
14121413 -67222944
64187103 -98202551
71043612 47089724
94869813 38578013
-91745888 42416899
28077748 50112684
-20404826 -14962268
-85324219 75258397
