3000
45705861 -95689405
-66176423 -53590584
-13794310 -72815303
23443867 -42244690
7034395 65340017
29935037 -10647762
50266818 6944691
-94457791 -29147221
-14841879 57839995
2732828 29539465
-99102227 -84419029
-44575659 73193979
-86261225 68061133
-32861541 30287966
80106910 -43259788
-48149006 -39007941
-93366890 3048319
89898946 -58556681
64649375 97777566
18915983 -4980009
-38253028 77650987
-58572074 -8641200
43956731 29790564
97647408 -26113328
388841 -71039430
-91913587 51563917
-12734937 -30547704
-38422074 84199962
66539150 -10968170
-95890040 64073563
-97062233 69819693
-95683044 88811781
22483271 -7568692
-56449899 85048122
78947087 -86640021
67513672 81213051
82221267 -42668881
75325003 88473489
8890393 -77164639
10100651 -96553910
78109743 36480260
-63622450 72711059
-61966333 41429055
-39378918 49955040
10210503 31653221
6736835 70200871
15041493 -67771817
25090490 25469760
60558167 -56080437
88848545 27114953
-70631987 72099836
89628436 -64218537
-28858490 252069
52318835 90654737
-85239738 -61887100
-76231003 -79035683
32980537 -34291600
59654399 398488
98683531 -16286996
83845779 -44466162
-89119461 -59789781
-31403136 49966894
-16375974 7332837
48512632 63650711
91227188 -72756729
-64253119 95765864
51660077 8611807
30935358 9916227
8336824 -33691335
-78920079 46386824
84879561 -39355665
13636078 -97417569
-68543731 31487875
-5879716 20847301
76019519 70185513
26622642 49511821
19662109 23691164
-20129267 -97471486
89147967 -16666407
79644581 -19181644
-82912783 -38373855
-81763333 -8090194
77354218 -44567066
62315519 -32624858
62957569 -21252319
3434773 1910641
76931440 -6863066
14111735 25428326
-68128443 -34242574
-16267514 40672313
-29926000 27610687
55520511 70335276
79514860 -30726829
13714000 2022657
66598154 894102
-8190325 -62639957
-12865680 -76997600
-13938270 -52671295
-46044066 77093616
77178834 -79226890
-1267505 47098452
-19760394 -72771183
51937434 -30932153
92061393 -25371945
77210539 19617584
24939389 -77408
99497251 -2742128
38458694 50700482
84854484 -8590805
-34345540 66764369
-38818550 -83463104
70299578 -72965933
1653112 -60633066
-91051798 -93355978
-43204574 92653549
16594275 46037530
-74443912 -11993043
-25982600 51375585
-12419065 -93423250
38011708 70419962
14946783 -62341429
-5140919 4554810
-33192884 95384324
-68421419 -16632264
51015161 -81617301
-720072 -12496047
-18382887 97809392
261154 -69788911
-48104964 5221736
-60340582 31515742
23477907 67454579
95662545 46745560
-60477344 54098374
91371922 78922265
-28636842 -96960002
4637218 92703370
-56713621 3377885
-45186552 46717035
48885016 -56788984
-99013675 24825336
-1385542 -60992159
49731660 4692018
-35229494 47007508
-24370204 -39153882
-3025782 -97743991
30044538 -47281835
35529469 -7057854
23825938 -85916066
-60610596 50500740
-70501185 77318854
-95758871 83658621
-15724314 -88286750
-84185908 88602798
31094669 22953962
-3439023 17734443
-33965647 -20490560
-3849569 -64649071
64504883 -98911445
97104697 96538774
-5643170 -45166023
-25464020 -34574643
-5225431 66692063
21720210 -56812047
-39119228 -53075215
-15225079 -26567526
-41874699 -3993321
-81366079 -33022236
31647598 -8103303
41592452 58781168
-60815293 -46784686
46102302 27169740
-64465944 71993273
-42504567 46991769
85551764 -67548441
-51243378 -22403484
-20205426 -91249061
-62496190 30908330
-47291313 -67417153
-44477121 80536955
-35787184 4679095
-99271409 -89206261
58148536 -56159372
69323147 -50464394
-58083830 73607948
-40150400 -4613244
-17208814 -92643760
-68340098 30936175
-73165725 -44931378
-90611454 48874890
-93081892 73793992
-33602814 -62911817
68609478 33907447
-71168251 -23073474
-75474389 52414978
-4989150 53300525
3715606 80937801
89513569 -70528117
95110873 80150286
56858563 55835782
-26161537 52221590
-1441559 -17479853
-34402979 88723572
-31154051 38263119
88882317 36860522
60290583 -96171527
-25443386 37823755
-83626069 78918613
-61042152 73899974
88566236 -13782253
58651050 76207268
-86865855 75819169
33588186 32325342
86251781 -85500217
20210682 98228304
63052569 -74447546
-97158432 70405784
97522366 -59902923
-50198555 -68322586
-38665636 -91996470
38790218 -73362402
-84319353 97005883
-4529280 -36493381
57843465 26188708
98885065 7801187
61441659 -52115574
-97144953 -79106119
1177255 -76485541
-32512163 9773374
79669634 -79841708
95186064 94349544
87808030 -37856697
1930067 90111716
-99757700 -61687838
-57966183 -75795134
76689876 88767201
-23760967 -97799620
17051258 29041130
916477 -85574089
-48282682 4518833
-29720187 -96631514
-63798681 9115392
87896255 45694567
37181370 22332472
23128973 94099791
-83495661 50720006
38931983 25983929
-6074219 -70289708
-3216838 -85728323
-18198237 -14916286
-93404395 -39506881
40180147 64115052
48622390 -72742094
33782385 17947904
-42490582 -94184284
-27545659 -62317169
-6514921 -48164568
-47450089 84649147
38484504 370848
-27108544 62510220
-39460295 25908725
-55218896 35447478
37433689 28210360
-17680841 -17713904
-49150495 -47283765
48219685 -71174997
-57736107 29695300
-46803564 -61999565
95967568 98680345
-71671485 -81149623
7672050 -26970991
20898749 53969057
98241792 55214505
-69822279 56637830
-607902 -86446748
-8072076 -21192040
86640479 69057789
-93537869 -9964124
-58449799 -70958369
62284750 50970238
56298210 41528879
-5236629 5682394
-76161124 -7475231
31592249 37515405
-98629392 -82758529
63794797 8203207
19600961 80044065
84127218 70521243
39068072 95394375
90635868 -9046272
-36952228 49396631
-71029617 -44676990
-68054682 80961444
46568956 -61468572
1625218 93613071
-81874558 48181549
40213884 55530393
3393320 -36316165
-83480308 -16197866
55622645 81342936
-54382205 -26937895
-45625848 -71148417
-20393458 -4732361
-6280574 95460914
-39534817 26340885
31353931 28888498
-35330099 72335858
45418037 -16202748
48524775 -48372299
-78701967 48925342
-25485048 29677283
-18580424 -1997786
-95487774 -39007177
-88061202 24287544
-15898948 -8434464
-57826430 -69796321
-13448518 -23100813
-89393850 -13826581
-7124691 -46548103
-1218457 -3103142
-45794439 27334258
-56618437 -35780373
24844480 -14056957
31800135 -7690352
33509552 -89605677
25852058 -2713714
-12741098 49105745
43743135 -70398745
-88844564 77192118
85768164 -7358394
-78505661 362726
-75899171 38504646
-57902470 -30346188
-60391889 6997526
38846672 -45645707
-14451202 53986206
-5869835 72358682
10048579 -90914548
86727593 35957458
-32055457 -98128145
-95213318 -85941765
-92870792 -29357649
-75012562 -79323278
54292900 -29390238
-46120820 90919209
47139065 62539911
63770087 -86633747
-60612307 40771594
23941970 -67015189
67798811 50833357
-8292215 81828236
-74475301 -48734382
65467154 45396837
-60430270 39886527
-52118974 -68736740
-39866934 -90951300
46661403 94845449
5024560 -1054396
-25403544 78048219
-21178065 52663900
36206132 80444064
-1582847 -33583863
75299211 -77576159
-1580045 1966477
40277931 62525051
-31467463 -51477459
43971196 -28491071
-90202394 24734713
46321353 24247627
-67973802 29256852
94767635 75495474
-358639 49054341
59954011 75300680
42945065 -45120110
-80635572 8442122
45305334 -4876504
81650709 -72510167
16928092 -79064652
24522318 -66148334
72631277 85371283
198216 99963024
-19425631 2386615
21871244 49434646
7134473 -7132340
-47351819 39928269
-66051489 -41939337
68246899 -34658015
-56454903 79069501
-44049795 -70344158
68572631 78030489
-37360387 -70945806
-62701551 98460278
69393452 92717200
12001722 -71948256
-98078773 -81178590
44407237 -54473964
-84096276 -19179915
-42450498 -68572320
-35581575 -39080910
52785553 -40120804
41963949 1113268
-98856348 -53127733
-54393287 1518316
-71438559 -88277603
57976122 -54544456
-72476839 -62334808
-45141030 -41226663
-69891959 57383547
70980234 12240104
42556283 68310527
-98009707 -89893376
87073586 -2774736
13536279 75581547
-55892627 -16753074
-611519 7920566
89535325 7679321
22786305 -46168058
76819585 -30617500
-25160375 67637808
79262104 -53792385
96609764 -37613844
9286550 -4872627
-64296983 78780226
-64280426 -58371930
61948402 -7353357
99136225 -42638138
-32042212 37514765
-42811860 -23979395
61615620 55668734
-97696186 82572787
90681295 99735282
72567321 23770077
6752631 12085109
30281945 14089974
-60797850 88516178
-23570063 31666816
-1378990 82438551
-22293993 31721887
-19670913 28643648
-89319278 60672388
-58048685 -71642325
94137164 32929552
-93427851 -32768623
17355135 86786075
-1038717 -37420852
-45844113 85536830
-63502132 27276052
-42687533 -86259326
72857711 -32775069
-77192867 96245402
91400790 33006547
4677373 38756788
49035180 6238803
-56962515 -43814767
-35169664 59548699
-59303030 37580503
-79765682 -47587989
-61731101 94491342
-38809671 -82774428
-13163829 -24693293
92750053 9103820
14011859 57098613
48211915 35356776
-84489859 -31992080
66826747 -7462091
27266433 25308752
30798542 76798782
-79746120 -27201130
4949812 -14669239
60890530 52887079
84571846 1583192
87349694 71435631
42592005 -27792614
46516072 78813834
-87967883 55123806
76733154 7440950
82900250 8410815
60365785 -79638732
-39613007 2812799
-20231892 464378
-86044369 -37434863
-46314642 1540550
-28733464 72581392
35467604 -74523934
51026346 -82814309
-45672903 -41597999
21259675 -45580969
-92453412 -20864070
73617265 26359044
35399494 -76107604
-47539082 42217485
43346087 -53282815
37363475 -84764282
48269212 5943881
32383810 45136135
92734924 -56039952
96128736 59558609
25606932 -61197959
77280935 50618210
-67491206 61688633
-11768601 -92791526
-19705049 -93190644
79707809 -6192888
-76841746 -29902250
-31361683 -76868113
55185359 -67785660
76944718 9460823
85559139 62155947
42724559 -56081320
-12628295 22986434
38775491 -99932625
-60127289 -67011210
47304790 49940175
82443243 -31006852
-75141376 -40764806
-62238705 82284405
-89173832 -38229203
45303506 -74311241
-64769064 -43768907
77450523 -34962057
-42513925 84674999
-49265053 20313022
-9539097 4834689
-81068287 -55852886
22422425 42369682
-11608947 -56255786
-52602647 98610375
-82978965 -80528875
58036788 38525619
71222367 27520331
-80366364 -68225162
-2569451 -32586119
-29136276 -9808988
-17217419 -25180024
98087069 -99226465
-48593477 55437877
-97776140 13856862
-80765153 -96150537
63096233 84698179
-1707512 35647905
-14128012 -42592474
-39473527 -87065939
-37121615 -15950224
44639371 71984957
-41013063 21016722
32380551 65585665
98347461 82628518
52094729 -57108808
61838697 -287093
87262164 66925345
-29160739 92534926
72183152 92545824
85029854 59371981
23951717 -75843199
60822586 7771122
59396786 -38719412
23527814 68649266
14479663 93719517
-58379935 -1978105
72347912 57118374
86293273 98367996
83707545 -6755018
-70001523 4649911
56349032 48830520
69742164 26143387
-90931215 45926576
-39583317 3925481
25379171 -58750982
-4996237 -51685547
-98615982 32244386
-70737391 -51268084
42134296 14143830
73971746 97251890
-67551931 27851386
46743148 47278690
-23706415 -15790436
-49406685 69530736
59449685 86565934
-17515875 -15873577
74739398 53255520
-19872472 62512771
64921819 -93306060
-81118917 12106587
-56659396 -39411563
11125575 -52426724
-29082645 38010877
11585706 17133776
61006285 74864566
-68417913 -44649040
-38839450 -55802643
-62857716 -29435746
-45597904 67526127
17725599 -17493961
-60258696 78159377
-18852163 -54482864
54817854 -68033167
-92795440 -94462809
-89268433 52378015
-94526187 -69773467
-90997630 44972732
60821145 12043569
30298373 12826134
21084195 -44847674
-10951116 -63597238
-76085397 10393152
-99495406 91874908
-79272869 86699243
-67824716 59493485
36628582 -88808455
19576355 -99891283
-38397090 -31449047
20813393 72084597
41127312 86712017
-77941099 96370845
45930866 -60472822
41393626 -76995838
-15939128 -27651046
1683643 -78817093
-58528428 -19269912
29347779 -32532630
94596586 -57031576
56293007 84429214
26846646 18427687
29220099 65787909
84442212 25880494
10731574 -45147883
40865848 69691322
33444855 -29697459
28610787 -74082540
59834330 53342363
-50695694 10670204
66830808 36430793
-42402814 -36652729
29365569 -92945637
57978509 -80780238
-25099270 -94054515
65912398 -1018185
-12511344 -52666271
32231411 37455802
25662772 12654653
97613624 -42555308
14697650 13519003
-45807415 -99842677
157357 -77131156
-26839147 -30703020
80288235 51891415
12926246 -18918209
84136972 97135216
23566021 1001147
-3446915 -33341079
-55428794 18672319
-52230537 3230773
-12124827 34239478
73563777 -30003140
-83592055 68301798
-42698989 -71131796
91005073 -40879215
-72830195 -45005444
-67404381 -7637797
-10075503 -14149186
5039583 -95559935
90202245 96334949
97212926 3589345
-71844295 25836798
-82105429 -44149934
47143016 17214490
12609235 -74479398
-43125759 -95534743
-14651964 19986227
49038789 55873981
-74549337 763560
-68305730 -76495964
85589793 -62679396
-58928032 -28707278
-968229 21918817
-53327369 85876552
14092229 -66633926
25476255 3189673
-40123961 64188994
81029366 52526495
-16518095 29592678
14330368 -12369047
70871935 -28354618
60799389 -6582402
55171204 17140958
86219355 -68027087
33277805 35020483
-23979813 -73173239
-9124401 -55227225
-15578309 83564364
40101849 46476096
-20352155 -19369407
38297553 -70014583
34060077 70848546
-71160768 -28317121
-19660658 -60133437
86232653 92129277
-78452387 52857565
-8659301 8295021
40789633 62159820
-80051012 22422468
73488747 43407537
-18299028 108751
-87981410 20466998
96803186 -20745650
-94073494 83865127
-65184364 15872823
50575136 67937375
41455883 -41729867
-65939600 70936356
11322720 55868623
-16672892 95376878
-69862126 72791669
-35553823 -95426466
82265752 -58740077
-24607901 40495316
1389811 -9034501
-78346058 -41940751
-51346892 18785865
-61843466 43772480
-30511820 62214594
-66014599 52381280
65402720 35039487
20985484 -90234462
3999431 33515215
-46235975 84798469
-89377546 55681245
-30927911 47616390
-22772974 -31730441
76869019 -23485348
-33884583 -51064500
-67325934 6306686
1441761 75953531
-5951746 -42721646
-446280 45434449
62799973 22467830
79601809 72641192
14205868 -94257950
-53623705 -27119515
93027984 -7676802
-81315005 26770390
-99398383 40271516
-84051083 -28137915
83248363 -29904037
-16430381 -47173928
85690318 32370825
2575452 -30797546
12987541 66521384
13636303 -63630039
38075301 -22348527
-63456633 -47812021
65141645 -45480659
-51307588 87345096
4113426 96217928
-85701973 -42054097
75900273 -78434434
-91613963 -31133903
-48514714 -88983467
-83749324 78424921
44031215 -2546582
-20142431 -10177669
-46823008 17322541
67177569 15364618
80856325 -27496019
6252302 2147851
-42468333 29388844
90948881 -13133617
-97036559 81423842
-56212911 77852247
57697993 -56529643
-66322723 -97433802
-85268088 40417699
35477936 -23278877
48602053 -40965306
-84544417 -96525382
7104718 90331569
92207799 9278909
62917278 -70326632
-29211264 -83327237
-39481523 -20926456
-35508069 -21243833
-41124611 -94800089
11977166 -61261385
20423851 23665783
13591145 -24813500
-19662683 -78550835
-4616943 -96391945
-70588005 4590364
57575302 91665286
-31301332 14947998
-15602281 -84896138
-37548436 91134045
-6774297 96010283
88260579 42969153
-68942595 -64129424
-91259879 92603701
32098235 -26573949
-36392221 -91620481
2611172 50534821
49974313 28832437
-30190222 39615038
34733448 -74276491
40478193 48023178
-87277224 -69886123
14682170 84596287
-42686629 -18309948
-99544469 56571941
-721151 32014677
-65111977 -93116161
43998745 26175240
51895577 19040377
-3783958 56105191
-32541234 23674598
-39585173 31443906
57115355 -77529978
-91969556 -8650074
3946094 -58701174
76742038 66812211
-63536434 -74501348
39908350 -2304124
-4128121 93862996
99598109 -17420528
-60027172 -97288774
-26775883 -72704772
-83895186 38667169
-25896920 -41712606
-67540824 -26551531
-81558039 -15854471
31299583 -33271526
-31930447 -65932373
39117854 85783727
10870728 38330887
60297227 -99997338
-3681247 5132031
-73068094 54917255
22524902 67284411
29503428 -74385778
62068283 -24379472
83900072 40550867
92813266 -34663880
-5234194 54748703
-92130453 92311494
-74518855 -40448178
64306719 -31463109
-15626399 -13345125
-93813911 54649993
-96883352 21759586
37683195 -74925330
59091359 -76644610
69849122 -77022785
41632598 -13641868
-85025175 6511413
-36468092 -27426420
-22176711 42088204
-4009474 -20106697
96231642 28117847
-52637792 69087858
8693095 44087909
-3307331 34464216
98537763 -6658415
23641430 94996485
64477456 -87720609
26292953 -41094186
-52984328 -5105174
-75481203 21534933
-59335202 19052899
53834554 -98175928
26370126 -79344842
52617319 -24889467
-22611927 -51763047
86296821 -12092726
-27469131 -30582824
-36250031 -96822395
98827222 -4613612
-64828101 -46959946
-79729389 50951995
-56942252 27909641
66497083 17912809
-41487979 -63248055
39283793 -56695142
-98550715 -98357537
171249 28354904
-13591997 25095106
-54075305 72254124
5918498 34120748
10883553 -61217934
-75535917 -39789683
10264069 40278165
36312251 -60603698
-62396643 -98696499
-97613240 -66723991
-45845649 -82304361
27729595 -46672583
-77252129 3065197
23754019 20898848
64231899 61407358
5101397 77080752
-68310238 -95815820
-37034859 -11642510
-7193948 -33518863
76649417 88700514
-99089909 -15467251
-51084990 51416667
41545982 96682949
-33489591 14834442
-58130307 8624293
-74486370 33488282
74074403 -79118534
34016702 1586504
-56789912 90519771
-14225293 60397130
-22735426 37095254
62968330 -73511273
49567913 3984271
81121662 34002425
-66060647 18561772
-51696336 -69459446
-31024628 -5858902
53794696 -3071439
58348225 1861213
-46082238 -74061093
12191475 18474971
-62586768 -84017416
73628797 -38479921
-60326579 -23286621
34911162 20026436
90746456 17259764
27536842 28770981
9190389 30160829
28428408 14204375
43276358 70529276
66149959 -97279798
-22009103 -83989305
-76508496 17221213
4809045 -66518144
1621721 -13996373
64849175 50149052
-13557069 -36267335
41353769 78979019
-62104015 -86968545
6286645 -84176222
57781547 98076590
-27042053 -96355806
-9463472 55345399
-13560889 26570778
-22106374 75218614
49077887 36009409
88526339 -53204906
-47905671 23369388
51961774 -5046119
-79546986 -67471719
-13276072 51794483
-10436191 -51392346
-15835407 -48993209
5522901 -50578001
-49307564 -13118389
-42152703 69468050
-98543039 61362225
-56870159 74212226
-60055012 33343145
97397297 48881535
-41907631 -18900315
-90462648 58040781
85914842 31931283
-95568809 -31764719
66132394 14640255
46806483 -74568211
-52639244 -55049513
-16271602 -55405265
-80712207 98987076
68996275 81288556
21168203 11587182
66980225 -66586408
99030684 57166922
-12617279 23817482
-55837479 32584773
-48099073 94953020
-17131204 -18029943
-29634450 -80692508
13671686 -79412396
-80797465 -78137887
-31101160 -48406700
-23738254 -25784597
21694967 5185072
24428859 -75406126
-72767527 -33866809
9882809 98893510
-66135675 40196438
57168833 -62058124
-56184296 28853274
-7240494 82337745
-23695059 -4770980
27169062 91147043
-14604639 -67754691
28859691 48247291
-33908024 -9307539
-92667857 83675046
61283829 -5499602
28932986 45489556
46870139 42498422
24372255 30307952
57872201 -54327568
-16509164 33354283
-15447606 -30282412
-5658886 62252454
-81710384 -89092626
-61798791 -31706342
90725410 -18734036
-98677038 -5803158
75296532 81844804
-37739735 -43809045
9151408 -90535024
82072212 -83918238
29708899 78718983
47363954 -38448098
73424925 20284500
-27567684 15397899
74250469 9375901
-33206294 -19083123
19538958 34162629
-47988137 -56681580
-91721956 22197035
53708579 38582245
-29841935 97160887
63014128 -45612843
-56604746 32677906
-48160740 48293490
-93080221 -66512187
-70545382 -28886379
46242987 -72453624
-80133578 34644433
21085855 40189941
45721249 -96942630
74049155 -77980963
37413047 69481281
96982092 84353597
-41076113 80160537
-67846927 -52284882
72055203 25777775
-59698475 -96030523
15803855 -75596120
-82214451 53997600
-90053257 -12413506
-47680112 11171296
33029221 -90411500
56176881 -94648494
-3338659 -142630
-83982641 64062749
51127348 15946248
73601468 -82023520
-24410155 -50616451
39724809 94644358
-49782121 10374260
-94111697 62367149
93789860 -4410054
-9924508 99953374
42655281 -16016025
-8678566 73298557
29810938 12711167
-63384905 -44550264
-36388351 -1960338
-79908616 87315232
93188762 -67245535
8233182 -38574165
59980484 31859485
14127572 -64695739
-80790345 86636976
49113789 -59107062
79235807 64251827
-26403472 -37693501
-41065333 -21317220
-22152475 77225179
1797333 44018776
-11000453 92342391
-79846923 -95562481
53744223 68018868
-2670481 -64351478
34347803 93040823
31458229 85594706
92533983 -6052421
22068423 -79312914
-52753141 -43837756
-53071502 63798633
92173793 -73948325
-65910558 654305
-25138796 -50838517
-50475473 85480242
-80158216 -12147628
24724697 91280702
-42368292 21642220
-23634499 -82409537
-5229474 -80039368
-75331415 61174037
-21308793 2027016
74733104 74756414
14575211 18073695
-27885436 -49907914
44128460 20181245
47286079 -62364851
-50925485 -57142226
-63702578 -84466492
-43042481 70504747
-98263969 -24138477
-14427164 -91574081
-10647390 -11132299
-52038364 30049197
96197679 -7038094
74841420 15519720
-82912096 -15824272
13970229 -99358781
25160445 62750114
-45241978 -22838435
-19971292 7811602
-12733496 -43950318
-68482845 -88758369
-34486571 -69223359
-67745383 -57304181
-71115331 60174920
-81190951 -99841454
2958313 78750999
57147541 856801
29212125 90213897
-3432670 -19123833
-17829980 -63391150
94061025 12676217
3049338 87091012
3729516 -69824343
182029 13977320
32200117 69073404
-59890106 96115498
-5838088 35759003
-47592546 31166631
-23809220 82267344
92279832 -63973692
-11369188 -86142545
-99079124 13041037
83018437 66868520
-8412062 89224989
-76124665 -16295277
28485222 65557096
-89838865 -11795034
-86491344 -64017772
51840004 -45010020
-51385638 -2284071
-96141972 -66359188
-99603054 10012457
40905709 -80258769
-83484317 9326625
13341780 -83047407
-46443904 20203212
-42027789 15666239
-10829250 12359086
-52326890 -73428884
16743397 86802220
-10112199 24844745
-81963126 -21651399
98583157 35037871
62127992 -42853053
-9257304 -568681
-56938986 38531997
-76706458 -99476150
57184093 -47960870
88426093 -38547879
83417424 -4751727
59000381 44351539
16639531 98607790
-55436656 11207828
-73957542 -32770303
11857049 -76161798
-96068427 46507908
7480576 -70482256
94369972 34870280
-24480611 -69094689
-26694310 -38767626
-10783327 -66331300
-7250305 -58602010
-83351332 70332255
-28120996 3965698
-8923623 5095875
-49476040 -76001118
52937356 -59813138
17228368 53055763
92816824 1671734
-31933468 57287636
12265173 36705084
81898604 68482027
8660203 -84170003
82930593 -93346247
-15672920 -94249065
68091593 -37118535
23831277 85846464
-82331910 -94999189
23511938 8680417
-21848103 -87571100
4157781 31031035
-65112295 -54466047
-53014340 65525384
93614480 -29212021
-4350643 -63152498
-88623303 53394711
84014225 -84243832
3979897 58704059
47305779 62362888
15705114 78120047
-6524524 20137165
9815718 -10228188
59166817 91917383
-5084514 -91794124
-35837283 98077060
-84227006 -47143818
72684307 -66227490
-98010941 55395748
-67743553 67531844
-81331048 47550048
-18696691 -47001273
-18225322 82087296
-19840034 -91580112
-24194938 79899386
87084478 24305420
65070146 29131543
59881815 90809086
53487 28551636
-28087013 27768724
87441410 1181507
-25093828 -4045588
43385194 45766013
40696118 6049061
92224432 -23827000
-78240377 31755802
94692503 -78313200
-61134444 -95774956
35916475 -7461509
27667957 23799759
89986125 62357070
92125439 67252841
-89976736 50365091
27293843 -79397731
96519975 -86629087
-60768167 70389863
-27180448 -51361105
74602448 -77871508
96372057 -19288979
22872522 -71085333
-67458964 24098887
88764940 32187616
69104181 -31958437
-73824071 16523473
-11805977 24073298
-5986130 -64722841
72142308 72166172
-96643899 -10620269
-85660433 5374914
-76960181 76982786
-23504863 56192798
37475756 -44562829
21786734 45032773
17959811 -97608137
-96996838 49578008
-27931067 35565859
-1736091 -64220392
4894801 75721751
15953001 78618982
23692493 35708888
-71265513 -3708133
48839731 -25045911
616410 26907328
-98871224 -10157770
-35383672 28159357
-91480205 -66565713
-7763943 -46550278
-34241762 -20177804
50569298 56806
-91862149 -49327267
9799545 -67889561
74138314 992391
-75811088 20330019
69232047 -26699171
24194490 96667370
99440989 51707163
-74556371 -45899209
-35096961 -93994183
6000500 42841695
44366796 -55450695
10093734 -26768791
26934152 17824989
76423964 -34644791
34102461 58880517
-88015845 29019869
13054162 -55264451
67393227 38890500
-53499547 182039
58493344 69742250
-71149650 -86899741
-14114697 -12573640
81880153 -59868006
-25194504 -67333582
66853244 58803529
91800531 -58991691
55227163 -214082
98210968 -29838815
-79094412 66465924
38048292 -17618216
25067971 76332998
43633310 -99598066
-97810135 38013149
-68523372 -41075462
75639740 -38604996
-92521224 1866740
-65608607 -258553
-67641 63928900
44689526 -77639821
-16247810 88905314
52413574 -21265712
7705420 -69207522
42384213 -65042281
-41406628 31988310
-31999383 -7123744
45685789 -65449490
-51305216 79204661
-61079247 32406546
46415320 -41478363
87629440 33059672
-27131300 -48432230
51064512 84387360
-92306322 32521961
24801679 -60419780
89499113 66261088
-29838886 94371768
-77008338 -71590516
-20795982 14991557
93124186 89415101
62085452 -45081894
-64563111 17351001
-55250744 -43347008
-75422625 -47908036
-80284319 -91314704
-27053569 55040817
65563753 76984828
57503410 -19558118
26968156 40391804
-80691292 34101345
90985114 60986205
99409067 -38916933
-49164393 -92413183
39377676 -82829489
12393572 -53726044
56057747 75208620
-76906356 -79317475
-17136222 -7499399
88890597 29803716
8335850 25382686
11314394 80260717
-18727656 65483704
-15635485 83350374
-16039621 -11482955
-84264382 -80869123
-73892189 -3867401
85794538 76701312
19054802 92998281
-81116439 -80076003
51621947 -14667678
-13204200 -71684111
33316795 3331158
-9007572 -57017485
52018682 96669757
30143045 43046646
45676193 38789150
26799464 -75207438
45140629 12812870
48851336 -59074094
46861683 57310517
-33738848 6613019
-67945426 18952351
-89876166 31137228
28350153 46852266
-25015803 32578271
68812748 -6677418
-20797691 92717585
-87864174 34057303
82266435 -1583567
-99111395 20989665
73116535 -90654743
90434748 30437836
-92235761 69731229
69862665 15679245
32087814 -34082504
-23292778 51947551
-48697944 -77647882
46742000 -53755204
86841 -58677871
93877172 51385225
87370112 11388943
36003521 -21994038
-87814887 21172091
43230877 79649956
-11378527 -70088311
-76623613 -30955951
-52268710 83187976
33730143 -84039856
22890949 -61796641
-8949606 -1396828
72794334 97746046
7172326 -10802702
-52853226 -78659872
-13822638 27806933
85762555 48461902
-77832831 -20885354
-31100454 -78656184
-86235901 95115758
86446960 -27265372
54382474 30886323
11781518 -48556321
-72446522 32606424
77494245 36773853
-39529395 72718393
89550649 -23409955
37752574 94394843
-97836028 59337312
-3377391 69274204
93456403 86618585
55698559 -34882838
43964629 -5151355
-48887765 58967816
31464235 25881460
58758806 13164327
-311171 -3750675
16464951 -95405877
-20054687 -58216660
79968157 19973548
-48378660 16139477
1691354 997476
-98662459 -68637786
5174423 -11735664
-42881851 37712653
-48055566 20330761
-70296565 -58888253
77915908 49442289
-56360042 -11870159
-89279596 18353711
-30075476 -85889873
-26638490 78854130
7549302 72913160
96252560 32544352
97518041 73017880
-47802579 -29656423
-35752251 93910980
-44807983 18758565
92725580 20096801
-81026077 -89374165
-90350364 21960991
-5729159 19376391
-77547895 -20283660
75040282 -35768293
-93911826 6930568
-36803747 93554306
-76957089 92251691
71017228 79949542
-75010237 -66836749
57601669 -61741780
-25682907 31111755
61189362 81260658
38734089 32985132
-23442413 -55756126
-26245125 -36111554
-24616361 36901561
57504766 77956175
-27172529 14026190
62846498 21590926
43009091 -83277068
45908696 13982166
25789469 60851860
-17577332 30310747
39950658 78790226
28861012 -81035744
-72069304 -13130052
-38398099 81283617
9376056 -32557597
75643426 -1251494
86613905 -32920593
79377453 37639014
18818460 -64601520
58413867 -4216863
24307985 8973191
95118589 98150608
62156818 791410
5272086 -4739997
98133711 40055831
7597758 -69390744
-4576602 79312233
13966237 96456044
82159240 -79090469
-14026438 68952415
73575613 -78066068
-97746784 -42608607
-71430693 -41451849
59576658 -41466050
-9128996 58636484
-45259888 69527620
55359004 84703009
20367887 84632468
-97202743 -60242914
-47310266 38626270
-40596555 38587689
-26291778 13709307
64185669 85276443
-19121609 -93134064
-78027419 94936485
-71066 -19825603
-95957927 -10303009
35075405 -20124817
10064033 -72776281
-62531911 -66641139
19890420 -75707219
30167942 -63151787
-99763831 -24369294
-58069222 41491990
-25498827 12533474
28216918 -90515039
28855686 -21978898
2081031 -26157987
-17916200 52215535
45041281 24603905
-40930359 49668031
15375433 97740029
-41840007 -49998588
63978904 -77553997
89546724 58276738
87226849 -22862075
-63309073 94018532
-30191971 16924364
2617511 77151074
47792154 -13035953
-48309884 47727772
-99511337 -97848488
76539176 51723939
-11827686 61298458
-4615439 -45910656
-81545945 -25352955
90298752 11523258
-42687907 -64115115
-95393505 -87687344
-92493984 20328289
57206595 -78639997
-96370631 -29932969
81515920 -69919118
91004947 -900305
26738002 -95386715
-46641081 -8782835
69170592 -84749244
89199156 88224681
-29316822 9747742
32303212 32295327
43527255 -11696753
-3213371 -80173442
-96604934 38171150
-23705299 -6580573
14658540 41761711
69944186 81909362
-72806405 -26914313
-42015479 53682408
14389481 13766613
-42348559 -30850653
-81861661 97324723
-71652721 9404213
-35601251 -4659521
81798093 -40108501
-59017906 -80932470
-9195521 -71184456
-28716326 -52075572
78575629 86982506
40842079 -56263962
-61407802 -84020230
-37917512 22662327
73194937 67932091
16049363 58950871
-19435094 -61167252
39809913 -35437522
39309258 -85739256
65933985 4042244
-30659971 2803564
77284981 2665140
93971801 -51564311
-1920519 30151595
-27995916 -66131212
-30595770 55857441
97688174 35707142
56533430 89775878
-32368403 65758823
88192944 21906029
29397094 43031547
97257509 82372941
24217895 79267178
5545060 75097803
72050019 50388345
-6320171 98729880
-56245959 -62692846
22328392 -82770531
15914225 -45307577
97933220 -55830168
-30457722 46858301
51745952 76996433
19291175 -27760975
-29207797 -47808528
-70071513 51328185
-19005636 -82104256
68301522 -28630848
27333949 25111830
60809119 -48234798
27812823 -41844312
-61685057 -71078506
40089387 -79312108
-369626 -62362443
-14254436 -49087052
71624119 5178799
80239766 -95819373
-65305686 -47287178
5474051 -254963
-88202930 -92464667
-38915905 9107597
69395738 -49504762
8589114 9096644
-40071230 -93388352
10762244 -37570118
-81957347 50521555
84341045 -23192450
-11802304 -61374055
-30694312 38487324
-77809607 86189549
57561303 -72527740
-58489241 -94688537
-86467124 9083883
-82129826 -90372762
-89001867 -86091981
5382697 82221575
-9958234 90474889
86297812 65866044
38915165 -13165151
-62166684 -43600768
-90530964 56207298
43289141 -92306802
366266 -49780470
68534166 -51913155
-90021857 47188346
-63470568 53963206
79925780 75725605
81650326 98391588
-10071635 -24732243
-54890584 99459209
87622637 -39483953
5892053 -45061379
20426814 17543100
40801210 40487684
52701733 83637296
41971085 -84787211
58816822 90147196
70956748 -37376563
574158 65962597
70613322 -46384428
-64459151 30608675
7335664 34925404
-71887165 -7440926
91559809 -91425423
-99354720 87570819
-84298055 -59195016
-69531881 -7127108
26857623 -36575719
74267313 59067719
-11389773 -67808037
48350544 44793294
45845716 49190207
-62633772 31540490
-12956916 47658099
78022444 88705812
-26073909 39989696
21160305 -95138844
12950495 56922701
-67878136 -8457100
4343697 85114674
-32360152 -46901679
55812486 82391015
-93882265 -69815946
-82052805 -99641148
97016264 26243305
74755519 -53735776
72043517 -21985688
-53413185 38870710
-21095057 -16167980
-81897153 54117173
9961684 -22198476
-89426055 5686105
-32593410 43116429
3652630 -43570576
78134837 3148904
25528751 -71053144
68590153 18673360
89564128 -94939890
86994979 65414447
-73405810 -34482982
45932248 31733596
-54932879 -52751028
-12177002 65545462
-22952092 761574
-25163795 66352648
-28694328 36746473
-22128781 -5064495
51047519 -37855710
93909008 16891285
85566664 52982956
-93791184 -59285124
-28610748 -34475127
-50153471 28332518
17364258 -98376311
-47668385 -3607478
-79276024 87795932
45132877 -65831928
-96626206 -40270950
-82357961 78651223
14901759 -16681265
-29774163 -37146062
75092812 -97154647
-21109651 94808197
-29699766 17763346
-72437785 -2174089
63222699 -38850750
-11072509 52855445
-16003383 33756688
64139139 16833675
-55095395 -94546188
-34835685 11212759
-924462 -98371375
-77446161 -57419492
-6820882 -25700653
40443206 -69369482
-18040094 -47668305
-42949730 -45995785
57819497 -14576387
37936014 98253397
40935498 -20925022
24701530 -53797259
-66168083 56043346
-65341387 82076511
37371159 91746476
-13215039 35734117
98022955 75317478
80595002 92720639
57440613 -91411480
88561809 -86097150
30062063 15708438
19363959 -20427157
-15758618 -11068824
-30607027 6925880
3774991 -74854086
52413276 -36962854
-7894416 87948228
-44538388 -31596443
-46712023 -95319865
38723023 69552078
-88597909 -55796512
-50072237 -50340620
-81466651 41023097
41359419 27127792
-36368849 -50105685
-21549818 5185489
98882555 -7107882
-62867256 -22159857
-77688323 17983884
10788096 -88383062
52080654 -57964191
97823082 -96135186
-92544845 -90185428
-69386408 -82164513
-26702435 -14987388
92544884 -76857971
19558840 -15655281
80457346 -33759340
-59547313 -40808874
85831021 -42670899
-76449160 63206417
29397171 31026596
-64881083 15216896
-30134354 41558908
31992864 -42603589
-61259741 17119758
92797761 93645745
44726642 -41336206
26128113 -36626150
-6264897 -7486246
-84164819 -12822814
53207566 -48046313
93170225 -63117019
-12327845 -68223475
55120102 -21003731
95278448 87258753
26161619 -4424012
52380065 24333681
9113351 60846788
80150801 74470772
-22171288 18009635
-27013764 -5693465
16629920 -65323387
-72847967 -18139286
29067735 -27069635
-98551478 -93217119
34406463 27792350
85950848 61219095
89030238 -67420175
-27990490 -58595707
78268841 54852056
-49601885 42385937
-43125896 29460383
-49297368 -14586286
-33722894 99539484
52500730 -73502917
47931740 -58899811
-11336284 -40822300
56444804 8624761
-27911066 19859974
-52080912 -85329290
-94930890 60321762
-12293362 45870505
62433525 29856805
9279417 -4265035
36054420 83503413
91263991 70072178
26542757 82478057
32435935 40407347
86942890 -46984929
-77952938 86911293
80086796 45644284
-69511179 31270581
-54776448 55231790
94704352 -5137181
93694528 -25231920
-70241569 56680599
23909337 35324356
30107240 25926867
4439945 34121953
-81728099 55906975
66611269 -91366359
74192102 -95198276
63977540 87947032
-47027920 5742146
-7640853 -88686782
70292586 16328583
-86579848 -77178059
54395797 -11482048
-47786409 66930042
-32198822 -71730349
86035210 -19557525
16349322 -45925082
18011526 -56752444
-41638267 61032283
-61834182 -91952011
-7654250 -39080345
48403601 59202051
14092021 -33373422
71583343 15536021
-10517557 8028701
-99657033 -77761606
25664081 44813344
-15689798 3743185
-72100846 68076382
35738203 95819286
67412833 23856094
67453280 -42077756
76863378 -62628806
-42545002 -84738831
-18905845 -79486263
30424771 -72279466
-62816874 20049931
23313353 6384255
-70133232 21885500
28995684 -76308268
-28606355 -73422968
-62181619 68450959
44289628 95066585
69271202 83249623
7111221 -71920671
-29054125 24500567
20710016 -92863939
-17349499 81693981
45645854 -87770054
82760133 78116090
-97989188 64835316
-8333167 92564723
-85499780 69265053
-34957616 -85856514
43405348 -25778442
-19447141 -87882831
-40325781 6199903
-75676093 57014047
95507813 6256915
-55932215 24883255
94438216 -78872014
-47612202 -62299076
88261058 -50812065
-93148023 36957132
4305253 31097880
28202618 -54288888
54968337 69510714
-7637490 11242444
34809499 59020543
-41160605 58098215
-91913927 64402355
68003305 -3470320
93010182 -42090057
21586739 -57677400
2165211 -20299982
-82490397 -19562626
-26676045 93758547
-77886536 65022195
10025936 92812916
22682114 92954300
28940572 58143759
-68831828 20570626
34251631 54168909
99596774 -24165592
29454010 50611548
59073295 26146623
20467926 -75806997
65807424 27005903
45069593 -61553424
-8019012 99143092
46166514 -80051051
34474107 29297705
-10599801 -60364754
-82811909 -63586638
1214761 -13733377
-61390559 -46598285
69600066 2755945
-83206099 -77686176
82063722 95858302
82025781 17967461
-37764396 43948402
-75007131 43902367
73242222 -2969210
-88538549 -13294294
-1211807 -2820059
-20118211 76371138
54193728 -80008378
37891922 -34304331
-17299335 -14324068
-7672183 -94175872
93075119 86778225
66703173 -81516131
-28957729 80463982
32365677 -78692614
-84005503 -58316433
84644397 86283456
28588714 -91845474
-89277792 -23535026
49233363 34088659
-42225180 14194292
-90063901 24317551
42390424 74352417
-86625056 59331831
75280527 38045042
46288844 31705266
-97635838 -14262883
-75725481 33989945
44560318 89771165
-78372159 -96391022
-2486870 -9322695
3032687 -58959780
-71609454 5052476
60300167 9218269
-82859297 92920261
-10289961 -41501639
-66911504 30623302
59536025 27785637
-16219771 22924850
75287598 94657491
98811682 59910502
-85491632 -90228404
-2422468 46644304
-52941883 52429919
21328547 36869937
-36458881 -75662943
-95426706 -77271383
-49309105 -99468479
-11734984 -404302
12412705 -65009927
-37330538 22760218
-69535937 -75241776
20636970 99220480
48408238 9141240
-7907492 -43891509
8619601 48418581
36093166 -5855124
-53861065 -97661221
47997865 34464584
15467680 -2738839
25330669 -9294175
85623753 -86703418
27257917 -17208289
-62955712 63244145
-57635050 -22876407
32039547 42218928
-76900398 45825318
63044558 23749422
-82308265 45262266
-33737573 -43163093
68258551 65543681
-87280501 24751386
-77491602 13521980
-11940598 83553048
-18477548 56570404
-43760974 -84474012
-28799551 -93502729
-4511431 -22812112
2289715 58043167
-8667763 -93778266
-34019959 48989509
49865015 -71573551
-81463324 -66213976
-71641263 -55531966
3360388 58744188
-14976269 52460584
-14504566 -52974914
35230108 -30781272
-21541819 -10380554
50755337 42089103
25854411 5482063
67290518 -97472604
58617582 -35844420
46130458 62964573
-4296445 -48736917
31845623 -72146060
58971669 43224707
78871638 36419480
-40675684 19363726
-79744934 -42364135
-99885662 87372037
-72483026 43699086
-94293278 46403155
82467373 -50737159
23692225 -37639802
62469036 28328476
41321277 -97063808
609116 12251788
1992802 6672656
-14004491 -14850718
-3971787 37081898
1537924 67058672
79090182 -40983363
87137363 4608991
44271364 96980710
86181503 -88362907
88300711 -34560791
31006987 7455193
42814448 56764116
86202712 76219953
9093070 51448192
-18649259 -651324
491351 76153540
-52546584 64590229
11799556 65921804
27119196 24719002
23733426 -19805188
-13549201 -72963536
59448154 96144159
-44918450 -65547553
-17017769 68276506
72128972 18588033
28330996 73995978
-96497946 -87728833
20317614 -14846966
69823097 44477599
37455412 -39193627
-84001254 -58373419
75670548 77075207
-49406069 -61978264
-17918723 -59347488
84838477 -42295739
48006895 86754168
-95103006 -94481799
-8095478 27225442
604291 -67093270
-45579485 70633051
63256731 14496550
-35484403 51026884
-60604870 72426006
-49886209 23665606
-90010138 39838423
-50668945 12642353
79113891 72212515
19871461 -41545147
81332543 63360387
82177047 11055539
30477890 98562842
-23435673 57953930
-79802064 82464546
11536760 -40452875
39555602 -52642378
930026 66217911
22818358 38996528
23066013 69441665
-92746041 7295554
-80465534 5026172
-23561298 -51107167
18481459 57760671
60059464 -41105516
-82326729 38585857
-37153713 99793156
-63500866 1003738
1344089 26569568
-98779439 50731081
75386563 67422174
-32337985 55317151
-36015585 -20182866
5927710 -37357862
37466788 -66125097
-5996935 -96462041
63361707 71984242
-36159222 5461356
-83623327 -28026220
-81967146 62989183
-66933986 -76196360
-34123305 -57241261
7870284 10795495
-51813636 -99024169
-57607452 1842328
-97364602 49344715
-9320956 52053760
27735586 78380271
81239978 -19882182
-63245898 -90184304
-82934313 -39462159
67528153 -54374347
-81695313 -18311168
-6972448 -65328919
-7861841 6997090
26514236 -18781106
4482798 -6466916
-12788433 -82422276
-75801312 -73452901
71201244 -87797726
-45839890 82026057
70026807 -57166707
-55535340 95223634
18614632 -2300606
31141236 4445481
299809 96692320
-71978375 -24512315
-57706152 79304224
95753728 -20781425
58449519 33315916
82370679 -31378394
8947248 -175589
99468352 -80043682
64515788 -11789803
-38479841 -53879181
-72435475 -13742540
-85836018 47488100
-91100241 -14951213
42681280 -79334292
15280471 -13499722
-33588363 81263252
14861023 91421628
25345210 8240426
-3696354 52823808
-30835965 -10724682
-39350962 33115499
83701479 -8942387
79029069 -89143408
29739596 15460460
30171009 52940533
-34291617 -63620727
-73733040 -57512852
54282832 -26562323
47037224 -24417595
98692258 41924667
-19791311 -63692265
83233013 -96394876
-10622936 -29425119
-47665728 70117449
-31092780 -11613474
1174528 45229633
-97428333 88787336
-28237388 -25640814
89697236 -92138435
849305 49324648
34692633 -96674870
36370609 -85184815
-54514209 -31177657
84553414 -31479372
-50673729 29061584
444085 63654905
-7123058 -72198989
-96112611 -51452131
-1148915 3284305
-96993751 -5397583
-21869904 -64170648
-55994760 -84146139
-52658706 8045293
19012492 47000282
-15335502 14348597
8593574 87175831
81414317 -72651335
57725932 -96403571
-58758658 76265442
64427411 -54636634
-29714877 -9797215
97906548 -11322150
81800505 -71566405
-70986550 -15716081
23111934 -91891848
-41094353 70786697
94115202 -41510294
-26133988 -76407319
-91190861 35709743
50519876 50441043
-61238957 87953370
99515267 -16806510
3301356 -10692200
-25916669 3856842
-18955209 83126706
-97911687 -79764342
65224371 63955284
-79050268 -13430435
-97930310 -47420513
-41097699 -2809082
77709695 -18674340
-22660944 15055062
65103052 14161031
-34079658 24828368
-74569207 -27112999
-21106330 78177175
27429880 -45046847
98494949 -71100482
33689033 7132317
60015239 64358973
-55483196 -83600946
49847373 -18722281
-73306886 -63404788
-19516110 -76023073
39187355 9052953
-11267792 -75486478
89440706 -99524310
36563888 6742735
39962651 -37296226
66302917 22060855
-56087089 -24548876
3418532 -27855513
3826663 13105529
-79447023 -87914285
97315967 80678112
-79457770 -68013732
-25533154 34956147
39333945 -3973268
-55880093 -62801855
-22701129 -7391214
63421717 -7371505
60191521 -95902803
-82718026 71671973
-69313043 45938485
4258870 36765814
-58856732 -98029088
-988292 -88142653
-15119833 -2987189
8746312 -106719
2757139 41197070
-49471385 -42558753
22033400 21245989
-44822971 5845282
21842336 36632248
90225171 -778985
40679278 -55472707
-22292103 71625481
27638509 -22479425
77941057 -4302906
-96437898 -59781888
55752935 96469278
-69760449 -51745719
-77753653 -99268553
-49972477 17958054
33668103 91357716
18189207 47726403
68282718 72538254
-75451868 3890719
-72760385 21532496
97858771 73202024
44510999 38828711
39994761 57619929
61226340 -46892755
-73463342 15701340
84307997 -57222839
52198144 73961530
93552575 9859408
89942972 9231760
-91872631 -15513848
-83434172 60780992
-65558065 12948086
-10608606 34415502
-31117700 -27246242
87589940 -64542387
11757725 -18322735
67861497 5301463
69818128 -51690290
74545031 73364542
-61229942 -97870615
-3916868 -39926952
-22524867 85600064
87731178 -62001332
-58861501 -51968350
37320405 49299801
-45218703 80232457
-56357168 -15545917
53468294 -63460067
-30838082 -6184030
7748397 -20037890
-52240645 54565815
-24401744 97697729
54485629 -46885754
13594757 -95902468
91709455 -73656565
-10268950 -19291733
42821561 35685399
70444703 17754018
-84077899 -25532766
-35370733 84646313
29213172 -46220732
60100460 71791983
42505500 83052196
96173426 76102428
-64209387 2257400
-44549872 82934865
89743629 -17524008
6876568 22184738
-1954841 29420200
-12597677 87468634
31441724 88830416
15907528 89100176
22305017 -97889648
81657559 59175659
59183706 53959558
-40824574 -63244603
57908283 -80145874
-54237852 99994791
-18480359 8435648
-75968971 -62824024
-66600816 -48938433
-85504589 -31244459
15664926 -61564454
-2250060 -88480895
10128498 41421922
-10313600 47717878
-19226587 -69855835
80072304 -69982028
39808569 7830061
-71566870 89466529
-25684299 83306745
-35318466 41119749
-40330450 51128883
-533337 39989147
-86469004 -92496364
-41208846 52791559
-22659720 11450111
53262059 -2207710
-84237697 -26310142
39887376 70381951
-57837010 43002502
-69763300 35581301
-8068889 43052484
77760907 -35286748
64560314 8382294
-99677581 -7607267
49473445 12160994
80331783 3709834
8538282 40779278
70884491 55424416
28459163 -61150850
19055301 -84104935
-53355659 -21416127
97308711 36799589
-53556600 -59703969
63176729 -52566893
-50571327 67815533
-91903794 95833949
-79670172 -52107337
-85706833 -50312165
53365232 99622007
-2081318 -96194034
27991437 73165936
-76803870 -31403713
97406796 -76960171
-18925184 -48888777
-40070696 -25036571
61828076 30383759
82253548 -11850718
-37111441 54068738
62748227 -45064015
80718009 -85717125
81428289 -61393269
94258763 31238607
18694490 93578474
79872109 12203155
-65404445 52786552
-22991501 78744606
-91369593 73302714
-64810438 -79642262
45709606 59218350
-9448974 -19181417
-80489722 -6872671
-91789298 87417389
18877634 -23140357
9867069 -88893430
-4936045 25510659
-69807057 -88941188
82800400 18860022
-84681105 -53042040
-6086471 4596993
86626987 1020362
-12090419 11033799
-6223241 7872007
-53498550 41845194
12267424 -81800253
43505893 46433343
39698669 -32987011
12242650 40575580
6850899 -40753315
-45214817 75999694
-60410350 58395817
56493811 -84353555
76435414 96844212
-11325653 -86572470
-5319973 65542992
-33995150 -19368428
9643757 -62889771
55311494 -60698147
83625241 -42916080
-34551977 51928650
19012886 36198198
24105982 60319008
-89211852 51521074
-54730934 -11156194
17213458 47384214
48602737 -9326257
-61202647 -78509002
25373143 -70535830
-38229223 3917510
-83889089 31562071
21318452 92269826
-34711902 5707437
77759855 -68377520
-19698320 49504989
51556205 -62333355
53117825 -51828367
-1900077 5980223
-10522246 -76469650
-66677860 61663465
4688286 31447536
17473216 48728855
-66767027 -77422765
-51495034 -27760061
-30675789 -87240386
81743629 6956185
95604744 -85109314
-98347094 -51460327
-86714946 61803519
8316013 62654252
63516942 71537627
96842381 -1407305
-63804434 -94047186
-53219151 -29771698
19987445 -14308142
-3589953 76825856
-76592434 -86224767
96787112 -22094860
-68805928 14730904
-46245528 50755028
-32918488 -39837383
96204896 -96083220
-21269851 26940382
-15577926 34137366
-53220182 8784366
-11783776 -92471810
-90221940 -59860927
-49833914 20947709
51273641 -37653533
60499358 -10161011
94055366 24172846
-8216180 77057193
-4141709 -44084540
-28904929 47444645
4382755 42995006
98164627 34803886
-56184093 -12282099
15193490 -19414850
75994045 68782993
-22873837 29988947
-83153311 -25224234
32715898 -82529624
22782654 -18151593
-32798687 -80784149
52539595 -81208564
-49496818 -78038654
28289517 10224711
22770608 67516425
84589100 -37767155
72402313 38216729
74563260 20112794
-21642777 63853403
-41947666 -25113816
-99342730 47223015
11860186 -99709349
71206512 13273565
61423629 -55807913
-40407833 92999175
78743118 -39506654
21339389 -16000542
-20609438 -4675782
-62786582 30521289
-49931660 -43587766
-69311798 3002829
-81709460 37730521
4862963 73126326
72488632 -11993346
82771201 21737860
-66136503 2868987
82887644 8279421
40173061 -25862629
-93327277 41774405
-25231368 2691094
47049826 -26882542
42481414 -50628587
6124376 -19931162
89137445 -72138328
50985982 -95811227
-63677339 93635345
34666500 -41573545
89312348 -85591964
4190131 -49070593
-876097 31394330
16472481 -78010531
-12736057 10049675
70015642 -50493996
-75711124 -52338306
66653018 -51149481
-29594568 -92422547
-68292775 58042308
-60818315 -36907739
42543999 59084777
64408390 -99042554
-9765166 13291739
-73174598 -69712794
83292421 7781880
82240921 23147216
-57255211 -31411485
45890743 8865016
-5739431 -55010806
53411979 -93374933
16890812 11874014
49309668 -57076889
69200225 64897067
58885353 -42725625
-56087331 9481801
-46248105 63137916
66672946 33685870
73714575 -21982333
24198615 -87512412
-8313786 -24522230
-50460631 32534346
69061230 40518917
44151606 -5188572
58623584 -94415286
92056515 96480517
-58048349 94195079
-69151413 -23586004
-35239002 -61767204
13159366 4891394
-22660361 -41973785
7085790 -78133855
69754335 -63761808
-38052910 15856446
5529061 -92692403
33053874 -36065677
-37932665 79014666
15892076 -35106708
-20793948 62059571
72904750 87698353
39806304 -72401328
-33369886 71784990
38076500 21645175
37253552 6479260
-88898967 -16455062
-69539725 -56112693
-76535263 -73292933
30341172 27383893
93990666 -53140441
-87035314 70929143
78917345 52461794
-20516995 68025374
-61914576 43655033
92908306 -18433931
37948932 -79761479
-28782443 -57837332
-63659554 11094585
-38761763 -15980201
86590156 80880716
46014898 -58307028
-89187347 -2671996
20098597 -15327746
67842748 14697679
58460895 49337453
30960282 41390258
-29915598 49046173
34322061 -81231409
24640571 -66992119
48649555 64828121
-60884423 -96835947
88088199 36348236
42362495 -98725269
-89572953 92083878
23123436 59515573
-98878613 -64147887
23621561 58797089
-50503968 21537579
-10011140 -90497517
-60752129 52036274
-35773137 -28881993
-29909657 62739023
12306734 47224484
43415941 59472965
-63549596 5230222
-25676965 -25696047
20041409 12638477
-65627659 79063537
37343247 13799545
-57405215 -47565309
-10476579 12955358
50205897 -58509674
-31953068 16968642
17188469 -87939164
-94589790 25525442
-72311224 -30591772
-35286213 67235217
65411542 43638914
15709396 -69458205
-89815289 -21664453
-67705400 -4638147
71244010 -34385382
99709329 -47458600
-40126578 71624579
-27656626 83552515
-12041516 -31063
85881227 43396203
8025913 -74667930
-12215775 17199806
82001131 85034382
-78485675 -19547185
70339214 26029222
-98894231 88258070
90816669 -47315129
20270759 -71820697
25876720 -38006416
-78011725 -58339240
79588353 -41404616
13427590 -30012471
-84660861 65453284
-42799317 -24725735
61516583 -40218007
-8851664 -2342315
-25073681 77049597
65912876 -92751163
38359772 -69907941
12059554 -75573794
-74171782 51383353
-78126672 -70611188
-10128127 62355114
-64729483 25309575
-42947113 4041757
84759259 -66038417
26996823 69063235
-9923381 -8774385
78796105 85146135
-94336245 97199794
12554021 84444743
80741280 -28294679
56494707 -82975723
-73041105 -1914547
-22364175 82360652
57954186 40057966
31691766 -21340328
55117299 -55525997
12831944 -11349882
11492402 -41519781
-48143810 -78598879
87630246 9652454
50721775 78505136
-11793667 -26107607
-26878004 -21201699
-40727641 -58074188
59838543 34430734
91454743 5748940
25635447 -27248579
-99741392 -87333409
64320680 47147478
2948384 92364366
99765517 -77697774
61180678 25813770
-66262915 925119
31810962 -78657285
53350116 94655485
-89824072 63688716
-15641120 -90954070
-26625188 54609892
-26806036 -59788963
-11242269 -18112553
31220166 59370647
-58463927 -42262770
84468296 13188441
84438180 -41688882
73323800 -31451522
68550436 42364968
45433198 -41314125
-65820047 49401957
81547492 -13222003
-95835918 -43456983
-5369654 -2104029
7574956 73957843
58411379 25790382
52157964 48011652
-87976012 57501659
-97669735 96847785
-53701436 -80468527
-43461829 60227531
6703649 -12161225
29407690 -83109539
-44822260 12436848
12789053 -60412553
-74071598 -51009660
-34289249 57312964
79873070 -46322747
-4536940 72373084
-22835044 36304901
13109390 -1725555
22763269 99339191
-78294224 94830771
7786783 -21623825
63115107 10606370
-993306 41895011
-7286130 -99860627
-6330179 2668557
11401568 -95697941
89897056 78962042
26751782 96941351
85576230 78565686
-81633041 92877892
10046760 86960994
-43385090 -13275245
66057655 42649508
-60811193 -18859275
52535902 -25496906
16731419 41844133
-90528080 20286837
85942973 -89972812
1954694 -34606716
94349283 62519719
-78776746 23470828
93877503 35708776
80705246 -7669832
-37303046 41672482
56390157 -46112327
90825757 -66795628
11034708 -85706918
-16174942 -93220980
36631926 70874870
-6898504 -85579302
-83460293 13617791
45719640 -53174415
88564075 -94055723
-16262628 -75806299
-56715273 46304674
-51856813 22325467
-43140328 39718062
71272236 -38275261
-6166288 6643844
86040498 40556151
19091796 -9194772
-17407781 -86904605
50289162 21550421
33341849 19552010
90049959 -55529476
-57383836 -87925700
-62188439 -86734745
74318067 -41244001
-90519532 85987159
-38382012 45824338
88475599 -48447904
55181756 -64010905
-34572032 -50096802
-10212877 25786819
-12724528 -27601940
-6199534 -45335339
28615384 -24743347
15193413 -58822290
88155056 -72523897
8831724 -81046726
51100760 57657255
-4776452 -28423496
15877504 -38346690
-26891231 63687716
-71300606 -54657950
-14438193 56461791
-53725350 71113569
26719405 -33331376
52533519 98138596
-30486780 24338832
73491892 -12473757
7904212 67309259
7265772 -43499516
-7368562 -72893277
46909378 92375316
14193360 -47402009
-47423898 -13847581
-47630134 -32596345
68062432 23088163
97271127 90402656
36568222 51742945
24292122 -48456028
-42196746 69303908
-10713628 -48964639
9800983 98690992
9509852 35280034
-70010321 96869711
71586182 88338626
67099529 -31894983
-58867299 15911312
-93201326 -57820052
-29714214 65605130
65657587 -33831123
59239608 -79063979
55086266 84945449
93094473 -25183390
-60617800 24665298
-54090383 -47736556
-68625352 -16404507
63348556 -80059564
67184685 57237648
-2581635 -48640347
-8102042 82565848
-19108704 12458600
-77858232 -67041682
39817866 31023609
98070394 -89648625
34991184 -48365779
3374736 -5446081
-94149312 11091605
25634097 -8886679
-45690427 8567846
16896262 84974119
-56537111 -77148327
74054062 -89941824
53219688 -38446972
23008261 13316091
90872579 -43171413
55273494 -3141851
60092992 10770627
-97925828 -20919851
-95021661 2465155
-6206326 -48513253
-93371131 -59737719
16963548 -78041343
3135924 -50741366
80358693 -65174040
-17540035 -35216682
-43494524 -71544197
57346816 10381866
-39216937 -89518260
91985167 -48329088
-18793947 94058223
-87805532 -34303671
82201669 50676814
-88066577 -36862712
86079235 -29460682
6344734 -64555930
4420794 -52233646
-10380280 27949004
42570788 94985110
-209176 -38911605
-14893263 71119498
73748565 -31738815
-22788232 12893802
79857213 -32809191
14650992 -37710407
44415813 -44391068
75616337 66763200
81011822 34152591
58125886 59078672
57776509 47022829
85046261 9203997
11128259 -88154037
69149429 94686242
-39382230 23183150
-95026831 95958094
82118769 27005560
-37417113 60332534
52842667 61893086
-81512372 86927031
17134545 54819023
77775653 -87268665
-77851963 19406399
6787943 73965806
-86973401 -24902022
-22900506 -46377082
-20557493 7698885
-4294509 43345940
76778584 -5165646
66584670 -76041892
40511331 1775841
-92271837 -47981797
69483290 -24654901
47724277 73664023
-22874274 -53484268
-1137666 59336905
43466470 -48215865
-94773403 15570132
-5983817 -5603471
-30961665 56246881
-74271176 -5781652
6184506 22714365
-18997685 96577701
-42997545 -55071321
-18593611 76196679
61273372 89963155
94923953 -33278015
-51310367 -1933854
13148335 14048129
34768351 22991241
92385407 52571319
20644931 2919215
-82314110 -98568373
52448195 -75147952
7062854 89424064
-38760197 87446343
-60363083 65633636
-69927942 32075601
-30351424 35275285
-97105717 97557838
47441580 -51784069
1911459 -93895254
19963632 84354748
22317038 -25833810
26745045 32392944
-54325196 51222404
37608635 97749492
50965127 -42091703
83328319 84926076
-31214488 19054840
-11277402 -93440247
52158794 93578527
92405890 -23792957
-73555526 9417580
-68812927 78605664
71736816 85913340
61644740 11266717
-81024910 -40857310
88747191 49986600
-49655802 -20723131
-96943736 -82559761
-96803113 38883796
-92911749 26177205
23267169 21276955
99233762 -22200874
26135937 17638549
4194264 33592561
-84638198 27679815
-99423082 3307805
50150037 -78489224
75661619 82728157
22597507 -27504200
12477276 8508119
14217351 -52219826
55068792 -85817902
-76496611 35257592
23555334 30349964
60723992 -57209488
-19808877 46621220
71433717 -83319578
5266770 39751307
-82088391 -90526611
34029363 2677703
29701755 -97163048
87325042 -57488699
-76805513 46903613
81705458 31921232
59986115 -71353391
6732207 98132984
-28105081 51689091
14082922 -79962760
-30215251 95508330
-19391861 49333196
-47736105 88182019
-68251346 -34997020
14016183 1425610
-66972673 -24461665
36704489 -50036320
16296745 -63311754
22438092 43258219
-38382119 62684492
