40
65914324 -7738802
-27973366 -94133536
79935102 -69865708
-94692899 22346231
11269370 20911719
27377902 -87693686
87909061 -997808
-28662834 45727054
7820590 97265043
21646169 15965092
-56106118 -52832144
-58221487 -53138131
-21190654 -94024990
35031841 86933924
-16857881 -15218245
-74506075 -32086734
71046148 -11869500
99896378 70587632
-1040866 25853773
64902491 19664221
-53840619 -2156062
-58472533 -29533844
62996397 -62682384
27737128 -45704148
20401117 -87291802
60909784 38255205
-71879018 -44600739
-86043867 54460076
69716879 -22002595
-17440422 -73494248
70897532 71304705
73201689 -10481104
-71978098 -40413744
-63053273 -60412936
-2573921 -72649536
-67799657 -23751571
-50375417 -71024976
58402142 72570859
-40038377 -34824226
78348318 13890590
