80
-29474622 -55117787
45499950 -99737175
-76948872 90389873
97650753 -74756691
-26026294 -70617326
49346805 -18926358
-38241665 -7410149
43143037 -38972925
71016837 88232931
74048446 47513368
-19738054 91621249
3610493 -87745071
74951347 -4136617
95858068 88988045
-12902092 -66056179
-69951795 45124985
-49598693 15757939
63632709 -43691604
-69858767 41460571
-35671988 97370484
26063481 16718394
-35154655 81599236
77636583 -6617136
58487345 -53471997
24491783 41673376
7296296 85649341
-86585710 -49702518
545365 -16938968
-70393303 56851984
-35449349 74497447
52658802 91179586
65474553 -28377584
-38850893 74859522
-54437214 -30384261
23591740 77523670
-99045363 -59204671
41153852 -49607752
-84042953 19119019
-15758352 -31685901
-21232703 28868580
-17098730 18404394
90228170 20328724
-90257140 35410079
-9497632 5895774
-62186785 -48854736
-25924485 24442372
46879386 70132664
94311126 8203118
35118412 -11939822
-96695166 -45857493
-28295638 -9391219
-4587745 37853987
-31591064 -90372216
75506816 48442473
76681418 -96955590
75643513 -3856795
35626225 -80483780
-33995874 61459796
18646641 83310403
51128557 20517585
-34292642 88894999
-48021657 -58192151
-21400572 40294939
-27256254 -87192938
-66064474 -22723249
11484495 -39017659
-46454781 99439705
-23278655 -19360616
-59515897 14045194
-44601634 -65960887
23062392 96518064
2651481 -55093773
40034334 53464984
28995763 -63558297
-17633880 78856474
-53034350 36751742
-11793870 -83515594
-34490235 10761937
53842296 -95246975
-38460481 11690215
