600
-24036776 51761824
-53095422 60077314
-37873505 -19107986
-33509824 18879469
51876956 31677402
15916684 69038840
-94258287 -60022151
-83874545 22753030
-5246839 -34302896
-44782719 51906679
76966021 70384993
-34502687 9225349
60856041 -64913319
-57169319 -28805533
-83442658 -53319195
-84756682 40313006
-82379106 17880025
21420036 -89974435
48751860 13189410
-75770338 67107232
11511385 -28879627
50626056 33066595
50623749 71183130
-73076596 -66953171
-24059969 51868725
69762134 31219172
-75787612 -17299155
11625227 31866932
-62534708 90562966
55267919 -89393344
-77019547 55530336
-55572192 14927585
30700724 -62428794
-86374307 -40858125
-96396476 -91021386
62368841 58694519
11310907 56798329
53968564 2346067
567487 -39082248
-60801274 39320233
89229735 60507718
24890870 -21379297
-88896231 17451950
-47413519 -49659355
-8087719 -95882613
36158500 -35973808
979266 -14877677
-84867819 40919066
48706727 70319536
-9911045 92158129
-44226941 -83047864
-34540113 41325062
-51490541 66571553
14171216 66189947
-73911157 -75103715
-24461653 -88686600
-73783703 8972267
33396567 -22298034
61955166 52424425
-17927725 -52374071
18326262 36197688
68215484 66098023
-56366205 -65786828
26087406 -71130356
40536385 39976824
65403577 -79888300
57637280 -3534600
-30343191 68906172
81342831 -92774527
32570177 93496766
-15506408 -20760955
-8473419 56529091
68012214 13986774
32746457 98384595
-91635805 66554087
25271339 30097378
12897308 -90460391
-65467852 -22134414
-84719413 81845646
-95621991 54702133
-679885 -55002814
43504143 -14751815
5886339 29229908
66339534 42602374
-91159263 88550272
66929019 72453216
75661804 -15632665
-69507271 -56882218
-71994734 -13899617
-90172906 96540150
-79988610 -77324238
42203645 57959264
-78647456 56086869
-67253808 -82577576
68962677 -74512212
-81656820 95360420
48980811 -63984010
50737685 -21279502
-12877231 95976039
47478640 -94490698
-44184548 -90610634
-37749861 94221241
33552557 -17867238
-95437948 93489096
-54494353 90348402
-21360060 -21170839
-614205 4819892
-73107431 -65908579
34908149 -7671874
71400272 11362557
75308193 -3567020
-1556987 97288196
-86439938 85703412
-88785653 19287402
-59923667 -92859108
37512447 -24606863
73382818 37155543
8855187 4125406
-76509156 -31327632
36509641 85313274
86766863 95680708
-72277716 -67307586
-2154788 21336268
-34964466 84992423
-74924504 -50845491
-61301711 -28031784
88217869 83998191
7018663 -41359848
72107563 -36619935
-40576988 -64791636
66714537 -76463802
3848313 -82858112
65731088 40778210
54269002 -10782947
-28108495 10792072
43255097 36618245
-12062071 -83258196
-85726512 -96838427
24602407 50296616
83455539 -78932651
4445257 48603451
-67617192 -61513158
-64774406 -894927
-22342242 28156960
-86163801 30683474
-72778500 9235286
10856066 -74176311
68859468 85261170
-53362175 -28191338
25821937 61989986
97239308 36660718
71506979 86029495
93209226 -97029552
35790893 18776189
-40836043 -92746392
-87248676 40893368
52728231 -54554981
71553920 -49236376
22240040 1973389
59806954 78143617
-78744454 -97340249
-29821840 -47881708
-75703778 85337354
-32532833 -26951887
-4426333 -66971638
-65138616 -22324156
-60852764 22408802
-12929819 -45386073
-59844418 -61217612
63984981 95364115
24280988 -97047191
-89511343 73800755
47535873 35594321
86457288 -67862340
85586236 -33641028
23402309 -97854159
6456594 70811888
39006136 -58358320
-20060390 47005152
28513042 -36993557
20849594 -13444723
-43284976 -53900598
-67074976 -36468418
61248759 88407882
10116767 -84281152
-88389821 26196440
22110618 39594220
-61816452 95587383
-22508022 -14537397
8353731 10951339
85933002 58288512
61904473 57733867
42392135 31823091
-12521971 -65978785
-48335436 47174536
-230585 88415919
98534901 -48455959
-34998971 77588512
-83417435 -11582509
97747556 33748287
69991920 55142370
33030104 18954483
-624158 -12291790
-81727049 -89868260
-97344466 93722586
61788489 92198907
-1286211 -76632301
-6425077 82559092
44992979 36518032
47777723 73855679
-60376485 -54708774
94408817 -17364311
-75600197 99873179
33389450 -39970859
56429402 8671513
78432076 -69650809
-3810860 94176932
47472124 -33703681
81936968 57065118
-33111004 -32299681
62352416 36790975
-56122668 -82512968
2794370 80316629
4148195 -53588078
26834386 -55521700
-26110930 -91458841
-18399395 -22686939
-98222630 2060173
93250109 -13078634
37387325 9412008
51687432 -42786609
73630880 27639316
-23996261 -17065576
42922913 -51144191
-9946476 -9321204
66024648 86848617
-3964914 9432434
-99963151 65735341
-43381100 88489797
-7593897 -99953638
-86318972 10412099
-25666045 -57594010
-45425902 -22605324
51595258 -82783810
-81856752 44168781
33928730 -82476373
-11294641 -62736965
29211839 24181466
-63349165 1859115
-7019507 -67566321
39017843 -52035217
-53405368 -64139630
-34372316 13809714
-50037860 -48535021
-98657197 -94863609
1838754 33302669
19728434 -53760656
23692217 -99396608
87635734 -49920937
7095231 94328370
56141617 -49572608
-66907681 -95472065
37845383 37831025
-79546873 37470582
1369436 27098682
47383996 39845400
59471841 -31108177
-13675512 -90261786
-64171871 51045728
76524190 22348983
-72752469 97215001
4243684 89641569
7313087 37524642
-3616497 78088455
-83554009 -89832411
-86705460 -51428014
-41836309 -14099968
-8956545 -83720509
68748473 73819915
-30857086 4377043
71057389 40775404
-94225309 -2146535
-15882124 82880026
-99619170 -44009420
37500501 -10108057
-8565888 -93560417
56584183 -71052958
2601062 -13797606
31418750 -7711576
-58893107 -18894744
1840499 -86996795
-27702859 -19839002
34010362 95726801
-20797882 -86849680
-42572970 -13306768
-45051081 -46065709
-60137321 -49123787
-14457249 -82005237
69028563 -51204439
61616051 -120536
-83696772 9642692
73604647 -376671
81327278 -8468468
23255484 61296430
62664658 -10251783
-61466176 17897035
-22447431 97344096
34345570 61138232
91903197 -12674319
37905326 1504504
12532935 -55125163
84213309 -53553767
-97474040 94471068
31601272 -35814823
-52183747 -19863062
-39868559 63153120
165427 4349393
-16810698 -9024506
73490632 -85920427
-27590690 -48850423
96773368 51905472
39620528 75385692
30686523 -25639329
75980439 -27845942
86508466 -59534096
90315256 -83147386
31612941 43822869
-26003042 -30545744
-55165995 21307700
-92899918 -25009552
-16418348 963835
-40456838 61446969
-70575110 77101801
-68644706 54606221
10474370 -74973237
-56609091 -4406932
72864510 -94296302
72661459 97611589
58239844 23278327
-85023235 46545738
-94472516 49232859
-98154003 -12655769
5409769 -69195229
24281170 -45855847
-39796498 7816943
7857914 8503400
-82223905 68128033
-29097757 -61471453
73308197 -93243142
-64272162 81833811
76427458 19149110
14999184 -63594273
60371746 81415897
46629252 -35016774
-20069916 11063747
48543557 73643973
90611629 28182280
-478963 47117277
74379027 -23923146
13122011 -53600164
16652021 91658468
50138846 97625315
-8162685 -60934312
60886835 30384342
41962419 13382536
-12441424 -58784584
90201053 -2850315
-13306344 24777962
-19486775 42223615
26397559 -97518346
-64995744 -92596253
-6142456 -24376328
-70535988 -27610680
-9637143 -12336589
-96892187 4583030
98707009 88233976
-83570065 56368159
-540492 35338397
39915751 -71136686
-4578306 -69277399
-42941309 61783949
60817983 -28678279
66223596 -5225413
-79009208 -43855121
3398706 53313573
28556280 49136275
-66301023 80698545
92582028 53892423
45793269 -96353082
-96807998 71139128
43758405 -70866242
45500969 -31498642
40830106 21335158
-35253599 -5219172
31032877 -12314718
-51004416 69928556
12182911 73243607
-52513755 12008412
-7144487 -64330642
-46873250 25274653
19964410 39378721
-55391977 -50123824
-43808419 -77281808
80951252 -4681716
-53544087 -46959507
-17249386 -72585087
57554359 -15753524
-49369774 -29272249
-79778433 -84817352
12412538 -22049543
18558333 8411257
99377786 -9724436
-80364107 57977911
35731747 -98276894
56869512 -89139993
64439450 96871375
44021341 81557830
97719739 27991593
-3665822 -60607950
-91971769 -57610552
18152724 -26953531
18533991 24567620
49225229 -7573060
20360154 18797289
64322967 36115037
-79668136 20791536
-88959533 -14334089
27225333 42608558
-52394144 -20087929
62927851 -61901239
18703863 -76193202
12875299 -10649887
13227541 -601779
94312619 -71140543
32131635 -3627628
-38288769 32282096
38308997 -20169492
13320188 -67384773
48099115 80519179
69302567 93059091
-95917788 68553334
-3273269 68027647
73303062 43987580
22069141 32829113
83328733 28089474
23453512 27093005
-27111322 11298452
63475285 46437745
-29843099 23220274
-64752816 -16427651
-50443742 -98592905
-96774218 -32099213
-36259444 80162035
-72471846 90518017
-86396369 2567798
16294366 -25284658
49391904 69998737
-20332450 -26028128
-69355309 31498541
-86938727 76014138
99186832 -88729106
-69294597 44915388
61226523 53107614
2395129 -77647293
-55922864 24725029
-70135923 16713671
-85785336 -27937955
65377750 -18953112
-6269617 26801942
-49147821 66104358
-84335907 -94193690
63162405 96896757
95586112 99443699
23398075 24652917
14563614 16324203
-29470213 45556917
-95647569 -26385206
-42837012 -86764620
-96442851 -94184239
-2683859 -78398186
67631687 49950277
-57801802 9251639
71936764 -97585765
69197470 -20684507
93164245 17081130
-93482552 -76418103
-5876391 2254954
-94724335 -55132933
-50214762 -2301647
25145459 -9331775
2553294 -72914696
-4299953 -43128490
90617132 69020387
47555034 93524039
-52632424 -86990066
30900086 81812379
22602755 94819233
-54543582 67337553
82836914 -63244458
30175703 -82088697
-41913616 -99059467
44550057 -56469517
-13664555 9176644
-93692514 -57702615
-18479517 -76498119
-41276249 -41817728
-55896634 97376975
3684642 57010191
-48600304 -34188387
-39191192 34814368
68129911 -25146338
93506319 61456470
10127902 -12250878
44208038 -9818276
26084899 95410348
-81581605 -93754432
-17965306 -72037049
-84196619 3417304
31109116 -7006882
-63422837 47876037
-2479566 -53126997
-12635076 -5935950
3480214 -5633171
19652007 42067055
-64693199 -78609268
-85802075 -89704051
28589787 -12903868
71884551 41577400
32939217 78508240
47474443 -65590954
41384289 -32222785
49221117 -727005
-80258899 17226253
-58982491 15069055
57077953 8160016
-87578416 18043437
-1148685 10159818
-26978321 -99808317
-45550151 68826072
-78032917 38799535
91259583 -30012640
-31767166 -45569866
-80496806 49956242
-43285744 -71081465
15815825 81419613
86987575 -16154444
-43680476 -38335841
-49913442 -38696887
-14161436 10788674
91540894 75530804
-35914605 41729290
-51265513 47175762
-54591821 -99567388
13750381 59797040
91587274 -14969189
1427694 94559995
30122346 -56225784
48654237 41278174
-8766536 60869263
25140586 84328477
67466398 -22024326
-9436977 -92905912
-72619259 12472072
-98152088 -7924300
29007439 -76883414
3543709 -77983775
98486113 -85705857
-40586192 -4550031
-4568505 11888936
-26680066 -52079311
37278842 73388919
77849585 70008266
62696402 58974130
3919911 -64344316
-38301570 50237077
-56675963 6911877
-58552550 -14097547
-47780824 -97034790
88922352 77854016
9029921 40802821
-27631177 97870136
16337497 -69484867
63461317 -30511251
95747570 71790495
-36713687 -8283309
45500910 -58506623
50174903 -18255963
63108871 -34915613
-75117242 -21277949
-22432293 28281408
13055562 76286883
-65251222 93131447
-16280552 -86001627
1870823 83732606
-61196534 19356719
88726359 74887262
64502950 84176245
-64891923 50496435
-67779248 -51938548
46899834 -8964599
