100
1 51
2 50
3 49
4 48
5 47
6 46
7 45
8 44
9 43
10 42
11 41
12 40
13 39
14 38
15 37
16 36
17 35
18 34
19 33
20 32
21 31
22 30
23 29
24 28
25 27
26 26
27 25
28 24
29 23
30 22
31 21
32 20
33 19
34 18
35 17
36 16
37 15
38 14
39 13
40 12
41 11
42 10
43 9
44 8
45 7
46 6
47 5
48 4
49 3
50 2
-1 -51
-2 -50
-3 -49
-4 -48
-5 -47
-6 -46
-7 -45
-8 -44
-9 -43
-10 -42
-11 -41
-12 -40
-13 -39
-14 -38
-15 -37
-16 -36
-17 -35
-18 -34
-19 -33
-20 -32
-21 -31
-22 -30
-23 -29
-24 -28
-25 -27
-26 -26
-27 -25
-28 -24
-29 -23
-30 -22
-31 -21
-32 -20
-33 -19
-34 -18
-35 -17
-36 -16
-37 -15
-38 -14
-39 -13
-40 -12
-41 -11
-42 -10
-43 -9
-44 -8
-45 -7
-46 -6
-47 -5
-48 -4
-49 -3
-50 -2
