400
1 201
2 200
3 199
4 198
5 197
6 196
7 195
8 194
9 193
10 192
11 191
12 190
13 189
14 188
15 187
16 186
17 185
18 184
19 183
20 182
21 181
22 180
23 179
24 178
25 177
26 176
27 175
28 174
29 173
30 172
31 171
32 170
33 169
34 168
35 167
36 166
37 165
38 164
39 163
40 162
41 161
42 160
43 159
44 158
45 157
46 156
47 155
48 154
49 153
50 152
51 151
52 150
53 149
54 148
55 147
56 146
57 145
58 144
59 143
60 142
61 141
62 140
63 139
64 138
65 137
66 136
67 135
68 134
69 133
70 132
71 131
72 130
73 129
74 128
75 127
76 126
77 125
78 124
79 123
80 122
81 121
82 120
83 119
84 118
85 117
86 116
87 115
88 114
89 113
90 112
91 111
92 110
93 109
94 108
95 107
96 106
97 105
98 104
99 103
100 102
101 101
102 100
103 99
104 98
105 97
106 96
107 95
108 94
109 93
110 92
111 91
112 90
113 89
114 88
115 87
116 86
117 85
118 84
119 83
120 82
121 81
122 80
123 79
124 78
125 77
126 76
127 75
128 74
129 73
130 72
131 71
132 70
133 69
134 68
135 67
136 66
137 65
138 64
139 63
140 62
141 61
142 60
143 59
144 58
145 57
146 56
147 55
148 54
149 53
150 52
151 51
152 50
153 49
154 48
155 47
156 46
157 45
158 44
159 43
160 42
161 41
162 40
163 39
164 38
165 37
166 36
167 35
168 34
169 33
170 32
171 31
172 30
173 29
174 28
175 27
176 26
177 25
178 24
179 23
180 22
181 21
182 20
183 19
184 18
185 17
186 16
187 15
188 14
189 13
190 12
191 11
192 10
193 9
194 8
195 7
196 6
197 5
198 4
199 3
200 2
-1 -201
-2 -200
-3 -199
-4 -198
-5 -197
-6 -196
-7 -195
-8 -194
-9 -193
-10 -192
-11 -191
-12 -190
-13 -189
-14 -188
-15 -187
-16 -186
-17 -185
-18 -184
-19 -183
-20 -182
-21 -181
-22 -180
-23 -179
-24 -178
-25 -177
-26 -176
-27 -175
-28 -174
-29 -173
-30 -172
-31 -171
-32 -170
-33 -169
-34 -168
-35 -167
-36 -166
-37 -165
-38 -164
-39 -163
-40 -162
-41 -161
-42 -160
-43 -159
-44 -158
-45 -157
-46 -156
-47 -155
-48 -154
-49 -153
-50 -152
-51 -151
-52 -150
-53 -149
-54 -148
-55 -147
-56 -146
-57 -145
-58 -144
-59 -143
-60 -142
-61 -141
-62 -140
-63 -139
-64 -138
-65 -137
-66 -136
-67 -135
-68 -134
-69 -133
-70 -132
-71 -131
-72 -130
-73 -129
-74 -128
-75 -127
-76 -126
-77 -125
-78 -124
-79 -123
-80 -122
-81 -121
-82 -120
-83 -119
-84 -118
-85 -117
-86 -116
-87 -115
-88 -114
-89 -113
-90 -112
-91 -111
-92 -110
-93 -109
-94 -108
-95 -107
-96 -106
-97 -105
-98 -104
-99 -103
-100 -102
-101 -101
-102 -100
-103 -99
-104 -98
-105 -97
-106 -96
-107 -95
-108 -94
-109 -93
-110 -92
-111 -91
-112 -90
-113 -89
-114 -88
-115 -87
-116 -86
-117 -85
-118 -84
-119 -83
-120 -82
-121 -81
-122 -80
-123 -79
-124 -78
-125 -77
-126 -76
-127 -75
-128 -74
-129 -73
-130 -72
-131 -71
-132 -70
-133 -69
-134 -68
-135 -67
-136 -66
-137 -65
-138 -64
-139 -63
-140 -62
-141 -61
-142 -60
-143 -59
-144 -58
-145 -57
-146 -56
-147 -55
-148 -54
-149 -53
-150 -52
-151 -51
-152 -50
-153 -49
-154 -48
-155 -47
-156 -46
-157 -45
-158 -44
-159 -43
-160 -42
-161 -41
-162 -40
-163 -39
-164 -38
-165 -37
-166 -36
-167 -35
-168 -34
-169 -33
-170 -32
-171 -31
-172 -30
-173 -29
-174 -28
-175 -27
-176 -26
-177 -25
-178 -24
-179 -23
-180 -22
-181 -21
-182 -20
-183 -19
-184 -18
-185 -17
-186 -16
-187 -15
-188 -14
-189 -13
-190 -12
-191 -11
-192 -10
-193 -9
-194 -8
-195 -7
-196 -6
-197 -5
-198 -4
-199 -3
-200 -2
