800
1 401
2 400
3 399
4 398
5 397
6 396
7 395
8 394
9 393
10 392
11 391
12 390
13 389
14 388
15 387
16 386
17 385
18 384
19 383
20 382
21 381
22 380
23 379
24 378
25 377
26 376
27 375
28 374
29 373
30 372
31 371
32 370
33 369
34 368
35 367
36 366
37 365
38 364
39 363
40 362
41 361
42 360
43 359
44 358
45 357
46 356
47 355
48 354
49 353
50 352
51 351
52 350
53 349
54 348
55 347
56 346
57 345
58 344
59 343
60 342
61 341
62 340
63 339
64 338
65 337
66 336
67 335
68 334
69 333
70 332
71 331
72 330
73 329
74 328
75 327
76 326
77 325
78 324
79 323
80 322
81 321
82 320
83 319
84 318
85 317
86 316
87 315
88 314
89 313
90 312
91 311
92 310
93 309
94 308
95 307
96 306
97 305
98 304
99 303
100 302
101 301
102 300
103 299
104 298
105 297
106 296
107 295
108 294
109 293
110 292
111 291
112 290
113 289
114 288
115 287
116 286
117 285
118 284
119 283
120 282
121 281
122 280
123 279
124 278
125 277
126 276
127 275
128 274
129 273
130 272
131 271
132 270
133 269
134 268
135 267
136 266
137 265
138 264
139 263
140 262
141 261
142 260
143 259
144 258
145 257
146 256
147 255
148 254
149 253
150 252
151 251
152 250
153 249
154 248
155 247
156 246
157 245
158 244
159 243
160 242
161 241
162 240
163 239
164 238
165 237
166 236
167 235
168 234
169 233
170 232
171 231
172 230
173 229
174 228
175 227
176 226
177 225
178 224
179 223
180 222
181 221
182 220
183 219
184 218
185 217
186 216
187 215
188 214
189 213
190 212
191 211
192 210
193 209
194 208
195 207
196 206
197 205
198 204
199 203
200 202
201 201
202 200
203 199
204 198
205 197
206 196
207 195
208 194
209 193
210 192
211 191
212 190
213 189
214 188
215 187
216 186
217 185
218 184
219 183
220 182
221 181
222 180
223 179
224 178
225 177
226 176
227 175
228 174
229 173
230 172
231 171
232 170
233 169
234 168
235 167
236 166
237 165
238 164
239 163
240 162
241 161
242 160
243 159
244 158
245 157
246 156
247 155
248 154
249 153
250 152
251 151
252 150
253 149
254 148
255 147
256 146
257 145
258 144
259 143
260 142
261 141
262 140
263 139
264 138
265 137
266 136
267 135
268 134
269 133
270 132
271 131
272 130
273 129
274 128
275 127
276 126
277 125
278 124
279 123
280 122
281 121
282 120
283 119
284 118
285 117
286 116
287 115
288 114
289 113
290 112
291 111
292 110
293 109
294 108
295 107
296 106
297 105
298 104
299 103
300 102
301 101
302 100
303 99
304 98
305 97
306 96
307 95
308 94
309 93
310 92
311 91
312 90
313 89
314 88
315 87
316 86
317 85
318 84
319 83
320 82
321 81
322 80
323 79
324 78
325 77
326 76
327 75
328 74
329 73
330 72
331 71
332 70
333 69
334 68
335 67
336 66
337 65
338 64
339 63
340 62
341 61
342 60
343 59
344 58
345 57
346 56
347 55
348 54
349 53
350 52
351 51
352 50
353 49
354 48
355 47
356 46
357 45
358 44
359 43
360 42
361 41
362 40
363 39
364 38
365 37
366 36
367 35
368 34
369 33
370 32
371 31
372 30
373 29
374 28
375 27
376 26
377 25
378 24
379 23
380 22
381 21
382 20
383 19
384 18
385 17
386 16
387 15
388 14
389 13
390 12
391 11
392 10
393 9
394 8
395 7
396 6
397 5
398 4
399 3
400 2
-1 -401
-2 -400
-3 -399
-4 -398
-5 -397
-6 -396
-7 -395
-8 -394
-9 -393
-10 -392
-11 -391
-12 -390
-13 -389
-14 -388
-15 -387
-16 -386
-17 -385
-18 -384
-19 -383
-20 -382
-21 -381
-22 -380
-23 -379
-24 -378
-25 -377
-26 -376
-27 -375
-28 -374
-29 -373
-30 -372
-31 -371
-32 -370
-33 -369
-34 -368
-35 -367
-36 -366
-37 -365
-38 -364
-39 -363
-40 -362
-41 -361
-42 -360
-43 -359
-44 -358
-45 -357
-46 -356
-47 -355
-48 -354
-49 -353
-50 -352
-51 -351
-52 -350
-53 -349
-54 -348
-55 -347
-56 -346
-57 -345
-58 -344
-59 -343
-60 -342
-61 -341
-62 -340
-63 -339
-64 -338
-65 -337
-66 -336
-67 -335
-68 -334
-69 -333
-70 -332
-71 -331
-72 -330
-73 -329
-74 -328
-75 -327
-76 -326
-77 -325
-78 -324
-79 -323
-80 -322
-81 -321
-82 -320
-83 -319
-84 -318
-85 -317
-86 -316
-87 -315
-88 -314
-89 -313
-90 -312
-91 -311
-92 -310
-93 -309
-94 -308
-95 -307
-96 -306
-97 -305
-98 -304
-99 -303
-100 -302
-101 -301
-102 -300
-103 -299
-104 -298
-105 -297
-106 -296
-107 -295
-108 -294
-109 -293
-110 -292
-111 -291
-112 -290
-113 -289
-114 -288
-115 -287
-116 -286
-117 -285
-118 -284
-119 -283
-120 -282
-121 -281
-122 -280
-123 -279
-124 -278
-125 -277
-126 -276
-127 -275
-128 -274
-129 -273
-130 -272
-131 -271
-132 -270
-133 -269
-134 -268
-135 -267
-136 -266
-137 -265
-138 -264
-139 -263
-140 -262
-141 -261
-142 -260
-143 -259
-144 -258
-145 -257
-146 -256
-147 -255
-148 -254
-149 -253
-150 -252
-151 -251
-152 -250
-153 -249
-154 -248
-155 -247
-156 -246
-157 -245
-158 -244
-159 -243
-160 -242
-161 -241
-162 -240
-163 -239
-164 -238
-165 -237
-166 -236
-167 -235
-168 -234
-169 -233
-170 -232
-171 -231
-172 -230
-173 -229
-174 -228
-175 -227
-176 -226
-177 -225
-178 -224
-179 -223
-180 -222
-181 -221
-182 -220
-183 -219
-184 -218
-185 -217
-186 -216
-187 -215
-188 -214
-189 -213
-190 -212
-191 -211
-192 -210
-193 -209
-194 -208
-195 -207
-196 -206
-197 -205
-198 -204
-199 -203
-200 -202
-201 -201
-202 -200
-203 -199
-204 -198
-205 -197
-206 -196
-207 -195
-208 -194
-209 -193
-210 -192
-211 -191
-212 -190
-213 -189
-214 -188
-215 -187
-216 -186
-217 -185
-218 -184
-219 -183
-220 -182
-221 -181
-222 -180
-223 -179
-224 -178
-225 -177
-226 -176
-227 -175
-228 -174
-229 -173
-230 -172
-231 -171
-232 -170
-233 -169
-234 -168
-235 -167
-236 -166
-237 -165
-238 -164
-239 -163
-240 -162
-241 -161
-242 -160
-243 -159
-244 -158
-245 -157
-246 -156
-247 -155
-248 -154
-249 -153
-250 -152
-251 -151
-252 -150
-253 -149
-254 -148
-255 -147
-256 -146
-257 -145
-258 -144
-259 -143
-260 -142
-261 -141
-262 -140
-263 -139
-264 -138
-265 -137
-266 -136
-267 -135
-268 -134
-269 -133
-270 -132
-271 -131
-272 -130
-273 -129
-274 -128
-275 -127
-276 -126
-277 -125
-278 -124
-279 -123
-280 -122
-281 -121
-282 -120
-283 -119
-284 -118
-285 -117
-286 -116
-287 -115
-288 -114
-289 -113
-290 -112
-291 -111
-292 -110
-293 -109
-294 -108
-295 -107
-296 -106
-297 -105
-298 -104
-299 -103
-300 -102
-301 -101
-302 -100
-303 -99
-304 -98
-305 -97
-306 -96
-307 -95
-308 -94
-309 -93
-310 -92
-311 -91
-312 -90
-313 -89
-314 -88
-315 -87
-316 -86
-317 -85
-318 -84
-319 -83
-320 -82
-321 -81
-322 -80
-323 -79
-324 -78
-325 -77
-326 -76
-327 -75
-328 -74
-329 -73
-330 -72
-331 -71
-332 -70
-333 -69
-334 -68
-335 -67
-336 -66
-337 -65
-338 -64
-339 -63
-340 -62
-341 -61
-342 -60
-343 -59
-344 -58
-345 -57
-346 -56
-347 -55
-348 -54
-349 -53
-350 -52
-351 -51
-352 -50
-353 -49
-354 -48
-355 -47
-356 -46
-357 -45
-358 -44
-359 -43
-360 -42
-361 -41
-362 -40
-363 -39
-364 -38
-365 -37
-366 -36
-367 -35
-368 -34
-369 -33
-370 -32
-371 -31
-372 -30
-373 -29
-374 -28
-375 -27
-376 -26
-377 -25
-378 -24
-379 -23
-380 -22
-381 -21
-382 -20
-383 -19
-384 -18
-385 -17
-386 -16
-387 -15
-388 -14
-389 -13
-390 -12
-391 -11
-392 -10
-393 -9
-394 -8
-395 -7
-396 -6
-397 -5
-398 -4
-399 -3
-400 -2
