1000
1 501
2 500
3 499
4 498
5 497
6 496
7 495
8 494
9 493
10 492
11 491
12 490
13 489
14 488
15 487
16 486
17 485
18 484
19 483
20 482
21 481
22 480
23 479
24 478
25 477
26 476
27 475
28 474
29 473
30 472
31 471
32 470
33 469
34 468
35 467
36 466
37 465
38 464
39 463
40 462
41 461
42 460
43 459
44 458
45 457
46 456
47 455
48 454
49 453
50 452
51 451
52 450
53 449
54 448
55 447
56 446
57 445
58 444
59 443
60 442
61 441
62 440
63 439
64 438
65 437
66 436
67 435
68 434
69 433
70 432
71 431
72 430
73 429
74 428
75 427
76 426
77 425
78 424
79 423
80 422
81 421
82 420
83 419
84 418
85 417
86 416
87 415
88 414
89 413
90 412
91 411
92 410
93 409
94 408
95 407
96 406
97 405
98 404
99 403
100 402
101 401
102 400
103 399
104 398
105 397
106 396
107 395
108 394
109 393
110 392
111 391
112 390
113 389
114 388
115 387
116 386
117 385
118 384
119 383
120 382
121 381
122 380
123 379
124 378
125 377
126 376
127 375
128 374
129 373
130 372
131 371
132 370
133 369
134 368
135 367
136 366
137 365
138 364
139 363
140 362
141 361
142 360
143 359
144 358
145 357
146 356
147 355
148 354
149 353
150 352
151 351
152 350
153 349
154 348
155 347
156 346
157 345
158 344
159 343
160 342
161 341
162 340
163 339
164 338
165 337
166 336
167 335
168 334
169 333
170 332
171 331
172 330
173 329
174 328
175 327
176 326
177 325
178 324
179 323
180 322
181 321
182 320
183 319
184 318
185 317
186 316
187 315
188 314
189 313
190 312
191 311
192 310
193 309
194 308
195 307
196 306
197 305
198 304
199 303
200 302
201 301
202 300
203 299
204 298
205 297
206 296
207 295
208 294
209 293
210 292
211 291
212 290
213 289
214 288
215 287
216 286
217 285
218 284
219 283
220 282
221 281
222 280
223 279
224 278
225 277
226 276
227 275
228 274
229 273
230 272
231 271
232 270
233 269
234 268
235 267
236 266
237 265
238 264
239 263
240 262
241 261
242 260
243 259
244 258
245 257
246 256
247 255
248 254
249 253
250 252
251 251
252 250
253 249
254 248
255 247
256 246
257 245
258 244
259 243
260 242
261 241
262 240
263 239
264 238
265 237
266 236
267 235
268 234
269 233
270 232
271 231
272 230
273 229
274 228
275 227
276 226
277 225
278 224
279 223
280 222
281 221
282 220
283 219
284 218
285 217
286 216
287 215
288 214
289 213
290 212
291 211
292 210
293 209
294 208
295 207
296 206
297 205
298 204
299 203
300 202
301 201
302 200
303 199
304 198
305 197
306 196
307 195
308 194
309 193
310 192
311 191
312 190
313 189
314 188
315 187
316 186
317 185
318 184
319 183
320 182
321 181
322 180
323 179
324 178
325 177
326 176
327 175
328 174
329 173
330 172
331 171
332 170
333 169
334 168
335 167
336 166
337 165
338 164
339 163
340 162
341 161
342 160
343 159
344 158
345 157
346 156
347 155
348 154
349 153
350 152
351 151
352 150
353 149
354 148
355 147
356 146
357 145
358 144
359 143
360 142
361 141
362 140
363 139
364 138
365 137
366 136
367 135
368 134
369 133
370 132
371 131
372 130
373 129
374 128
375 127
376 126
377 125
378 124
379 123
380 122
381 121
382 120
383 119
384 118
385 117
386 116
387 115
388 114
389 113
390 112
391 111
392 110
393 109
394 108
395 107
396 106
397 105
398 104
399 103
400 102
401 101
402 100
403 99
404 98
405 97
406 96
407 95
408 94
409 93
410 92
411 91
412 90
413 89
414 88
415 87
416 86
417 85
418 84
419 83
420 82
421 81
422 80
423 79
424 78
425 77
426 76
427 75
428 74
429 73
430 72
431 71
432 70
433 69
434 68
435 67
436 66
437 65
438 64
439 63
440 62
441 61
442 60
443 59
444 58
445 57
446 56
447 55
448 54
449 53
450 52
451 51
452 50
453 49
454 48
455 47
456 46
457 45
458 44
459 43
460 42
461 41
462 40
463 39
464 38
465 37
466 36
467 35
468 34
469 33
470 32
471 31
472 30
473 29
474 28
475 27
476 26
477 25
478 24
479 23
480 22
481 21
482 20
483 19
484 18
485 17
486 16
487 15
488 14
489 13
490 12
491 11
492 10
493 9
494 8
495 7
496 6
497 5
498 4
499 3
500 2
-1 -501
-2 -500
-3 -499
-4 -498
-5 -497
-6 -496
-7 -495
-8 -494
-9 -493
-10 -492
-11 -491
-12 -490
-13 -489
-14 -488
-15 -487
-16 -486
-17 -485
-18 -484
-19 -483
-20 -482
-21 -481
-22 -480
-23 -479
-24 -478
-25 -477
-26 -476
-27 -475
-28 -474
-29 -473
-30 -472
-31 -471
-32 -470
-33 -469
-34 -468
-35 -467
-36 -466
-37 -465
-38 -464
-39 -463
-40 -462
-41 -461
-42 -460
-43 -459
-44 -458
-45 -457
-46 -456
-47 -455
-48 -454
-49 -453
-50 -452
-51 -451
-52 -450
-53 -449
-54 -448
-55 -447
-56 -446
-57 -445
-58 -444
-59 -443
-60 -442
-61 -441
-62 -440
-63 -439
-64 -438
-65 -437
-66 -436
-67 -435
-68 -434
-69 -433
-70 -432
-71 -431
-72 -430
-73 -429
-74 -428
-75 -427
-76 -426
-77 -425
-78 -424
-79 -423
-80 -422
-81 -421
-82 -420
-83 -419
-84 -418
-85 -417
-86 -416
-87 -415
-88 -414
-89 -413
-90 -412
-91 -411
-92 -410
-93 -409
-94 -408
-95 -407
-96 -406
-97 -405
-98 -404
-99 -403
-100 -402
-101 -401
-102 -400
-103 -399
-104 -398
-105 -397
-106 -396
-107 -395
-108 -394
-109 -393
-110 -392
-111 -391
-112 -390
-113 -389
-114 -388
-115 -387
-116 -386
-117 -385
-118 -384
-119 -383
-120 -382
-121 -381
-122 -380
-123 -379
-124 -378
-125 -377
-126 -376
-127 -375
-128 -374
-129 -373
-130 -372
-131 -371
-132 -370
-133 -369
-134 -368
-135 -367
-136 -366
-137 -365
-138 -364
-139 -363
-140 -362
-141 -361
-142 -360
-143 -359
-144 -358
-145 -357
-146 -356
-147 -355
-148 -354
-149 -353
-150 -352
-151 -351
-152 -350
-153 -349
-154 -348
-155 -347
-156 -346
-157 -345
-158 -344
-159 -343
-160 -342
-161 -341
-162 -340
-163 -339
-164 -338
-165 -337
-166 -336
-167 -335
-168 -334
-169 -333
-170 -332
-171 -331
-172 -330
-173 -329
-174 -328
-175 -327
-176 -326
-177 -325
-178 -324
-179 -323
-180 -322
-181 -321
-182 -320
-183 -319
-184 -318
-185 -317
-186 -316
-187 -315
-188 -314
-189 -313
-190 -312
-191 -311
-192 -310
-193 -309
-194 -308
-195 -307
-196 -306
-197 -305
-198 -304
-199 -303
-200 -302
-201 -301
-202 -300
-203 -299
-204 -298
-205 -297
-206 -296
-207 -295
-208 -294
-209 -293
-210 -292
-211 -291
-212 -290
-213 -289
-214 -288
-215 -287
-216 -286
-217 -285
-218 -284
-219 -283
-220 -282
-221 -281
-222 -280
-223 -279
-224 -278
-225 -277
-226 -276
-227 -275
-228 -274
-229 -273
-230 -272
-231 -271
-232 -270
-233 -269
-234 -268
-235 -267
-236 -266
-237 -265
-238 -264
-239 -263
-240 -262
-241 -261
-242 -260
-243 -259
-244 -258
-245 -257
-246 -256
-247 -255
-248 -254
-249 -253
-250 -252
-251 -251
-252 -250
-253 -249
-254 -248
-255 -247
-256 -246
-257 -245
-258 -244
-259 -243
-260 -242
-261 -241
-262 -240
-263 -239
-264 -238
-265 -237
-266 -236
-267 -235
-268 -234
-269 -233
-270 -232
-271 -231
-272 -230
-273 -229
-274 -228
-275 -227
-276 -226
-277 -225
-278 -224
-279 -223
-280 -222
-281 -221
-282 -220
-283 -219
-284 -218
-285 -217
-286 -216
-287 -215
-288 -214
-289 -213
-290 -212
-291 -211
-292 -210
-293 -209
-294 -208
-295 -207
-296 -206
-297 -205
-298 -204
-299 -203
-300 -202
-301 -201
-302 -200
-303 -199
-304 -198
-305 -197
-306 -196
-307 -195
-308 -194
-309 -193
-310 -192
-311 -191
-312 -190
-313 -189
-314 -188
-315 -187
-316 -186
-317 -185
-318 -184
-319 -183
-320 -182
-321 -181
-322 -180
-323 -179
-324 -178
-325 -177
-326 -176
-327 -175
-328 -174
-329 -173
-330 -172
-331 -171
-332 -170
-333 -169
-334 -168
-335 -167
-336 -166
-337 -165
-338 -164
-339 -163
-340 -162
-341 -161
-342 -160
-343 -159
-344 -158
-345 -157
-346 -156
-347 -155
-348 -154
-349 -153
-350 -152
-351 -151
-352 -150
-353 -149
-354 -148
-355 -147
-356 -146
-357 -145
-358 -144
-359 -143
-360 -142
-361 -141
-362 -140
-363 -139
-364 -138
-365 -137
-366 -136
-367 -135
-368 -134
-369 -133
-370 -132
-371 -131
-372 -130
-373 -129
-374 -128
-375 -127
-376 -126
-377 -125
-378 -124
-379 -123
-380 -122
-381 -121
-382 -120
-383 -119
-384 -118
-385 -117
-386 -116
-387 -115
-388 -114
-389 -113
-390 -112
-391 -111
-392 -110
-393 -109
-394 -108
-395 -107
-396 -106
-397 -105
-398 -104
-399 -103
-400 -102
-401 -101
-402 -100
-403 -99
-404 -98
-405 -97
-406 -96
-407 -95
-408 -94
-409 -93
-410 -92
-411 -91
-412 -90
-413 -89
-414 -88
-415 -87
-416 -86
-417 -85
-418 -84
-419 -83
-420 -82
-421 -81
-422 -80
-423 -79
-424 -78
-425 -77
-426 -76
-427 -75
-428 -74
-429 -73
-430 -72
-431 -71
-432 -70
-433 -69
-434 -68
-435 -67
-436 -66
-437 -65
-438 -64
-439 -63
-440 -62
-441 -61
-442 -60
-443 -59
-444 -58
-445 -57
-446 -56
-447 -55
-448 -54
-449 -53
-450 -52
-451 -51
-452 -50
-453 -49
-454 -48
-455 -47
-456 -46
-457 -45
-458 -44
-459 -43
-460 -42
-461 -41
-462 -40
-463 -39
-464 -38
-465 -37
-466 -36
-467 -35
-468 -34
-469 -33
-470 -32
-471 -31
-472 -30
-473 -29
-474 -28
-475 -27
-476 -26
-477 -25
-478 -24
-479 -23
-480 -22
-481 -21
-482 -20
-483 -19
-484 -18
-485 -17
-486 -16
-487 -15
-488 -14
-489 -13
-490 -12
-491 -11
-492 -10
-493 -9
-494 -8
-495 -7
-496 -6
-497 -5
-498 -4
-499 -3
-500 -2
