2000
1 1001
2 1000
3 999
4 998
5 997
6 996
7 995
8 994
9 993
10 992
11 991
12 990
13 989
14 988
15 987
16 986
17 985
18 984
19 983
20 982
21 981
22 980
23 979
24 978
25 977
26 976
27 975
28 974
29 973
30 972
31 971
32 970
33 969
34 968
35 967
36 966
37 965
38 964
39 963
40 962
41 961
42 960
43 959
44 958
45 957
46 956
47 955
48 954
49 953
50 952
51 951
52 950
53 949
54 948
55 947
56 946
57 945
58 944
59 943
60 942
61 941
62 940
63 939
64 938
65 937
66 936
67 935
68 934
69 933
70 932
71 931
72 930
73 929
74 928
75 927
76 926
77 925
78 924
79 923
80 922
81 921
82 920
83 919
84 918
85 917
86 916
87 915
88 914
89 913
90 912
91 911
92 910
93 909
94 908
95 907
96 906
97 905
98 904
99 903
100 902
101 901
102 900
103 899
104 898
105 897
106 896
107 895
108 894
109 893
110 892
111 891
112 890
113 889
114 888
115 887
116 886
117 885
118 884
119 883
120 882
121 881
122 880
123 879
124 878
125 877
126 876
127 875
128 874
129 873
130 872
131 871
132 870
133 869
134 868
135 867
136 866
137 865
138 864
139 863
140 862
141 861
142 860
143 859
144 858
145 857
146 856
147 855
148 854
149 853
150 852
151 851
152 850
153 849
154 848
155 847
156 846
157 845
158 844
159 843
160 842
161 841
162 840
163 839
164 838
165 837
166 836
167 835
168 834
169 833
170 832
171 831
172 830
173 829
174 828
175 827
176 826
177 825
178 824
179 823
180 822
181 821
182 820
183 819
184 818
185 817
186 816
187 815
188 814
189 813
190 812
191 811
192 810
193 809
194 808
195 807
196 806
197 805
198 804
199 803
200 802
201 801
202 800
203 799
204 798
205 797
206 796
207 795
208 794
209 793
210 792
211 791
212 790
213 789
214 788
215 787
216 786
217 785
218 784
219 783
220 782
221 781
222 780
223 779
224 778
225 777
226 776
227 775
228 774
229 773
230 772
231 771
232 770
233 769
234 768
235 767
236 766
237 765
238 764
239 763
240 762
241 761
242 760
243 759
244 758
245 757
246 756
247 755
248 754
249 753
250 752
251 751
252 750
253 749
254 748
255 747
256 746
257 745
258 744
259 743
260 742
261 741
262 740
263 739
264 738
265 737
266 736
267 735
268 734
269 733
270 732
271 731
272 730
273 729
274 728
275 727
276 726
277 725
278 724
279 723
280 722
281 721
282 720
283 719
284 718
285 717
286 716
287 715
288 714
289 713
290 712
291 711
292 710
293 709
294 708
295 707
296 706
297 705
298 704
299 703
300 702
301 701
302 700
303 699
304 698
305 697
306 696
307 695
308 694
309 693
310 692
311 691
312 690
313 689
314 688
315 687
316 686
317 685
318 684
319 683
320 682
321 681
322 680
323 679
324 678
325 677
326 676
327 675
328 674
329 673
330 672
331 671
332 670
333 669
334 668
335 667
336 666
337 665
338 664
339 663
340 662
341 661
342 660
343 659
344 658
345 657
346 656
347 655
348 654
349 653
350 652
351 651
352 650
353 649
354 648
355 647
356 646
357 645
358 644
359 643
360 642
361 641
362 640
363 639
364 638
365 637
366 636
367 635
368 634
369 633
370 632
371 631
372 630
373 629
374 628
375 627
376 626
377 625
378 624
379 623
380 622
381 621
382 620
383 619
384 618
385 617
386 616
387 615
388 614
389 613
390 612
391 611
392 610
393 609
394 608
395 607
396 606
397 605
398 604
399 603
400 602
401 601
402 600
403 599
404 598
405 597
406 596
407 595
408 594
409 593
410 592
411 591
412 590
413 589
414 588
415 587
416 586
417 585
418 584
419 583
420 582
421 581
422 580
423 579
424 578
425 577
426 576
427 575
428 574
429 573
430 572
431 571
432 570
433 569
434 568
435 567
436 566
437 565
438 564
439 563
440 562
441 561
442 560
443 559
444 558
445 557
446 556
447 555
448 554
449 553
450 552
451 551
452 550
453 549
454 548
455 547
456 546
457 545
458 544
459 543
460 542
461 541
462 540
463 539
464 538
465 537
466 536
467 535
468 534
469 533
470 532
471 531
472 530
473 529
474 528
475 527
476 526
477 525
478 524
479 523
480 522
481 521
482 520
483 519
484 518
485 517
486 516
487 515
488 514
489 513
490 512
491 511
492 510
493 509
494 508
495 507
496 506
497 505
498 504
499 503
500 502
501 501
502 500
503 499
504 498
505 497
506 496
507 495
508 494
509 493
510 492
511 491
512 490
513 489
514 488
515 487
516 486
517 485
518 484
519 483
520 482
521 481
522 480
523 479
524 478
525 477
526 476
527 475
528 474
529 473
530 472
531 471
532 470
533 469
534 468
535 467
536 466
537 465
538 464
539 463
540 462
541 461
542 460
543 459
544 458
545 457
546 456
547 455
548 454
549 453
550 452
551 451
552 450
553 449
554 448
555 447
556 446
557 445
558 444
559 443
560 442
561 441
562 440
563 439
564 438
565 437
566 436
567 435
568 434
569 433
570 432
571 431
572 430
573 429
574 428
575 427
576 426
577 425
578 424
579 423
580 422
581 421
582 420
583 419
584 418
585 417
586 416
587 415
588 414
589 413
590 412
591 411
592 410
593 409
594 408
595 407
596 406
597 405
598 404
599 403
600 402
601 401
602 400
603 399
604 398
605 397
606 396
607 395
608 394
609 393
610 392
611 391
612 390
613 389
614 388
615 387
616 386
617 385
618 384
619 383
620 382
621 381
622 380
623 379
624 378
625 377
626 376
627 375
628 374
629 373
630 372
631 371
632 370
633 369
634 368
635 367
636 366
637 365
638 364
639 363
640 362
641 361
642 360
643 359
644 358
645 357
646 356
647 355
648 354
649 353
650 352
651 351
652 350
653 349
654 348
655 347
656 346
657 345
658 344
659 343
660 342
661 341
662 340
663 339
664 338
665 337
666 336
667 335
668 334
669 333
670 332
671 331
672 330
673 329
674 328
675 327
676 326
677 325
678 324
679 323
680 322
681 321
682 320
683 319
684 318
685 317
686 316
687 315
688 314
689 313
690 312
691 311
692 310
693 309
694 308
695 307
696 306
697 305
698 304
699 303
700 302
701 301
702 300
703 299
704 298
705 297
706 296
707 295
708 294
709 293
710 292
711 291
712 290
713 289
714 288
715 287
716 286
717 285
718 284
719 283
720 282
721 281
722 280
723 279
724 278
725 277
726 276
727 275
728 274
729 273
730 272
731 271
732 270
733 269
734 268
735 267
736 266
737 265
738 264
739 263
740 262
741 261
742 260
743 259
744 258
745 257
746 256
747 255
748 254
749 253
750 252
751 251
752 250
753 249
754 248
755 247
756 246
757 245
758 244
759 243
760 242
761 241
762 240
763 239
764 238
765 237
766 236
767 235
768 234
769 233
770 232
771 231
772 230
773 229
774 228
775 227
776 226
777 225
778 224
779 223
780 222
781 221
782 220
783 219
784 218
785 217
786 216
787 215
788 214
789 213
790 212
791 211
792 210
793 209
794 208
795 207
796 206
797 205
798 204
799 203
800 202
801 201
802 200
803 199
804 198
805 197
806 196
807 195
808 194
809 193
810 192
811 191
812 190
813 189
814 188
815 187
816 186
817 185
818 184
819 183
820 182
821 181
822 180
823 179
824 178
825 177
826 176
827 175
828 174
829 173
830 172
831 171
832 170
833 169
834 168
835 167
836 166
837 165
838 164
839 163
840 162
841 161
842 160
843 159
844 158
845 157
846 156
847 155
848 154
849 153
850 152
851 151
852 150
853 149
854 148
855 147
856 146
857 145
858 144
859 143
860 142
861 141
862 140
863 139
864 138
865 137
866 136
867 135
868 134
869 133
870 132
871 131
872 130
873 129
874 128
875 127
876 126
877 125
878 124
879 123
880 122
881 121
882 120
883 119
884 118
885 117
886 116
887 115
888 114
889 113
890 112
891 111
892 110
893 109
894 108
895 107
896 106
897 105
898 104
899 103
900 102
901 101
902 100
903 99
904 98
905 97
906 96
907 95
908 94
909 93
910 92
911 91
912 90
913 89
914 88
915 87
916 86
917 85
918 84
919 83
920 82
921 81
922 80
923 79
924 78
925 77
926 76
927 75
928 74
929 73
930 72
931 71
932 70
933 69
934 68
935 67
936 66
937 65
938 64
939 63
940 62
941 61
942 60
943 59
944 58
945 57
946 56
947 55
948 54
949 53
950 52
951 51
952 50
953 49
954 48
955 47
956 46
957 45
958 44
959 43
960 42
961 41
962 40
963 39
964 38
965 37
966 36
967 35
968 34
969 33
970 32
971 31
972 30
973 29
974 28
975 27
976 26
977 25
978 24
979 23
980 22
981 21
982 20
983 19
984 18
985 17
986 16
987 15
988 14
989 13
990 12
991 11
992 10
993 9
994 8
995 7
996 6
997 5
998 4
999 3
1000 2
-1 -1001
-2 -1000
-3 -999
-4 -998
-5 -997
-6 -996
-7 -995
-8 -994
-9 -993
-10 -992
-11 -991
-12 -990
-13 -989
-14 -988
-15 -987
-16 -986
-17 -985
-18 -984
-19 -983
-20 -982
-21 -981
-22 -980
-23 -979
-24 -978
-25 -977
-26 -976
-27 -975
-28 -974
-29 -973
-30 -972
-31 -971
-32 -970
-33 -969
-34 -968
-35 -967
-36 -966
-37 -965
-38 -964
-39 -963
-40 -962
-41 -961
-42 -960
-43 -959
-44 -958
-45 -957
-46 -956
-47 -955
-48 -954
-49 -953
-50 -952
-51 -951
-52 -950
-53 -949
-54 -948
-55 -947
-56 -946
-57 -945
-58 -944
-59 -943
-60 -942
-61 -941
-62 -940
-63 -939
-64 -938
-65 -937
-66 -936
-67 -935
-68 -934
-69 -933
-70 -932
-71 -931
-72 -930
-73 -929
-74 -928
-75 -927
-76 -926
-77 -925
-78 -924
-79 -923
-80 -922
-81 -921
-82 -920
-83 -919
-84 -918
-85 -917
-86 -916
-87 -915
-88 -914
-89 -913
-90 -912
-91 -911
-92 -910
-93 -909
-94 -908
-95 -907
-96 -906
-97 -905
-98 -904
-99 -903
-100 -902
-101 -901
-102 -900
-103 -899
-104 -898
-105 -897
-106 -896
-107 -895
-108 -894
-109 -893
-110 -892
-111 -891
-112 -890
-113 -889
-114 -888
-115 -887
-116 -886
-117 -885
-118 -884
-119 -883
-120 -882
-121 -881
-122 -880
-123 -879
-124 -878
-125 -877
-126 -876
-127 -875
-128 -874
-129 -873
-130 -872
-131 -871
-132 -870
-133 -869
-134 -868
-135 -867
-136 -866
-137 -865
-138 -864
-139 -863
-140 -862
-141 -861
-142 -860
-143 -859
-144 -858
-145 -857
-146 -856
-147 -855
-148 -854
-149 -853
-150 -852
-151 -851
-152 -850
-153 -849
-154 -848
-155 -847
-156 -846
-157 -845
-158 -844
-159 -843
-160 -842
-161 -841
-162 -840
-163 -839
-164 -838
-165 -837
-166 -836
-167 -835
-168 -834
-169 -833
-170 -832
-171 -831
-172 -830
-173 -829
-174 -828
-175 -827
-176 -826
-177 -825
-178 -824
-179 -823
-180 -822
-181 -821
-182 -820
-183 -819
-184 -818
-185 -817
-186 -816
-187 -815
-188 -814
-189 -813
-190 -812
-191 -811
-192 -810
-193 -809
-194 -808
-195 -807
-196 -806
-197 -805
-198 -804
-199 -803
-200 -802
-201 -801
-202 -800
-203 -799
-204 -798
-205 -797
-206 -796
-207 -795
-208 -794
-209 -793
-210 -792
-211 -791
-212 -790
-213 -789
-214 -788
-215 -787
-216 -786
-217 -785
-218 -784
-219 -783
-220 -782
-221 -781
-222 -780
-223 -779
-224 -778
-225 -777
-226 -776
-227 -775
-228 -774
-229 -773
-230 -772
-231 -771
-232 -770
-233 -769
-234 -768
-235 -767
-236 -766
-237 -765
-238 -764
-239 -763
-240 -762
-241 -761
-242 -760
-243 -759
-244 -758
-245 -757
-246 -756
-247 -755
-248 -754
-249 -753
-250 -752
-251 -751
-252 -750
-253 -749
-254 -748
-255 -747
-256 -746
-257 -745
-258 -744
-259 -743
-260 -742
-261 -741
-262 -740
-263 -739
-264 -738
-265 -737
-266 -736
-267 -735
-268 -734
-269 -733
-270 -732
-271 -731
-272 -730
-273 -729
-274 -728
-275 -727
-276 -726
-277 -725
-278 -724
-279 -723
-280 -722
-281 -721
-282 -720
-283 -719
-284 -718
-285 -717
-286 -716
-287 -715
-288 -714
-289 -713
-290 -712
-291 -711
-292 -710
-293 -709
-294 -708
-295 -707
-296 -706
-297 -705
-298 -704
-299 -703
-300 -702
-301 -701
-302 -700
-303 -699
-304 -698
-305 -697
-306 -696
-307 -695
-308 -694
-309 -693
-310 -692
-311 -691
-312 -690
-313 -689
-314 -688
-315 -687
-316 -686
-317 -685
-318 -684
-319 -683
-320 -682
-321 -681
-322 -680
-323 -679
-324 -678
-325 -677
-326 -676
-327 -675
-328 -674
-329 -673
-330 -672
-331 -671
-332 -670
-333 -669
-334 -668
-335 -667
-336 -666
-337 -665
-338 -664
-339 -663
-340 -662
-341 -661
-342 -660
-343 -659
-344 -658
-345 -657
-346 -656
-347 -655
-348 -654
-349 -653
-350 -652
-351 -651
-352 -650
-353 -649
-354 -648
-355 -647
-356 -646
-357 -645
-358 -644
-359 -643
-360 -642
-361 -641
-362 -640
-363 -639
-364 -638
-365 -637
-366 -636
-367 -635
-368 -634
-369 -633
-370 -632
-371 -631
-372 -630
-373 -629
-374 -628
-375 -627
-376 -626
-377 -625
-378 -624
-379 -623
-380 -622
-381 -621
-382 -620
-383 -619
-384 -618
-385 -617
-386 -616
-387 -615
-388 -614
-389 -613
-390 -612
-391 -611
-392 -610
-393 -609
-394 -608
-395 -607
-396 -606
-397 -605
-398 -604
-399 -603
-400 -602
-401 -601
-402 -600
-403 -599
-404 -598
-405 -597
-406 -596
-407 -595
-408 -594
-409 -593
-410 -592
-411 -591
-412 -590
-413 -589
-414 -588
-415 -587
-416 -586
-417 -585
-418 -584
-419 -583
-420 -582
-421 -581
-422 -580
-423 -579
-424 -578
-425 -577
-426 -576
-427 -575
-428 -574
-429 -573
-430 -572
-431 -571
-432 -570
-433 -569
-434 -568
-435 -567
-436 -566
-437 -565
-438 -564
-439 -563
-440 -562
-441 -561
-442 -560
-443 -559
-444 -558
-445 -557
-446 -556
-447 -555
-448 -554
-449 -553
-450 -552
-451 -551
-452 -550
-453 -549
-454 -548
-455 -547
-456 -546
-457 -545
-458 -544
-459 -543
-460 -542
-461 -541
-462 -540
-463 -539
-464 -538
-465 -537
-466 -536
-467 -535
-468 -534
-469 -533
-470 -532
-471 -531
-472 -530
-473 -529
-474 -528
-475 -527
-476 -526
-477 -525
-478 -524
-479 -523
-480 -522
-481 -521
-482 -520
-483 -519
-484 -518
-485 -517
-486 -516
-487 -515
-488 -514
-489 -513
-490 -512
-491 -511
-492 -510
-493 -509
-494 -508
-495 -507
-496 -506
-497 -505
-498 -504
-499 -503
-500 -502
-501 -501
-502 -500
-503 -499
-504 -498
-505 -497
-506 -496
-507 -495
-508 -494
-509 -493
-510 -492
-511 -491
-512 -490
-513 -489
-514 -488
-515 -487
-516 -486
-517 -485
-518 -484
-519 -483
-520 -482
-521 -481
-522 -480
-523 -479
-524 -478
-525 -477
-526 -476
-527 -475
-528 -474
-529 -473
-530 -472
-531 -471
-532 -470
-533 -469
-534 -468
-535 -467
-536 -466
-537 -465
-538 -464
-539 -463
-540 -462
-541 -461
-542 -460
-543 -459
-544 -458
-545 -457
-546 -456
-547 -455
-548 -454
-549 -453
-550 -452
-551 -451
-552 -450
-553 -449
-554 -448
-555 -447
-556 -446
-557 -445
-558 -444
-559 -443
-560 -442
-561 -441
-562 -440
-563 -439
-564 -438
-565 -437
-566 -436
-567 -435
-568 -434
-569 -433
-570 -432
-571 -431
-572 -430
-573 -429
-574 -428
-575 -427
-576 -426
-577 -425
-578 -424
-579 -423
-580 -422
-581 -421
-582 -420
-583 -419
-584 -418
-585 -417
-586 -416
-587 -415
-588 -414
-589 -413
-590 -412
-591 -411
-592 -410
-593 -409
-594 -408
-595 -407
-596 -406
-597 -405
-598 -404
-599 -403
-600 -402
-601 -401
-602 -400
-603 -399
-604 -398
-605 -397
-606 -396
-607 -395
-608 -394
-609 -393
-610 -392
-611 -391
-612 -390
-613 -389
-614 -388
-615 -387
-616 -386
-617 -385
-618 -384
-619 -383
-620 -382
-621 -381
-622 -380
-623 -379
-624 -378
-625 -377
-626 -376
-627 -375
-628 -374
-629 -373
-630 -372
-631 -371
-632 -370
-633 -369
-634 -368
-635 -367
-636 -366
-637 -365
-638 -364
-639 -363
-640 -362
-641 -361
-642 -360
-643 -359
-644 -358
-645 -357
-646 -356
-647 -355
-648 -354
-649 -353
-650 -352
-651 -351
-652 -350
-653 -349
-654 -348
-655 -347
-656 -346
-657 -345
-658 -344
-659 -343
-660 -342
-661 -341
-662 -340
-663 -339
-664 -338
-665 -337
-666 -336
-667 -335
-668 -334
-669 -333
-670 -332
-671 -331
-672 -330
-673 -329
-674 -328
-675 -327
-676 -326
-677 -325
-678 -324
-679 -323
-680 -322
-681 -321
-682 -320
-683 -319
-684 -318
-685 -317
-686 -316
-687 -315
-688 -314
-689 -313
-690 -312
-691 -311
-692 -310
-693 -309
-694 -308
-695 -307
-696 -306
-697 -305
-698 -304
-699 -303
-700 -302
-701 -301
-702 -300
-703 -299
-704 -298
-705 -297
-706 -296
-707 -295
-708 -294
-709 -293
-710 -292
-711 -291
-712 -290
-713 -289
-714 -288
-715 -287
-716 -286
-717 -285
-718 -284
-719 -283
-720 -282
-721 -281
-722 -280
-723 -279
-724 -278
-725 -277
-726 -276
-727 -275
-728 -274
-729 -273
-730 -272
-731 -271
-732 -270
-733 -269
-734 -268
-735 -267
-736 -266
-737 -265
-738 -264
-739 -263
-740 -262
-741 -261
-742 -260
-743 -259
-744 -258
-745 -257
-746 -256
-747 -255
-748 -254
-749 -253
-750 -252
-751 -251
-752 -250
-753 -249
-754 -248
-755 -247
-756 -246
-757 -245
-758 -244
-759 -243
-760 -242
-761 -241
-762 -240
-763 -239
-764 -238
-765 -237
-766 -236
-767 -235
-768 -234
-769 -233
-770 -232
-771 -231
-772 -230
-773 -229
-774 -228
-775 -227
-776 -226
-777 -225
-778 -224
-779 -223
-780 -222
-781 -221
-782 -220
-783 -219
-784 -218
-785 -217
-786 -216
-787 -215
-788 -214
-789 -213
-790 -212
-791 -211
-792 -210
-793 -209
-794 -208
-795 -207
-796 -206
-797 -205
-798 -204
-799 -203
-800 -202
-801 -201
-802 -200
-803 -199
-804 -198
-805 -197
-806 -196
-807 -195
-808 -194
-809 -193
-810 -192
-811 -191
-812 -190
-813 -189
-814 -188
-815 -187
-816 -186
-817 -185
-818 -184
-819 -183
-820 -182
-821 -181
-822 -180
-823 -179
-824 -178
-825 -177
-826 -176
-827 -175
-828 -174
-829 -173
-830 -172
-831 -171
-832 -170
-833 -169
-834 -168
-835 -167
-836 -166
-837 -165
-838 -164
-839 -163
-840 -162
-841 -161
-842 -160
-843 -159
-844 -158
-845 -157
-846 -156
-847 -155
-848 -154
-849 -153
-850 -152
-851 -151
-852 -150
-853 -149
-854 -148
-855 -147
-856 -146
-857 -145
-858 -144
-859 -143
-860 -142
-861 -141
-862 -140
-863 -139
-864 -138
-865 -137
-866 -136
-867 -135
-868 -134
-869 -133
-870 -132
-871 -131
-872 -130
-873 -129
-874 -128
-875 -127
-876 -126
-877 -125
-878 -124
-879 -123
-880 -122
-881 -121
-882 -120
-883 -119
-884 -118
-885 -117
-886 -116
-887 -115
-888 -114
-889 -113
-890 -112
-891 -111
-892 -110
-893 -109
-894 -108
-895 -107
-896 -106
-897 -105
-898 -104
-899 -103
-900 -102
-901 -101
-902 -100
-903 -99
-904 -98
-905 -97
-906 -96
-907 -95
-908 -94
-909 -93
-910 -92
-911 -91
-912 -90
-913 -89
-914 -88
-915 -87
-916 -86
-917 -85
-918 -84
-919 -83
-920 -82
-921 -81
-922 -80
-923 -79
-924 -78
-925 -77
-926 -76
-927 -75
-928 -74
-929 -73
-930 -72
-931 -71
-932 -70
-933 -69
-934 -68
-935 -67
-936 -66
-937 -65
-938 -64
-939 -63
-940 -62
-941 -61
-942 -60
-943 -59
-944 -58
-945 -57
-946 -56
-947 -55
-948 -54
-949 -53
-950 -52
-951 -51
-952 -50
-953 -49
-954 -48
-955 -47
-956 -46
-957 -45
-958 -44
-959 -43
-960 -42
-961 -41
-962 -40
-963 -39
-964 -38
-965 -37
-966 -36
-967 -35
-968 -34
-969 -33
-970 -32
-971 -31
-972 -30
-973 -29
-974 -28
-975 -27
-976 -26
-977 -25
-978 -24
-979 -23
-980 -22
-981 -21
-982 -20
-983 -19
-984 -18
-985 -17
-986 -16
-987 -15
-988 -14
-989 -13
-990 -12
-991 -11
-992 -10
-993 -9
-994 -8
-995 -7
-996 -6
-997 -5
-998 -4
-999 -3
-1000 -2
