3000
1 1501
2 1500
3 1499
4 1498
5 1497
6 1496
7 1495
8 1494
9 1493
10 1492
11 1491
12 1490
13 1489
14 1488
15 1487
16 1486
17 1485
18 1484
19 1483
20 1482
21 1481
22 1480
23 1479
24 1478
25 1477
26 1476
27 1475
28 1474
29 1473
30 1472
31 1471
32 1470
33 1469
34 1468
35 1467
36 1466
37 1465
38 1464
39 1463
40 1462
41 1461
42 1460
43 1459
44 1458
45 1457
46 1456
47 1455
48 1454
49 1453
50 1452
51 1451
52 1450
53 1449
54 1448
55 1447
56 1446
57 1445
58 1444
59 1443
60 1442
61 1441
62 1440
63 1439
64 1438
65 1437
66 1436
67 1435
68 1434
69 1433
70 1432
71 1431
72 1430
73 1429
74 1428
75 1427
76 1426
77 1425
78 1424
79 1423
80 1422
81 1421
82 1420
83 1419
84 1418
85 1417
86 1416
87 1415
88 1414
89 1413
90 1412
91 1411
92 1410
93 1409
94 1408
95 1407
96 1406
97 1405
98 1404
99 1403
100 1402
101 1401
102 1400
103 1399
104 1398
105 1397
106 1396
107 1395
108 1394
109 1393
110 1392
111 1391
112 1390
113 1389
114 1388
115 1387
116 1386
117 1385
118 1384
119 1383
120 1382
121 1381
122 1380
123 1379
124 1378
125 1377
126 1376
127 1375
128 1374
129 1373
130 1372
131 1371
132 1370
133 1369
134 1368
135 1367
136 1366
137 1365
138 1364
139 1363
140 1362
141 1361
142 1360
143 1359
144 1358
145 1357
146 1356
147 1355
148 1354
149 1353
150 1352
151 1351
152 1350
153 1349
154 1348
155 1347
156 1346
157 1345
158 1344
159 1343
160 1342
161 1341
162 1340
163 1339
164 1338
165 1337
166 1336
167 1335
168 1334
169 1333
170 1332
171 1331
172 1330
173 1329
174 1328
175 1327
176 1326
177 1325
178 1324
179 1323
180 1322
181 1321
182 1320
183 1319
184 1318
185 1317
186 1316
187 1315
188 1314
189 1313
190 1312
191 1311
192 1310
193 1309
194 1308
195 1307
196 1306
197 1305
198 1304
199 1303
200 1302
201 1301
202 1300
203 1299
204 1298
205 1297
206 1296
207 1295
208 1294
209 1293
210 1292
211 1291
212 1290
213 1289
214 1288
215 1287
216 1286
217 1285
218 1284
219 1283
220 1282
221 1281
222 1280
223 1279
224 1278
225 1277
226 1276
227 1275
228 1274
229 1273
230 1272
231 1271
232 1270
233 1269
234 1268
235 1267
236 1266
237 1265
238 1264
239 1263
240 1262
241 1261
242 1260
243 1259
244 1258
245 1257
246 1256
247 1255
248 1254
249 1253
250 1252
251 1251
252 1250
253 1249
254 1248
255 1247
256 1246
257 1245
258 1244
259 1243
260 1242
261 1241
262 1240
263 1239
264 1238
265 1237
266 1236
267 1235
268 1234
269 1233
270 1232
271 1231
272 1230
273 1229
274 1228
275 1227
276 1226
277 1225
278 1224
279 1223
280 1222
281 1221
282 1220
283 1219
284 1218
285 1217
286 1216
287 1215
288 1214
289 1213
290 1212
291 1211
292 1210
293 1209
294 1208
295 1207
296 1206
297 1205
298 1204
299 1203
300 1202
301 1201
302 1200
303 1199
304 1198
305 1197
306 1196
307 1195
308 1194
309 1193
310 1192
311 1191
312 1190
313 1189
314 1188
315 1187
316 1186
317 1185
318 1184
319 1183
320 1182
321 1181
322 1180
323 1179
324 1178
325 1177
326 1176
327 1175
328 1174
329 1173
330 1172
331 1171
332 1170
333 1169
334 1168
335 1167
336 1166
337 1165
338 1164
339 1163
340 1162
341 1161
342 1160
343 1159
344 1158
345 1157
346 1156
347 1155
348 1154
349 1153
350 1152
351 1151
352 1150
353 1149
354 1148
355 1147
356 1146
357 1145
358 1144
359 1143
360 1142
361 1141
362 1140
363 1139
364 1138
365 1137
366 1136
367 1135
368 1134
369 1133
370 1132
371 1131
372 1130
373 1129
374 1128
375 1127
376 1126
377 1125
378 1124
379 1123
380 1122
381 1121
382 1120
383 1119
384 1118
385 1117
386 1116
387 1115
388 1114
389 1113
390 1112
391 1111
392 1110
393 1109
394 1108
395 1107
396 1106
397 1105
398 1104
399 1103
400 1102
401 1101
402 1100
403 1099
404 1098
405 1097
406 1096
407 1095
408 1094
409 1093
410 1092
411 1091
412 1090
413 1089
414 1088
415 1087
416 1086
417 1085
418 1084
419 1083
420 1082
421 1081
422 1080
423 1079
424 1078
425 1077
426 1076
427 1075
428 1074
429 1073
430 1072
431 1071
432 1070
433 1069
434 1068
435 1067
436 1066
437 1065
438 1064
439 1063
440 1062
441 1061
442 1060
443 1059
444 1058
445 1057
446 1056
447 1055
448 1054
449 1053
450 1052
451 1051
452 1050
453 1049
454 1048
455 1047
456 1046
457 1045
458 1044
459 1043
460 1042
461 1041
462 1040
463 1039
464 1038
465 1037
466 1036
467 1035
468 1034
469 1033
470 1032
471 1031
472 1030
473 1029
474 1028
475 1027
476 1026
477 1025
478 1024
479 1023
480 1022
481 1021
482 1020
483 1019
484 1018
485 1017
486 1016
487 1015
488 1014
489 1013
490 1012
491 1011
492 1010
493 1009
494 1008
495 1007
496 1006
497 1005
498 1004
499 1003
500 1002
501 1001
502 1000
503 999
504 998
505 997
506 996
507 995
508 994
509 993
510 992
511 991
512 990
513 989
514 988
515 987
516 986
517 985
518 984
519 983
520 982
521 981
522 980
523 979
524 978
525 977
526 976
527 975
528 974
529 973
530 972
531 971
532 970
533 969
534 968
535 967
536 966
537 965
538 964
539 963
540 962
541 961
542 960
543 959
544 958
545 957
546 956
547 955
548 954
549 953
550 952
551 951
552 950
553 949
554 948
555 947
556 946
557 945
558 944
559 943
560 942
561 941
562 940
563 939
564 938
565 937
566 936
567 935
568 934
569 933
570 932
571 931
572 930
573 929
574 928
575 927
576 926
577 925
578 924
579 923
580 922
581 921
582 920
583 919
584 918
585 917
586 916
587 915
588 914
589 913
590 912
591 911
592 910
593 909
594 908
595 907
596 906
597 905
598 904
599 903
600 902
601 901
602 900
603 899
604 898
605 897
606 896
607 895
608 894
609 893
610 892
611 891
612 890
613 889
614 888
615 887
616 886
617 885
618 884
619 883
620 882
621 881
622 880
623 879
624 878
625 877
626 876
627 875
628 874
629 873
630 872
631 871
632 870
633 869
634 868
635 867
636 866
637 865
638 864
639 863
640 862
641 861
642 860
643 859
644 858
645 857
646 856
647 855
648 854
649 853
650 852
651 851
652 850
653 849
654 848
655 847
656 846
657 845
658 844
659 843
660 842
661 841
662 840
663 839
664 838
665 837
666 836
667 835
668 834
669 833
670 832
671 831
672 830
673 829
674 828
675 827
676 826
677 825
678 824
679 823
680 822
681 821
682 820
683 819
684 818
685 817
686 816
687 815
688 814
689 813
690 812
691 811
692 810
693 809
694 808
695 807
696 806
697 805
698 804
699 803
700 802
701 801
702 800
703 799
704 798
705 797
706 796
707 795
708 794
709 793
710 792
711 791
712 790
713 789
714 788
715 787
716 786
717 785
718 784
719 783
720 782
721 781
722 780
723 779
724 778
725 777
726 776
727 775
728 774
729 773
730 772
731 771
732 770
733 769
734 768
735 767
736 766
737 765
738 764
739 763
740 762
741 761
742 760
743 759
744 758
745 757
746 756
747 755
748 754
749 753
750 752
751 751
752 750
753 749
754 748
755 747
756 746
757 745
758 744
759 743
760 742
761 741
762 740
763 739
764 738
765 737
766 736
767 735
768 734
769 733
770 732
771 731
772 730
773 729
774 728
775 727
776 726
777 725
778 724
779 723
780 722
781 721
782 720
783 719
784 718
785 717
786 716
787 715
788 714
789 713
790 712
791 711
792 710
793 709
794 708
795 707
796 706
797 705
798 704
799 703
800 702
801 701
802 700
803 699
804 698
805 697
806 696
807 695
808 694
809 693
810 692
811 691
812 690
813 689
814 688
815 687
816 686
817 685
818 684
819 683
820 682
821 681
822 680
823 679
824 678
825 677
826 676
827 675
828 674
829 673
830 672
831 671
832 670
833 669
834 668
835 667
836 666
837 665
838 664
839 663
840 662
841 661
842 660
843 659
844 658
845 657
846 656
847 655
848 654
849 653
850 652
851 651
852 650
853 649
854 648
855 647
856 646
857 645
858 644
859 643
860 642
861 641
862 640
863 639
864 638
865 637
866 636
867 635
868 634
869 633
870 632
871 631
872 630
873 629
874 628
875 627
876 626
877 625
878 624
879 623
880 622
881 621
882 620
883 619
884 618
885 617
886 616
887 615
888 614
889 613
890 612
891 611
892 610
893 609
894 608
895 607
896 606
897 605
898 604
899 603
900 602
901 601
902 600
903 599
904 598
905 597
906 596
907 595
908 594
909 593
910 592
911 591
912 590
913 589
914 588
915 587
916 586
917 585
918 584
919 583
920 582
921 581
922 580
923 579
924 578
925 577
926 576
927 575
928 574
929 573
930 572
931 571
932 570
933 569
934 568
935 567
936 566
937 565
938 564
939 563
940 562
941 561
942 560
943 559
944 558
945 557
946 556
947 555
948 554
949 553
950 552
951 551
952 550
953 549
954 548
955 547
956 546
957 545
958 544
959 543
960 542
961 541
962 540
963 539
964 538
965 537
966 536
967 535
968 534
969 533
970 532
971 531
972 530
973 529
974 528
975 527
976 526
977 525
978 524
979 523
980 522
981 521
982 520
983 519
984 518
985 517
986 516
987 515
988 514
989 513
990 512
991 511
992 510
993 509
994 508
995 507
996 506
997 505
998 504
999 503
1000 502
1001 501
1002 500
1003 499
1004 498
1005 497
1006 496
1007 495
1008 494
1009 493
1010 492
1011 491
1012 490
1013 489
1014 488
1015 487
1016 486
1017 485
1018 484
1019 483
1020 482
1021 481
1022 480
1023 479
1024 478
1025 477
1026 476
1027 475
1028 474
1029 473
1030 472
1031 471
1032 470
1033 469
1034 468
1035 467
1036 466
1037 465
1038 464
1039 463
1040 462
1041 461
1042 460
1043 459
1044 458
1045 457
1046 456
1047 455
1048 454
1049 453
1050 452
1051 451
1052 450
1053 449
1054 448
1055 447
1056 446
1057 445
1058 444
1059 443
1060 442
1061 441
1062 440
1063 439
1064 438
1065 437
1066 436
1067 435
1068 434
1069 433
1070 432
1071 431
1072 430
1073 429
1074 428
1075 427
1076 426
1077 425
1078 424
1079 423
1080 422
1081 421
1082 420
1083 419
1084 418
1085 417
1086 416
1087 415
1088 414
1089 413
1090 412
1091 411
1092 410
1093 409
1094 408
1095 407
1096 406
1097 405
1098 404
1099 403
1100 402
1101 401
1102 400
1103 399
1104 398
1105 397
1106 396
1107 395
1108 394
1109 393
1110 392
1111 391
1112 390
1113 389
1114 388
1115 387
1116 386
1117 385
1118 384
1119 383
1120 382
1121 381
1122 380
1123 379
1124 378
1125 377
1126 376
1127 375
1128 374
1129 373
1130 372
1131 371
1132 370
1133 369
1134 368
1135 367
1136 366
1137 365
1138 364
1139 363
1140 362
1141 361
1142 360
1143 359
1144 358
1145 357
1146 356
1147 355
1148 354
1149 353
1150 352
1151 351
1152 350
1153 349
1154 348
1155 347
1156 346
1157 345
1158 344
1159 343
1160 342
1161 341
1162 340
1163 339
1164 338
1165 337
1166 336
1167 335
1168 334
1169 333
1170 332
1171 331
1172 330
1173 329
1174 328
1175 327
1176 326
1177 325
1178 324
1179 323
1180 322
1181 321
1182 320
1183 319
1184 318
1185 317
1186 316
1187 315
1188 314
1189 313
1190 312
1191 311
1192 310
1193 309
1194 308
1195 307
1196 306
1197 305
1198 304
1199 303
1200 302
1201 301
1202 300
1203 299
1204 298
1205 297
1206 296
1207 295
1208 294
1209 293
1210 292
1211 291
1212 290
1213 289
1214 288
1215 287
1216 286
1217 285
1218 284
1219 283
1220 282
1221 281
1222 280
1223 279
1224 278
1225 277
1226 276
1227 275
1228 274
1229 273
1230 272
1231 271
1232 270
1233 269
1234 268
1235 267
1236 266
1237 265
1238 264
1239 263
1240 262
1241 261
1242 260
1243 259
1244 258
1245 257
1246 256
1247 255
1248 254
1249 253
1250 252
1251 251
1252 250
1253 249
1254 248
1255 247
1256 246
1257 245
1258 244
1259 243
1260 242
1261 241
1262 240
1263 239
1264 238
1265 237
1266 236
1267 235
1268 234
1269 233
1270 232
1271 231
1272 230
1273 229
1274 228
1275 227
1276 226
1277 225
1278 224
1279 223
1280 222
1281 221
1282 220
1283 219
1284 218
1285 217
1286 216
1287 215
1288 214
1289 213
1290 212
1291 211
1292 210
1293 209
1294 208
1295 207
1296 206
1297 205
1298 204
1299 203
1300 202
1301 201
1302 200
1303 199
1304 198
1305 197
1306 196
1307 195
1308 194
1309 193
1310 192
1311 191
1312 190
1313 189
1314 188
1315 187
1316 186
1317 185
1318 184
1319 183
1320 182
1321 181
1322 180
1323 179
1324 178
1325 177
1326 176
1327 175
1328 174
1329 173
1330 172
1331 171
1332 170
1333 169
1334 168
1335 167
1336 166
1337 165
1338 164
1339 163
1340 162
1341 161
1342 160
1343 159
1344 158
1345 157
1346 156
1347 155
1348 154
1349 153
1350 152
1351 151
1352 150
1353 149
1354 148
1355 147
1356 146
1357 145
1358 144
1359 143
1360 142
1361 141
1362 140
1363 139
1364 138
1365 137
1366 136
1367 135
1368 134
1369 133
1370 132
1371 131
1372 130
1373 129
1374 128
1375 127
1376 126
1377 125
1378 124
1379 123
1380 122
1381 121
1382 120
1383 119
1384 118
1385 117
1386 116
1387 115
1388 114
1389 113
1390 112
1391 111
1392 110
1393 109
1394 108
1395 107
1396 106
1397 105
1398 104
1399 103
1400 102
1401 101
1402 100
1403 99
1404 98
1405 97
1406 96
1407 95
1408 94
1409 93
1410 92
1411 91
1412 90
1413 89
1414 88
1415 87
1416 86
1417 85
1418 84
1419 83
1420 82
1421 81
1422 80
1423 79
1424 78
1425 77
1426 76
1427 75
1428 74
1429 73
1430 72
1431 71
1432 70
1433 69
1434 68
1435 67
1436 66
1437 65
1438 64
1439 63
1440 62
1441 61
1442 60
1443 59
1444 58
1445 57
1446 56
1447 55
1448 54
1449 53
1450 52
1451 51
1452 50
1453 49
1454 48
1455 47
1456 46
1457 45
1458 44
1459 43
1460 42
1461 41
1462 40
1463 39
1464 38
1465 37
1466 36
1467 35
1468 34
1469 33
1470 32
1471 31
1472 30
1473 29
1474 28
1475 27
1476 26
1477 25
1478 24
1479 23
1480 22
1481 21
1482 20
1483 19
1484 18
1485 17
1486 16
1487 15
1488 14
1489 13
1490 12
1491 11
1492 10
1493 9
1494 8
1495 7
1496 6
1497 5
1498 4
1499 3
1500 2
-1 -1501
-2 -1500
-3 -1499
-4 -1498
-5 -1497
-6 -1496
-7 -1495
-8 -1494
-9 -1493
-10 -1492
-11 -1491
-12 -1490
-13 -1489
-14 -1488
-15 -1487
-16 -1486
-17 -1485
-18 -1484
-19 -1483
-20 -1482
-21 -1481
-22 -1480
-23 -1479
-24 -1478
-25 -1477
-26 -1476
-27 -1475
-28 -1474
-29 -1473
-30 -1472
-31 -1471
-32 -1470
-33 -1469
-34 -1468
-35 -1467
-36 -1466
-37 -1465
-38 -1464
-39 -1463
-40 -1462
-41 -1461
-42 -1460
-43 -1459
-44 -1458
-45 -1457
-46 -1456
-47 -1455
-48 -1454
-49 -1453
-50 -1452
-51 -1451
-52 -1450
-53 -1449
-54 -1448
-55 -1447
-56 -1446
-57 -1445
-58 -1444
-59 -1443
-60 -1442
-61 -1441
-62 -1440
-63 -1439
-64 -1438
-65 -1437
-66 -1436
-67 -1435
-68 -1434
-69 -1433
-70 -1432
-71 -1431
-72 -1430
-73 -1429
-74 -1428
-75 -1427
-76 -1426
-77 -1425
-78 -1424
-79 -1423
-80 -1422
-81 -1421
-82 -1420
-83 -1419
-84 -1418
-85 -1417
-86 -1416
-87 -1415
-88 -1414
-89 -1413
-90 -1412
-91 -1411
-92 -1410
-93 -1409
-94 -1408
-95 -1407
-96 -1406
-97 -1405
-98 -1404
-99 -1403
-100 -1402
-101 -1401
-102 -1400
-103 -1399
-104 -1398
-105 -1397
-106 -1396
-107 -1395
-108 -1394
-109 -1393
-110 -1392
-111 -1391
-112 -1390
-113 -1389
-114 -1388
-115 -1387
-116 -1386
-117 -1385
-118 -1384
-119 -1383
-120 -1382
-121 -1381
-122 -1380
-123 -1379
-124 -1378
-125 -1377
-126 -1376
-127 -1375
-128 -1374
-129 -1373
-130 -1372
-131 -1371
-132 -1370
-133 -1369
-134 -1368
-135 -1367
-136 -1366
-137 -1365
-138 -1364
-139 -1363
-140 -1362
-141 -1361
-142 -1360
-143 -1359
-144 -1358
-145 -1357
-146 -1356
-147 -1355
-148 -1354
-149 -1353
-150 -1352
-151 -1351
-152 -1350
-153 -1349
-154 -1348
-155 -1347
-156 -1346
-157 -1345
-158 -1344
-159 -1343
-160 -1342
-161 -1341
-162 -1340
-163 -1339
-164 -1338
-165 -1337
-166 -1336
-167 -1335
-168 -1334
-169 -1333
-170 -1332
-171 -1331
-172 -1330
-173 -1329
-174 -1328
-175 -1327
-176 -1326
-177 -1325
-178 -1324
-179 -1323
-180 -1322
-181 -1321
-182 -1320
-183 -1319
-184 -1318
-185 -1317
-186 -1316
-187 -1315
-188 -1314
-189 -1313
-190 -1312
-191 -1311
-192 -1310
-193 -1309
-194 -1308
-195 -1307
-196 -1306
-197 -1305
-198 -1304
-199 -1303
-200 -1302
-201 -1301
-202 -1300
-203 -1299
-204 -1298
-205 -1297
-206 -1296
-207 -1295
-208 -1294
-209 -1293
-210 -1292
-211 -1291
-212 -1290
-213 -1289
-214 -1288
-215 -1287
-216 -1286
-217 -1285
-218 -1284
-219 -1283
-220 -1282
-221 -1281
-222 -1280
-223 -1279
-224 -1278
-225 -1277
-226 -1276
-227 -1275
-228 -1274
-229 -1273
-230 -1272
-231 -1271
-232 -1270
-233 -1269
-234 -1268
-235 -1267
-236 -1266
-237 -1265
-238 -1264
-239 -1263
-240 -1262
-241 -1261
-242 -1260
-243 -1259
-244 -1258
-245 -1257
-246 -1256
-247 -1255
-248 -1254
-249 -1253
-250 -1252
-251 -1251
-252 -1250
-253 -1249
-254 -1248
-255 -1247
-256 -1246
-257 -1245
-258 -1244
-259 -1243
-260 -1242
-261 -1241
-262 -1240
-263 -1239
-264 -1238
-265 -1237
-266 -1236
-267 -1235
-268 -1234
-269 -1233
-270 -1232
-271 -1231
-272 -1230
-273 -1229
-274 -1228
-275 -1227
-276 -1226
-277 -1225
-278 -1224
-279 -1223
-280 -1222
-281 -1221
-282 -1220
-283 -1219
-284 -1218
-285 -1217
-286 -1216
-287 -1215
-288 -1214
-289 -1213
-290 -1212
-291 -1211
-292 -1210
-293 -1209
-294 -1208
-295 -1207
-296 -1206
-297 -1205
-298 -1204
-299 -1203
-300 -1202
-301 -1201
-302 -1200
-303 -1199
-304 -1198
-305 -1197
-306 -1196
-307 -1195
-308 -1194
-309 -1193
-310 -1192
-311 -1191
-312 -1190
-313 -1189
-314 -1188
-315 -1187
-316 -1186
-317 -1185
-318 -1184
-319 -1183
-320 -1182
-321 -1181
-322 -1180
-323 -1179
-324 -1178
-325 -1177
-326 -1176
-327 -1175
-328 -1174
-329 -1173
-330 -1172
-331 -1171
-332 -1170
-333 -1169
-334 -1168
-335 -1167
-336 -1166
-337 -1165
-338 -1164
-339 -1163
-340 -1162
-341 -1161
-342 -1160
-343 -1159
-344 -1158
-345 -1157
-346 -1156
-347 -1155
-348 -1154
-349 -1153
-350 -1152
-351 -1151
-352 -1150
-353 -1149
-354 -1148
-355 -1147
-356 -1146
-357 -1145
-358 -1144
-359 -1143
-360 -1142
-361 -1141
-362 -1140
-363 -1139
-364 -1138
-365 -1137
-366 -1136
-367 -1135
-368 -1134
-369 -1133
-370 -1132
-371 -1131
-372 -1130
-373 -1129
-374 -1128
-375 -1127
-376 -1126
-377 -1125
-378 -1124
-379 -1123
-380 -1122
-381 -1121
-382 -1120
-383 -1119
-384 -1118
-385 -1117
-386 -1116
-387 -1115
-388 -1114
-389 -1113
-390 -1112
-391 -1111
-392 -1110
-393 -1109
-394 -1108
-395 -1107
-396 -1106
-397 -1105
-398 -1104
-399 -1103
-400 -1102
-401 -1101
-402 -1100
-403 -1099
-404 -1098
-405 -1097
-406 -1096
-407 -1095
-408 -1094
-409 -1093
-410 -1092
-411 -1091
-412 -1090
-413 -1089
-414 -1088
-415 -1087
-416 -1086
-417 -1085
-418 -1084
-419 -1083
-420 -1082
-421 -1081
-422 -1080
-423 -1079
-424 -1078
-425 -1077
-426 -1076
-427 -1075
-428 -1074
-429 -1073
-430 -1072
-431 -1071
-432 -1070
-433 -1069
-434 -1068
-435 -1067
-436 -1066
-437 -1065
-438 -1064
-439 -1063
-440 -1062
-441 -1061
-442 -1060
-443 -1059
-444 -1058
-445 -1057
-446 -1056
-447 -1055
-448 -1054
-449 -1053
-450 -1052
-451 -1051
-452 -1050
-453 -1049
-454 -1048
-455 -1047
-456 -1046
-457 -1045
-458 -1044
-459 -1043
-460 -1042
-461 -1041
-462 -1040
-463 -1039
-464 -1038
-465 -1037
-466 -1036
-467 -1035
-468 -1034
-469 -1033
-470 -1032
-471 -1031
-472 -1030
-473 -1029
-474 -1028
-475 -1027
-476 -1026
-477 -1025
-478 -1024
-479 -1023
-480 -1022
-481 -1021
-482 -1020
-483 -1019
-484 -1018
-485 -1017
-486 -1016
-487 -1015
-488 -1014
-489 -1013
-490 -1012
-491 -1011
-492 -1010
-493 -1009
-494 -1008
-495 -1007
-496 -1006
-497 -1005
-498 -1004
-499 -1003
-500 -1002
-501 -1001
-502 -1000
-503 -999
-504 -998
-505 -997
-506 -996
-507 -995
-508 -994
-509 -993
-510 -992
-511 -991
-512 -990
-513 -989
-514 -988
-515 -987
-516 -986
-517 -985
-518 -984
-519 -983
-520 -982
-521 -981
-522 -980
-523 -979
-524 -978
-525 -977
-526 -976
-527 -975
-528 -974
-529 -973
-530 -972
-531 -971
-532 -970
-533 -969
-534 -968
-535 -967
-536 -966
-537 -965
-538 -964
-539 -963
-540 -962
-541 -961
-542 -960
-543 -959
-544 -958
-545 -957
-546 -956
-547 -955
-548 -954
-549 -953
-550 -952
-551 -951
-552 -950
-553 -949
-554 -948
-555 -947
-556 -946
-557 -945
-558 -944
-559 -943
-560 -942
-561 -941
-562 -940
-563 -939
-564 -938
-565 -937
-566 -936
-567 -935
-568 -934
-569 -933
-570 -932
-571 -931
-572 -930
-573 -929
-574 -928
-575 -927
-576 -926
-577 -925
-578 -924
-579 -923
-580 -922
-581 -921
-582 -920
-583 -919
-584 -918
-585 -917
-586 -916
-587 -915
-588 -914
-589 -913
-590 -912
-591 -911
-592 -910
-593 -909
-594 -908
-595 -907
-596 -906
-597 -905
-598 -904
-599 -903
-600 -902
-601 -901
-602 -900
-603 -899
-604 -898
-605 -897
-606 -896
-607 -895
-608 -894
-609 -893
-610 -892
-611 -891
-612 -890
-613 -889
-614 -888
-615 -887
-616 -886
-617 -885
-618 -884
-619 -883
-620 -882
-621 -881
-622 -880
-623 -879
-624 -878
-625 -877
-626 -876
-627 -875
-628 -874
-629 -873
-630 -872
-631 -871
-632 -870
-633 -869
-634 -868
-635 -867
-636 -866
-637 -865
-638 -864
-639 -863
-640 -862
-641 -861
-642 -860
-643 -859
-644 -858
-645 -857
-646 -856
-647 -855
-648 -854
-649 -853
-650 -852
-651 -851
-652 -850
-653 -849
-654 -848
-655 -847
-656 -846
-657 -845
-658 -844
-659 -843
-660 -842
-661 -841
-662 -840
-663 -839
-664 -838
-665 -837
-666 -836
-667 -835
-668 -834
-669 -833
-670 -832
-671 -831
-672 -830
-673 -829
-674 -828
-675 -827
-676 -826
-677 -825
-678 -824
-679 -823
-680 -822
-681 -821
-682 -820
-683 -819
-684 -818
-685 -817
-686 -816
-687 -815
-688 -814
-689 -813
-690 -812
-691 -811
-692 -810
-693 -809
-694 -808
-695 -807
-696 -806
-697 -805
-698 -804
-699 -803
-700 -802
-701 -801
-702 -800
-703 -799
-704 -798
-705 -797
-706 -796
-707 -795
-708 -794
-709 -793
-710 -792
-711 -791
-712 -790
-713 -789
-714 -788
-715 -787
-716 -786
-717 -785
-718 -784
-719 -783
-720 -782
-721 -781
-722 -780
-723 -779
-724 -778
-725 -777
-726 -776
-727 -775
-728 -774
-729 -773
-730 -772
-731 -771
-732 -770
-733 -769
-734 -768
-735 -767
-736 -766
-737 -765
-738 -764
-739 -763
-740 -762
-741 -761
-742 -760
-743 -759
-744 -758
-745 -757
-746 -756
-747 -755
-748 -754
-749 -753
-750 -752
-751 -751
-752 -750
-753 -749
-754 -748
-755 -747
-756 -746
-757 -745
-758 -744
-759 -743
-760 -742
-761 -741
-762 -740
-763 -739
-764 -738
-765 -737
-766 -736
-767 -735
-768 -734
-769 -733
-770 -732
-771 -731
-772 -730
-773 -729
-774 -728
-775 -727
-776 -726
-777 -725
-778 -724
-779 -723
-780 -722
-781 -721
-782 -720
-783 -719
-784 -718
-785 -717
-786 -716
-787 -715
-788 -714
-789 -713
-790 -712
-791 -711
-792 -710
-793 -709
-794 -708
-795 -707
-796 -706
-797 -705
-798 -704
-799 -703
-800 -702
-801 -701
-802 -700
-803 -699
-804 -698
-805 -697
-806 -696
-807 -695
-808 -694
-809 -693
-810 -692
-811 -691
-812 -690
-813 -689
-814 -688
-815 -687
-816 -686
-817 -685
-818 -684
-819 -683
-820 -682
-821 -681
-822 -680
-823 -679
-824 -678
-825 -677
-826 -676
-827 -675
-828 -674
-829 -673
-830 -672
-831 -671
-832 -670
-833 -669
-834 -668
-835 -667
-836 -666
-837 -665
-838 -664
-839 -663
-840 -662
-841 -661
-842 -660
-843 -659
-844 -658
-845 -657
-846 -656
-847 -655
-848 -654
-849 -653
-850 -652
-851 -651
-852 -650
-853 -649
-854 -648
-855 -647
-856 -646
-857 -645
-858 -644
-859 -643
-860 -642
-861 -641
-862 -640
-863 -639
-864 -638
-865 -637
-866 -636
-867 -635
-868 -634
-869 -633
-870 -632
-871 -631
-872 -630
-873 -629
-874 -628
-875 -627
-876 -626
-877 -625
-878 -624
-879 -623
-880 -622
-881 -621
-882 -620
-883 -619
-884 -618
-885 -617
-886 -616
-887 -615
-888 -614
-889 -613
-890 -612
-891 -611
-892 -610
-893 -609
-894 -608
-895 -607
-896 -606
-897 -605
-898 -604
-899 -603
-900 -602
-901 -601
-902 -600
-903 -599
-904 -598
-905 -597
-906 -596
-907 -595
-908 -594
-909 -593
-910 -592
-911 -591
-912 -590
-913 -589
-914 -588
-915 -587
-916 -586
-917 -585
-918 -584
-919 -583
-920 -582
-921 -581
-922 -580
-923 -579
-924 -578
-925 -577
-926 -576
-927 -575
-928 -574
-929 -573
-930 -572
-931 -571
-932 -570
-933 -569
-934 -568
-935 -567
-936 -566
-937 -565
-938 -564
-939 -563
-940 -562
-941 -561
-942 -560
-943 -559
-944 -558
-945 -557
-946 -556
-947 -555
-948 -554
-949 -553
-950 -552
-951 -551
-952 -550
-953 -549
-954 -548
-955 -547
-956 -546
-957 -545
-958 -544
-959 -543
-960 -542
-961 -541
-962 -540
-963 -539
-964 -538
-965 -537
-966 -536
-967 -535
-968 -534
-969 -533
-970 -532
-971 -531
-972 -530
-973 -529
-974 -528
-975 -527
-976 -526
-977 -525
-978 -524
-979 -523
-980 -522
-981 -521
-982 -520
-983 -519
-984 -518
-985 -517
-986 -516
-987 -515
-988 -514
-989 -513
-990 -512
-991 -511
-992 -510
-993 -509
-994 -508
-995 -507
-996 -506
-997 -505
-998 -504
-999 -503
-1000 -502
-1001 -501
-1002 -500
-1003 -499
-1004 -498
-1005 -497
-1006 -496
-1007 -495
-1008 -494
-1009 -493
-1010 -492
-1011 -491
-1012 -490
-1013 -489
-1014 -488
-1015 -487
-1016 -486
-1017 -485
-1018 -484
-1019 -483
-1020 -482
-1021 -481
-1022 -480
-1023 -479
-1024 -478
-1025 -477
-1026 -476
-1027 -475
-1028 -474
-1029 -473
-1030 -472
-1031 -471
-1032 -470
-1033 -469
-1034 -468
-1035 -467
-1036 -466
-1037 -465
-1038 -464
-1039 -463
-1040 -462
-1041 -461
-1042 -460
-1043 -459
-1044 -458
-1045 -457
-1046 -456
-1047 -455
-1048 -454
-1049 -453
-1050 -452
-1051 -451
-1052 -450
-1053 -449
-1054 -448
-1055 -447
-1056 -446
-1057 -445
-1058 -444
-1059 -443
-1060 -442
-1061 -441
-1062 -440
-1063 -439
-1064 -438
-1065 -437
-1066 -436
-1067 -435
-1068 -434
-1069 -433
-1070 -432
-1071 -431
-1072 -430
-1073 -429
-1074 -428
-1075 -427
-1076 -426
-1077 -425
-1078 -424
-1079 -423
-1080 -422
-1081 -421
-1082 -420
-1083 -419
-1084 -418
-1085 -417
-1086 -416
-1087 -415
-1088 -414
-1089 -413
-1090 -412
-1091 -411
-1092 -410
-1093 -409
-1094 -408
-1095 -407
-1096 -406
-1097 -405
-1098 -404
-1099 -403
-1100 -402
-1101 -401
-1102 -400
-1103 -399
-1104 -398
-1105 -397
-1106 -396
-1107 -395
-1108 -394
-1109 -393
-1110 -392
-1111 -391
-1112 -390
-1113 -389
-1114 -388
-1115 -387
-1116 -386
-1117 -385
-1118 -384
-1119 -383
-1120 -382
-1121 -381
-1122 -380
-1123 -379
-1124 -378
-1125 -377
-1126 -376
-1127 -375
-1128 -374
-1129 -373
-1130 -372
-1131 -371
-1132 -370
-1133 -369
-1134 -368
-1135 -367
-1136 -366
-1137 -365
-1138 -364
-1139 -363
-1140 -362
-1141 -361
-1142 -360
-1143 -359
-1144 -358
-1145 -357
-1146 -356
-1147 -355
-1148 -354
-1149 -353
-1150 -352
-1151 -351
-1152 -350
-1153 -349
-1154 -348
-1155 -347
-1156 -346
-1157 -345
-1158 -344
-1159 -343
-1160 -342
-1161 -341
-1162 -340
-1163 -339
-1164 -338
-1165 -337
-1166 -336
-1167 -335
-1168 -334
-1169 -333
-1170 -332
-1171 -331
-1172 -330
-1173 -329
-1174 -328
-1175 -327
-1176 -326
-1177 -325
-1178 -324
-1179 -323
-1180 -322
-1181 -321
-1182 -320
-1183 -319
-1184 -318
-1185 -317
-1186 -316
-1187 -315
-1188 -314
-1189 -313
-1190 -312
-1191 -311
-1192 -310
-1193 -309
-1194 -308
-1195 -307
-1196 -306
-1197 -305
-1198 -304
-1199 -303
-1200 -302
-1201 -301
-1202 -300
-1203 -299
-1204 -298
-1205 -297
-1206 -296
-1207 -295
-1208 -294
-1209 -293
-1210 -292
-1211 -291
-1212 -290
-1213 -289
-1214 -288
-1215 -287
-1216 -286
-1217 -285
-1218 -284
-1219 -283
-1220 -282
-1221 -281
-1222 -280
-1223 -279
-1224 -278
-1225 -277
-1226 -276
-1227 -275
-1228 -274
-1229 -273
-1230 -272
-1231 -271
-1232 -270
-1233 -269
-1234 -268
-1235 -267
-1236 -266
-1237 -265
-1238 -264
-1239 -263
-1240 -262
-1241 -261
-1242 -260
-1243 -259
-1244 -258
-1245 -257
-1246 -256
-1247 -255
-1248 -254
-1249 -253
-1250 -252
-1251 -251
-1252 -250
-1253 -249
-1254 -248
-1255 -247
-1256 -246
-1257 -245
-1258 -244
-1259 -243
-1260 -242
-1261 -241
-1262 -240
-1263 -239
-1264 -238
-1265 -237
-1266 -236
-1267 -235
-1268 -234
-1269 -233
-1270 -232
-1271 -231
-1272 -230
-1273 -229
-1274 -228
-1275 -227
-1276 -226
-1277 -225
-1278 -224
-1279 -223
-1280 -222
-1281 -221
-1282 -220
-1283 -219
-1284 -218
-1285 -217
-1286 -216
-1287 -215
-1288 -214
-1289 -213
-1290 -212
-1291 -211
-1292 -210
-1293 -209
-1294 -208
-1295 -207
-1296 -206
-1297 -205
-1298 -204
-1299 -203
-1300 -202
-1301 -201
-1302 -200
-1303 -199
-1304 -198
-1305 -197
-1306 -196
-1307 -195
-1308 -194
-1309 -193
-1310 -192
-1311 -191
-1312 -190
-1313 -189
-1314 -188
-1315 -187
-1316 -186
-1317 -185
-1318 -184
-1319 -183
-1320 -182
-1321 -181
-1322 -180
-1323 -179
-1324 -178
-1325 -177
-1326 -176
-1327 -175
-1328 -174
-1329 -173
-1330 -172
-1331 -171
-1332 -170
-1333 -169
-1334 -168
-1335 -167
-1336 -166
-1337 -165
-1338 -164
-1339 -163
-1340 -162
-1341 -161
-1342 -160
-1343 -159
-1344 -158
-1345 -157
-1346 -156
-1347 -155
-1348 -154
-1349 -153
-1350 -152
-1351 -151
-1352 -150
-1353 -149
-1354 -148
-1355 -147
-1356 -146
-1357 -145
-1358 -144
-1359 -143
-1360 -142
-1361 -141
-1362 -140
-1363 -139
-1364 -138
-1365 -137
-1366 -136
-1367 -135
-1368 -134
-1369 -133
-1370 -132
-1371 -131
-1372 -130
-1373 -129
-1374 -128
-1375 -127
-1376 -126
-1377 -125
-1378 -124
-1379 -123
-1380 -122
-1381 -121
-1382 -120
-1383 -119
-1384 -118
-1385 -117
-1386 -116
-1387 -115
-1388 -114
-1389 -113
-1390 -112
-1391 -111
-1392 -110
-1393 -109
-1394 -108
-1395 -107
-1396 -106
-1397 -105
-1398 -104
-1399 -103
-1400 -102
-1401 -101
-1402 -100
-1403 -99
-1404 -98
-1405 -97
-1406 -96
-1407 -95
-1408 -94
-1409 -93
-1410 -92
-1411 -91
-1412 -90
-1413 -89
-1414 -88
-1415 -87
-1416 -86
-1417 -85
-1418 -84
-1419 -83
-1420 -82
-1421 -81
-1422 -80
-1423 -79
-1424 -78
-1425 -77
-1426 -76
-1427 -75
-1428 -74
-1429 -73
-1430 -72
-1431 -71
-1432 -70
-1433 -69
-1434 -68
-1435 -67
-1436 -66
-1437 -65
-1438 -64
-1439 -63
-1440 -62
-1441 -61
-1442 -60
-1443 -59
-1444 -58
-1445 -57
-1446 -56
-1447 -55
-1448 -54
-1449 -53
-1450 -52
-1451 -51
-1452 -50
-1453 -49
-1454 -48
-1455 -47
-1456 -46
-1457 -45
-1458 -44
-1459 -43
-1460 -42
-1461 -41
-1462 -40
-1463 -39
-1464 -38
-1465 -37
-1466 -36
-1467 -35
-1468 -34
-1469 -33
-1470 -32
-1471 -31
-1472 -30
-1473 -29
-1474 -28
-1475 -27
-1476 -26
-1477 -25
-1478 -24
-1479 -23
-1480 -22
-1481 -21
-1482 -20
-1483 -19
-1484 -18
-1485 -17
-1486 -16
-1487 -15
-1488 -14
-1489 -13
-1490 -12
-1491 -11
-1492 -10
-1493 -9
-1494 -8
-1495 -7
-1496 -6
-1497 -5
-1498 -4
-1499 -3
-1500 -2
