800
98098209 -88772305
75131112 -14648006
68943529 -45852474
22408903 26029563
-13461296 -59760459
31664024 64159293
51584925 32065812
95692100 47658593
74338514 -44131296
85512674 -94434328
-28211114 -18458197
76811162 8172175
56930374 -40414223
-72397403 -67492647
10349766 -23463366
73093494 -12809633
63459707 -65817560
89680823 -75451403
-62279062 52686881
-72319726 26101224
-14179171 44551818
-33798504 -518488
71154175 -60306959
-42699182 38479078
-95028240 -51436836
67883099 79867892
-88742319 41936750
-11677216 -23611201
30227122 -69006546
-39034132 73656405
-21008810 26545708
-39196154 12415929
65450639 50566327
-46136896 72719579
598001 53118074
-95267113 7300036
73720947 -86534702
62960254 -39221960
37200812 -60825547
47710550 -85068247
37555234 62804715
-9715115 -94721603
-9256446 -56442813
-67355487 -67820372
39630354 5251380
41134999 64772994
61600828 80206737
-86577162 22497524
49645734 -39083219
70999400 -76976538
64701617 24430032
-59907428 80434874
13218991 -76116448
20182832 -33515409
-59439506 -49693206
30823224 59630156
81985191 3640147
-16059841 60638242
45800184 3331009
-27563393 23583173
84202286 21228793
63553621 41226758
19764054 -22923894
12390835 29703500
5599835 46963712
-5377383 25242075
41148472 40489904
16472420 39775129
-65452203 44190234
83628997 43919550
78873408 -16455433
73526798 996017
-7457539 -17855044
-20884349 50915546
-21702160 44109773
34368356 -9365388
-24023795 32535865
-35734774 -60517764
-48343693 -25844630
58040773 -82465758
-79457626 18941996
-99995610 45912552
75529562 -86654536
-65877982 -59954417
-53948712 18632100
-71757061 39766278
-79699171 -70663108
-8679018 3553371
22222899 -29180603
-32100740 -49036314
-54129612 9094936
-1331676 -11497666
-49654394 -32365234
46293678 47416358
-99710027 -30242164
20694766 -99424313
-74651479 75423182
-85012360 1675483
-19769609 -60040650
-69118613 -41968828
71994498 -88197952
-14266714 -75640825
14020670 35617224
32617034 -4172025
51674693 -62890265
-64266277 -99134418
-92903132 -53384606
51494639 53835768
19987668 12403543
-29010250 62972896
59752935 -68553506
602709 38974968
-19338542 77525337
59577326 -87578107
40793470 -6396823
18282198 -72437832
75686643 -32920958
-19349203 48626412
-67821971 16934549
-11204524 28556182
-25688553 -23110622
13398928 62554826
-87323301 5534247
-17328214 -9178594
91839613 -38816856
58089513 88608775
24604954 -12086577
-28779821 -23320000
93405358 -90713600
-63618877 7447005
55275946 -45998565
93932039 -32277182
18652705 -83921653
-71703057 94164055
-8042603 44777360
66486974 -14210695
58718413 95894611
-3554500 70489629
76849744 -49684289
14685604 -33299906
-34228814 35839999
12559037 63570673
-15525103 67064181
-6030097 -45880843
86876798 -96463906
2394624 -98193843
75286548 77185210
690026 -87972361
-21164070 57442600
-22348494 74336222
93857222 -72624238
69092558 -59745786
55906726 -82793515
23876963 -39379129
21818421 96826991
9950899 -86937001
54608537 -55508081
32235155 80860430
77758534 -97589294
1769606 -53583313
-8429640 -59920093
45003022 53693958
15357420 31184532
-29751551 53731221
63266933 -93734210
53125435 64859332
97210303 86748526
37981649 -41353045
-41771202 42683692
28076512 14653408
-3106289 -65289871
85143809 60658326
24181766 -22632369
-30162147 -62135597
92056129 -99539846
31690040 -34356742
-66715880 -55648332
49639442 6402538
92797805 -59848488
-50757498 -41140744
80852976 74344618
41922661 -18597754
49450554 6540858
88809379 64922321
789528 -44125713
-74240116 -50245404
17525596 -10387681
15883830 69502088
-81735451 -4582443
47729489 -48066194
-47154852 58831052
-44714298 -67659700
-90052746 -5097346
66469435 -89243802
-23011892 34570196
62248274 16238718
12802082 40805006
35756987 -42632513
17469406 -20148677
72157035 90235041
-76069112 94830360
-13892241 -33823214
-78437145 -90978949
-80611908 78629949
-75294176 -86483441
-46361384 -17576038
43706314 -46020456
-21205652 -5807674
23612219 -57930570
-37004587 -9505121
-59241925 18221161
3625371 4622645
-66103129 37726344
-58826264 -9287871
48882898 91360611
899532 17029240
26136375 -6501394
-10423501 -12620482
-3877333 -2492421
1316309 -25734711
-7995328 -60439473
53395721 7917652
-80296110 53787656
94109581 16107177
-35789732 -14790543
41767053 -11380989
45083321 9071055
-47250438 -25997833
-82232737 -8763115
5080769 -24716048
18612845 -96994483
73984382 -50290306
-4513553 -21135276
-80233283 18118737
-11771378 -17126064
93077397 57679159
87684502 -4627704
-43675709 -67198135
89712061 -36602817
-79773343 -42852361
71706066 97578026
-5745673 -71910419
31050769 -13670022
68597204 -81922993
-68269239 14955152
86923973 -17043781
-9257834 -99917727
-78730340 79330616
-90781868 92696817
75841848 -29881655
93626674 67999105
-13939293 -9673721
-40746471 -1246978
88748918 83844385
46209851 28215038
-5603203 -10529
18069821 -55795629
-76685611 18018058
-9746016 93913605
-77781485 -59610288
-5778775 74579751
19949802 -6145682
51601901 40008301
26655670 62271678
-33287827 -86499651
-2934739 -13182480
-40173723 96910
-62907919 65133717
60555123 -67510631
52286716 2141272
24610195 -74145665
94189064 61309131
-58438581 -52127252
-93955764 -10714848
95765747 57677615
-28705506 7501502
-30919523 -42184122
-26078725 -80929855
57911619 -85688704
99557985 -94997601
82637713 14893532
87143158 78345992
-78415802 -25134212
5202045 60430336
-66862308 44213416
77842919 43370527
57638535 21823799
-45604445 -69125358
67170851 -41089681
-83053767 -1767151
-72868691 -51902959
46916587 75658145
431044 -48528957
26535370 -75906154
62491038 -50651855
-19313190 -44632584
-1816456 -51833492
91087466 -98131185
60740854 -63682184
-76842892 58960399
22402986 -92087871
-61070414 -52645918
36662637 -16283519
55643244 31813534
40327901 -70042772
-71543377 -85833502
-6463740 15918172
61945059 10716791
20710856 -34274612
-31942736 48102582
42920205 -46615011
97798151 -2392197
15766738 -24779257
6600115 -16522074
53633022 -40320910
78435080 68890887
-99882968 68392948
72456252 -74844550
-84293993 -58767802
3153134 -43546929
68917537 -52901435
23626275 -71357033
34741909 -98127366
-4018392 53564548
57685022 -85881142
-16180719 -6597738
-3384346 -12637517
97690720 91736994
-59172207 -70909310
4190719 47157018
-8988959 -41868051
69307293 -65661466
-63944691 38900278
3866314 88225618
91848746 29267309
73670765 -89173131
27137678 -73512697
75540789 96199842
54427444 -80035155
1390183 87632889
61082155 -65389810
-14278526 -67740421
37356072 4425318
-84496257 52119171
-3571593 18251639
-70455449 28106818
-35349152 -52581312
69183147 43988339
-57356009 -1300614
31781558 49801511
26210792 2480026
-42032725 36668608
-8976328 40393344
-89785813 10313662
-6470527 49316946
-87008320 74378461
-96550535 86613228
-99394137 -38093632
-22304088 -90192867
-22357726 -3720199
-82252762 -1705301
66219791 89803739
-65789392 -58765474
-6375695 65668168
-662198 40627317
89448759 15209102
-75154654 31996051
60631991 -1897382
86391559 -29336764
-44205596 -15658996
-82831458 -57033457
-47354181 29939602
-84959521 15210428
81503192 47821069
45225293 -47822520
67863761 -18945846
-64050076 -95976177
-99549884 -19764251
-25426832 -53061291
-78156580 60881554
-44151699 40305290
-40642227 -19321339
-4265404 41485713
55718086 -52399974
-77537523 15479494
56171762 80889550
-68408658 71989819
23656297 -4776531
17440128 -21443298
65801731 -18485230
-58461767 -42559172
-73093474 -1801423
-18901084 -11284813
-22319987 -62031978
58352379 60805367
59075811 89668058
93684331 -39920088
22044175 7242376
-83872824 52301498
20035535 34722830
-34694577 -1359309
34835266 -13851983
56169394 -31054157
4129356 46985568
-93416543 74910970
-11841809 64598382
-72216716 65658616
-87069896 97240494
99117660 -34887311
53178787 -36554461
-39895638 -22299266
-1726195 25028547
7253400 13196909
95780200 -8244275
-49468489 -7916640
-85218821 78965929
53908102 -35810840
-60151242 56938334
64305612 87258848
38645002 56778612
-56289403 -34022603
75014950 73301632
54211808 74893933
-10151989 72155589
-4352655 42778629
-47075298 -36564935
27538273 -882804
12908767 8778483
13824358 -47168237
-35387412 -90608540
73580029 83923823
-18573322 -64683066
61659912 -68129697
-54501811 35779223
3089264 2524026
29515718 -35710342
-27913407 7258524
-93441261 91364849
22941956 11137150
-73349919 -22220287
86347707 53914358
90102798 -91617654
76186400 21523254
6856989 -48496066
25870784 96648413
22004993 -55962885
87076851 -21338829
-51090293 -50868072
33127588 68381728
-16347766 -45201128
-45718468 -19221242
76768894 11700311
-76800032 -7180996
91025942 -40080187
-92963850 27536395
-94375048 92060592
-31443852 43985106
-42019555 -72764796
-79082479 -12782165
-79145308 -61403015
72208759 45681150
10756796 -49764768
4382062 -96863850
23624536 36738697
98803497 -18201753
-10541041 -72946173
1677152 14702316
-87241621 4002356
45898336 16875339
65501411 -49832317
-16219714 -52595364
44486615 -53108902
39224229 -74561833
33120764 74235987
-1989985 14364742
70579923 20635314
-58232915 -90097592
41135114 69042780
-45990289 79889450
97391939 80765894
39849608 13646771
86672615 3523061
-9927530 61370432
37041031 -55101637
64032102 -9829286
47036547 -52693330
49107805 -52529821
-65642055 2164547
-22754012 64741858
59111485 -31810784
-85634360 81202247
90418046 -75661546
-95762754 -45663284
88659181 89674198
2895527 59537826
11246285 -16448890
60593613 -58641834
-67226899 60479181
-14973559 -27394151
90920766 -36274128
97948540 -94305685
91474106 -47425967
-79926847 41630280
91882543 -5531566
18354780 -20891224
-41312568 -36294407
-34195690 47200691
-44856534 92937496
25086038 -37036121
-67895322 80253169
-12562616 28180363
-18252943 -47566500
86382865 39109753
-60799561 46769837
55509406 34899070
-54161032 -711386
-2691261 -31750419
-47318440 60501900
97188598 -85591118
-79447329 -10120645
-77756667 -43120224
36340345 3795859
35782781 13644597
-95704747 -98187048
42761003 -32799408
91492869 35032846
30127335 92210237
9135354 -27128342
48969002 19323411
28165055 55789611
-84294211 -66580384
-52282687 77047126
84658971 -75983996
43921554 -23662825
-14027946 -31786706
46297720 -97717836
38164551 -1596980
-54120228 -41754882
86624305 -77516816
38987215 -8007747
7737367 -77463248
-46768126 47773890
85357571 33382237
17676630 -89990337
-72345056 -16417466
76504602 91103309
-54981488 18317752
31210821 63053246
-16360437 58772935
93681083 -76216500
64280498 -3370402
95293279 22750155
-40488558 67237670
90112308 -12371694
-15825744 11293234
55688266 -13858913
-55088028 -45814237
-21629254 43617740
15544243 -44127981
-84344348 35642709
75996100 -37085943
-4391228 11753353
88118211 52788462
-98938469 -28317260
93331519 32180730
-70419327 -76399287
-76553507 -28050598
-72711848 -52388634
-7735508 -67959639
50357814 10381287
-82788103 -71250662
-48072789 -2257478
63955020 20324300
-55555277 62602565
-49022609 86505927
22396157 16860417
-37200159 -22208785
-47388734 78492653
7003277 -9171081
42697414 68258402
9591475 77661861
44869471 32731927
70732284 39492407
18910325 26108873
-24006368 -33812977
94587157 38126048
-24488019 -96858832
-77412064 96345476
-75817207 -25131345
-20042119 -10785156
18480445 -42696681
85951282 -89963305
66126835 -98386984
-56430904 -21279382
15359951 27075817
82315642 84811639
-58838501 -56408749
-90745384 -50582388
-25463811 91203170
20098150 49100737
83950894 76898818
44114912 5295445
-88491440 50623835
-48010858 80095366
-74422207 -3913622
-46325740 18172898
73769204 99394356
-64543201 -36193483
-46023900 54967463
-78912397 95882924
-33489838 -49846670
94138921 -8809581
-58289008 35543413
486098 1519595
18445716 -80843845
-22811558 66207316
59393753 11664886
-50667958 49865399
30765293 -9382964
98557576 -66222547
-25375260 -2397648
-25840200 35570345
-73677346 17231481
76154551 43065878
77910095 -58457660
-21377952 9773707
-53207483 11566712
28152908 -62932815
-41663913 19242086
-36095748 -5208816
-92656913 29524455
91792059 -63759781
-58357987 -5487821
-33416878 -37235713
-79551266 -15651536
-99663118 -90425318
-2357719 -17712861
85548468 36810720
-46906883 4054826
74810937 -17477904
-58399058 24731352
72091175 -53770015
1731318 -96655826
-93524859 72096327
66411220 -73797709
-92331910 -21612697
-31043716 -32395992
88738024 82608262
-63324207 26324872
83493252 -79661748
258519 -58309809
20948619 -59980171
91274728 89452982
-39874485 5846740
6339993 -12926732
-5760334 74353637
-66191951 72276972
93056685 -64415790
41808292 -66517664
-63468373 20645113
-99582882 49531837
-67887094 19621774
-2419344 -60014186
73415945 33043252
-88522160 75348967
15698785 -38973354
45489490 -56363163
-17713849 -6093083
-1768450 -7004948
34143405 2446460
-23172622 -83881466
31440554 5597066
62402718 96157804
6075476 41340027
67463459 37463499
35685345 94873874
-87503018 -35915348
53851968 -68462502
64911592 64969741
-40000814 -4029685
-83026169 -14499210
-62533591 23870925
-5934226 80132497
-23541349 -17641718
62699746 -10340976
78214983 -87893312
-59452351 -96402303
88661898 -1364327
48611944 -67265853
19800933 73677597
-11192111 23519755
77790315 92830177
80353325 10384883
78679777 65085977
-37339808 37146426
-86729950 12063306
54500417 -7460046
44175014 -11903517
-77987564 16117769
22637403 -20530427
-94434487 -49974193
-97540190 87627714
11907258 -37760159
21994273 -99933196
-36798533 84970320
8800395 -35413086
92033920 -25680122
84096471 62883342
-78866012 27713844
-78248935 -63093939
92099839 5395304
-24537465 4307605
73684448 -19370905
58599977 -86742791
-98181894 -34314287
99558508 84606723
-99877198 955381
10999765 -40507886
53488780 -2343655
-51939443 68038502
97098922 47751570
-11598015 60492359
-55387572 14007849
-37646607 37148664
-79292036 82836168
-94207989 -73895503
-40488684 34938021
-26102106 -50282512
45365038 -66611288
-54305401 79187889
-48151995 -17281311
-77231648 36320958
-30306671 93484646
-17150481 -88997462
-39417526 81917748
4623072 -21151836
-97739082 94062407
63974958 36309334
-91072743 96369844
-4847174 12303088
-12112156 11248648
30226376 3862447
-54925787 -93032970
58331390 -52932628
86304234 3829081
-77619759 90505606
-62177139 91464384
83341384 -64704522
-65016735 77359381
-97020400 2196081
-27901628 37172295
-60436943 -89091563
-65247046 25981455
-62647299 54706971
-64027533 -26719561
98843165 17220397
55819590 74752970
52458738 83391218
20299390 -27753507
-28355881 21113712
59880506 11767046
-59570269 17538674
35477793 76282242
67177288 90911259
-79995827 -14834012
90645230 -48342249
-8021667 16621634
5474294 52739722
20266334 -66590644
71176943 -33326465
17500410 88279939
-90417144 59363685
75449914 24452720
5541548 -51689913
-79777410 -58485315
-27438451 98697519
-57771174 -28168082
-77850906 4606578
-87922990 -64650784
-58825150 62993538
-92799836 42240672
81935828 30763743
-48224027 -18675215
38545538 -39277472
48309679 -80745444
42872222 99713052
-63593766 2283067
-26392125 -49801842
57644389 5453546
65200455 -42876447
-84427096 84807275
54391727 -46817212
85702760 -34360148
92906301 14149166
-73184981 -91224834
-21230009 -80989053
-27413030 33784260
-32066985 61905271
42111759 -36126908
58844413 8288944
