1000
-84791322 79812401
94513388 -41119925
-13843649 -74279970
23115463 65055387
37072011 24494081
-84642946 34033983
-52459003 88471079
92954390 77804895
66988873 39653580
-76089238 -82301773
1785549 -25136125
-46975237 -32201444
-45660611 49813575
71241145 99683553
-14151452 -80322270
-62669260 69386665
65492034 93783309
54013142 -65334139
-66991612 7136575
-83188188 -71174260
-4382953 -68315242
96877446 80387708
-26636261 11163031
-27201581 -42572896
29957755 5824138
6850317 56521178
-93372401 -578452
-41430477 -17412806
83579205 76524830
-72077602 -13930094
76993190 -84549645
-13424882 77603474
-26732875 59616297
-87233285 -41918392
45525344 6619416
-83185312 80890566
-39678531 -75879612
-44145852 42050852
-5336007 8848360
-48109951 21721836
16671145 -19426622
-81925368 18775290
16510313 -77738579
50664395 -58472366
36838719 -38347498
-39283305 -52073808
42540693 30748788
70333986 -70354068
-80015426 -59994768
-31763190 87432615
-17802345 44907791
3142095 -86699977
-48392884 -88808700
39528810 57424703
-20903060 73472820
48267627 78176224
-54099665 -80646927
-87188304 90025252
37008618 -99157519
64171830 -6773335
54916261 -24247781
-47037127 -54296589
58054497 -42754918
-89543779 -59272687
-16562272 25064209
-8527721 35041053
-30357427 -22603402
53853958 15701971
-4923299 11723930
1437244 78499403
53494768 -84643754
79338013 -85074339
-4285159 -2476870
-5280126 -14651642
31612430 55176498
-79901659 61924188
-8378518 -48158464
19457819 -99853094
-22353078 4844223
-23680469 -35405104
86431209 -76041914
49087429 14340386
95783578 65676958
-39530236 -68966603
-68207377 -25654837
25841106 -57468384
-87392859 38182447
-92681651 53819006
-56031703 -31293906
53805447 -56873719
-87797815 -4677800
-30013679 -16687915
79347877 23683600
-98757973 -84684796
15416167 -65066537
38503888 46197024
-88821974 36770677
-27824702 -60613269
-97684787 -50344445
51961870 -51130010
21097228 67650376
-80629739 -6726190
-95676934 78951121
32920245 -55721836
63183712 81593663
15617071 79353370
-99700787 7929867
-29597294 -96124421
91906326 -39329211
96074701 -86734887
50587026 -55248510
-92553801 39770599
22046563 20425806
-48023329 34882147
96823817 -90526878
89323997 94384683
-27392657 80253257
45157439 40108306
48741042 -56934736
48386206 56211065
-28901372 -99464916
37495977 -38730872
51453398 -45188631
68477844 -87124007
-52559284 -81914247
-21049994 -4338995
-35084298 -4147915
88269321 67663732
3887257 -6231808
-67555515 93759753
-53190592 8993911
69671287 46487587
8874296 -71788834
-82514574 85767330
24688673 -29034674
-2727161 59571622
38887875 61837088
-74351562 2019634
-52478168 -14760143
71476176 9627529
48129589 -44854506
37039984 82828990
-63935625 -21018389
74990602 29893233
86237095 44379174
-99172189 69950455
-91300717 -61241829
53427298 -60436736
92647075 79568918
-98768790 15911716
4447423 -30428884
47150509 -13301719
-67709050 1304996
-71293661 42513068
91709075 -87577055
-40483651 -66571788
44694255 -95265779
-63367388 -71801301
-52909003 38290561
-73195242 30899926
11810318 -39842396
63683835 31924842
62859411 -38393547
27259142 54954438
-58734956 74248296
-1843272 2256955
-25146687 97697251
-93896380 3791340
-69274481 43881046
-93536130 28883698
11843902 48134824
-26607403 -13389356
37054210 -4940752
-99921919 -45042757
32747302 41302642
-47203641 -4336218
80526540 67684384
-38662617 -49772044
-72893392 3656258
67503377 -28222387
-87333016 -13208868
82607417 87988109
-8985748 16540308
6929215 -38492671
-54645225 -13630897
77173196 -70091128
-85031138 51087412
18680881 -11944378
-33817322 65931703
12583290 21203018
-54568673 -73738723
19614409 10466060
-37652361 -3585637
41419353 89359011
5622030 71307613
-4201754 96673427
9011385 41652542
46676773 40738274
-94196686 98352892
-57143071 86051156
-38501058 -13533976
72486996 18350681
54354829 82999717
-20839284 -65699944
14053695 85170870
48368338 -11859513
80911387 -28719336
-57209185 45794853
54101595 -81966207
-58577105 26263139
-68078910 -61657459
-15360061 86308212
-51537250 49966653
56317356 -62001531
-72709019 -75084349
56236524 -37987114
-72505112 -795934
-80147215 60139276
-50824613 -61031124
-99388170 54648067
-64777540 83359663
15079541 -75645545
-97123718 6933310
-70726426 -10242035
96218904 81881736
-35723053 -79675801
-48604891 -26605241
-83792216 80675835
15003193 -2262608
-72594266 89734661
99536551 -18308170
-44871826 -30079918
12366910 22516289
-29639211 22015799
-17416388 -36396402
46131915 16016175
-35277940 -21780090
-64630625 6983963
-32917360 2055138
-33295529 68429486
32145739 -86629284
-56723803 -62843491
-9756702 -9538546
32034502 85140103
-67799493 -92486258
22327371 -46238307
92691020 -90663319
44487060 3153277
-81819710 -52453635
-71287921 9456034
-33340477 73730342
38635011 76478790
-12735824 -58627926
51885211 -54323599
-76428387 -80961491
58025563 -6048231
98811955 76588236
44935081 -25184850
65272153 -73163805
24549914 17191607
50424260 58916484
97379390 10445214
12523672 -16255911
26324471 66079657
43772793 -90394093
-81426437 -28469786
-47585911 97593888
14796980 -80764614
-91756283 5478168
22125151 -42374610
-45525212 -83735363
83488054 -24477569
-64382828 -2981786
63196795 46937319
-43734063 17727510
-93806599 -89980054
-87970602 -21380309
-57244382 17446708
-6364906 2893960
-99194757 23697356
89815064 70980612
-82231885 -42687695
-5195120 -2465949
97836876 -12863997
38322577 -29308422
-42657372 2129640
98771326 52590427
-49951224 -12830742
-84859187 49086154
-61002311 -20191116
44887318 -77253539
-59872531 -53181020
-76895799 -45700123
-58449246 -38485698
88822100 59672743
88786435 -48711700
24095792 -98110528
26345721 76932039
-96376348 52974511
32434080 -68548144
11695461 78522509
-95598802 11209862
80681817 -38547669
-22563347 -60966750
-6167165 -14193178
11545777 -9335541
17560435 66608053
77187625 -99669219
17676346 77633824
-22461471 -75880665
66170339 -98661988
-29945947 53610300
73285906 72401037
-72397624 49783969
45851547 -1701079
-51177436 11446232
-59449018 -62407544
33019549 -58731219
44277799 93125430
-25089301 -93070096
48399047 -5439513
9880157 59203369
-96854517 -35662583
-37780470 -93938360
-5516714 -64104978
-92319059 25246063
19433171 -95515944
90905426 52276950
14704957 73207897
56954652 -66400219
58115035 12673853
-91267399 6303379
-6398208 -77436207
84606044 -36285469
-11260191 -5688946
-22446490 24487460
-85561124 -50928110
80794129 -91221029
-54402289 6235795
8173073 6213153
-49799461 9881435
69103776 64332759
5074616 6635657
70200813 -30732148
-38304596 27381855
-142088 -64148195
22509386 -50577634
-52888831 -44584208
74457753 77721564
74441429 93652632
-25390848 -60708910
31110927 38041054
-88597080 -44669765
70186613 -64350380
-14036141 -95873933
-93570259 91897931
-20241499 60692085
14107267 84058420
-22745444 -4888935
-64585710 -44798933
-33065381 92067616
40459088 -57669663
-35348570 -85907891
11638883 59526987
74234108 36260881
59375921 -96425281
-31183720 69941814
89660257 99559339
90018884 -46582983
-27895162 -24464857
31760703 -973405
-30342865 -91220155
64096845 30571492
-63298944 -70697097
-96000982 -97994316
-73507634 -73284992
-97164913 -81905089
65183225 -16782819
97458383 -5170992
-41452887 426930
-35999642 31610229
-60622019 81817827
-87530254 99470082
-66744116 -15973815
-60917973 -7123820
-93420376 -88981566
-93416639 18490961
-3237749 89616381
59118691 9889824
-23181079 63016081
51251001 68619469
-74893008 -26712591
67792376 83789927
-78788508 -94275978
-95312397 19239625
-17842281 94992145
54280971 -81437502
-20057253 80428523
-32429504 5620750
-31867375 49822912
-88474514 -64955797
-8466144 -87211822
-12937482 -28293426
79557371 -55663999
35885989 -1689018
-49480802 43142636
10324487 26587798
-23895695 30018855
61888154 -3226811
-51691240 -26586651
82110055 82501223
34123325 -35512687
44358051 -49061674
85132900 66347182
-11912350 -78348840
-84131479 -76372938
45398420 -73396726
-47877510 44925358
36856446 -26954028
-19788855 -45565489
65713314 96792294
-54012265 -88821583
91975622 -20386380
-91309848 -94935738
-57570597 69320342
24120226 80704943
72640599 -39330194
-31993339 -85576453
97290990 90998380
33444520 33903730
27942830 -8882150
-38379326 -81853915
-6067775 -67175676
-29276374 66987293
87621369 16326321
20874602 -42367527
66099141 -75665615
27629090 -26217695
64443952 -87616957
32191575 -84100834
44985437 -88439522
-21716757 -96770354
-87370491 29567043
-21345432 21104163
-52630037 -94239699
-64640590 -93511172
23908935 -88397
-56623011 33689089
40466638 16219361
-74847005 90667764
57550747 -10560959
26564254 -63991255
12077771 4547162
29746066 -53592799
-84654449 -6570619
-12273253 -75089393
81170719 -80765648
-2167525 -10272529
35331774 -76328587
-51786674 -69021578
66904663 99749403
-45346639 -3387235
-74897349 57517340
-10270995 93723982
-74821282 -96814518
44462750 38203685
95765780 -26115654
19737232 -59411462
-23668920 30808625
83904414 -83086877
-73456544 44088789
29275666 27019761
50924225 29331434
41777251 96386395
-33524950 12794168
-57183869 32892957
-7721741 -42632313
-50575619 57401313
27764191 -67433831
28044046 51942673
50679313 -69596848
6085386 -2001619
-48733442 -31051038
29544993 19931122
27985415 8691365
19909985 -16075554
-25984072 54161560
5540441 87703130
-95273776 -86370573
37091749 -3325847
-49900769 37236817
27295683 -18884185
-45291245 77279395
-8311467 -39871821
-95114341 -55285776
21458716 13239699
-77930836 45719099
4099860 -41859811
36862212 -14144768
18771039 -50918003
-91366784 70455742
66349113 -61895697
-15991896 -80465735
41859117 6787562
99012004 -91992048
3503586 83394041
98870504 19521575
-32036075 92476066
37513958 99058273
25053475 -32545854
-20609422 9035683
20303929 64572138
-97057748 69104268
23078374 -84349751
-64632729 -59507176
-39017722 -88779671
-65224952 56598025
9398422 27027022
-10302850 -58316577
-3394204 39052406
45063908 36846580
-67055441 32886643
64330028 80063396
-41993247 96418430
-17769109 33848419
-62349131 -44638107
19884495 -94484457
-63796002 -84071389
23144038 -36684871
-45299495 -17896310
-34191696 -43243245
37918776 47027865
42325314 98586407
38267530 -71221450
-33455744 -71020181
-32096370 20681025
-49906736 -80157743
-74085256 -33194211
60962792 92138021
-18394201 68879167
-16938331 -62113604
-11071586 -4020802
-17966319 57692389
-96084649 -48766497
-98614502 29993908
-69168410 2128923
14206326 57796920
38104684 -75151253
4858791 82532956
37986485 65971377
-56733567 -4361129
-69032346 -49645830
67961733 53563851
1914208 -78466724
-72487236 -39844229
88722002 14505347
-80945042 58753397
-42384287 -21967801
18309040 -32464546
-50870173 57419821
24049227 -25524566
-74917445 -92691786
-93766740 10608960
10604595 -56011621
-10192946 54008504
23719856 40475293
-69530898 -18026023
-97651032 12540783
85604684 -18547976
9571281 -53250480
-91172599 93570355
-14128858 69173179
-1136438 12482533
84704941 -83414344
-28829146 51753321
28684827 74499796
29575892 -70402114
-36102561 -66703304
12550643 21217841
66009746 1048918
54698451 -14504674
99291702 -33139051
57725856 -62464383
78137477 -67516026
88977546 -38615582
65064431 53813136
-84506434 68592096
95671082 -84337078
15112361 52669142
82919344 -1371183
-23818721 58923409
27956946 8499713
-76047879 -31633801
16658272 16818048
-19949621 37464946
-49402093 -2612328
89455461 -22023071
78317879 77342090
14610021 -3114885
-6252973 -95827150
-43855700 -64887365
38526874 -10874899
-18899694 -88853292
91657733 62845901
63075884 -28858451
3330147 -72777224
-7951661 -95440624
60524435 73809754
14440216 -55215919
-40967934 90683356
-93971568 -35748709
-17724401 -27940728
-90297514 31347763
-22633911 -61847740
-83135188 4863864
19345026 -43545118
-39693630 -6337222
41744699 -15834559
54660636 36626003
-48951946 53369926
80503404 -17005340
51640301 -88360179
13775750 44303830
60451165 99243951
-71641902 37415041
3438148 66837793
91859754 75071361
75704926 13422780
30126652 16443139
35195335 50224025
-59254459 -55498209
66567630 26229927
-39659883 -34520454
-54205814 21951464
-53446952 30400138
61905367 -56138577
-21648094 24924249
-67086652 -27962140
-92591527 -54401368
-98866825 37066532
-54408460 -41374129
-96408733 -20294875
83686141 88057104
-78990278 26950728
68559016 97727645
-4153159 -35821438
-59143431 25886114
-59545211 -65219790
87929684 -94084796
45139205 17924268
82317308 90725060
22606597 33985148
40785231 -38567289
-13866518 66964331
-63259629 -6071883
45514055 -66672555
56130370 -28965349
87250280 90825152
-20382804 -36390370
-53261110 -90104855
74639390 73132869
-74940051 83741146
-48221308 89514303
-88236046 -40168181
86461621 60023524
-9992672 -15282076
-61196103 27468924
-42260341 -88044342
-95037450 66170435
24333080 3448125
-50793385 -67518545
21417013 -63192178
82271635 42431199
-19471060 65271577
89768264 -19231034
40568170 4438262
86512568 35215624
23142630 1366319
20554605 26318733
-83107759 -57248550
72077030 13092307
93887957 -33231678
-17997995 4891124
-41996395 -90187361
38591757 71559961
-46733293 -94079041
34626580 72020854
17537527 91322182
7096129 65533076
4045189 -33889267
83346481 -92478138
50885354 -69654093
157097 -40303508
-42118903 -69388453
60629655 1812788
-95754764 44183586
58954354 -69048517
-98034671 -94922
84314424 -11838113
71624550 -22021529
-79084525 60806195
-88127104 -22066124
18755539 34043485
3252077 -13845609
29736174 43820221
13734027 -26814083
-14167077 -70661435
-28136437 -82378802
15286102 -99071523
51926220 -97641518
92147419 -18961697
-62906397 51115599
42977817 74684460
-91329124 -66128938
47370907 -71900805
-67565615 41660664
-29338974 -99871960
-42223685 31183319
18478473 -70475290
32124720 -6946960
-81881794 -35751891
99107227 5228630
73606092 48512604
-37629487 -72789157
-37424893 -93459270
-41195340 -16154488
-29627733 22387304
25956045 -39271796
88326470 10956948
48946989 41787236
-7663772 51660288
44847826 3871354
-19008261 -50328821
18962731 -90976002
-12657688 59650036
30191395 -47282189
39416479 -37925465
-91243850 40068822
8213948 -87561147
-52191343 53211320
-72432001 -69076730
54628066 41336466
80102046 70865116
-68418195 -94190282
-45300575 45618645
3926222 -53785231
-16848980 -67345248
32019362 76357029
36871129 96013039
25969102 -86299392
-19675704 66171171
-50357465 26435321
69875661 -72537408
-59218983 -26276364
-28063266 -67372356
-62093197 -86237980
74084000 -88739338
-81354107 -39129912
-830549 -66028917
-52807942 -64487147
-16150183 -78304192
-21685558 -19978330
1979122 13086429
436880 81285866
58037942 -60081041
-22738423 -90481467
15867205 -53651526
-93856254 -13875364
-42956362 28906267
28790418 -47009038
-45971687 -26493372
72179647 97469967
-21289978 -79863638
44708053 3329094
38533019 -33168120
-6996113 -1625192
-45379587 42015753
45452615 32233988
-91515574 17819339
94620225 -90346625
95009836 70824168
65923859 -61176267
-20175864 61492264
-59314865 33556432
-89361159 -11830819
98912537 75778095
11381270 -65930528
-49296819 -82016762
-71465645 -5863311
-13355413 34388075
-93924593 49461020
30318554 60784825
-97134667 28477501
88322869 -67194205
-83669528 14120307
-1738885 46253236
-55450260 24118820
29614551 -20032942
50772600 5321232
-37380298 -1408072
-45835440 -22687011
-47870316 -10166970
-57663063 -86518138
65818146 93418625
-35687705 56746324
58746185 -18993398
-11348572 -3669852
-62774474 94405158
1156285 -81059105
-28789377 21647919
-5024162 42362679
-47413873 -17983239
-44786912 25819493
52834220 -16862739
95177556 -93476611
8226960 -37761051
47515107 64122083
-24698566 -27927560
85786401 -93373389
-89355175 5727011
-51855666 -18256827
-64800177 -36561185
-67666073 71338074
-82996872 14315412
65489395 -52424614
-15395655 49788460
-34155937 -16031358
-15618096 -81359008
-10319400 -48124173
21006936 -58135612
37287351 92196805
87952260 -71699573
98256588 11713608
-338530 -17205656
-8224838 -12592698
95590521 69373224
24847765 -73978441
73502820 -11251509
43684635 45014305
-79401676 86523021
-35796006 59584322
82313806 -7086562
20419128 39115320
-21687070 29941575
64591043 6713592
-68736506 22586650
2174496 4344815
-52726066 62753492
-1939268 -51562233
-5867798 -44687163
2303564 50218891
-45990274 98524071
-25856371 36162319
33289473 40554991
-25819245 87520554
25130856 31827852
-92149202 5871502
62969673 51859376
54614303 -51034768
67778778 -20570065
30162248 -95770703
84749605 -63312748
-75336037 -52796955
98678000 -91371049
-12929742 -97888676
32831099 25455338
-97705779 -9903329
-43725949 78981478
53078982 62453717
34110991 -73150047
83386138 -57134800
-84848629 -17743210
-73215970 8676955
13903025 -54442984
20248354 71547774
31982244 -23602377
90979051 24985410
47610783 91251126
-9007498 -28748591
36706385 56501734
64374611 50932535
67576265 17861437
-2614392 4579217
-28287514 36159416
45754753 -81174256
35636569 -12964366
-67264069 -273821
91223351 37713822
13534103 41820897
-1974149 30514505
-74456836 93270248
49136231 87502321
940763 -9664404
20296977 37715625
-22911119 -17022206
23110322 81520930
-53123379 -70940870
26016716 29734925
-54354850 72238374
-50654597 -92950527
36300171 -85025049
48262789 -31413976
83088715 -65860263
82760190 -82116281
-36001327 -33637202
69095299 34169591
44882368 85512687
57421460 58264973
-94549411 -36858200
14411457 -65333797
-17974948 -45296453
40066239 -59872272
-59084781 17619284
-56370633 -48834712
-14205427 -10278700
88223924 -9346307
21714053 -8427437
94723975 -441864
52980771 71920786
40491862 31252020
11956533 35492359
-68406660 -93329470
64612747 81428537
-36984203 20079151
-81418885 -50667839
-27188127 62950676
19011382 38626292
41903382 349417
-17995848 -71121524
-63635604 44587156
-64937713 -24347616
-25987081 82728817
-72811883 97698964
34043613 -28459318
78132560 94808707
-71877095 22882331
85306024 47169294
-30194596 68461470
8231890 -5959888
-85009316 32663145
-27005221 55069234
2777442 -12709661
-22873764 36568161
-99024229 55942208
-22253837 -30877976
56540414 -66904636
-46282802 80067946
-24003158 -46765829
31891887 -28754295
98501798 -46367106
74340309 94761665
-52690942 -8550265
-19734319 46209657
-29632223 39248568
59800116 -61604657
-44437515 62555691
-94002685 74040898
-84048717 57642257
39747927 78469853
68665065 -64739252
35728664 -40793231
-85244567 -91535431
67814655 -74361793
-46777373 16938178
33458456 75433749
-37330335 64602725
20688663 99323147
33854117 -83665553
60953655 42574616
27684443 -94263147
-58851107 99111666
-66927367 21765658
58743883 27681107
58605134 89084011
21609878 82600069
89187152 63545954
49134025 -98362373
-46047061 61942147
9962548 -39292960
23667969 32910050
94735099 -90777446
70220842 -11771862
-85985136 54755111
43827087 -73430312
-96555972 39877130
-48651936 38587892
83627867 53828515
20595723 -49180005
17633561 13976044
-1505057 -88782574
95904575 49995874
7612649 85870743
67900756 -41730925
-43763935 82257418
-8791668 -99858442
-29270165 15314415
13873491 5004140
42013797 60049587
-29022246 20889384
-80133268 91386874
