1000
41907018 -24937265
40280718 78416030
-89436606 55102268
-48513280 22170924
4818874 72390290
96951777 -8200833
-75306507 -53371159
62682797 59037433
-47687762 -30397355
72073982 -50938000
28059334 29667171
-75963644 -58232834
63805691 5970014
-1186506 81884874
-89812657 -15715084
-70609556 -95349384
76907760 57169275
30835082 14123814
-91265558 14855659
14143890 -37663131
12245172 9787055
-72187397 -1904823
28647147 -64349292
-74405553 44455959
20282368 -33528074
91500929 87824257
-88742313 52475364
-7453944 25340761
74196564 -61509766
13232939 85516343
49197377 54442177
32555890 -71943531
-57586652 -26044499
94603613 46675805
56827781 -61902116
42521570 99112962
32468269 -54919533
-12676607 -19413755
34924048 -20110176
-67472866 16995665
-69301051 45931508
57307840 39190690
-39986482 -4164233
792124 93455461
-60375821 68475235
28268896 -31199644
-62892488 -62319185
43557941 -91714319
-24474431 41208561
42522943 -51020380
87221208 78443936
-661820 52247678
58508672 -28896504
-93832553 -27171986
7340287 -83024647
48792548 -91184196
-19402238 74199008
48274794 -37880846
38990432 59203167
-84908484 -30923691
10652935 -66991794
89980604 -72997938
-63789610 905925
-38319356 -25402534
70936877 99727739
-95436305 -56787627
-42531604 -12599783
-87532157 91210073
31060660 -53166366
11246353 63560853
-1382124 -17792889
-84668501 -35961092
89116707 -42097992
4935736 -87384880
3407770 38979632
-8833609 -38956384
95270131 -7021284
9372114 -43612803
-41816951 89250999
-62091261 81941933
70628961 37786168
66392709 71970230
81078960 41276598
-84768168 22164156
-43230677 -61672424
-62615272 44445299
48318352 27409086
15802792 18957975
-86767584 -53938332
46076278 54015778
-17198453 80163480
22809844 66225842
-32950235 -53592364
19387446 -46627689
-21834706 -50019459
51295561 56531627
96115336 30634400
40573805 -44151490
-70848568 -11344318
72140052 -66975375
78226662 77567278
64591056 60356532
94771214 15839507
-37945855 24334014
27071243 -52489714
90790902 -94462689
84123559 25579433
-73570260 93471604
38888509 8670828
37157581 -52163910
-87119525 -54024786
55296126 27246766
15136393 -5864949
58843166 62328338
54852564 -2684209
6773417 -6854920
-80054611 46582242
74518894 48530328
-25049336 -29283454
-82217259 6793001
96192615 -24211977
92442797 -97352066
87279152 -92205230
41976313 -23299991
-55785149 -97387631
-2483893 36956738
32165110 -60975275
11639353 -26650668
69315677 -73054847
92226703 42299951
80387262 94796092
-7473189 72300894
-66872910 -93908610
-18836345 -5824435
69271693 93311850
55152474 -26061766
11576240 -99613259
84914277 -91121569
-14824826 -18055463
-14217660 60074543
89640364 96301350
-20764848 63571409
29307168 -63499537
75455407 -80497508
-31218932 14221836
10529636 96871457
-63306827 38161333
-22076552 39580800
-40751511 25123211
57796215 42668219
84190656 -11986669
-40226052 19429189
74663612 -25947528
80017486 -43625434
49082576 23400976
60968672 99898138
-85647192 70186697
-65912505 56566788
89057017 71301320
-5383385 -45557522
-15830495 -19106411
-60388234 -92231903
50782375 -2208440
-59891527 -86579029
93640072 -85607220
-95031285 -60376196
-44982333 -57563206
-7937272 70990881
31673547 48749369
8735039 -31410286
-84961343 -37393221
29672330 -11521372
-60738660 -41128745
85770905 -64369917
-29326435 1306643
51022713 6369208
-87659363 22804836
-20751025 10079878
-19181914 21399564
72672560 41928154
-26404311 -62372697
34419906 88643785
66870725 20226536
-75695398 84567887
-56619904 64290506
-20571191 -98174479
4581295 59823845
-40230807 75537874
82440484 -98661949
-14013818 67289933
45954000 51585298
36232340 -18205121
44142811 -28357690
-91904233 41687200
-58066473 4169537
-31418389 -35943133
-13587644 -17766120
-93810370 76220952
-51718241 -38388957
23488257 83486620
78411150 -66766252
56878098 -58355821
21743722 25867996
36407812 -56974042
71408246 96604994
77270701 31633185
-28809319 52059390
-73337867 -44469410
-14543192 -64548194
-70536396 -18326734
-41599127 -58694360
54820720 38489906
-19965571 -75165107
-86247516 -77713529
21646364 -41207973
68558444 -24004670
3473525 -9006609
-16125713 27907491
39305956 -33518783
88766135 -60873390
24666468 -62179246
-61955480 76610267
80200341 98530406
-40822572 -62798513
53800777 -24583163
14209201 49148018
-60483863 -97474481
30223821 27875182
93399666 1272232
-82015424 -75356119
-46001536 8546346
-38227288 14994947
-92907251 -74645816
-15507200 -32859691
-56356081 38995332
-88579090 -46611560
63179288 41319554
-50977390 -67247027
73924914 -83099852
-23721672 -88198719
65652524 -41209581
2185095 -96973199
-49146029 16163075
-72622399 93907694
-14881426 -11799344
-53816605 42663695
86577376 49577592
63197922 -3269500
-37362803 1634091
-90066288 82264282
40647167 45974026
-33103274 -85240634
-72897915 -60584070
-90856637 56943777
-18772078 234062
48591896 70280849
28712216 -85606201
-36460293 55200118
74974831 77234716
46824704 -94112804
72098481 -11176751
433652 -84333006
-90757055 4929044
-5366966 77288033
89209303 -62867258
-20648243 -4092946
23907947 -88290669
61076760 45117061
-73654742 -42042223
-45824349 -31561226
-97755736 -60082388
-52770187 91502109
-1121794 9435112
-49736332 50856462
18411437 -42284456
31128485 51972009
57805165 -91437818
14711145 19841102
5111848 -28896024
-64700290 -31163103
66832009 41794406
-32407552 68163986
-42916238 -2298864
-26688602 2419296
-71651627 -2231494
-34514739 9946706
12594444 -15587334
-96791610 24929716
-98192002 -28741414
5037116 -9534129
26463503 -37235735
83831524 34429510
-39165202 -75451112
61195147 40387684
12845450 -32058260
-22854601 34895565
97820373 -37787335
-2025296 -72122934
-97562657 -2157464
59298443 -74847280
65656748 -38561100
95316124 -86217635
47653093 26193611
68099576 92211191
-31606682 -66759605
30934366 -91553223
-36274630 87975149
-47544842 92707415
70086269 44036154
61738268 -52497269
-83961470 73517401
70507501 -97056208
93352775 9568559
62346793 93075406
-25226143 -76128536
56705230 26202887
-32527834 16031102
18511924 21614590
-88940608 4751242
-24743261 63021585
33261645 -88301894
64404842 -38209603
43103111 -10647070
66662936 26067195
-74876271 -97828994
-86839106 5899638
31929567 52654642
-2251362 91382250
98118355 77586532
62041470 16749220
66856927 38605594
-65975567 -94391762
-30739916 -89404619
10652745 64203167
-73719188 -79068887
-45170128 -75309547
-22976265 9193219
-30684737 -27041883
63605080 94791035
82243657 70453869
-87011349 10715658
-55997364 91971534
-11921633 74250292
-9620790 -73904911
-16172785 -31047960
29475087 48312588
46280707 34758575
8739008 5472685
53694476 -86495591
-61026092 53928964
55352873 92313564
-2527340 -63495912
-50451183 47871999
63335703 70086059
-14992758 50902071
-56136540 84889471
39200183 -85945797
36199988 25067858
99882053 -40863141
-63597372 -57907768
-64193469 92542301
20448290 79724510
-49149600 37774137
-70759732 86639345
-75726708 30759673
-25614360 -11538245
-20080659 -17996319
-55462769 -87952948
-33042452 57281724
98634624 -22726603
89073627 20632296
59886028 78664793
62519057 86128825
71629155 -21720433
73209695 58140141
58478049 -29505906
-32608295 -52103586
-90859961 -63826856
-34422057 -13601769
-43040657 -63550329
-31156074 -18551726
84273116 -71085160
-63362049 -11894627
-92933023 17164378
35264507 -84488054
76164811 59050747
51527268 -90329002
-21516677 78654767
-46671273 68762549
7409295 -35281442
39116559 -11901012
-3875372 67485395
29845258 30105728
58444264 98693532
-89592768 -6822613
-15047361 75268499
-55777587 -56105638
-87988145 -60661463
84034774 36756469
5550682 -53052623
58729762 78596937
-27679596 11669759
22147158 -38464414
63932132 -94695504
77850113 -45194733
62736275 93647075
77302233 -14706128
94348523 -8047011
89912766 69792505
82111606 92639239
-48725341 74821958
635028 79686013
37251785 19785552
-31804722 -18064851
22020939 63952102
-47211324 55527753
43259974 -93199559
-56682168 22100898
-70089887 -94235846
-52649492 -88700691
59310328 -43116241
18269148 -10112709
94737190 79494476
-42857433 39806313
-16074785 -22259265
-72662440 36848681
-12128311 56317873
61201984 63309277
-30854692 -13205354
38988627 69923341
99481344 34993712
31240119 34868498
64942776 92371125
25865598 -62722896
-67644797 3792852
-52657033 40022952
-63805200 -26805326
-30071126 97646557
92184081 20966644
50927431 -5649171
51485744 51819250
7780190 -40821045
15617793 81497353
30295959 70901317
-962688 71210462
-76213759 -18838182
81788675 -29694787
22037797 27752551
20245989 27849337
-74151880 -86949613
52234859 25778848
-47145846 30619323
4709694 33949884
81109227 -14293184
77115481 -69098398
-84777916 27257229
-12836529 -11975607
-83098351 -41123191
42973087 -87201373
5650162 -68404794
97481152 -55097064
-80502470 -21388234
31880128 -12001741
75219069 -42301372
-28385737 -65042433
41356935 -81880362
70747549 7657186
-88607976 -39610128
59059721 13234743
46794935 -12873858
1645197 -11327585
-89059317 69885996
-79896627 93034872
25845092 -2814436
-42629198 -69211556
-3509420 40119951
63204566 -11711841
63512601 -28658511
50555915 23403439
68119330 -23363488
20930323 23839215
95226736 -82881177
41131073 -82626828
80591006 -58463542
-94699743 15535208
-56344838 -63365645
-1213156 -80436501
-70267076 -67528239
72887306 12475564
-78147314 -97914751
43233030 -64476161
45568171 79897416
71017360 29445621
-97067563 38087092
27004549 10527493
-8014353 29978268
-14584126 -9183583
-90193500 -52795753
53619574 76714626
22323037 56370826
-38719284 -37099983
-33611054 96880441
-48295740 -35808914
53489622 4122600
-98789906 -75606438
-34905962 54901202
11741862 -43993437
84582821 -68544142
66833325 50512003
-73453361 70222177
-84031172 89525932
22806111 -6437025
-60744764 11016481
13744197 23774358
63324826 -20913037
56605713 -38634930
3808383 68267886
45436838 -56153923
-9343259 -69209289
-28309636 -62564049
-56050465 -89912107
92470955 2047016
-7897029 -90345315
-35512916 4195286
38196833 46727774
68039911 -67815772
-76138731 14536788
83570498 48606783
20802483 -91383486
-97666269 -64161917
-29293478 -99068797
94576891 -26744387
-76103512 -40696840
-44962609 55047592
-71670187 15704135
33790522 6745747
-43877956 -78870671
44423057 66274974
78265797 18243233
-43814534 -58375441
-2784595 -41444328
-41675514 33943191
97098624 -1284493
-31328194 -29539089
30238475 60042220
36921584 -313894
-79896655 -24478305
95143241 29255702
72314658 -50817310
90828283 -69239951
-84182604 -45498320
-85073296 69056593
-7621064 14453399
-95272294 45828504
-68166763 -47624292
27352839 -32681058
-61349226 55107398
-33965229 -36041605
96968504 50087263
-23501928 -70467408
28392554 -33258114
-14094165 44890820
-36542247 -25416236
-8562815 36491079
51179878 -77407110
73916749 11158911
86052690 -49400424
-72559696 69224775
1760887 -98299155
-68292817 -99173522
88081709 -42784666
45959724 -66440593
-43921037 28609979
-80995447 -6446707
94827367 -14694556
65710126 51635347
53481028 8080474
-22714082 33501398
84453686 -68095193
63397415 98702086
20818326 -11311119
-45587812 -58190577
-57582466 62047255
97926620 -93699635
6665089 29034937
95007548 -43164774
1538156 97823401
-29015381 50334849
-66111759 -60782213
-98266252 98491399
-96604281 85832256
-24824903 -48837473
31058126 31734388
68705317 90398499
-45060534 4433012
63433215 21581665
-62058328 61617521
-86670286 54844263
-60829468 77050080
80206798 67603360
7983074 78476911
42780083 71780852
21215336 -23500027
66370110 -12040253
83713187 4805066
27929448 -52648453
38245237 -73572530
47218010 -45781458
73481227 80765156
28736175 27595353
-41478338 -45291146
54025369 -74524057
81673072 55244002
-74623622 39305297
7446956 -96083383
93335235 5891090
11504903 -58740213
-3228675 41163343
19682473 -38584340
-98335434 43711660
-23796159 90320278
75466078 -10571143
-17295753 -69959170
85387992 -53825563
-19493667 99768980
62631408 -42927494
-49917870 -11020319
-74151052 79477056
30142573 22941748
-24280660 -58866367
-67255131 52362943
22552571 -55220467
52367211 -99694712
20181678 26577622
69481843 -48523152
89337127 70598791
-68152065 76669594
-57023665 29305830
-83076297 24752007
-77966740 8289437
-39605926 -7348528
43724401 -27696184
28467025 -43864106
-28497909 -85316340
-58759087 -62538116
-19629805 -40014589
21721260 -52792780
-42280170 66175064
94556830 -8629359
62433147 -61710083
-78634759 35350171
80727480 8608090
42477639 -64952678
-44292746 -25818205
76026383 18226849
-56077479 -66633883
76728669 5176156
78071050 -6922192
2160239 -67678553
58914173 77095127
-12697262 71795553
-90440000 -15539134
48562458 -52419096
-75053362 35084182
58437699 -90135989
26352378 -33732784
-86814449 33284367
44751866 -26045446
-55920325 -65857708
-10028522 -21009967
-55660164 -68326540
7476636 -94628142
-53099335 56772893
71413252 -57727089
9675649 76306490
-16954508 73698264
-4070875 26752998
33995889 29264507
-79784775 -45545125
27404065 -92223740
-78132364 -85056624
-79426959 -34837344
-33831811 4407732
-92403091 -8525745
32858423 -31461976
-92548897 -35795966
60868297 45177843
55345564 -41502524
-75721259 26312627
-58540343 66493607
35834112 28216210
17504259 -85489732
11693946 -40705868
16646790 3620012
-38323203 -64436857
-22506236 -50284696
-62664267 61860287
92271923 27890595
53838322 -25321369
48843665 64755016
-43537131 -13958352
49653408 -60083967
-11292275 -95213273
-53941010 96499949
76017448 -82398233
90175195 90801744
-71984992 -12336213
-19839288 -39372044
8646332 9127026
-83116786 5284013
-16549298 -71649537
39871223 27320864
58123240 -55226942
-12046303 -25320680
39197083 -20399023
-91851214 19170618
-1080004 33273137
26019309 39632846
-68372303 -57080133
-25419262 13477000
-16690129 74099658
-21653022 59609358
93515195 52196333
50366902 -25914311
-35158557 91667848
-78894464 -98835089
-95676328 90621854
52804390 -84886854
-68406326 -32237571
-93413333 79864194
95104973 -25094950
-64111410 -11706453
-26888341 65688966
-72776736 -10709715
-17939204 -13675829
42117462 -62130113
-89638083 -74460876
-92663092 -66836017
-66225346 44373066
-77626016 46105057
8034318 21460544
97152446 17467661
-93079388 11534405
-72150965 -38058631
-96924647 -48595940
-9999689 -7383397
-79031325 87703687
-14301641 -1241710
1602890 -37466056
-79068936 96015142
-94526388 -27224581
-8779469 -79245329
12524287 -69540282
-81155217 -71064983
-14730056 -37998987
-90379460 2295873
69984427 -34502585
3505269 71351187
-91288644 8242252
11210959 16467145
93678855 -62451118
-85884556 30974142
-55860683 -9193126
42972227 -60347049
-31484060 -16173472
26722629 -98882979
6465758 -78557083
-32845779 -826728
11081411 98443377
79111445 59301051
-67636822 75067866
12414219 48281011
-87846457 33740093
81051265 -76911188
78474140 -79582114
85893167 -95576407
-31782828 59194032
37391305 65070788
-62321780 -130803
-44850401 -47544507
-76328856 63373415
-8416672 -11104670
-97009433 -85523489
-69791668 18331243
88259977 -22009297
-15560580 -30792583
14741252 -44522543
44605519 -60243583
-73779840 -30844815
-66778316 -16690281
82734806 -48004144
-92559031 -14594514
-91231025 1155854
8608321 63520776
-13980305 -7324679
68338830 -13596622
65986375 9397071
-26534525 82774273
34459092 38296608
-67883719 -98859708
19548138 83796858
-14774679 -89071060
-68416411 -33942418
53564779 -51464689
79871720 -15670786
66151622 11572314
-91714069 -28893739
-41407096 69022683
-43031276 -36873620
92040400 5428296
20887271 -29936625
10911586 -38002533
68158356 55778820
-58364317 -51288032
-54484193 53299288
63510877 -51751381
-32362681 -88920376
57670362 -82006859
-60568785 3190207
-99165356 72768170
61644088 -88196100
-84645292 -89486434
-1125954 84415783
-51763014 16189614
56094903 -85229312
66055740 -99172404
36332475 -19278601
25240997 67218519
-3772473 -35537832
-69183968 80414071
97038471 -43968489
-45378736 65802432
5301736 -69950746
-72014198 -80808994
63590285 66169627
-10908443 59836720
-10924676 77992276
26053156 -17606107
-53338218 -36411331
-65227198 97059302
22343063 -83711676
43921815 28128446
-22925343 -95732028
-53045808 -48027558
52629518 -53563811
-32068928 -90102736
16932180 -1488338
50887568 -52952183
-91487619 -95376028
6762260 -89589
96638498 42653119
17073749 -42492605
-88785110 59089517
28288538 -23241393
16367211 62030553
67146349 -83596115
69852984 -38017039
10446123 -73930223
-78553266 54207255
-63994831 21779111
-95643027 97782092
23556238 -46344438
-85904753 -60701215
99530354 -68473854
-6988076 77186695
57019124 -14256676
-99911454 -72278530
-91699917 -89395961
-17424820 -24272014
-26369396 -57512107
21487036 31217323
809830 -77872458
23078942 -25529155
74175519 -22332009
-93428513 -41681346
-98230196 -84723961
-20507916 23531817
-65392807 -31187327
53436823 53184738
69120976 -90143629
51382239 8855373
84590782 3650123
-944009 3525674
-4373166 72462292
51677983 -74765528
-69034271 -69012138
58071042 71118116
-41194705 -17977390
-177357 -79362338
15029859 87596943
-45943602 12076784
21770292 -88545905
-23671456 -6113601
-33176776 -60289355
-9268341 133774
22433189 -68899494
-93699620 60745139
-98387897 36540797
-40905452 87816430
42631406 -91300948
-94258194 85172966
31846666 -43822012
-88612118 29431543
-86766925 73210783
26346507 -4763230
46885233 -86509811
6571051 72260698
39896219 -70431922
-75906339 -84535389
-87208294 -17950559
8378499 44943548
92070342 76065713
90312264 75088988
6497919 -89567622
41620736 88690727
86493277 15537299
54556771 -63672331
8841847 31948028
78979707 -82018253
-37957647 -40313214
59195958 -77788152
-71352668 32321784
42575036 -54401769
54180397 23342517
-74758828 -73866075
24137339 6386932
-86153937 42469894
-24242932 28071062
-53541022 -54259980
20656233 -4881606
37988549 -65158139
-62280539 2619105
-32087099 99309145
30077147 13081527
-15422276 2975661
38260925 60566562
93723474 24416677
24772563 65535183
80576560 47640465
16070792 -27437854
-69829324 -99959207
-42398046 -45382569
-62399469 -63143921
76160939 -88578641
-40645634 78957057
-18437645 -26814469
83077032 86072153
1889713 96773374
92578834 30825343
42388122 79340608
-15441554 50367315
-92115789 2672923
37883234 -21503605
74877420 56326691
-62168541 -12448885
-44995755 -82942723
-66695699 -99950882
-41388107 -81550391
53795507 -77578814
-36233579 -43241739
-20443520 31498599
-54970070 71218172
6353439 20253197
-85575366 90600719
90639464 -18358142
44085022 -36357810
-54603502 -29910384
-14298497 -98979867
-86666726 59145517
-23144787 -26881048
84839887 -40008581
40825617 62176182
-89078864 94335150
-37270269 99346024
-49043881 54726696
68864825 65007316
53677063 44736827
-90872021 -82444360
5662658 70841717
-42738958 -95049693
62562419 -11630518
-10531395 -2870881
-86361175 -42792976
74610699 91027446
-19934977 56584317
-76329263 -30981443
83497236 -90764216
-15842486 36573010
-31780539 51146096
-24243951 -86403744
32923382 -63403141
11038235 81033855
-19119401 23342930
22520642 56435090
93881779 99419713
-32275037 -93177825
29033393 9253471
-51729281 -50849711
37244388 -28382396
-94743769 15527675
