2000
43872369 -16749365
33728953 -88541925
-97127890 50354329
46890006 57111235
-95190470 15743064
-66676168 40113878
-26956133 -48449431
26192781 -52510501
-6512421 87584134
-33114587 9371801
-90577744 92504365
31028772 -51037214
-21075722 85915076
54352270 48541051
25181898 66258727
55057469 8691995
500837 -27037517
-59611649 -60444758
-99862982 -11706763
-13704272 73787282
-61387956 80400041
-82479011 -61438525
63747593 28737920
-49445403 56451471
82612411 -39756813
57338865 -74114887
71532058 -46323801
-8173053 28521176
79655877 71243839
-72362475 -4872668
32202846 -39365595
72909613 -62444203
-12679092 -50073087
-81671449 -12688017
-39768010 59714279
-11224856 75352211
9216926 -59319150
-76335084 46868231
-91748799 -86664670
49792637 31759604
-36863508 20168223
-81898527 -67679860
-46595979 19946408
75166870 -62872001
-91000742 15990354
-49932363 71179103
-57873693 9976694
19847548 19175276
82014624 8062712
-473190 6261926
39562386 89672538
-20247834 34973398
88798812 -33793362
15601386 -65617946
83229931 55938866
37269062 39306202
-28184790 -60184084
58476086 -99934970
-42123827 64162443
2136245 -41694828
-51647660 -62804239
-95094300 -75711349
-92544307 96457198
91093658 82982523
-19195844 -3720494
-39040125 -46316809
20630011 14443797
27358378 45582790
66261940 -66081168
88298171 50609172
23386383 -60309228
5071617 -22633883
13686294 -45344800
55374988 87261494
-17842466 13870832
68518507 408598
-24314254 -58053580
94669935 -32596922
86087373 -73166049
84246382 84898603
33486990 -22030239
23410863 -72363073
79578595 -482487
64487828 -7782695
74835966 -70748947
-48224750 72535892
-87088184 4870100
-21616325 -96967380
-88158499 63259228
26308682 -98518083
-31552470 93359915
-55613988 -79419784
41358760 -55735046
-47508781 77204098
-27851213 -90215354
34589985 35295812
-48794075 79673636
72126897 97734371
89338922 -61822911
-39190112 21736481
-51484470 -39733906
-36766334 94155375
27328484 -99501883
-91064863 -52519136
-84187539 -27377000
32206401 70817291
68773727 48412973
-14846169 -45462247
-77737178 -53361856
-35557718 -57546349
94786610 23462441
36392088 44406855
-34300615 31329012
-27463564 72054311
-81656040 80844763
26784965 64196106
8918284 -1211317
-37962460 36557112
7615438 43913132
29937844 8926727
-68292677 -37632965
-95048699 -5560037
89757956 -68615076
38823256 68942148
4154204 -63299455
41076719 88988228
23427794 -35216507
-82809487 55329096
57447459 738072
-84573387 -9111968
77014177 11151904
-32984397 -26010453
64237656 33271893
-10494691 -26754116
-70688250 -99426934
-83818415 -47807890
-66237832 97333018
7823427 82192170
-49281577 65669047
81176843 76790566
82580621 -42299376
16517133 -19451364
-50422475 -39290664
36846928 44234118
39769314 74693490
20771751 -7259054
-47939284 33381586
-25458457 -30946069
47131360 -95132402
-65818189 -45123960
37482799 67511494
-5654485 -57701772
-54775835 93404471
82300720 -14366582
89677327 13374131
-79892722 -75234258
-30211588 88465911
79380773 82122349
-82496972 -97432125
-36895703 -42915371
-45391737 70153858
68612136 -48119130
-2620552 -75517971
54051679 -66762597
-27237801 50169937
-34834275 -25001750
-74808192 75120822
85725040 40036261
41131868 1116142
-33368578 -56034844
10270791 -16843047
71616336 68452919
97806676 -88150327
31524740 -38132224
-89050965 -54016086
72906478 -67871637
33618319 -80742127
29892262 -61120302
-34935898 3784937
-65051594 55362545
-32403795 53896748
-47099526 17311555
-98354500 21560509
10136652 -92967543
71827499 -95347719
43629685 2712576
-70303589 6591874
35628299 -64208538
69140528 -98360200
-35703443 -32014198
-22784895 -17752855
-99673176 49383511
-76515073 -4203379
73704247 29923286
-17734606 4730536
-55175381 22133261
68124301 -94052657
71242260 -38885940
40640203 97843303
-13066132 5311107
-37383970 -74716377
39172746 39683589
-10558897 -40878322
-47078796 -7968967
12698399 -62701671
-24267992 -90456708
-45234389 -18603779
28640099 70833444
-12484035 75299931
95081871 7366645
54566246 -32477558
-24764005 -91110282
39809174 -56348378
99222717 -14034947
4159917 -47351853
-29360097 -991028
9771870 45350321
9626666 -93446399
-74290878 37702874
51185532 -33410126
-557086 68652775
-17243352 -88380375
-65386740 18646845
60755755 -43409746
52261119 65062229
86407181 -1704315
81757139 82644302
-63061585 63544280
87893650 -34330438
95149507 -50347587
94501777 -17277559
-62352615 38270674
-52987970 -71056267
37057876 -12769539
-8743771 64376424
-79587242 47468136
27026339 -53507525
10437709 -59681113
92985853 -45530231
12338476 24575920
19892005 -45487909
35870914 -2911725
5540721 -16431848
413489 38146199
82685248 73392047
-76223703 -98164199
16259980 93213900
-23418208 -77179400
-93507846 82093139
-71495421 -291787
-61024619 53930379
-52366176 30359622
77292868 11963506
-92526655 33341278
19900375 -29379423
31140774 87774598
-3142351 -20047392
84834941 13773017
-38334015 -98769456
76545625 -42419640
66181792 -2349022
57015413 17563695
48137029 93875778
28958523 -79819676
16962900 35084026
81553263 -45848611
-6908741 17322521
-12932692 -26257266
63449038 -70582410
26567774 41515844
-68802942 13603857
-10610208 -84837272
88444713 -93813644
-23171389 -32325198
65628596 37980813
20589919 71383247
60633065 -28159223
-4130710 -59023410
-44362944 -65172779
97354939 -83037645
-92585147 96375473
71034275 -24953592
-75350743 -20865776
23320494 -70120973
50514603 -2478741
-83708463 -92283332
-89622396 -3987428
54107621 -62633514
-37660587 -25915616
-17814308 -75137463
24143151 -18466211
67576168 36328647
53895994 -24145405
26177073 -16781671
99199953 52207018
-40021865 35546823
-52854202 35831940
-76857679 -53191902
-96845923 12988442
3777497 -45067529
-31662554 -29716580
70408758 67538845
-50488999 68739741
-98266822 85686277
49749512 14828522
-14360395 -8669093
-53818407 -42162662
74888144 -17170813
61493130 96723856
89585415 6355981
-21826637 49431978
-65325052 94725794
22897467 37649664
-39860328 47826316
69092825 -64303187
-8629782 -63542387
13350834 2099652
-69564697 95629702
-44039556 83776345
-90643443 -86562306
-66976038 -20386476
98398924 -6898143
25511477 42265784
-3837220 4886475
-16972504 73033332
-1584306 -8656617
62615767 -59910030
-78612861 76509097
16982957 -72030269
-14302499 -93030547
-96412740 42791317
-56307770 -88339288
-83419428 -8457126
-52382422 -29016527
74096965 -34010392
-71474324 60462892
69928478 -53274108
96467932 -17760752
-58657003 -20254252
-82949108 66733470
9616630 -71231991
-84633493 15780016
92622088 6403367
-88251616 -49929697
-81341558 -56352229
-6218132 -40181733
-94187469 28930138
78639823 16314244
-84913600 -8643995
-33359452 51022297
-32832556 81390742
86049280 58103508
52679034 59990176
75779555 16990428
-40624271 96301027
40303215 7600092
66253390 -82919270
7473204 -39863544
-74705127 51468117
-16815847 -35297205
-52006359 -97561343
83832721 37717817
-77749072 45605035
87779787 -13911677
-37362869 93057532
-93498892 14823418
-29064092 -34508885
20397541 4751823
70986381 -88906956
-3883599 7972799
-48702881 -31376930
-84046812 733412
-34023962 -49959857
81914202 42331505
32235329 30414699
35353456 -92344889
-70166026 -28858151
93123715 88882746
84022272 -32785767
17507971 -37181591
15544352 -26271778
-8297260 41738312
-80698816 -63564089
28459398 -16211782
17925278 -99083249
5724604 8646563
-18807530 33839537
-37675198 27953369
71753576 -21320952
-46051040 -68085335
53314871 31663088
99191716 -51440462
-36464225 14650010
-83991863 81680659
-69768478 64757109
51110555 95082233
68095311 -73152842
7955263 -9282986
11160215 81026616
-83664255 -56875589
-99081853 36977418
-2163258 37285367
90988193 70283579
22888731 74607332
-77034355 5415757
67233151 91226642
54184977 -12170519
-92799895 -61641800
88754081 72685271
67162507 -46358202
-39508741 91168408
-32726861 -50811196
96296210 -67080246
79174804 50185698
-12718363 44991673
69338678 30686573
-88889541 68041896
-74791720 -79912104
-80162018 5618212
-1004893 90065285
-48722646 76134908
99910638 -1427818
95903922 -49947575
38855787 -28652018
77283778 -1414532
-65079930 -96785815
-99760185 53439171
50769336 -76866657
42186876 95326355
94639422 86058559
-57726898 38963789
83048253 88378134
48406839 48873677
-94857588 21786395
-32638724 74288943
-76340773 5269219
68407290 -99028947
30299615 14289788
-26739607 13465487
14859586 48139130
29370000 -73261587
83078143 95229400
-6291772 49801347
34371390 -56876210
49509824 -5862807
-15080876 -3364900
-78050083 -86850757
8142070 -14659262
76666766 -34142438
64387453 -51754133
63377272 18051365
-1576958 19094184
49087549 69360215
28235947 86730352
-82762916 -68093097
88365673 62313803
-73897259 87561224
18732194 -42688884
-7979108 -32355730
-66852021 26752452
-83901447 -83690599
86773466 -21229101
66105286 -73260577
96118020 -59978426
-27244438 -16704831
-83027778 -35102972
-80282936 98583587
11364696 -32463989
54504460 -68516666
92013619 39978937
79406935 50988859
-64107363 -55255055
-35691148 -96802624
20058916 77013972
-4074778 23471539
-38233025 15027790
44452289 -8903536
44809571 43093692
-29873453 73300178
-96486228 33722216
-79033502 -95023969
86332237 84721153
60223842 -55515218
-65139192 -59575473
13365107 10236136
37857977 22779731
73506494 23644040
22255049 53486176
48253364 -67586866
47263304 -64020626
71692036 66712914
-99769651 45162230
-24989351 -94457638
88091916 94659283
75862618 71831244
45008800 73887905
-86297621 86651391
-75733332 24275059
-79994159 -90228161
-13819961 -98758072
8498994 -2437500
-4138688 -52747059
42633399 -88442521
-75066026 -31507321
83628536 -91731720
-18979250 21467838
-59116710 94341753
22986262 12500806
58115724 -31178397
36619269 -74476635
-2036196 -54858393
57598820 25192297
-50134025 -29478927
88215585 -22000284
21333518 52312662
-77350640 -18353316
-26657921 83180098
18588761 69178670
-13244607 8158012
-91781147 8716038
15961608 70068391
-7171153 92898192
39086205 -25684931
14657766 3962135
-30379910 6283587
-21529350 47687666
-6702218 15048924
62382480 52741500
77943659 42488330
-48140462 95521019
-89913535 -48747219
-54830498 95475406
10410096 -61608700
-67852321 77482980
-42077139 -65507384
95171031 19828059
6571506 34332184
17884432 -14628493
-58053081 47903823
15199975 94278497
81419576 11257218
-85749401 -87272504
-93192954 -63744636
72513076 -41219292
-90569262 -1864112
-83893396 -63744173
-13552982 2102960
13653966 76964652
35153737 -9674740
-84165951 4770690
73088055 37121742
77070704 -68063890
11729522 13289959
10183564 6473534
76482048 83277273
-24287627 -77321521
68614435 -12446719
86226699 -71238952
5855490 -76844170
-8829949 -93368686
58636105 -6911378
12442477 92992140
91605844 35558429
-40051322 12702753
28854522 92709060
33691213 21299705
44365026 6855626
-31564045 54163068
-12448269 72775498
31979397 23035609
87109072 -13847700
10945948 84733158
40253510 -39914430
-48772718 -32439536
55088588 87101890
3262734 92530013
37284015 41862143
-92797500 59947175
69328479 -63254733
72489083 43962036
69499309 99858304
-13834603 -21480352
33834882 -48116834
78984241 93555606
-15408558 -45633630
-21740036 -61629303
-86986482 95185740
-55899662 56702714
31429679 -23716194
88229146 -87340769
71556316 -10673720
30041703 46580457
37480035 22864868
31757166 34119773
55216138 77519177
-73382094 63950366
-70434929 -73958196
21925651 -39342027
51051976 -46479094
-38320078 -92321856
34219661 94070061
64738444 21673376
67159536 93284175
-61763851 42561174
38447555 55288817
-91007095 -68165819
-61795302 -40669683
25498760 1111123
38690584 -84428981
6302412 3631170
3428692 -6806545
-53461134 84367322
40118552 67573112
66530015 -494399
44624248 -41638183
65027055 -64392800
35970500 -73641291
-74047467 60642416
-95204498 -67928244
22443692 45709782
39900740 54673290
-61650402 51935593
72116446 -14945418
39916900 67808780
-8198883 48656213
6293189 -18332979
-14223874 96033974
21342619 31888444
23267858 37406397
74936695 73338419
14184163 49837007
25045985 -8507729
88513102 42795810
40316248 23736958
46592821 -39786665
-92999509 57105199
62230851 55446767
50326620 38137485
-95436092 49767613
74051887 -85460097
-59750966 88295193
28033088 17254636
83773742 91894743
49046654 -36872042
25505987 73191617
64813394 -11789047
54930568 75103824
-27615355 32565117
-76834288 79134472
-19577551 -73867763
87165685 51223770
67165212 52582060
-21898409 -7106883
70928034 57487562
-88633133 20826703
77755163 25316994
-666328 61773492
-74131992 -92644490
-54122565 -73496014
32277594 16708934
58429195 6399873
16010862 71542772
-16214142 -24875512
96247245 76946169
69595714 3185590
-82538664 99824027
-69532895 75371984
52404962 -57637588
-99376968 9686780
83156008 -60208675
50923662 -90214459
76252151 2838126
-38441782 82587959
-96039102 -62371063
45485489 74925398
74233520 -22444912
-13311463 49185523
59251654 -67357057
99133889 38256067
90953243 53054282
69705385 -55729085
-59290212 -19427033
74242152 74355095
5143503 -72225213
-76148718 5896486
-91725926 -37610704
-52977721 61807312
-83066341 -8147606
35501747 22489021
-76347055 10567926
25303014 32191481
-68017934 65621803
-79106743 -24636023
14650264 -27735731
-67950655 -69996205
55772195 51329093
-85539469 -50963307
16787041 -54133090
21167737 29482470
-66435079 30875445
-53823039 90889908
99477937 37396554
50986522 -85622212
-25204404 26219517
82775557 -30556454
66052204 -98369489
19930591 -78253639
-86494203 54048233
27215510 45206725
-35995809 37401960
38163654 99236432
-26163398 -96439378
94693707 -87955087
-73603821 141825
29583311 -42539802
75017509 45523656
33495923 -15840445
41766246 38016976
-67263956 80223675
70380516 73631188
107645 -82895704
-7506125 -44160661
-61215724 49668057
32730727 77808669
67050251 11073335
31231704 39212009
50380672 33570817
-84889670 57761959
45838733 -52976949
58712488 57313306
-1193050 71764868
-45921243 -37593731
65722080 -28895134
45884433 77811374
-8078133 -9113604
-62217956 26034172
84433964 -93688746
14232175 -42580986
43435702 11237729
-1086921 30611100
-39768674 21067255
-46818603 56193877
-98162988 59094525
-98899839 50229443
63406325 96364298
19517107 76520173
17993864 51651523
-56899331 55841298
82496977 -78710221
15569118 -16629648
-14099570 73653465
96075863 -79774977
-35952007 43103035
-48554859 2064252
70291903 690230
-40244479 50874917
-22588978 3998918
-65045115 46978773
-30028796 -19296887
9005577 43756572
-3471757 -80048213
26344346 80247415
13830403 -56527651
82599888 -59644808
75045225 -497395
-30667601 -64877494
29049395 97748718
69276917 -69730046
81137981 77718065
13412113 -21343573
10332886 -72631970
17772293 -71541116
53454607 60668511
60631814 -12561831
45187205 -25342920
20055950 25411504
82626743 -47835620
-26189102 -1732030
-12616450 -13635224
64892627 35687145
-36000492 2969575
-87994206 -54049237
-10029978 -66172666
29262851 -70441785
-51677427 30031085
52871528 -29969962
55036519 58812873
-53483172 -49313561
-254835 -89689583
-87118847 -58675777
-93427576 22898606
-76742027 -1677083
46633988 28711935
48538132 -90075739
-49349906 23565922
87739716 -28279761
46563744 -58886469
-22519755 -68562639
54257698 83908521
-71526587 -79864225
-91742181 85913208
-14865834 -55506438
9130352 -67250599
-66144888 39808844
81615233 -59440828
48721640 82858835
-48870247 -63658545
18275777 89865126
-26022046 69094333
-31610799 94196992
21970192 -29950008
77979000 83137432
-70756491 68415073
72291693 -89617253
12288403 2636570
41428471 -54447609
-33759198 -2469076
59575331 61529798
-30809334 611480
-77054112 -35366497
93967485 -54671267
99534649 96744201
5412588 -87142296
4450389 -89964261
-77143948 67617485
29791737 69016117
1104702 -4444585
-87768632 -70485121
82305328 -76410309
33528644 -75147800
-33154752 -17852790
98225084 82345049
-1476275 -22934541
-88909963 37303318
-6052266 37173869
-44632741 -87235577
44372297 -90102493
66123469 -4633860
25195904 10200173
-40491558 -72948829
-73018141 -42612591
52613532 -33497277
41289016 -60427597
21678285 8204208
54035651 60988259
97869437 47967285
80907607 57035675
23275350 9112432
67680814 45481054
-41608731 81872438
-9353007 -71869180
13152038 63456814
66353881 -7995021
-13687768 81639742
-84671929 -20045580
76381725 -60208193
49103827 63847071
-55249572 73174675
54228036 63125886
8331496 34879695
69929591 60021540
-2474622 -21455005
-83947088 29130375
47891546 -32245433
-77622510 33959261
45714883 -38442646
12886357 -74781430
78020910 -73316528
-57971594 -49023694
71555203 92551644
34155544 -26899133
-46462452 5013786
-36707500 -64840184
6263730 -91228896
1275983 -98821921
15341247 89287901
54490250 -27670096
-85501167 -43348444
-58002923 -9676268
26985032 -25146944
-46835694 -94413074
41303015 -62449316
70511235 -19321847
-94444447 5147315
45616100 21885404
58241384 89018078
-27339835 -98137941
71894404 -26236182
-73584617 -85421590
95163150 -52876757
94962406 -31741281
88013284 22655466
30019217 48135285
89366661 -29839545
-12002883 25374910
-63049725 30360103
-60386 -96376956
-48103320 -75619781
93118089 33061461
96782902 -92232861
90366680 -29481238
80593498 -22357356
-97131374 51973480
80382060 9321706
37381526 95592025
-6770765 19809051
24396461 -3194407
-65437924 19012981
58990343 -73205969
-5721652 -36773463
-99843026 15811307
-30355048 11807385
-20313807 -68285253
-46458273 -89810922
-63901152 -87479714
53919584 -37067217
-89662307 -8479524
30546545 -15751924
38753465 61304765
79372525 86692438
-28830294 54542933
-72966743 -58680734
-9536851 74927780
-71261460 74838065
-90873694 -86132095
-58639692 64224832
64393195 89032552
33713910 63457493
37138831 -27041665
-77820975 62824109
19912346 -16775630
-9632808 80180332
48772953 -82937885
13301704 80234034
-28399507 -38657256
15992435 773698
-60889320 -81111575
-89712968 -16504221
94107514 55647454
-25309264 60768905
61275422 22395326
-54744769 94318433
-35892574 29087029
-81852428 88952269
-96452294 98159178
-2940923 57469943
57437837 78532929
11343717 -38410750
28201088 -92231218
-49213709 75666126
29295201 42592533
-1359514 -56076356
-41704707 94381797
32657503 88721033
19806391 80323084
48349583 -93024029
64371417 85056459
89864800 6808933
-68940732 -38660162
-92162326 -72132425
-23649979 82902176
-92378570 85428136
89439671 -94768917
-51671110 -47081958
-67067286 89664812
-73825844 -3375645
31829995 -54313442
-50982785 96603390
83886159 8689484
96204962 48989512
71221186 -55411632
-63992540 86248385
-71060097 -75672240
42096598 51759226
17761148 -33413028
41123709 -77050516
35593956 -35023159
-25987660 -60712055
-59205992 61455245
-43335443 -43566910
79736437 -7402315
61817704 21366648
-93039559 -12751246
-95954313 26252061
67539689 29026336
-91064025 2608664
89471530 -53234599
-90719639 22359205
-89149542 -83598040
51656068 -77868639
-14988499 -17028789
323973 -42190856
-33011552 97628563
-99190313 -91047802
33600934 -81290851
98180521 -72794334
-40720411 37126474
57859229 -59902357
2552381 58983735
38449019 -83736997
-34106138 75728136
-61150226 -86064041
30731192 -47239956
95714946 53850871
85942011 -32373560
2350077 -86302818
-20184233 77867421
-82588448 41453783
-23489541 90268216
-37449811 -32194523
42644455 -49690688
-76606388 -46060044
24308101 -19329788
81208816 -37902111
21955118 42448968
37754192 11117874
30431193 -3894436
-17871937 9592521
87940916 97282352
28419573 -22282556
72276595 -8607054
-62957284 82494214
87704267 -61282221
-34660162 83729038
-30632133 93725283
-66829327 -58020271
73149140 88167440
64571642 -61495134
-3640033 97287873
-39053626 96280864
-72223904 -65257553
43213022 42811389
-3852833 -24421579
65024965 -63114623
-53142922 74034947
-55133046 82818740
-95148580 -48139409
-10061578 -74584931
-51127657 -67229275
-78520470 10377210
-51487882 -32853022
-18941506 12941757
-64309620 63982748
-95498195 -58237400
99085431 -37491613
72955984 38324104
-74753829 86157636
-1294908 -42717442
25610794 -69894133
91805925 28576382
54740385 44717337
32306605 66594170
-27914362 4665620
-46420761 98587211
-62378845 -74521347
-97978784 20027424
81376334 -65401708
78164968 -99830901
73216464 -85584220
30276733 97650114
34096974 40865562
-48365027 -28623714
91008802 12293378
-29712845 17919569
-60963053 52295873
73340394 -74684942
38675351 2921839
-58731998 -92827281
98629447 9440412
77120839 -29822879
-15156511 -51707062
-80730165 86379916
27507906 -6331478
-26786994 -56264175
18819552 -7630328
-29058678 34522419
95652157 38315052
78646301 71589116
-19703864 -49248451
-80722309 64634967
42600831 -34524848
76281337 -49918988
-24430685 86924072
-36799951 -28593957
41354454 -44319299
22551709 14729248
-61206649 47839748
80752435 -22381083
91119148 13990644
-16535608 555582
-99123904 -95839434
44826835 62246122
34523385 -41904402
95755055 -29619576
-12599785 -95358526
-13891198 -31556682
49381452 25235531
44732333 9543813
91746908 15160016
-72601587 19889169
-19793514 -94661981
-70856849 67115623
-28723228 -19358883
-45359246 -97911072
-32055989 27160504
12299057 -68676978
76621825 -30320528
-55795606 73231830
55581502 44564440
-1044382 30670953
-79872663 87888924
67098242 36118245
16240189 -71062759
30624024 54927941
53417241 -80313534
-42371253 -48043626
-11991529 -17662317
-83741467 3972193
-58795676 -2260037
36410031 82954429
-96439454 -70060883
42314829 18131439
77368079 56483750
-68414046 -40793051
-88954256 45436735
-45272791 37478848
-9472828 25122829
71389127 95607489
-90982200 79244726
-40611209 -65325459
89569920 -90207205
-19611893 52184566
-35795591 84285205
62420069 -85804477
18681705 -47689714
18360136 -11896975
-74180648 -88331131
98360980 -97210566
28970542 83405263
92339388 36542305
96360542 79376971
-92079091 -6498830
13508013 -78529100
22419195 1891532
-80900484 81376401
56912265 -61416471
-77004535 94974437
-62715945 -24334441
90668439 45939994
-51363191 -36652421
-60699331 -11941290
-43370933 7260794
-62574925 88687524
-72355211 -88923854
64464783 -22348234
92671037 14650257
49467177 99263295
54323354 -794921
-83042351 59760940
56760141 29700183
26572281 54117992
-56152767 -19996461
-98365827 40356699
-11162601 -22471667
95830028 -9169609
-98329268 -26684159
-95505890 78276882
-1735552 35924063
93536291 81785604
-53515376 -41187952
74045526 -63611132
58218852 -66649444
-41247741 -75938651
90428614 35359167
83571459 81207314
-7551079 -13524287
17412271 48731410
-79323707 43741302
1281537 -77382138
31725235 51374882
31315751 -12288858
96447251 85281986
-92624156 94768433
-34628353 33914565
-30960576 -2231621
-31946371 -74598795
17738247 86219325
-43067514 -42277805
-78732734 44790941
36701926 -25542981
51799159 13072567
-52060408 -45795532
-14637148 -56650302
97992511 -72571193
70295511 35802414
91688843 39098235
-76433326 -90729300
-78585361 -46703755
-22632144 -26371050
-30925703 -48821566
92784021 87173263
44456586 -40142001
-3263052 -65075666
97570200 -94184482
14048796 3212622
-19311081 -83694873
-18595160 46599049
-91527541 85892429
71570528 -79357680
-82133980 -73394223
95216349 49334130
-79797649 -26224944
-92169809 -12963348
97044000 5170953
30393464 10264218
-66801641 37780672
-97706475 -41554066
-73609139 78289651
79355384 28540311
20504934 82556887
-64185530 -45767576
-78956295 -26754255
-78404506 -49058702
99302028 71440844
89441298 -68523197
-10332339 -75640914
37467790 58779712
85502392 87912960
-44573499 70581688
2060086 918959
82092332 -12632228
27852448 96356002
33258840 82605095
34542303 -72958291
-30544755 97678588
13546122 46383776
99647470 -51751611
-87810941 15345443
-88889866 1845599
79784911 86549316
-92306028 -14962022
53070401 46841281
78763144 -56205864
76786961 79177011
-6881277 -34092308
-95652462 7778301
85654238 13334470
23193532 34068154
78312987 -57060447
-11935125 -4975109
36992207 -81923148
-72878343 97629970
-74484245 -36454404
-30270336 28644093
-19754142 -77499141
33338597 -47746506
57504801 -56804015
92178232 -67020411
47693614 35213918
-13030386 -50191866
31215395 -34882730
24118780 13794688
77809681 -65190504
-99672483 -84811291
26676949 -59559152
-67415547 -15133524
51624279 -75255942
-80334977 -75376425
-69120928 -87061745
-73156195 47297045
-84914441 -76389653
-79612687 18554393
90257510 -29675562
-93680852 76729506
-63198679 -92118556
-61142670 4837588
11811932 -15872265
75446827 -55215916
50461194 -63225209
88215026 -54769798
-64973944 69689438
-53973749 -2347180
51196453 58143007
-38637476 -43249552
46062005 -45551308
56960199 7672497
-6266325 95356330
48146798 75497324
-33303678 98669274
-294512 -6657996
-38891678 68231688
37977063 6233422
6828460 35394801
61620481 -48182868
45754494 -16749930
-87817264 -45515301
28961273 37214668
-34980842 19033657
10583581 -9578577
-29812978 9485467
22651523 -90369302
-68039853 42286404
-26483224 -24183285
10164077 -47312628
-48242830 50046718
18362138 -69943315
81840728 22041659
-24299211 66338578
-53447880 98278215
15936961 -60190615
-25715271 -37935393
-45450142 -88012855
-59446101 -80327123
-22563655 -38453273
54035545 56490932
46935143 88758647
51504798 -22479937
52157956 -98537
-13926933 51841543
-25110741 3016446
-96178906 61134594
-17016388 -14366902
-71599221 68076240
-24529607 -65580777
-20397505 -70529282
-62257875 85714402
61358911 26825381
-22950060 23578906
96557377 -90749855
65045665 -85853353
-44959963 -89474902
61994857 -28020466
-50038358 67750936
20764027 74747737
77867586 53723660
44634160 81855025
73723841 -40181351
88673730 -32836322
-83035180 12333610
24915201 41597338
34527843 -33441427
-71953488 96016908
-56298489 93000653
-89467329 41953896
-92066679 -6375465
40754269 65688630
52991060 -9726980
-34839245 50172828
-14600314 -69692219
70015118 -12722940
37779059 21327580
24601309 21969801
25238194 20565242
5078318 29526651
71210102 -27419040
99634549 -4702958
9822806 99086988
-67143124 -69483620
-81012483 97171637
-79185350 62885453
-20808185 87927193
-27104518 49449665
78670550 -49042703
-59567868 -26819991
89715435 98068439
-63046859 -3292502
-62762260 27425110
49119716 54818797
-33791304 -4577198
95399855 94229703
39245633 72216956
-96708097 -87978756
42408516 -50741026
-79710235 55308755
-20648523 -47267054
-91509745 -76700019
-41003485 34475168
-74173687 20512379
-66139007 96025182
40149267 -20773836
-36564110 70872589
-42689626 19765983
-59179799 -31956038
-78864149 -67436617
-34509632 30550942
85398601 -50666752
-17508408 -37578954
-9574968 39025808
-23417878 54843926
-43678915 15512127
82272916 -93387478
-13014589 5076875
-40654579 13734494
57901558 -95116924
27050080 -52599658
52803447 -17469599
-87428442 12474432
-18805711 77546467
-2901075 -40014213
-9288077 -58791426
49033033 -35806267
-569183 -48430231
-64538079 97202558
27075109 -41971118
51400914 -78461378
-63249019 62425949
-10651588 -73766802
-76746652 -78203264
89891806 25261489
10419061 33693074
-11039430 -1548491
-27914898 -86061002
47071185 -91163868
-46711764 59148592
26782340 -77559195
-32949644 -26143795
63842296 71685976
63502765 48342387
-8128650 -3756799
1681764 -92593243
-80997030 -20765389
15639292 20911940
92703356 -23205358
-18547901 20539042
2933371 -85544798
-80116220 -21618685
-14360418 60489273
-87851163 -85291834
33585547 90596546
-84630246 91285471
-68726196 -30302659
-21418789 46303837
90945820 -4894763
-40473418 98341759
-18128144 -53115726
12433902 -78785382
-5168985 -78825459
27694771 -33830991
95525704 6088556
-82761407 -27390882
90166848 -93313266
-26394756 47897178
40858392 42182688
-43608783 8491168
54741082 36976447
45259362 -90637355
-28561683 2591823
-3323388 -16826406
16424346 27125117
6847254 -53735165
-72625458 19932506
47236315 60570890
13860599 -11150359
-81414927 -81005933
20605974 6054546
65137734 -23456173
92802961 -70446723
49416317 16405511
45668140 -82874328
82556867 -74896578
92123461 25329692
25884183 77128683
46497175 -48055288
41826306 20053307
12508155 -15164549
23835244 83873020
-11667027 -5245653
77957349 61690964
79257031 -571766
-75729874 -95915521
74114824 62123950
-96405688 75215252
-90910388 -79745280
9719817 -52666828
-74570302 29797586
-19735538 -10030598
-74405739 99889546
-95205470 42187085
-41137602 -80550397
-84030815 45324527
92972855 37828526
-79474705 54095190
-53105772 -3318356
8293377 19109841
52946331 54065113
75052598 -32721701
47960926 28277386
-42752915 406574
-44860414 -40146565
29740197 82185154
20434601 71356313
81553379 -31088836
77257472 8750703
78820570 -84120109
80422027 -93130915
98501394 862829
20157799 -81363196
31495040 63116547
64471822 -29615236
-86109293 13833798
-70464999 43952461
-51446736 12347978
81620021 40809849
15849759 17735022
20085823 -28665187
5942621 39254316
-34464347 -47213944
-53960816 97354172
-82816984 -18867591
52449039 -54760977
-15792804 77437412
-67825007 23468371
-65138734 30761226
-80689588 54933177
73615872 -51684098
-13288290 80683150
-75637782 71725935
-69250413 69129435
-1956935 -93191143
6878757 -76063939
-49198564 28207081
-90888198 56912727
-86935616 16775403
40271947 74316992
-8099246 -99717907
-52308493 -68163438
-65190626 -79348029
-90102127 -96627869
-6401205 -19032005
99017511 -14221114
-76393299 -91177935
58021033 -30346299
84998859 14045277
33803652 -72750156
-42191474 5515596
72473718 -72713772
-64097874 -40110585
-92540911 -30308665
-57372482 7301216
58290217 -33751680
56522946 16037071
-33403546 -10486495
15093256 -79018217
8466141 -71508933
15912635 13937464
29307389 81263437
41567265 2325617
-38302769 57625819
-80152286 -44287741
19948308 -9910291
4432033 16012513
4949656 65514973
80961657 66605228
-75942002 -12699960
83673556 -39086442
-56687169 92190152
-50144390 42718962
28188273 -29796010
19987940 -24545540
60463618 -18739313
8065893 -73632769
-23869173 10726209
-76053011 14249041
-43904827 -48895191
78200115 -74269277
58599391 19118909
-18960936 -17515463
42226853 6531332
10756496 -56663386
-78222365 -18969174
-18941309 48057009
-42610360 -10468155
68929919 99987980
68296345 8611115
-12559913 -73102677
94756039 -33893466
-56387612 77507183
62955994 -6912352
-89603762 -95407102
89361077 -47678455
23579792 -5577097
56005465 50549465
35269595 -3202723
1943592 80812088
56945553 -89307243
-77578902 -27536654
41814963 -37233195
-70072898 -49433722
96151593 -93592291
96161707 51762850
-76916618 10898412
36967033 80909034
57395617 66256153
-29484103 -65726501
92846648 12865184
-1585916 4977353
82035943 75816031
-22993293 99683644
-95898041 88949296
-53191157 29456312
-36393456 -98347958
-88677541 91983062
-48681738 -37993394
-46964325 33840213
-47643834 28610034
99603281 5407576
20562404 93604019
-66696934 45617214
34153964 -95124288
82186271 66139478
-85496136 -45045727
-68795880 77718627
-84401892 64313982
33150094 52462351
-68129316 99037203
-76491314 -32597153
66145714 28298253
27054277 37733719
42172054 -21742947
97339005 -73294017
-81817415 -82324791
15011835 -71894602
48881622 -53482793
-2794967 74904570
-82271130 54823406
-23127540 -91490461
-212824 38336603
76861334 65541187
-24032664 -70677507
16251678 71278799
50719986 9424473
77698257 31961611
-2493266 30149817
74176516 -91678356
-46335315 -52142304
-46452246 -87528042
-57069030 11562458
-18028188 -32221381
8962814 -75488213
-45583764 72157788
-23117730 71052926
99317467 -92459402
51781621 -47723448
35548273 6084362
-63082175 95463377
-75211748 11045148
35406285 65028092
79501503 -70139621
-51064727 15346568
22319757 -96878855
59875319 -53651109
1722428 -59572037
52192836 12612473
-57854090 -49706742
45393740 -72612483
-2529043 48005701
5788329 -6891183
-55582875 2944152
91825251 69514486
60318263 51394034
18873758 81834370
98505877 -84048328
-14113706 3114264
-76674176 -55117019
67117400 -95062352
58761686 -69820296
17655337 7335733
-86570223 83011688
85322136 -98194092
-48343093 53135326
54496877 22636055
95275270 74325374
25977729 -94437127
59144631 -99282617
45832162 -74676680
2450337 62790306
-37031087 -56654311
-83632713 84829296
96476416 -89037791
-68278869 82697204
-40304103 -8011742
-1066961 21133606
-67280063 91625009
-31462174 43925531
-65092732 -77825158
-66197887 17787387
-81287002 -58558392
25456879 28855920
-20691642 -63414088
-3927608 -73468232
-62115780 65876806
19052151 -60835425
4338003 -90740785
-23709750 3049762
-2763742 77527982
10629359 -43688483
13330003 -2874851
-22945405 -25237671
-64134087 47791370
-47057724 68017218
26816876 -39388543
-27898180 28638071
93978256 -65139665
85156339 10021132
98734543 11550796
89836910 -86812061
-72571300 72697103
43786113 64497190
-62576859 -26259578
82876924 13321923
50465208 33427242
-59312618 80947967
-63505127 -5759135
-78581580 -46891463
-87283740 -99486714
95881587 -35220425
51990736 56520663
-64763755 86773508
63772315 -87300218
10282645 56580088
82452526 40693410
-45765183 -94835829
-43985101 65034868
84070126 31471413
3955586 -54239721
-8565090 -34680550
-68070212 -88269105
-66217109 36393562
59285864 8178866
35878603 39349822
-56291263 19562769
74598215 98883632
-60899141 -87072772
-95087645 -95870439
96785206 -90405349
-86962384 -43943139
-67081100 58017386
74431950 29476482
-7911125 -950175
56856724 -15137072
-81987534 -18787916
-61072827 33047622
32525378 6233641
-62039447 61590302
31536246 81444709
32947673 3056837
-85725574 4473463
76512577 -37696130
89835779 -69145758
35329298 -74865656
-34139118 28534795
-52762766 -24314577
52787935 -8089762
-37075550 2125327
-86390111 69935490
54401982 20412693
66936918 -52123463
-75884953 71240030
26324045 -55693863
25233865 20827313
44798041 17028317
-95028133 74420200
74595056 -3887222
65719610 50036575
82761358 95913069
-4461195 -46189187
61609167 -11406504
60507433 -71024604
11462378 73017645
-30538250 19468624
-21612370 -35223620
-4131460 20564025
-41969299 -13525609
-32793659 86123975
85600620 48855003
23629256 55820345
61815191 -60173440
71273548 72453563
8586025 73838100
18789263 41794074
-8333940 -90134225
-92094800 -35439343
43606712 50267124
-9391083 -25589636
58479600 -15775798
85921304 -21366915
-40559954 -71464170
64993713 -61536209
-72759080 53051890
7260651 -25019915
-454502 98069082
61130211 51930225
-65672451 21189965
-22599926 29651193
31507100 -68539149
-64628683 -66764515
-83174938 -15255069
79249872 -84825264
-62960035 83352358
84466099 -42438877
-19616006 25892590
24029010 -90470293
-15474949 -5923599
67901272 14000044
48823635 29486390
79740777 45051615
70897384 58156613
-23852613 -5817120
-5097175 -99089888
44927141 51984858
-88049538 -24023729
31270647 57771779
29840458 77514613
-88309529 35875536
71915526 4783958
2198179 27509044
-21492021 -3881331
-27881113 27219527
-71419319 16798906
-91142725 -2647232
51627403 52480436
40540511 9381951
54820759 -79959017
-43373351 -11348062
9544420 -45177588
10378134 -28911257
-49102935 6957452
-96370743 96689609
56543128 -73477006
76444811 -63832349
18935521 66971061
-1210697 34581440
27066315 22307490
55336486 -30514895
-22981836 -43152558
-84151311 -63223571
-65392453 38421866
85814813 -99559196
-7960680 2662559
-96392513 98450005
-85130293 -54374343
-59737485 99304344
-76083371 -48952976
-68764102 -51547806
-55889918 69497203
-96684819 41622152
4097086 -51578728
-9299145 -6425272
-7126207 -18046588
-39334197 38163293
-37167434 -87731786
77979287 30977009
-67678761 59585823
-94561566 -46380780
8432961 -33807234
90458795 -62874615
-19956064 -20729659
61675034 24414641
43516639 -12277887
42207263 -53906769
14588151 -48188620
63636323 12254509
69860084 -21914440
76553134 92872955
-8433418 -47086019
89732230 -34263476
-47183266 49457775
-90579899 -30591476
-33624112 -63366664
-47590952 24563121
-6587602 87049734
-67195690 -77722038
71034655 42709963
33618326 -62649235
66111038 -27675998
-8395358 39080793
-55187610 72439043
20173881 55908007
42007393 76323037
-19335537 -88266187
-98709218 -10961479
76037093 15116247
63300155 -76906798
-84897874 -97811084
53543472 -56593144
-31274113 -68028433
-46452673 -9532514
71650610 -29086427
-22108348 83035886
-84896120 42453609
68498139 60326705
37786392 -21615541
-69253151 -11645449
67369308 66664519
87429715 75752792
82834612 -26706975
-26038812 65486482
81042649 -86600542
-56224819 -20613017
-79323000 39294689
-18246785 54589321
-75775175 -28991897
-16076437 22636397
-55471324 -83515953
72317970 31268131
77953981 -40776825
-33172622 -6828627
66211474 73071197
26641774 -48948253
59355140 -17056140
-6529956 18614717
-92368473 14006102
-92487030 32917400
-14220197 -99313254
-89093501 18925268
9929007 81292847
6923155 -31966645
-51386846 -57489045
-89619009 14269871
-78084534 36767134
48693517 -17700629
33842806 -65573477
37911783 65368792
15047882 60415638
-82926660 20120731
38352361 -25634626
68484491 3910252
39308601 -35123771
77403268 14524709
64551292 -64393619
-48035173 -82960052
-76957933 -34636969
-20720030 11836684
-39331431 38181800
89051621 95476877
-96373332 -9200051
59499444 15740044
-75756634 10167821
-64072219 2735497
-25910304 54432852
-54193467 40668784
-68723293 91048715
24572976 45200490
97129222 87386521
-46222054 71237769
-77727944 -65636552
14979215 -61482149
-85736963 -95574425
-59986343 25900949
88344685 70009521
31351135 -59897807
-82029822 86709051
94028794 96041014
-14881967 -10181298
-18296175 -73788088
-72823602 32601556
64623444 -21401782
41515849 40987703
81741778 42648038
-81084668 29332241
-2524418 94978572
-19768594 37118135
-54676062 -41965338
-19592251 -75342108
99294356 79232742
14280166 -49498950
-69825880 75381760
-19310007 52150165
90920493 29463714
-83611294 -12621544
-91969823 -58162209
68428482 -33641978
-52596030 26944257
75372358 -2616837
-29592877 31424260
93845343 84193035
-96559676 -82820686
-15953787 45502048
-89532631 666103
28196410 -92454965
-86461024 -50326829
9049643 -93909914
-26315506 -3308908
13266044 97531753
-32874169 -44710094
-33683641 20096371
80834354 -48255482
71905709 -23270776
59765417 47732875
-23183683 -47424711
6320634 84524156
20126294 74312150
-56103394 92254182
40206299 17412327
30277691 -19045592
-85907611 86035652
-19336390 -11083494
-88192136 -58454792
-63197634 -29799034
-83635852 -60215625
