100 100
61 27 69 69 85 83 87 4 81 84 64 17 33 55 38 12 67 81 8 61 28 97 80 13 90 99 24 10 24 62 10 74 49 98 19 68 97 57 97 89 19 61 52 52 24 78 62 72 21 27 0 12 42 4 53 46 33 4 38 20 44 45 100 70 41 26 79 6 51 38 33 97 91 65 8 89 94 35 62 39 89 70 34 43 13 81 100 71 72 50 47 23 43 13 99 50 27 77 89 77
22 19 4 2 83 92 62 81 23 100 63 79 17 90 94 88 50 81 74 62 83 85 29 77 9 96 63 1 70 89 47 43 30 38 13 28 49 18 52 89 70 21 19 35 70 57 59 71 90 70 82 2 99 65 4 3 47 8 83 19 10 75 81 99 87 81 28 70 92 9 54 93 89 47 9 1 42 39 99 17 21 79 84 58 84 75 42 81 95 6 68 78 1 45 47 52 9 32 70 17
94 31 7 72 55 17 17 75 51 96 79 31 12 9 12 37 76 76 53 96 29 85 10 64 71 46 26 0 14 21 53 87 86 37 84 26 61 89 35 6 93 100 74 43 10 6 85 20 38 83 79 77 15 85 33 12 81 50 35 58 36 42 24 100 75 70 67 35 96 77 38 92 28 91 41 71 73 99 51 26 70 73 83 5 82 23 44 39 55 55 49 84 29 1 7 79 90 65 21 34
17 14 41 95 20 58 37 31 18 67 16 10 95 98 52 62 43 15 86 51 7 61 23 37 17 1 1 61 27 80 22 92 53 5 57 18 3 54 44 8 21 40 60 22 52 11 96 61 41 26 66 11 76 55 62 28 95 25 30 6 53 12 24 31 6 37 37 66 17 22 78 5 1 78 72 22 76 80 4 42 13 9 60 35 60 21 64 39 49 66 18 44 21 52 20 25 47 87 8 43
72 44 98 56 44 21 85 58 15 11 34 18 37 45 63 24 3 95 61 81 14 78 18 16 50 96 25 62 36 29 27 21 83 49 91 75 36 11 1 14 8 25 91 64 6 45 48 3 82 74 8 10 68 27 35 35 22 14 85 35 27 88 99 44 78 28 2 6 95 77 92 23 56 29 12 10 62 20 5 94 64 46 6 35 82 66 77 28 99 28 28 79 49 97 2 97 61 73 56 97
84 77 20 13 6 70 27 54 85 78 60 1 25 95 1 12 13 18 20 82 15 1 99 25 20 18 99 13 2 38 59 48 10 13 69 99 57 41 0 43 52 46 39 27 73 28 99 18 22 64 84 53 48 95 4 60 95 31 50 66 68 94 62 61 86 98 3 11 50 79 78 71 36 73 94 62 23 58 30 1 35 52 69 46 26 58 67 78 82 27 96 42 43 15 79 13 3 51 52 11
23 77 42 8 83 2 85 100 68 27 89 22 81 49 72 2 81 60 32 73 55 36 75 72 28 85 33 65 6 45 21 10 38 17 24 45 3 6 10 83 70 63 45 26 20 17 70 78 80 80 18 53 60 57 15 42 95 18 12 30 40 80 24 90 62 25 39 13 42 37 5 32 70 9 55 73 76 60 93 54 1 67 17 88 48 86 66 62 75 95 0 29 31 90 79 92 35 80 86 85
22 70 94 56 97 93 15 31 22 22 20 47 49 85 82 81 32 75 92 22 18 15 25 76 50 75 79 91 52 49 19 7 79 60 10 68 95 45 67 100 76 0 13 84 44 60 2 48 96 8 48 92 39 100 10 90 10 75 45 67 88 41 67 93 64 10 85 1 14 42 23 77 50 50 89 6 61 51 39 85 46 98 23 11 69 31 58 23 98 85 1 81 62 90 29 51 33 91 8 95
20 98 86 70 1 7 9 35 96 50 46 9 57 86 0 45 35 77 75 72 95 36 78 80 20 21 96 36 22 57 71 98 62 100 46 21 72 14 2 61 90 43 57 30 52 35 99 49 34 57 14 82 17 88 60 34 40 36 13 10 94 38 83 16 61 82 30 41 20 70 74 79 66 9 66 95 5 96 11 17 19 5 66 91 62 2 83 61 81 28 90 62 83 21 41 86 15 38 9 23
28 48 84 1 65 27 37 95 94 69 25 11 18 83 27 31 37 77 26 21 18 51 92 77 61 65 43 60 24 42 17 73 74 51 83 90 26 13 20 25 99 55 56 6 7 54 86 73 19 77 58 15 5 84 58 58 21 23 2 32 98 66 44 4 2 34 21 41 35 76 39 89 96 12 16 43 58 25 55 1 97 75 54 47 27 16 15 48 3 97 25 43 70 69 46 55 4 24 96 62
51 54 32 85 70 15 87 79 82 60 22 73 45 2 78 9 53 50 93 48 40 90 1 2 86 83 67 86 71 27 6 23 56 22 11 18 52 11 82 66 5 91 39 78 66 81 49 88 92 41 54 98 84 97 53 40 46 11 56 86 60 41 25 8 3 91 15 43 12 45 20 35 72 74 36 68 95 16 10 73 47 45 36 28 92 27 58 63 46 88 58 8 74 96 16 62 21 59 57 90
24 66 0 58 3 49 51 39 26 19 87 60 81 38 36 62 18 1 59 97 8 87 37 13 37 6 80 32 35 19 35 15 27 62 34 69 92 38 56 64 40 27 34 7 74 16 29 10 55 69 66 4 65 71 93 52 24 99 68 86 60 93 47 98 36 44 2 18 52 8 96 67 67 50 17 38 54 28 63 40 85 11 87 23 56 38 48 6 82 34 21 81 72 10 59 94 70 13 94 16
0 94 84 1 19 61 4 8 80 89 14 85 49 63 76 47 41 54 43 24 5 1 95 45 63 14 38 97 14 83 58 73 20 2 71 41 53 95 37 25 84 95 71 37 65 70 53 67 94 92 76 93 83 72 12 22 81 44 19 29 28 27 62 38 43 29 7 47 99 33 94 1 56 81 2 11 42 24 20 11 93 79 95 5 99 13 92 87 86 19 72 51 52 89 82 97 8 23 4 80
99 48 18 60 95 58 63 8 10 87 83 32 20 15 28 3 79 71 97 4 23 92 19 30 37 91 19 92 81 50 72 61 32 27 13 9 60 74 60 18 9 54 25 52 12 34 29 88 98 11 14 51 70 47 46 19 48 29 76 86 95 61 38 63 60 60 87 82 100 30 36 12 85 94 96 89 24 85 89 79 50 40 59 75 57 81 93 45 22 5 76 99 39 0 21 3 51 44 28 13
52 8 33 24 28 25 0 44 80 78 18 1 31 19 16 34 12 23 49 67 73 96 56 5 16 78 58 33 75 70 97 99 90 50 94 34 89 19 52 60 7 46 27 78 95 56 93 43 98 60 76 62 42 89 15 6 94 85 88 93 58 57 7 57 74 61 63 79 76 62 33 15 35 30 60 83 25 47 33 34 60 14 76 9 58 13 40 66 68 26 49 99 93 97 39 25 94 53 85 43
6 51 21 14 45 97 25 56 44 34 91 17 27 18 21 87 100 51 72 0 32 2 33 100 73 85 64 21 10 72 11 37 33 83 32 58 57 98 47 51 75 10 79 32 22 8 45 89 98 53 84 69 1 42 83 44 30 4 82 65 95 9 3 26 72 25 78 20 49 81 22 50 50 48 32 24 55 8 62 10 97 52 89 73 17 87 37 57 97 60 89 31 12 80 18 56 59 64 66 55
84 44 78 66 20 54 19 54 69 48 56 31 79 70 80 71 11 16 58 11 15 15 68 22 19 27 26 29 91 96 28 55 95 32 53 48 66 84 14 96 97 86 100 94 61 82 39 25 83 48 46 29 48 39 91 22 4 46 26 22 71 44 38 69 70 51 45 21 83 93 82 66 2 38 46 61 86 62 47 45 82 65 67 74 99 33 41 78 5 47 100 11 70 19 17 75 81 25 24 87
9 33 37 44 62 48 37 76 97 40 6 57 12 88 2 86 15 86 99 32 23 52 81 14 32 47 58 33 72 89 6 49 8 17 1 41 80 0 52 52 17 22 28 89 1 94 63 95 79 83 12 45 62 57 64 81 69 53 62 97 6 20 83 15 93 25 49 41 30 77 95 83 50 45 13 18 55 18 59 27 17 36 20 3 90 80 8 93 27 87 34 43 57 37 13 23 11 46 18 57
44 52 29 19 11 33 83 75 19 35 48 36 10 13 96 85 97 85 79 41 21 88 2 51 65 32 5 92 73 23 41 62 54 42 22 79 15 83 93 14 13 99 10 25 72 79 30 21 2 37 15 17 26 32 63 48 30 3 18 8 92 83 71 80 78 80 0 34 72 75 97 27 85 33 19 6 89 0 11 57 60 75 93 30 38 47 91 30 8 31 3 50 76 92 4 67 30 66 59 56
63 26 51 93 58 4 2 77 68 49 36 83 72 34 14 84 67 77 95 97 58 2 64 42 33 97 80 56 9 71 60 1 2 16 76 42 87 54 93 74 31 54 46 94 28 8 100 34 31 29 0 89 85 27 97 36 67 66 98 36 26 1 89 20 73 40 52 84 45 54 63 58 60 72 82 57 18 60 76 20 26 76 72 4 58 24 69 24 36 62 91 7 9 98 68 91 43 13 47 59
21 26 79 98 79 1 11 6 21 90 4 3 66 26 25 83 97 11 38 26 44 58 85 81 6 6 10 31 57 71 41 50 13 24 92 19 18 53 66 70 88 76 91 48 1 2 61 48 35 9 1 60 12 13 7 62 22 86 58 87 16 93 56 25 84 86 53 53 11 5 78 5 100 71 86 69 90 13 91 16 80 60 20 36 87 76 7 79 97 4 2 26 7 30 41 33 10 19 54 75
4 4 38 84 35 51 20 71 49 96 94 74 42 55 44 96 43 22 43 48 6 66 43 21 100 48 84 98 33 95 85 94 2 34 79 93 37 54 78 35 36 14 13 29 33 0 34 56 54 14 41 15 51 88 72 38 56 31 71 79 66 8 62 73 41 82 61 45 13 72 70 80 13 31 59 61 47 14 25 38 36 51 62 81 79 3 31 53 51 86 83 8 47 65 24 90 67 49 8 11
7 30 97 95 25 75 48 31 31 90 12 29 29 72 33 43 45 48 35 13 97 9 32 94 11 51 83 53 29 31 14 24 87 86 33 36 77 49 88 15 44 4 87 21 91 83 26 6 56 20 92 68 80 10 64 24 28 38 94 33 13 11 89 14 100 77 95 44 2 17 19 88 56 57 12 78 40 47 88 1 58 52 63 89 6 92 62 55 36 68 27 33 96 3 42 100 53 12 52 63
46 86 52 43 67 4 75 86 32 92 58 59 15 71 50 92 60 68 17 14 80 30 41 40 3 18 60 70 57 72 21 23 11 62 41 42 43 89 36 74 80 54 67 32 32 68 12 40 51 91 1 64 63 4 7 27 93 80 24 37 17 22 6 60 26 83 10 53 97 73 86 81 26 26 93 83 86 36 12 2 30 48 46 55 22 56 90 88 5 77 32 79 21 100 47 77 87 52 46 15
76 46 39 88 73 59 61 72 80 55 10 38 95 43 43 60 94 3 78 96 99 11 49 34 37 60 59 62 96 62 52 76 7 95 2 14 95 62 65 21 50 12 84 67 3 25 36 70 71 18 76 50 25 39 46 1 47 86 96 45 62 29 52 27 86 41 24 18 51 8 22 66 83 63 7 19 80 89 2 73 82 59 6 99 86 64 55 72 82 14 99 13 81 11 100 56 75 59 42 5
1 30 68 100 18 62 75 33 40 52 87 7 3 23 3 28 89 50 2 33 97 44 90 5 36 65 34 4 100 19 92 72 33 85 96 99 20 76 87 42 89 72 96 12 3 75 38 85 52 25 23 14 81 83 37 75 28 67 22 80 33 100 95 60 74 73 66 91 29 25 60 20 11 50 95 52 46 33 56 36 8 59 58 100 6 91 51 23 77 27 0 10 11 76 25 31 9 15 14 32
61 20 58 19 74 42 63 9 61 74 54 8 45 39 74 11 22 90 57 30 69 92 58 86 78 23 86 50 52 7 40 28 87 60 95 87 62 74 30 33 48 30 83 86 31 51 93 85 65 37 6 13 26 60 40 72 1 37 46 29 82 58 54 90 12 16 56 46 49 15 5 30 81 35 10 52 90 50 50 70 57 34 63 24 85 3 59 6 72 96 22 63 77 27 72 18 46 30 49 38
11 54 37 43 0 73 79 51 12 51 4 50 60 50 80 6 70 25 49 66 51 74 96 18 55 51 16 62 58 56 23 38 7 32 36 7 58 18 40 67 94 7 86 3 80 83 65 39 65 60 39 21 49 60 67 87 94 93 51 65 48 40 58 6 12 82 18 28 35 66 15 48 12 25 51 41 92 56 20 42 71 20 20 14 65 8 38 79 10 25 82 15 2 56 33 96 47 40 72 79
28 14 86 64 78 75 11 93 79 42 44 84 29 66 92 76 56 78 11 58 41 81 98 78 92 26 80 64 76 100 69 56 13 74 57 92 84 12 31 4 71 90 94 83 27 7 19 28 49 90 64 95 44 75 77 63 72 99 13 73 17 75 48 63 61 93 1 93 32 40 90 76 6 59 29 31 63 72 86 96 10 92 74 46 25 84 35 70 66 68 25 29 87 70 92 5 7 21 76 14
95 31 68 78 5 53 28 5 30 57 88 76 23 65 64 75 17 28 75 31 26 70 25 94 5 79 52 34 22 0 92 50 7 99 47 30 66 45 14 98 60 74 5 42 76 87 47 78 5 82 94 93 41 28 29 75 52 96 18 11 97 59 64 3 21 45 32 42 64 95 21 77 50 21 9 23 87 8 8 19 64 57 25 74 27 35 92 3 28 76 50 6 29 66 1 82 10 2 80 17
19 94 16 9 9 64 83 51 14 16 49 53 78 73 34 37 49 96 45 37 35 98 53 13 49 73 77 57 6 3 91 61 46 78 10 52 23 52 20 67 55 21 80 82 52 99 29 43 8 60 23 98 64 69 7 97 5 76 37 66 27 30 40 96 99 0 9 62 60 65 82 36 27 68 9 43 82 46 17 81 42 25 43 64 85 34 21 68 83 20 40 9 81 99 1 68 80 90 45 72
5 80 51 24 9 77 30 17 64 56 33 9 4 62 6 48 26 5 67 23 58 32 38 29 100 61 91 99 17 61 99 79 50 41 24 81 80 66 36 3 8 58 49 34 83 39 94 59 96 40 47 86 94 92 34 99 53 83 10 25 90 79 6 38 21 13 78 4 72 85 71 48 1 30 37 16 11 10 43 37 16 21 33 76 91 8 95 43 27 89 65 72 42 7 44 56 23 34 71 96
86 58 49 30 10 54 11 5 38 60 39 34 59 12 10 23 94 9 45 72 50 38 33 19 99 46 53 53 45 100 20 59 97 53 52 27 94 58 25 33 44 89 87 54 7 26 26 32 16 100 60 52 22 72 17 71 53 89 61 0 45 77 80 50 70 55 17 90 29 62 63 37 1 41 49 41 2 65 45 52 69 68 34 92 40 78 39 86 90 53 14 97 57 8 0 74 72 9 21 74
47 38 73 21 82 0 61 52 73 64 97 53 85 79 51 44 54 2 1 23 15 14 72 85 17 78 0 80 78 37 44 14 73 14 17 83 35 86 6 95 64 43 53 0 19 16 39 75 84 63 12 27 60 16 35 62 27 97 37 92 100 31 20 84 14 86 99 12 56 62 97 53 11 48 28 30 16 74 96 9 32 30 17 59 83 32 4 95 50 12 4 45 81 38 84 27 35 62 96 3
75 83 37 24 94 83 7 34 76 89 10 38 86 81 80 38 37 77 81 97 93 81 83 4 70 63 48 79 60 45 68 40 42 74 37 52 75 64 25 6 31 50 40 29 66 51 38 3 49 67 73 19 97 32 56 61 96 17 51 31 11 21 0 51 79 73 50 70 95 47 100 83 90 69 22 94 24 95 75 47 96 67 5 74 97 58 39 87 93 53 56 43 84 38 35 48 63 14 47 24
56 26 87 50 36 97 20 57 21 19 70 28 63 35 68 46 8 82 12 71 21 52 42 46 99 19 30 50 24 53 25 59 1 78 32 30 31 86 69 63 72 59 59 26 48 30 21 100 80 86 80 98 88 53 79 35 90 88 36 71 30 10 1 59 55 62 94 63 81 49 44 66 50 72 75 20 87 14 68 59 22 32 90 29 22 4 66 1 82 83 28 57 92 0 44 9 77 63 67 83
60 37 100 32 26 12 75 12 4 75 16 36 44 15 26 17 77 50 62 9 13 84 14 78 93 11 8 53 78 88 19 6 45 18 27 66 83 57 31 17 66 34 54 90 71 20 81 27 23 40 68 68 78 29 67 73 86 73 6 1 29 55 70 95 27 28 91 92 88 88 69 52 90 67 71 59 17 30 30 80 19 89 2 96 2 56 8 27 43 97 70 56 59 71 61 17 21 50 48 44
81 3 81 11 22 100 24 80 17 28 0 57 33 66 25 44 63 25 61 80 29 8 74 36 49 49 21 61 32 37 51 1 60 17 0 74 64 22 1 82 68 17 26 45 76 16 97 70 97 88 8 25 36 29 97 77 89 23 55 15 24 27 24 56 45 7 81 17 82 35 73 63 70 27 51 45 49 15 78 91 42 83 19 74 31 55 70 53 55 55 53 10 6 29 41 89 88 68 92 49
45 69 63 97 31 64 2 70 22 84 94 56 89 48 76 38 23 53 66 53 45 49 77 44 31 48 22 84 89 19 91 38 40 65 88 84 57 92 99 2 88 95 44 81 48 71 8 81 51 4 32 59 26 36 66 11 94 46 81 58 90 65 56 32 57 66 29 19 88 94 47 16 50 5 17 61 63 31 18 12 70 68 56 58 20 21 43 98 22 66 89 5 73 32 48 47 40 80 11 96
1 27 23 9 65 48 98 9 4 75 57 67 76 68 16 95 54 95 41 59 73 89 32 21 25 55 2 99 59 52 100 16 13 22 65 57 76 11 11 1 24 57 62 14 44 58 72 17 95 100 25 22 26 47 59 24 61 85 15 34 6 92 36 94 13 2 45 88 32 27 67 12 27 33 42 54 10 14 64 91 16 45 36 45 79 67 59 80 75 85 77 46 35 19 27 30 100 75 17 67
85 40 85 45 93 35 0 58 88 77 32 99 76 33 46 3 6 59 31 16 74 3 92 12 48 73 78 28 49 100 28 76 82 7 73 6 12 95 75 89 51 4 75 53 15 74 45 43 77 26 90 69 88 11 84 91 15 10 48 72 28 98 63 83 96 1 43 83 73 85 20 56 12 92 82 62 18 52 37 44 42 78 3 12 91 33 16 71 51 1 99 34 91 85 83 99 95 51 99 73
93 58 32 58 100 14 100 95 21 94 86 69 14 12 67 93 72 78 14 52 59 48 53 16 25 100 56 51 97 31 3 10 33 54 95 39 100 2 8 69 5 11 30 83 80 84 80 27 97 61 40 22 42 14 10 27 85 93 34 53 68 56 22 73 29 55 8 72 67 55 65 34 84 34 81 50 53 50 87 97 73 90 27 71 93 40 30 94 69 42 63 73 42 88 13 2 55 49 70 48
82 63 32 52 12 67 14 90 21 55 39 70 74 12 94 39 74 58 87 59 42 6 100 23 90 77 18 37 60 35 64 84 40 83 53 50 66 30 94 55 19 75 78 73 5 67 24 64 74 97 16 15 6 41 19 58 100 24 69 72 6 1 9 49 9 78 92 44 26 27 64 74 35 71 89 73 8 15 91 67 79 31 44 20 18 54 72 10 83 66 50 77 14 46 57 86 7 0 57 93
92 94 24 82 41 47 39 98 41 14 11 19 58 17 29 26 60 22 12 42 80 81 84 83 57 98 2 51 88 27 84 37 67 14 38 46 31 28 54 35 96 100 16 71 33 18 56 61 85 87 26 16 71 76 79 100 27 99 94 37 71 24 56 60 30 86 23 99 97 22 72 12 72 34 98 87 85 34 45 26 52 47 16 54 43 27 18 93 46 1 95 11 71 49 8 41 73 35 47 66
78 72 86 26 40 96 26 83 37 3 13 8 96 50 38 64 73 15 51 23 96 60 86 59 97 96 96 58 26 70 87 79 28 98 33 59 19 58 89 49 84 75 1 50 99 15 67 43 80 37 99 57 31 75 69 49 42 43 25 72 63 59 74 28 70 11 69 37 12 81 12 42 92 29 74 10 22 90 44 18 24 25 1 6 85 40 99 40 85 31 13 92 31 5 4 19 46 97 29 29
98 58 57 38 41 8 94 87 69 23 21 97 66 62 4 70 96 79 52 61 74 66 97 40 87 64 90 54 21 3 12 37 28 76 1 9 67 21 92 66 4 32 90 88 94 41 10 53 22 77 40 21 6 61 49 78 11 60 21 75 42 6 49 65 41 15 6 83 39 65 18 40 86 87 80 5 100 97 0 13 7 14 85 87 96 64 87 14 45 62 14 70 22 83 12 88 24 90 49 63
36 77 71 57 76 8 85 92 60 68 87 21 48 7 59 26 28 38 75 90 82 23 87 89 19 88 15 17 65 61 69 78 61 28 67 87 43 25 37 34 78 54 9 5 36 17 80 53 98 45 84 20 33 23 23 80 65 53 35 91 87 39 41 21 54 39 65 17 7 17 84 47 73 69 55 89 34 22 45 93 49 48 71 92 9 99 30 94 95 15 51 1 92 20 70 61 41 27 56 48
91 53 40 65 95 79 87 16 99 89 41 36 79 84 29 33 40 39 82 96 77 27 11 85 81 41 35 93 23 17 50 11 90 54 41 61 71 95 68 40 60 49 68 80 76 57 51 87 66 59 43 19 99 94 27 62 45 37 13 44 15 86 3 30 37 78 29 28 69 11 40 41 81 44 26 25 60 47 85 48 43 62 61 67 54 31 97 57 28 60 46 24 97 28 60 28 54 26 47 79
0 23 22 18 39 58 77 79 82 27 91 48 4 56 22 90 44 36 27 22 60 4 65 90 78 71 99 39 51 27 3 71 42 90 94 34 9 32 25 69 64 97 93 98 40 59 57 7 70 23 66 72 76 46 27 34 53 99 50 52 69 28 95 98 26 39 43 63 75 75 64 68 68 11 47 85 68 19 33 9 58 17 79 86 79 83 94 23 52 27 86 57 57 27 58 14 76 91 57 10
65 19 90 19 98 78 53 0 31 16 85 11 74 60 50 69 10 91 81 20 76 21 61 86 7 83 40 3 31 20 6 59 98 35 89 61 61 70 2 61 100 33 54 62 78 66 41 42 82 42 60 2 2 58 57 98 64 99 44 21 33 47 97 1 2 61 44 91 96 35 78 88 66 30 85 88 87 41 98 80 67 92 35 75 79 34 57 18 26 97 75 93 76 76 59 45 50 3 32 53
22 32 52 99 94 38 58 48 79 82 99 15 2 32 26 37 78 16 64 35 79 59 23 46 96 60 24 46 74 97 34 60 51 15 8 32 16 9 93 83 31 8 60 86 20 4 35 23 19 3 14 76 63 88 21 28 25 79 55 99 29 32 79 58 5 75 41 70 39 93 78 30 82 12 92 50 100 53 23 66 76 10 60 36 52 81 72 6 44 16 3 87 74 62 85 91 85 47 11 47
14 70 19 59 50 27 59 16 44 43 50 1 89 37 2 3 45 6 54 93 55 56 83 92 87 33 77 2 42 60 18 87 65 89 61 99 36 53 17 77 65 4 64 44 37 31 57 100 94 16 98 65 98 91 87 42 73 43 86 65 0 97 90 96 92 36 16 41 72 37 64 45 60 9 9 19 54 13 54 99 76 53 73 57 57 3 23 91 59 9 47 0 93 47 88 82 4 14 43 56
6 48 41 77 61 91 88 68 23 39 32 38 82 77 59 97 54 82 98 16 13 76 96 81 29 6 21 46 98 22 36 24 84 25 99 48 44 35 77 56 25 88 70 89 4 39 71 7 79 70 84 36 4 48 66 79 24 94 11 88 26 97 90 41 90 100 46 85 57 7 87 66 71 21 34 85 49 27 54 82 80 44 56 14 42 63 74 3 0 34 76 28 87 74 73 23 50 74 10 15
31 100 93 64 12 92 6 84 33 89 8 22 5 17 91 65 44 39 48 24 7 24 6 81 21 2 70 39 3 46 99 28 80 100 33 23 52 11 17 44 81 94 67 38 74 98 51 95 71 78 50 24 22 23 8 77 86 22 11 87 15 50 20 45 26 24 74 50 99 70 34 37 23 73 9 74 64 61 38 62 78 66 68 94 66 99 96 16 64 92 61 13 40 90 48 21 54 38 7 99
79 72 85 8 42 55 68 25 15 19 57 71 47 71 26 31 95 75 29 82 41 61 45 35 7 43 73 88 63 7 26 19 32 49 47 71 37 66 43 6 55 88 63 11 4 5 70 14 14 42 69 59 27 46 99 37 54 74 17 39 85 31 59 82 31 33 68 6 67 0 12 78 37 5 63 2 86 18 23 94 54 88 28 84 89 49 69 94 4 27 18 11 7 48 43 7 100 45 10 46
51 48 25 18 66 67 28 42 22 30 67 5 59 31 52 83 17 79 15 64 76 37 7 52 20 56 34 68 42 53 58 28 43 54 5 76 72 26 37 10 65 75 98 19 27 45 10 14 17 86 13 1 96 72 39 89 19 31 34 33 17 97 22 82 39 89 2 29 91 40 21 35 87 83 26 32 31 29 88 74 16 93 26 87 22 47 79 41 69 95 62 97 22 19 6 87 7 70 49 65
22 92 32 71 11 0 85 30 59 55 61 14 81 13 100 99 8 33 26 40 52 8 51 21 30 8 86 17 19 78 60 43 95 84 75 58 14 32 79 65 84 1 16 15 100 90 99 20 66 95 86 11 65 72 57 88 7 88 15 51 81 43 70 100 49 54 71 89 38 57 56 92 77 21 38 2 69 52 3 40 47 1 82 80 12 63 53 16 98 70 72 85 62 17 87 18 50 3 9 41
41 8 29 77 35 64 19 90 92 14 45 5 98 44 29 18 12 2 3 74 14 51 47 94 65 33 96 44 25 99 51 1 76 94 11 99 3 100 88 27 68 60 21 41 76 16 17 89 98 30 67 44 87 31 87 88 66 24 96 30 18 13 23 1 45 78 16 90 52 98 82 52 38 23 36 94 18 68 34 10 96 88 86 34 28 0 96 83 68 7 27 7 28 34 36 1 45 56 45 22
31 26 94 7 74 35 48 76 98 93 49 94 84 29 62 50 87 12 1 35 64 85 12 30 91 17 80 82 20 63 17 95 29 55 23 14 44 28 70 34 18 2 89 12 72 60 86 19 68 27 45 34 60 6 97 90 48 43 17 100 12 91 45 2 82 97 31 42 94 88 73 78 10 58 84 52 25 78 38 34 88 30 59 75 89 13 14 100 69 30 33 65 23 45 10 95 91 74 37 99
53 82 32 44 31 90 83 9 24 93 60 66 5 83 91 10 81 52 91 36 79 41 28 82 52 67 78 9 87 82 7 40 44 23 100 71 70 33 77 42 6 44 95 64 88 58 64 29 17 47 41 12 84 93 91 68 41 59 14 70 45 4 78 84 32 60 40 68 53 85 48 12 80 57 46 25 44 47 6 77 41 56 9 79 64 4 40 76 29 22 73 9 57 79 61 49 92 33 78 79
9 41 60 28 77 97 56 26 56 81 24 22 23 43 5 31 48 22 33 0 34 70 14 22 47 54 93 9 31 3 94 31 29 70 4 12 39 48 100 41 10 87 96 62 49 59 83 80 72 81 84 35 64 42 40 4 33 40 16 67 69 74 96 62 7 91 34 74 50 27 80 12 78 97 4 56 30 68 8 55 37 7 60 85 97 55 42 86 60 36 26 17 99 5 38 77 12 92 33 5
33 65 88 23 55 69 36 40 88 43 18 57 20 9 4 50 74 19 57 11 63 13 23 87 15 1 59 26 94 55 73 3 77 68 55 35 5 78 3 48 85 43 79 4 37 35 84 25 30 52 41 41 28 20 74 22 96 78 37 69 89 35 89 32 17 78 62 65 72 96 42 70 74 82 17 34 40 97 52 16 8 92 83 62 12 26 35 68 79 6 35 6 72 95 18 96 8 93 17 17
85 32 58 34 30 15 72 85 87 20 100 81 13 1 75 0 79 89 60 35 94 10 39 96 94 99 82 62 100 0 5 23 62 88 19 88 27 96 34 17 6 70 6 12 94 38 58 85 95 85 38 97 23 86 36 32 26 45 24 77 88 56 84 40 58 21 79 56 94 44 88 66 75 4 73 65 14 99 100 96 33 50 96 31 44 12 63 12 2 14 44 5 28 12 91 2 10 8 56 3
23 76 41 81 70 8 32 33 38 95 79 92 78 65 93 79 71 50 19 35 97 29 100 100 73 71 26 66 6 91 77 40 77 46 31 11 22 78 4 36 32 13 6 23 40 24 98 52 12 82 30 23 13 16 82 67 55 77 73 35 27 43 50 61 27 10 12 19 11 64 2 29 1 39 37 39 22 24 2 19 0 65 23 89 48 81 9 24 82 93 49 9 69 25 72 82 52 79 38 63
91 78 4 61 51 23 64 32 98 95 77 22 98 45 63 31 91 61 1 23 70 32 96 26 87 90 31 88 24 93 75 57 88 24 80 85 28 89 97 32 50 40 68 93 34 78 95 60 90 43 24 7 49 27 7 21 30 77 74 0 71 17 37 94 33 3 27 83 82 63 43 22 27 35 30 56 62 35 49 42 33 9 43 60 97 18 41 56 1 79 2 31 100 44 22 46 28 54 89 65
21 2 83 38 3 87 52 99 60 74 65 27 20 21 24 93 65 97 60 79 77 6 87 88 2 18 16 39 79 78 17 0 39 4 19 68 71 99 95 75 62 70 3 75 22 56 44 58 40 52 92 75 60 93 34 3 81 71 100 53 61 54 12 76 49 32 31 3 21 77 68 16 69 28 70 11 94 15 57 62 100 40 88 8 13 97 30 72 12 16 50 44 21 53 83 70 30 16 86 25
5 36 45 74 7 56 35 78 96 51 72 51 7 22 20 90 7 60 73 17 45 100 38 0 52 59 9 61 44 95 64 92 29 43 93 51 77 87 46 18 11 77 66 75 78 83 94 58 36 9 2 28 96 79 9 55 47 24 56 68 61 9 55 69 96 54 81 63 93 97 36 0 44 29 90 81 9 100 88 67 17 56 0 47 91 60 28 76 60 94 12 1 17 54 7 0 74 93 61 53
63 53 49 50 72 3 88 29 94 83 53 38 32 10 100 48 72 93 31 0 52 56 76 22 88 98 19 88 40 63 5 8 98 46 27 61 56 35 43 25 4 91 53 9 40 62 79 63 21 40 68 23 63 58 45 51 81 57 4 56 85 92 93 45 29 56 56 73 66 90 58 58 30 50 86 3 70 46 2 65 32 3 68 23 23 29 77 29 56 15 37 69 69 39 93 23 44 48 45 41
27 2 44 69 2 37 97 14 54 2 98 49 5 73 34 59 65 15 45 51 41 43 14 37 80 62 81 0 17 59 32 63 98 96 65 96 66 16 15 87 22 60 40 72 2 78 80 98 57 17 93 30 59 51 95 73 2 23 69 24 67 64 14 99 99 100 15 6 10 17 61 33 41 36 74 16 50 24 44 83 96 94 61 39 38 96 50 47 69 72 57 59 79 8 83 76 17 52 74 70
30 96 57 27 75 65 94 96 71 5 13 27 4 91 11 84 22 23 15 16 4 31 94 37 55 2 95 58 41 48 94 43 41 55 81 71 71 29 44 1 21 13 29 10 94 41 12 61 13 67 25 42 59 60 69 93 39 70 27 41 11 17 29 18 22 75 42 58 49 64 80 28 5 28 9 90 93 76 43 60 17 17 79 81 83 48 15 9 98 80 73 7 98 28 58 54 52 82 17 57
69 10 85 44 24 68 52 95 28 4 27 31 34 50 61 93 66 59 85 32 53 26 45 59 20 56 14 46 1 78 72 4 24 100 98 57 81 29 10 0 40 65 97 64 66 19 69 56 50 0 71 90 76 8 86 72 88 69 62 28 36 26 11 66 64 93 90 75 34 55 71 51 74 57 30 57 45 58 47 10 6 89 36 13 3 82 62 47 78 41 55 71 34 22 12 22 94 47 99 70
14 14 89 82 7 23 64 12 13 66 56 3 93 90 39 7 42 45 38 28 49 65 96 39 12 26 79 95 42 65 30 26 41 17 33 99 40 58 78 11 13 26 80 87 77 38 30 19 37 83 51 16 15 62 32 56 23 33 61 70 61 11 20 73 76 93 79 21 19 17 32 98 88 83 79 19 74 88 27 65 90 93 17 25 40 56 16 86 46 51 58 82 41 61 31 57 84 24 17 63
52 18 63 57 19 70 91 84 56 27 11 77 39 34 69 12 39 80 36 98 22 82 98 24 63 82 69 22 21 60 61 20 69 58 27 45 60 36 6 25 95 96 78 58 99 17 46 13 81 54 96 42 2 67 22 79 91 80 27 13 27 92 30 81 15 58 29 59 51 62 71 37 99 47 69 10 26 71 43 94 1 14 27 43 18 43 55 45 67 15 32 3 30 4 5 61 1 95 17 56
11 85 50 10 81 93 70 32 85 49 58 51 32 64 39 60 30 50 65 85 37 14 4 18 21 24 7 55 55 90 100 44 53 70 35 51 82 40 2 18 81 34 62 5 77 27 80 62 83 26 80 57 30 15 75 28 82 31 22 32 0 88 2 58 73 55 62 22 72 23 40 68 2 36 70 41 13 87 83 13 62 4 23 84 59 52 95 80 11 48 38 20 42 1 93 6 52 68 72 48
70 20 87 27 28 42 63 61 81 8 37 54 89 52 12 50 14 98 19 87 8 66 89 59 11 13 27 29 95 68 57 29 69 26 80 79 92 57 3 91 52 25 34 71 73 13 47 79 65 89 55 95 78 4 89 5 98 34 79 5 100 63 51 17 86 95 48 3 34 10 46 90 11 13 41 36 78 24 36 28 98 87 91 90 99 7 18 6 87 5 23 100 61 50 90 95 60 44 91 32
34 49 52 92 71 6 51 5 89 47 40 49 9 10 34 32 81 40 88 62 97 3 12 30 81 18 41 39 7 99 92 17 77 80 22 38 64 3 68 36 15 68 81 98 92 46 61 93 87 33 3 100 49 44 86 79 33 15 49 71 83 83 4 57 86 86 75 91 77 35 66 86 55 32 1 81 89 30 49 23 16 77 70 26 65 49 62 74 97 15 13 83 52 49 64 35 76 31 61 85
54 30 1 56 32 9 96 56 20 24 18 62 79 78 27 76 89 29 13 59 100 1 15 22 6 6 33 24 46 40 48 38 26 86 77 33 12 55 10 24 90 10 27 99 10 59 14 84 40 53 48 75 59 35 41 62 24 9 64 18 55 100 34 38 100 61 80 100 17 96 35 17 77 56 49 77 71 27 40 41 81 91 7 20 40 30 29 92 14 48 49 31 15 69 72 20 18 97 19 66
17 93 63 29 86 13 11 5 82 95 58 29 45 47 13 67 74 35 43 95 38 73 88 70 5 44 86 36 14 64 40 17 5 77 100 58 51 1 73 85 83 73 11 10 81 84 76 80 19 95 98 73 40 64 12 75 40 75 84 68 38 57 10 11 46 70 77 69 30 47 3 29 71 65 23 13 64 91 64 21 18 47 91 51 89 43 75 62 30 22 43 11 68 23 71 32 6 3 25 62
61 85 81 86 77 77 1 99 27 86 70 34 16 69 7 42 54 25 60 65 83 13 11 18 10 73 71 31 71 12 61 15 18 97 22 11 72 6 87 88 54 19 26 64 59 89 10 19 50 15 58 10 16 55 55 16 33 11 53 69 36 85 10 55 50 52 9 40 35 39 43 16 1 22 75 57 41 50 67 79 2 6 27 2 84 19 59 82 42 3 4 51 39 48 78 44 64 0 100 58
62 68 32 18 35 79 96 67 42 60 96 16 83 78 38 9 11 89 88 79 32 8 44 50 55 23 98 43 42 44 75 0 87 93 74 16 51 40 69 69 25 15 25 6 92 82 50 8 54 59 67 33 3 7 82 5 49 74 74 40 6 98 95 98 43 62 35 73 37 6 19 48 38 30 50 16 10 76 24 80 79 75 12 72 72 23 95 3 75 36 64 3 65 32 58 40 21 66 11 50
39 91 26 71 72 21 68 18 7 11 92 97 17 75 86 62 30 67 31 30 0 66 75 73 96 61 86 74 98 41 71 27 76 24 90 53 79 87 3 99 76 25 41 93 83 15 63 20 82 17 83 37 92 28 54 39 80 71 41 50 89 80 6 35 59 51 63 23 83 60 28 7 92 91 64 54 65 57 50 60 81 71 10 84 24 70 17 91 92 34 9 31 73 2 41 4 40 1 96 50
17 37 0 82 43 89 52 34 65 6 81 69 36 64 58 92 6 50 71 61 57 38 41 33 62 82 50 79 78 22 82 39 68 61 70 44 12 6 87 40 84 35 46 48 58 80 12 24 95 69 40 91 82 53 89 100 51 99 14 80 79 74 60 23 57 1 35 19 77 84 32 88 69 100 8 75 65 63 8 90 5 65 89 72 99 52 51 47 6 50 48 31 39 83 46 95 18 47 28 74
23 29 100 43 20 28 12 80 32 98 23 57 70 23 26 42 77 68 8 48 62 11 77 55 47 85 46 24 50 30 55 45 84 77 87 79 1 18 64 36 9 26 33 66 75 27 95 48 22 93 37 82 68 23 68 43 85 17 37 77 73 48 25 21 22 54 12 72 39 87 98 19 91 28 79 50 91 73 70 96 77 21 78 41 66 10 57 34 37 31 46 41 13 58 31 39 31 13 9 63
18 62 70 13 2 60 84 76 46 33 99 59 64 2 81 93 66 39 31 5 41 33 4 69 98 16 11 59 44 4 86 34 11 65 72 40 95 29 63 16 14 18 87 86 39 33 96 80 26 3 62 41 97 86 57 74 68 87 17 46 60 45 28 8 77 73 52 75 58 91 53 86 52 13 0 5 13 18 75 2 52 28 27 2 7 59 5 61 81 51 44 66 57 53 6 34 86 75 91 33
13 36 76 92 17 38 68 2 54 12 78 48 10 29 8 83 90 97 55 15 66 91 31 50 29 63 0 36 62 92 93 31 16 63 75 8 3 83 30 50 41 47 42 27 28 44 45 98 66 98 4 97 68 54 58 77 6 68 6 47 74 95 80 10 69 94 21 1 73 29 18 93 39 45 89 18 71 56 19 63 22 66 78 25 9 21 1 72 23 24 48 69 12 96 66 38 73 84 85 75
48 82 23 5 97 35 94 36 97 74 62 85 11 68 14 94 45 51 61 61 36 16 7 52 16 78 39 0 80 82 43 96 75 69 79 65 82 66 79 95 14 2 76 33 94 4 24 25 12 37 14 11 82 36 66 24 49 23 38 14 12 8 55 9 81 26 37 15 62 29 59 10 35 71 12 52 19 63 98 91 17 44 27 11 18 41 52 6 87 87 26 8 36 15 30 67 53 47 91 72
28 54 91 49 51 2 2 58 7 28 1 69 84 94 79 45 90 59 11 88 92 72 33 57 85 58 79 67 67 100 83 29 16 4 32 59 81 64 13 84 54 81 12 60 24 41 56 10 37 91 72 19 16 15 73 33 64 62 34 67 31 40 65 98 84 71 43 19 13 70 57 74 52 37 26 96 1 92 8 87 77 34 59 75 45 69 83 47 63 41 98 22 26 81 97 99 58 26 2 37
85 3 70 5 40 81 33 36 81 53 11 70 34 22 94 54 98 82 23 19 15 61 59 25 14 72 35 89 52 33 35 96 32 9 75 0 22 81 62 85 33 91 71 98 17 85 61 73 5 38 98 24 34 53 24 44 60 51 22 64 31 42 35 91 67 16 84 22 67 44 18 75 64 91 66 42 65 40 31 77 87 90 54 65 45 15 53 36 74 99 39 48 99 15 37 3 7 71 59 70
21 96 65 19 38 45 2 48 71 33 8 26 4 18 94 82 82 85 74 73 48 82 77 70 15 30 45 20 86 54 58 67 12 62 76 36 3 66 97 45 72 9 57 94 28 5 22 42 94 10 38 81 99 2 9 76 60 8 37 73 68 40 7 86 11 76 4 8 86 34 41 97 38 3 88 73 65 100 25 45 59 80 78 25 87 53 37 57 4 99 57 22 72 72 47 55 100 23 12 80
8 65 9 89 88 35 79 8 69 23 17 20 15 6 89 100 85 17 2 11 70 85 52 88 14 14 46 55 60 69 82 33 47 82 4 33 28 24 96 98 80 2 68 84 3 36 19 48 49 21 98 25 96 98 61 57 49 8 92 85 70 50 81 51 77 24 88 19 28 47 7 63 73 97 4 92 29 35 25 6 53 92 95 18 82 27 26 8 14 98 80 2 37 27 5 72 10 93 8 68
78 3 76 19 85 74 47 81 70 7 9 1 33 14 31 92 38 10 55 3 87 37 51 87 96 28 3 72 40 16 53 23 23 18 23 89 26 85 8 29 50 5 16 82 44 28 39 42 95 87 10 1 32 31 21 77 65 57 72 2 87 84 6 9 85 82 81 95 7 37 19 21 9 20 57 40 94 68 42 55 54 9 39 82 62 56 80 77 40 19 45 8 54 25 78 5 84 55 55 11
99 46 43 76 6 45 16 41 56 23 93 80 72 92 13 47 17 58 43 69 96 6 98 66 41 99 7 65 84 86 94 7 25 88 42 78 93 26 3 74 9 24 40 69 3 41 64 52 95 75 48 34 63 21 57 99 52 34 68 26 27 46 82 10 6 93 92 61 80 64 69 39 87 96 57 14 52 52 88 49 24 18 38 1 20 12 59 54 94 96 92 79 91 51 51 10 99 92 74 10
88 27 7 76 62 63 0 100 10 53 96 55 47 13 79 100 72 2 97 70 99 41 6 37 57 48 14 66 100 72 89 76 76 36 59 95 87 7 26 17 51 38 60 8 60 52 53 12 54 49 10 65 41 46 10 22 53 9 89 21 9 69 55 44 49 22 55 100 35 13 63 21 7 1 36 9 45 86 31 14 46 86 88 49 18 80 16 57 11 64 24 6 3 23 52 64 40 10 28 59
89 20 32 91 57 54 1 24 82 88 46 59 49 45 42 54 48 59 63 86 62 63 49 20 34 52 9 95 79 9 81 32 52 16 43 70 75 76 47 79 82 98 12 12 21 62 48 51 74 13 36 37 79 70 55 98 45 43 42 94 53 62 67 93 29 40 55 18 34 76 98 62 61 49 51 73 87 85 63 42 86 47 76 79 27 5 65 67 56 21 97 31 40 80 86 7 0 88 8 56
81 8 47 98 59 40 10 79 65 47 73 21 87 47 81 74 90 7 69 69 48 89 80 13 36 22 3 81 40 51 49 55 50 8 95 82 84 80 97 40 87 69 35 90 70 0 48 59 63 73 24 76 95 47 40 27 90 51 6 7 61 82 50 93 36 5 7 64 80 24 7 41 94 82 72 24 46 47 3 67 81 69 82 56 3 5 33 98 60 22 75 2 86 14 99 82 13 73 33 7
29 92 92 96 42 52 3 64 74 25 20 59 17 25 83 18 48 41 12 3 51 91 22 100 76 88 89 31 68 92 31 48 72 73 20 0 77 81 23 11 35 81 29 65 46 80 7 56 25 85 76 63 1 91 98 4 18 70 21 3 2 30 54 41 54 71 33 79 95 90 51 33 13 29 34 46 47 60 64 61 26 81 71 35 73 18 5 67 3 100 72 71 4 97 87 48 68 78 45 80
20 24 38 32 100 49 56 95 49 100 49 25 45 57 92 17 36 74 63 36 58 55 89 98 48 99 95 67 86 17 85 61 98 78 14 95 85 43 13 9 30 51 48 75 0 90 22 19 94 43 82 37 79 52 58 70 54 38 64 65 3 32 56 94 93 16 91 16 90 18 20 58 94 15 78 61 15 38 77 40 55 43 95 42 30 82 17 44 12 38 38 59 69 20 62 27 71 86 80 74
4 72 64 52 87 49 15 82 98 0 90 93 73 93 69 33 24 62 56 71 28 79 51 80 93 52 6 52 49 67 79 32 94 53 88 77 63 81 73 43 28 47 39 53 54 61 11 7 58 69 46 61 45 39 86 13 84 20 35 1 95 55 78 66 31 59 13 71 36 15 63 61 22 45 26 60 11 74 82 44 98 40 67 16 99 21 29 5 39 9 9 24 60 58 80 47 28 27 61 15
26 37 25 3 22 92 47 35 14 53 74 69 30 42 59 84 76 56 90 49 77 38 5 55 86 46 48 7 70 22 27 42 49 50 34 84 47 19 24 3 29 38 52 73 65 55 23 10 48 73 60 89 98 59 36 71 60 97 18 82 27 3 8 97 74 100 80 91 80 18 48 75 3 24 75 21 8 38 68 17 85 51 21 12 75 31 7 79 1 42 33 10 43 76 23 32 83 100 44 29
78 91 95 38 76 53 13 86 93 21 43 64 2 88 47 72 66 79 51 98 19 59 93 79 58 77 21 1 85 39 40 17 18 34 73 53 49 84 66 95 98 57 22 1 83 62 87 26 2 78 82 58 82 39 93 29 20 90 50 47 5 32 83 78 29 89 41 19 92 62 25 43 28 10 93 44 68 99 18 22 94 17 77 13 87 56 9 13 60 27 69 13 13 0 87 42 52 57 83 55
