20 20
10 1 1 7 5 4 2 8 1 10 10 3 2 10 8 2 10 8 1 1
2 2 8 1 1 6 7 2 1 1 1 10 3 10 2 3 9 6 10 6
7 0 10 6 8 2 3 6 2 9 4 4 10 10 5 9 6 9 3 5
9 7 3 2 1 8 10 9 4 2 8 4 4 0 8 6 9 2 4 1
0 4 10 3 10 6 4 2 0 6 2 1 2 9 4 2 2 10 1 9
10 1 7 5 4 1 2 9 5 1 10 6 7 7 4 9 9 1 10 6
0 9 9 9 8 3 3 10 4 0 7 10 6 2 3 5 4 8 3 7
4 1 9 9 4 10 7 0 0 5 4 4 0 7 1 9 4 10 1 5
1 1 5 6 5 4 9 7 4 6 10 5 4 6 4 10 3 8 5 3
6 7 6 1 8 2 10 10 1 9 7 9 5 5 6 1 4 2 1 1
6 4 7 2 4 5 8 1 4 4 8 2 2 8 2 3 2 3 9 2
10 6 3 7 8 6 9 0 9 1 8 6 8 0 0 10 9 3 9 8
1 10 10 8 4 2 2 2 4 6 7 4 2 4 7 10 5 6 6 1
1 1 4 5 3 8 10 6 4 10 6 10 6 8 6 10 1 3 9 4
7 0 5 5 2 0 7 8 5 7 3 2 8 9 0 10 2 5 6 6
10 4 6 0 9 6 7 3 6 4 2 6 8 0 3 6 7 6 2 0
5 9 9 4 9 6 7 5 2 8 1 2 5 10 6 7 5 7 7 2
8 2 2 7 7 3 10 10 1 7 3 8 4 4 10 6 8 5 4 9
8 6 0 1 10 6 3 5 1 9 9 5 3 4 1 6 10 9 0 6
2 4 4 4 4 1 1 9 7 5 4 7 8 10 4 6 2 7 9 3
