20 20
10 7 5 7 4 7 4 4 0 6 5 2 5 0 8 2 3 5 3 3
4 7 3 2 1 3 8 1 1 5 1 5 1 10 10 4 10 4 8 9
9 4 8 3 6 7 0 2 2 9 9 4 8 3 8 2 9 1 10 9
2 5 3 8 1 8 6 6 8 10 6 8 9 0 3 3 1 6 1 2
5 7 6 0 7 10 4 9 1 3 7 4 0 7 0 4 5 8 10 6
10 8 0 5 8 4 8 10 8 1 1 6 5 4 7 5 1 2 1 4
5 3 1 9 10 7 9 8 4 2 4 5 6 7 2 5 4 4 1 7
9 6 3 9 8 0 10 6 5 1 8 1 1 10 6 6 10 8 7 6
2 3 5 4 6 5 7 6 9 9 1 9 10 5 9 4 3 7 5 6
2 6 7 9 2 8 2 3 2 4 6 1 4 8 4 8 4 10 7 0
10 2 6 1 6 4 6 10 5 6 10 2 7 2 4 2 10 0 8 8
9 0 6 6 4 10 7 8 6 8 4 8 1 4 4 6 6 6 6 3
10 2 4 4 8 1 9 7 5 8 7 9 7 1 10 3 8 2 9 6
5 1 2 7 2 7 1 3 1 8 9 4 5 10 0 6 6 6 10 2
8 4 10 7 7 4 3 10 6 5 0 4 3 1 3 6 2 9 1 7
3 4 5 10 1 5 9 5 8 2 6 4 4 0 9 5 10 1 6 5
1 4 8 1 1 3 10 1 0 10 2 4 3 10 8 8 6 1 9 6
1 10 2 7 9 2 3 1 4 9 3 7 8 6 8 5 5 3 6 4
5 7 1 2 5 1 1 1 3 5 2 8 10 1 6 2 2 2 4 5
2 2 10 7 1 4 4 1 10 8 9 2 4 9 2 3 3 4 1 2
