25
1 1 1 9
0
1 1 1 9
1
30 30 30 9
0 0 0 0 0 0 0 0 0 0 0 0 0 0 0 0 0 0 0 0 0 0 0 0 0 0 0 0 0 0
0 0 0 0 0 0 0 0 0 0 0 0 0 0 0 0 0 0 0 0 0 0 0 0 0 0 0 0 0 0
0 0 0 0 0 0 0 0 0 0 0 0 0 0 0 0 0 0 0 0 0 0 0 0 0 0 0 0 0 0
0 0 0 0 0 0 0 0 0 0 0 0 0 0 0 0 0 0 0 0 0 0 0 0 0 0 0 0 0 0
0 0 0 0 0 0 0 0 0 0 0 0 0 0 0 0 0 0 0 0 0 0 0 0 0 0 0 0 0 0
0 0 0 0 0 0 0 0 0 0 0 0 0 0 0 0 0 0 0 0 0 0 0 0 0 0 0 0 0 0
0 0 0 0 0 0 0 0 0 0 0 0 0 0 0 0 0 0 0 0 0 0 0 0 0 0 0 0 0 0
0 0 0 0 0 0 0 0 0 0 0 0 0 0 0 0 0 0 0 0 0 0 0 0 0 0 0 0 0 0
0 0 0 0 0 0 0 0 0 0 0 0 0 0 0 0 0 0 0 0 0 0 0 0 0 0 0 0 0 0
0 0 0 0 0 0 0 0 0 0 0 0 0 0 0 0 0 0 0 0 0 0 0 0 0 0 0 0 0 0
0 0 0 0 0 0 0 0 0 0 0 0 0 0 0 0 0 0 0 0 0 0 0 0 0 0 0 0 0 0
0 0 0 0 0 0 0 0 0 0 0 0 0 0 0 0 0 0 0 0 0 0 0 0 0 0 0 0 0 0
0 0 0 0 0 0 0 0 0 0 0 0 0 0 0 0 0 0 0 0 0 0 0 0 0 0 0 0 0 0
0 0 0 0 0 0 0 0 0 0 0 0 0 0 0 0 0 0 0 0 0 0 0 0 0 0 0 0 0 0
0 0 0 0 0 0 0 0 0 0 0 0 0 0 0 0 0 0 0 0 0 0 0 0 0 0 0 0 0 0
0 0 0 0 0 0 0 0 0 0 0 0 0 0 0 0 0 0 0 0 0 0 0 0 0 0 0 0 0 0
0 0 0 0 0 0 0 0 0 0 0 0 0 0 0 0 0 0 0 0 0 0 0 0 0 0 0 0 0 0
0 0 0 0 0 0 0 0 0 0 0 0 0 0 0 0 0 0 0 0 0 0 0 0 0 0 0 0 0 0
0 0 0 0 0 0 0 0 0 0 0 0 0 0 0 0 0 0 0 0 0 0 0 0 0 0 0 0 0 0
0 0 0 0 0 0 0 0 0 0 0 0 0 0 0 0 0 0 0 0 0 0 0 0 0 0 0 0 0 0
0 0 0 0 0 0 0 0 0 0 0 0 0 0 0 0 0 0 0 0 0 0 0 0 0 0 0 0 0 0
0 0 0 0 0 0 0 0 0 0 0 0 0 0 0 0 0 0 0 0 0 0 0 0 0 0 0 0 0 0
0 0 0 0 0 0 0 0 0 0 0 0 0 0 0 0 0 0 0 0 0 0 0 0 0 0 0 0 0 0
0 0 0 0 0 0 0 0 0 0 0 0 0 0 0 0 0 0 0 0 0 0 0 0 0 0 0 0 0 0
0 0 0 0 0 0 0 0 0 0 0 0 0 0 0 0 0 0 0 0 0 0 0 0 0 0 0 0 0 0
0 0 0 0 0 0 0 0 0 0 0 0 0 0 0 0 0 0 0 0 0 0 0 0 0 0 0 0 0 0
0 0 0 0 0 0 0 0 0 0 0 0 0 0 0 0 0 0 0 0 0 0 0 0 0 0 0 0 0 0
0 0 0 0 0 0 0 0 0 0 0 0 0 0 0 0 0 0 0 0 0 0 0 0 0 0 0 0 0 0
0 0 0 0 0 0 0 0 0 0 0 0 0 0 0 0 0 0 0 0 0 0 0 0 0 0 0 0 0 0
0 0 0 0 0 0 0 0 0 0 0 0 0 0 0 0 0 0 0 0 0 0 0 0 0 0 0 0 0 0
30 30 30 9
30 30 30 30 30 30 30 30 30 30 30 30 30 30 30 30 30 30 30 30 30 30 30 30 30 30 30 30 30 30
30 30 30 30 30 30 30 30 30 30 30 30 30 30 30 30 30 30 30 30 30 30 30 30 30 30 30 30 30 30
30 30 30 30 30 30 30 30 30 30 30 30 30 30 30 30 30 30 30 30 30 30 30 30 30 30 30 30 30 30
30 30 30 30 30 30 30 30 30 30 30 30 30 30 30 30 30 30 30 30 30 30 30 30 30 30 30 30 30 30
30 30 30 30 30 30 30 30 30 30 30 30 30 30 30 30 30 30 30 30 30 30 30 30 30 30 30 30 30 30
30 30 30 30 30 30 30 30 30 30 30 30 30 30 30 30 30 30 30 30 30 30 30 30 30 30 30 30 30 30
30 30 30 30 30 30 30 30 30 30 30 30 30 30 30 30 30 30 30 30 30 30 30 30 30 30 30 30 30 30
30 30 30 30 30 30 30 30 30 30 30 30 30 30 30 30 30 30 30 30 30 30 30 30 30 30 30 30 30 30
30 30 30 30 30 30 30 30 30 30 30 30 30 30 30 30 30 30 30 30 30 30 30 30 30 30 30 30 30 30
30 30 30 30 30 30 30 30 30 30 30 30 30 30 30 30 30 30 30 30 30 30 30 30 30 30 30 30 30 30
30 30 30 30 30 30 30 30 30 30 30 30 30 30 30 30 30 30 30 30 30 30 30 30 30 30 30 30 30 30
30 30 30 30 30 30 30 30 30 30 30 30 30 30 30 30 30 30 30 30 30 30 30 30 30 30 30 30 30 30
30 30 30 30 30 30 30 30 30 30 30 30 30 30 30 30 30 30 30 30 30 30 30 30 30 30 30 30 30 30
30 30 30 30 30 30 30 30 30 30 30 30 30 30 30 30 30 30 30 30 30 30 30 30 30 30 30 30 30 30
30 30 30 30 30 30 30 30 30 30 30 30 30 30 30 30 30 30 30 30 30 30 30 30 30 30 30 30 30 30
30 30 30 30 30 30 30 30 30 30 30 30 30 30 30 30 30 30 30 30 30 30 30 30 30 30 30 30 30 30
30 30 30 30 30 30 30 30 30 30 30 30 30 30 30 30 30 30 30 30 30 30 30 30 30 30 30 30 30 30
30 30 30 30 30 30 30 30 30 30 30 30 30 30 30 30 30 30 30 30 30 30 30 30 30 30 30 30 30 30
30 30 30 30 30 30 30 30 30 30 30 30 30 30 30 30 30 30 30 30 30 30 30 30 30 30 30 30 30 30
30 30 30 30 30 30 30 30 30 30 30 30 30 30 30 30 30 30 30 30 30 30 30 30 30 30 30 30 30 30
30 30 30 30 30 30 30 30 30 30 30 30 30 30 30 30 30 30 30 30 30 30 30 30 30 30 30 30 30 30
30 30 30 30 30 30 30 30 30 30 30 30 30 30 30 30 30 30 30 30 30 30 30 30 30 30 30 30 30 30
30 30 30 30 30 30 30 30 30 30 30 30 30 30 30 30 30 30 30 30 30 30 30 30 30 30 30 30 30 30
30 30 30 30 30 30 30 30 30 30 30 30 30 30 30 30 30 30 30 30 30 30 30 30 30 30 30 30 30 30
30 30 30 30 30 30 30 30 30 30 30 30 30 30 30 30 30 30 30 30 30 30 30 30 30 30 30 30 30 30
30 30 30 30 30 30 30 30 30 30 30 30 30 30 30 30 30 30 30 30 30 30 30 30 30 30 30 30 30 30
30 30 30 30 30 30 30 30 30 30 30 30 30 30 30 30 30 30 30 30 30 30 30 30 30 30 30 30 30 30
30 30 30 30 30 30 30 30 30 30 30 30 30 30 30 30 30 30 30 30 30 30 30 30 30 30 30 30 30 30
30 30 30 30 30 30 30 30 30 30 30 30 30 30 30 30 30 30 30 30 30 30 30 30 30 30 30 30 30 30
30 30 30 30 30 30 30 30 30 30 30 30 30 30 30 30 30 30 30 30 30 30 30 30 30 30 30 30 30 30
1 30 30 9
12 21 19 29 4 7 18 26 14 23 26 0 16 8 8 28 20 29 12 4 12 17 4 4 15 16 2 20 7 2
30 1 30 9
6
15
22
12
23
7
30
23
11
22
21
18
19
22
20
11
27
14
28
9
28
20
21
12
10
11
17
18
24
2
30 30 30 9
0 30 0 30 0 30 0 30 0 30 0 30 0 30 0 30 0 30 0 30 0 30 0 30 0 30 0 30 0 30
30 0 30 0 30 0 30 0 30 0 30 0 30 0 30 0 30 0 30 0 30 0 30 0 30 0 30 0 30 0
0 30 0 30 0 30 0 30 0 30 0 30 0 30 0 30 0 30 0 30 0 30 0 30 0 30 0 30 0 30
30 0 30 0 30 0 30 0 30 0 30 0 30 0 30 0 30 0 30 0 30 0 30 0 30 0 30 0 30 0
0 30 0 30 0 30 0 30 0 30 0 30 0 30 0 30 0 30 0 30 0 30 0 30 0 30 0 30 0 30
30 0 30 0 30 0 30 0 30 0 30 0 30 0 30 0 30 0 30 0 30 0 30 0 30 0 30 0 30 0
0 30 0 30 0 30 0 30 0 30 0 30 0 30 0 30 0 30 0 30 0 30 0 30 0 30 0 30 0 30
30 0 30 0 30 0 30 0 30 0 30 0 30 0 30 0 30 0 30 0 30 0 30 0 30 0 30 0 30 0
0 30 0 30 0 30 0 30 0 30 0 30 0 30 0 30 0 30 0 30 0 30 0 30 0 30 0 30 0 30
30 0 30 0 30 0 30 0 30 0 30 0 30 0 30 0 30 0 30 0 30 0 30 0 30 0 30 0 30 0
0 30 0 30 0 30 0 30 0 30 0 30 0 30 0 30 0 30 0 30 0 30 0 30 0 30 0 30 0 30
30 0 30 0 30 0 30 0 30 0 30 0 30 0 30 0 30 0 30 0 30 0 30 0 30 0 30 0 30 0
0 30 0 30 0 30 0 30 0 30 0 30 0 30 0 30 0 30 0 30 0 30 0 30 0 30 0 30 0 30
30 0 30 0 30 0 30 0 30 0 30 0 30 0 30 0 30 0 30 0 30 0 30 0 30 0 30 0 30 0
0 30 0 30 0 30 0 30 0 30 0 30 0 30 0 30 0 30 0 30 0 30 0 30 0 30 0 30 0 30
30 0 30 0 30 0 30 0 30 0 30 0 30 0 30 0 30 0 30 0 30 0 30 0 30 0 30 0 30 0
0 30 0 30 0 30 0 30 0 30 0 30 0 30 0 30 0 30 0 30 0 30 0 30 0 30 0 30 0 30
30 0 30 0 30 0 30 0 30 0 30 0 30 0 30 0 30 0 30 0 30 0 30 0 30 0 30 0 30 0
0 30 0 30 0 30 0 30 0 30 0 30 0 30 0 30 0 30 0 30 0 30 0 30 0 30 0 30 0 30
30 0 30 0 30 0 30 0 30 0 30 0 30 0 30 0 30 0 30 0 30 0 30 0 30 0 30 0 30 0
0 30 0 30 0 30 0 30 0 30 0 30 0 30 0 30 0 30 0 30 0 30 0 30 0 30 0 30 0 30
30 0 30 0 30 0 30 0 30 0 30 0 30 0 30 0 30 0 30 0 30 0 30 0 30 0 30 0 30 0
0 30 0 30 0 30 0 30 0 30 0 30 0 30 0 30 0 30 0 30 0 30 0 30 0 30 0 30 0 30
30 0 30 0 30 0 30 0 30 0 30 0 30 0 30 0 30 0 30 0 30 0 30 0 30 0 30 0 30 0
0 30 0 30 0 30 0 30 0 30 0 30 0 30 0 30 0 30 0 30 0 30 0 30 0 30 0 30 0 30
30 0 30 0 30 0 30 0 30 0 30 0 30 0 30 0 30 0 30 0 30 0 30 0 30 0 30 0 30 0
0 30 0 30 0 30 0 30 0 30 0 30 0 30 0 30 0 30 0 30 0 30 0 30 0 30 0 30 0 30
30 0 30 0 30 0 30 0 30 0 30 0 30 0 30 0 30 0 30 0 30 0 30 0 30 0 30 0 30 0
0 30 0 30 0 30 0 30 0 30 0 30 0 30 0 30 0 30 0 30 0 30 0 30 0 30 0 30 0 30
30 0 30 0 30 0 30 0 30 0 30 0 30 0 30 0 30 0 30 0 30 0 30 0 30 0 30 0 30 0
30 30 30 9
0 30 0 30 0 30 0 30 0 30 0 30 0 30 0 30 0 30 0 30 0 30 0 30 0 30 0 30 0 30
0 30 0 30 0 30 0 30 0 30 0 30 0 30 0 30 0 30 0 30 0 30 0 30 0 30 0 30 0 30
0 30 0 30 0 30 0 30 0 30 0 30 0 30 0 30 0 30 0 30 0 30 0 30 0 30 0 30 0 30
0 30 0 30 0 30 0 30 0 30 0 30 0 30 0 30 0 30 0 30 0 30 0 30 0 30 0 30 0 30
0 30 0 30 0 30 0 30 0 30 0 30 0 30 0 30 0 30 0 30 0 30 0 30 0 30 0 30 0 30
0 30 0 30 0 30 0 30 0 30 0 30 0 30 0 30 0 30 0 30 0 30 0 30 0 30 0 30 0 30
0 30 0 30 0 30 0 30 0 30 0 30 0 30 0 30 0 30 0 30 0 30 0 30 0 30 0 30 0 30
0 30 0 30 0 30 0 30 0 30 0 30 0 30 0 30 0 30 0 30 0 30 0 30 0 30 0 30 0 30
0 30 0 30 0 30 0 30 0 30 0 30 0 30 0 30 0 30 0 30 0 30 0 30 0 30 0 30 0 30
0 30 0 30 0 30 0 30 0 30 0 30 0 30 0 30 0 30 0 30 0 30 0 30 0 30 0 30 0 30
0 30 0 30 0 30 0 30 0 30 0 30 0 30 0 30 0 30 0 30 0 30 0 30 0 30 0 30 0 30
0 30 0 30 0 30 0 30 0 30 0 30 0 30 0 30 0 30 0 30 0 30 0 30 0 30 0 30 0 30
0 30 0 30 0 30 0 30 0 30 0 30 0 30 0 30 0 30 0 30 0 30 0 30 0 30 0 30 0 30
0 30 0 30 0 30 0 30 0 30 0 30 0 30 0 30 0 30 0 30 0 30 0 30 0 30 0 30 0 30
0 30 0 30 0 30 0 30 0 30 0 30 0 30 0 30 0 30 0 30 0 30 0 30 0 30 0 30 0 30
0 30 0 30 0 30 0 30 0 30 0 30 0 30 0 30 0 30 0 30 0 30 0 30 0 30 0 30 0 30
0 30 0 30 0 30 0 30 0 30 0 30 0 30 0 30 0 30 0 30 0 30 0 30 0 30 0 30 0 30
0 30 0 30 0 30 0 30 0 30 0 30 0 30 0 30 0 30 0 30 0 30 0 30 0 30 0 30 0 30
0 30 0 30 0 30 0 30 0 30 0 30 0 30 0 30 0 30 0 30 0 30 0 30 0 30 0 30 0 30
0 30 0 30 0 30 0 30 0 30 0 30 0 30 0 30 0 30 0 30 0 30 0 30 0 30 0 30 0 30
0 30 0 30 0 30 0 30 0 30 0 30 0 30 0 30 0 30 0 30 0 30 0 30 0 30 0 30 0 30
0 30 0 30 0 30 0 30 0 30 0 30 0 30 0 30 0 30 0 30 0 30 0 30 0 30 0 30 0 30
0 30 0 30 0 30 0 30 0 30 0 30 0 30 0 30 0 30 0 30 0 30 0 30 0 30 0 30 0 30
0 30 0 30 0 30 0 30 0 30 0 30 0 30 0 30 0 30 0 30 0 30 0 30 0 30 0 30 0 30
0 30 0 30 0 30 0 30 0 30 0 30 0 30 0 30 0 30 0 30 0 30 0 30 0 30 0 30 0 30
0 30 0 30 0 30 0 30 0 30 0 30 0 30 0 30 0 30 0 30 0 30 0 30 0 30 0 30 0 30
0 30 0 30 0 30 0 30 0 30 0 30 0 30 0 30 0 30 0 30 0 30 0 30 0 30 0 30 0 30
0 30 0 30 0 30 0 30 0 30 0 30 0 30 0 30 0 30 0 30 0 30 0 30 0 30 0 30 0 30
0 30 0 30 0 30 0 30 0 30 0 30 0 30 0 30 0 30 0 30 0 30 0 30 0 30 0 30 0 30
0 30 0 30 0 30 0 30 0 30 0 30 0 30 0 30 0 30 0 30 0 30 0 30 0 30 0 30 0 30
30 30 30 9
0 0 0 0 0 0 0 0 0 0 0 0 0 0 0 0 0 0 0 0 0 0 0 0 0 0 0 0 0 0
30 30 30 30 30 30 30 30 30 30 30 30 30 30 30 30 30 30 30 30 30 30 30 30 30 30 30 30 30 30
0 0 0 0 0 0 0 0 0 0 0 0 0 0 0 0 0 0 0 0 0 0 0 0 0 0 0 0 0 0
30 30 30 30 30 30 30 30 30 30 30 30 30 30 30 30 30 30 30 30 30 30 30 30 30 30 30 30 30 30
0 0 0 0 0 0 0 0 0 0 0 0 0 0 0 0 0 0 0 0 0 0 0 0 0 0 0 0 0 0
30 30 30 30 30 30 30 30 30 30 30 30 30 30 30 30 30 30 30 30 30 30 30 30 30 30 30 30 30 30
0 0 0 0 0 0 0 0 0 0 0 0 0 0 0 0 0 0 0 0 0 0 0 0 0 0 0 0 0 0
30 30 30 30 30 30 30 30 30 30 30 30 30 30 30 30 30 30 30 30 30 30 30 30 30 30 30 30 30 30
0 0 0 0 0 0 0 0 0 0 0 0 0 0 0 0 0 0 0 0 0 0 0 0 0 0 0 0 0 0
30 30 30 30 30 30 30 30 30 30 30 30 30 30 30 30 30 30 30 30 30 30 30 30 30 30 30 30 30 30
0 0 0 0 0 0 0 0 0 0 0 0 0 0 0 0 0 0 0 0 0 0 0 0 0 0 0 0 0 0
30 30 30 30 30 30 30 30 30 30 30 30 30 30 30 30 30 30 30 30 30 30 30 30 30 30 30 30 30 30
0 0 0 0 0 0 0 0 0 0 0 0 0 0 0 0 0 0 0 0 0 0 0 0 0 0 0 0 0 0
30 30 30 30 30 30 30 30 30 30 30 30 30 30 30 30 30 30 30 30 30 30 30 30 30 30 30 30 30 30
0 0 0 0 0 0 0 0 0 0 0 0 0 0 0 0 0 0 0 0 0 0 0 0 0 0 0 0 0 0
30 30 30 30 30 30 30 30 30 30 30 30 30 30 30 30 30 30 30 30 30 30 30 30 30 30 30 30 30 30
0 0 0 0 0 0 0 0 0 0 0 0 0 0 0 0 0 0 0 0 0 0 0 0 0 0 0 0 0 0
30 30 30 30 30 30 30 30 30 30 30 30 30 30 30 30 30 30 30 30 30 30 30 30 30 30 30 30 30 30
0 0 0 0 0 0 0 0 0 0 0 0 0 0 0 0 0 0 0 0 0 0 0 0 0 0 0 0 0 0
30 30 30 30 30 30 30 30 30 30 30 30 30 30 30 30 30 30 30 30 30 30 30 30 30 30 30 30 30 30
0 0 0 0 0 0 0 0 0 0 0 0 0 0 0 0 0 0 0 0 0 0 0 0 0 0 0 0 0 0
30 30 30 30 30 30 30 30 30 30 30 30 30 30 30 30 30 30 30 30 30 30 30 30 30 30 30 30 30 30
0 0 0 0 0 0 0 0 0 0 0 0 0 0 0 0 0 0 0 0 0 0 0 0 0 0 0 0 0 0
30 30 30 30 30 30 30 30 30 30 30 30 30 30 30 30 30 30 30 30 30 30 30 30 30 30 30 30 30 30
0 0 0 0 0 0 0 0 0 0 0 0 0 0 0 0 0 0 0 0 0 0 0 0 0 0 0 0 0 0
30 30 30 30 30 30 30 30 30 30 30 30 30 30 30 30 30 30 30 30 30 30 30 30 30 30 30 30 30 30
0 0 0 0 0 0 0 0 0 0 0 0 0 0 0 0 0 0 0 0 0 0 0 0 0 0 0 0 0 0
30 30 30 30 30 30 30 30 30 30 30 30 30 30 30 30 30 30 30 30 30 30 30 30 30 30 30 30 30 30
0 0 0 0 0 0 0 0 0 0 0 0 0 0 0 0 0 0 0 0 0 0 0 0 0 0 0 0 0 0
30 30 30 30 30 30 30 30 30 30 30 30 30 30 30 30 30 30 30 30 30 30 30 30 30 30 30 30 30 30
30 30 1 9
1 0 0 1 1 0 1 1 1 0 1 1 1 1 1 1 0 1 0 0 1 0 0 1 0 1 0 1 0 1
0 0 0 1 0 1 1 1 0 0 0 1 0 1 0 1 1 0 0 0 0 0 1 1 0 0 1 1 0 1
0 0 0 1 0 0 1 0 1 1 1 0 0 1 0 1 1 0 0 0 0 1 1 0 0 0 0 1 1 1
0 1 1 0 1 1 0 0 0 0 0 1 0 0 1 0 1 0 0 1 0 0 0 0 1 0 1 1 1 0
0 0 0 1 1 0 1 1 0 1 0 1 0 1 0 1 1 0 1 1 1 0 0 0 1 0 0 0 0 0
1 0 1 1 1 0 0 1 0 1 1 1 0 1 0 0 0 0 0 1 0 1 0 1 1 1 0 1 0 1
1 1 0 1 1 0 0 1 0 0 0 1 0 0 1 0 1 1 1 0 1 0 0 1 1 1 1 1 0 1
0 1 1 1 1 0 0 1 0 1 0 0 1 0 0 0 1 1 0 0 0 0 0 0 1 1 0 0 0 0
1 1 0 0 0 1 1 0 0 0 1 0 0 0 1 0 0 1 0 0 0 1 1 0 0 1 0 1 0 0
0 1 1 1 1 1 1 1 0 0 0 0 1 1 0 0 1 0 1 0 0 0 1 1 0 0 1 1 0 0
1 1 1 0 1 1 0 1 0 0 1 0 1 1 1 1 0 1 1 1 0 1 0 1 1 1 1 0 1 0
1 0 1 1 1 0 1 0 0 0 0 0 0 1 1 1 0 1 0 0 0 0 1 1 0 1 0 0 0 0
1 0 1 1 1 0 1 0 1 1 0 1 0 0 0 0 0 0 1 1 0 1 0 0 0 1 0 0 1 1
1 0 1 0 0 0 1 0 0 0 1 1 0 1 1 1 0 0 0 1 1 1 1 1 1 1 0 0 1 0
1 1 0 0 1 1 0 1 0 1 1 1 1 0 0 0 0 0 0 0 1 1 0 0 0 0 0 0 0 1
1 1 0 1 1 1 1 1 1 1 1 0 0 0 0 0 1 0 1 0 1 1 0 0 0 1 1 0 0 1
0 0 0 0 0 1 1 1 0 1 1 0 1 0 1 0 0 1 1 0 1 0 0 0 1 1 1 0 0 1
0 0 1 1 1 1 1 1 1 0 0 0 0 1 0 0 1 0 0 1 0 1 1 0 0 1 1 0 0 1
1 0 1 0 1 1 0 1 0 1 1 1 1 0 0 1 0 1 1 0 0 1 0 1 1 0 1 1 1 0
0 1 1 0 1 1 1 1 0 0 1 1 1 0 1 1 1 0 0 0 0 0 0 1 1 0 1 1 0 1
0 0 1 0 0 1 0 0 1 1 1 0 1 1 1 0 0 1 0 0 0 0 0 1 0 0 1 0 0 0
1 0 1 0 1 0 0 0 1 1 1 1 0 0 0 0 0 1 0 0 1 1 1 0 0 0 1 1 1 0
1 1 1 0 1 0 1 1 0 1 0 0 1 1 1 1 0 0 0 0 0 1 0 0 1 0 1 0 0 1
0 1 0 0 0 0 0 1 1 0 1 0 0 0 0 0 0 0 0 0 0 0 0 1 1 0 1 0 0 1
0 0 0 0 1 1 1 1 0 0 1 1 0 0 0 0 1 0 1 0 0 1 0 1 1 1 1 0 0 0
0 0 1 0 0 1 1 1 1 0 1 0 0 0 1 1 1 1 0 1 0 1 1 0 1 1 1 1 0 0
1 1 0 0 1 1 0 0 1 0 0 0 1 1 0 1 1 0 1 0 1 1 1 0 1 1 1 1 1 1
1 0 1 0 1 0 0 1 0 0 0 0 0 1 0 0 0 0 1 1 1 0 1 0 1 0 0 1 0 0
1 0 1 1 1 1 0 1 1 0 1 1 0 1 1 1 1 0 1 0 1 1 1 1 0 0 0 1 0 0
1 1 0 1 0 0 1 0 1 1 0 0 1 0 1 1 1 1 0 1 1 1 0 0 0 1 1 1 1 0
20 8 18 9
10 1 14 0 14 16 14 6
3 7 13 12 11 7 17 3
16 1 3 3 8 0 16 14
18 11 16 9 7 5 14 14
0 4 5 1 12 9 2 5
0 8 10 9 10 3 15 10
16 8 11 7 8 7 8 15
3 15 1 6 0 6 12 5
4 6 14 2 9 10 9 7
0 6 3 3 6 1 8 2
11 4 5 12 9 8 7 14
15 18 16 0 0 6 9 17
18 16 8 12 16 13 7 4
4 6 3 16 1 4 9 11
16 13 12 9 9 16 0 18
6 3 4 10 13 3 7 12
2 3 14 17 14 10 12 6
13 1 5 3 7 6 13 15
15 3 16 16 17 3 2 0
10 2 4 11 13 10 8 8
26 9 14 9
14 5 6 4 4 1 11 8 10
11 9 5 12 14 6 1 0 1
8 9 10 3 10 3 0 6 6
10 12 13 1 2 0 4 13 1
1 1 7 10 9 4 10 14 2
3 10 9 12 5 10 8 10 12
0 10 1 3 14 1 2 12 0
7 9 13 11 9 4 11 7 13
3 8 10 3 5 0 10 14 1
7 9 10 11 0 12 0 11 5
0 8 3 4 0 7 6 10 13
6 0 2 5 11 7 13 12 2
11 14 0 11 13 4 8 10 2
2 0 7 0 5 8 7 12 11
9 13 0 8 5 1 0 0 0
8 12 10 4 11 10 10 10 2
6 10 9 13 8 0 10 4 7
12 2 8 0 3 6 9 0 3
9 0 4 9 3 14 14 7 8
12 2 2 6 13 4 6 10 8
13 13 11 12 3 2 6 5 4
14 5 9 11 4 6 7 2 10
3 6 14 13 8 10 10 14 13
13 5 3 11 10 13 7 8 8
3 2 9 12 3 12 5 6 2
13 14 12 9 5 1 8 6 12
10 9 4 9
1 3 0 1 3 3 4 2 3
3 2 4 0 1 3 2 4 4
4 3 2 2 2 2 0 0 2
0 1 2 4 4 3 1 0 0
3 4 1 2 4 3 3 4 1
3 4 3 0 4 3 4 4 3
3 2 1 1 2 2 4 0 1
3 4 1 0 1 2 0 2 4
0 0 2 4 0 2 1 3 2
1 2 0 0 1 4 4 4 4
13 2 26 9
17 9
23 18
15 8
23 4
7 7
1 13
10 6
1 6
9 16
13 9
21 17
21 10
25 12
24 27 28 9
2 20 15 22 23 13 1 3 9 7 7 0 13 27 0 6 22 21 20 28 8 13 5 24 19 5 19
7 26 12 9 6 10 8 23 27 13 16 26 17 8 26 13 21 4 11 14 15 28 28 14 8 2 20
10 25 20 13 22 9 24 5 1 27 10 25 1 10 11 28 13 12 20 0 28 7 1 6 6 22 23
16 21 21 19 5 7 0 11 16 26 20 18 6 12 25 18 4 24 13 3 28 3 5 18 24 11 25
17 28 23 20 20 27 4 7 14 7 15 16 19 15 21 9 9 25 1 28 16 9 17 14 9 6 8
25 6 27 22 20 14 11 11 15 0 10 9 0 16 14 13 9 0 7 9 0 4 8 12 7 9 24
25 10 24 10 10 22 3 14 24 3 27 6 7 20 16 12 28 25 24 2 23 3 15 9 10 20 16
26 21 19 1 16 24 4 6 15 2 16 12 26 11 18 26 20 14 21 5 22 18 13 15 4 26 4
13 18 19 10 1 18 14 18 4 16 22 4 13 7 2 28 5 8 3 20 24 25 28 11 15 1 11
16 16 2 12 3 12 21 3 1 0 26 25 27 10 3 3 28 21 1 15 26 10 26 24 13 16 0
5 18 14 18 0 0 13 2 22 0 5 26 25 19 17 28 19 17 18 16 22 23 18 2 26 18 7
23 0 14 4 1 3 3 20 6 5 13 22 17 5 16 4 13 14 26 22 19 24 12 25 3 5 15
24 25 13 4 22 19 7 23 22 10 21 12 21 27 4 9 4 24 15 6 6 28 20 27 18 24 12
22 7 13 25 14 17 9 17 0 23 9 19 26 9 8 26 19 25 5 2 16 17 7 25 6 18 2
20 22 24 13 13 14 19 7 21 19 1 8 13 12 13 22 26 27 16 1 15 18 2 24 24 10 7
7 24 3 9 20 8 12 27 2 14 12 15 22 0 17 10 8 10 4 4 22 17 28 23 12 19 17
17 24 3 26 11 25 10 3 16 21 1 12 28 10 17 26 19 4 14 3 18 28 16 25 3 6 18
10 17 2 27 14 22 11 20 11 1 23 5 0 8 19 2 17 15 20 15 14 12 19 11 2 4 19
28 13 23 11 12 22 20 7 5 24 6 15 24 28 11 22 28 4 10 20 10 1 20 24 3 8 18
13 17 15 21 22 18 8 8 15 11 5 10 20 11 5 26 18 12 8 4 5 12 22 19 6 18 12
25 2 13 21 27 15 15 14 17 2 20 12 13 18 17 20 20 20 27 4 8 15 24 6 14 15 18
7 10 21 3 6 16 28 3 6 4 21 22 21 11 28 14 25 11 25 8 16 8 11 15 21 10 22
9 12 7 17 3 20 10 23 24 28 27 6 5 7 27 18 23 16 19 18 14 14 6 9 3 1 27
23 22 23 24 8 10 4 21 2 22 25 11 2 20 10 5 7 26 0 27 0 10 8 21 27 7 23
27 30 17 9
3 2 17 16 0 2 16 8 6 15 14 2 3 8 12 4 2 0 16 3 15 3 2 7 9 15 9 2 17 1
0 0 16 16 16 13 3 3 3 6 4 13 17 17 16 16 6 8 14 3 14 11 12 16 3 6 1 14 3 14
2 0 12 2 5 1 17 13 8 7 14 6 13 11 11 10 2 12 1 7 2 1 0 2 5 1 1 14 16 4
6 3 8 3 10 9 8 11 17 11 11 13 0 9 4 4 8 11 6 8 14 15 7 1 4 14 0 16 15 7
17 14 17 14 14 0 1 9 6 8 10 3 5 15 0 7 5 14 3 13 0 3 10 9 9 11 1 4 14 14
17 1 12 4 1 6 0 4 4 2 1 6 13 14 4 4 2 4 12 8 6 0 5 8 16 6 10 4 1 10
4 3 13 13 1 10 16 6 15 8 16 10 9 9 7 2 17 4 7 4 0 3 9 6 12 14 4 8 3 4
14 3 16 1 3 6 6 13 13 6 8 6 9 5 1 14 9 17 0 13 5 3 5 17 15 17 11 5 11 15
8 9 1 16 6 15 1 14 4 6 1 3 14 10 3 14 2 0 4 1 14 9 15 16 2 7 11 15 1 0
8 0 8 9 7 17 6 9 17 15 5 16 3 11 6 3 4 11 2 2 14 13 4 7 2 16 6 12 15 4
17 5 4 13 9 8 17 5 3 12 16 13 17 17 3 1 14 0 6 11 14 8 15 6 16 4 13 15 3 1
17 5 9 2 4 5 0 3 17 2 14 4 1 15 0 12 12 10 0 5 11 11 14 0 4 1 11 10 17 13
10 4 7 15 13 11 1 13 13 13 6 6 14 2 17 14 8 10 13 11 10 11 4 16 3 14 14 17 1 5
9 13 14 10 4 9 5 6 14 10 4 1 13 8 3 7 13 2 4 3 9 3 11 0 8 7 6 16 16 6
13 10 13 12 2 7 2 15 5 9 13 2 6 6 4 3 4 13 4 12 17 3 14 9 15 11 17 10 17 8
7 4 10 4 0 0 5 6 9 11 17 14 2 12 6 8 6 8 17 16 4 10 7 9 8 13 15 2 14 8
1 4 15 7 6 1 3 17 8 16 8 16 10 13 14 1 10 11 6 1 11 10 12 1 9 11 8 15 10 12
10 5 5 13 4 15 12 7 0 12 9 16 4 10 8 1 9 6 7 1 7 10 7 14 9 9 11 8 6 16
15 8 5 8 17 14 0 8 0 2 10 1 11 8 0 3 7 13 1 13 4 9 1 15 3 13 11 2 3 15
14 14 1 12 12 5 1 7 15 8 10 8 15 11 6 6 0 17 0 9 0 11 11 15 3 12 12 3 17 6
10 8 16 1 10 4 13 0 15 8 6 2 12 15 13 1 3 11 11 12 4 5 16 13 3 11 15 6 13 12
15 10 6 14 5 1 10 0 5 12 17 9 14 13 7 12 4 16 2 1 16 0 8 8 5 6 9 14 0 5
12 12 1 3 17 4 16 1 14 9 4 16 4 12 1 5 3 3 5 4 6 7 6 9 5 14 11 2 7 17
10 2 14 2 6 2 7 12 12 12 12 5 7 17 2 17 15 16 4 7 15 13 4 16 2 0 13 7 10 15
14 0 8 16 16 11 11 9 7 13 5 4 4 5 13 3 10 16 5 8 7 17 0 5 3 8 10 12 17 16
9 10 12 10 11 7 13 2 16 11 4 4 5 15 1 4 2 10 13 5 4 13 1 15 3 16 8 10 14 13
6 15 11 15 16 13 0 12 17 12 5 17 13 10 16 9 6 2 14 0 12 11 13 10 4 12 6 2 9 16
28 30 1 9
0 1 1 1 0 0 1 0 0 1 0 0 1 1 0 1 0 1 1 0 1 1 1 1 1 0 0 0 0 1
0 0 0 0 1 0 0 0 0 0 1 0 1 0 0 0 1 0 1 0 0 1 1 1 1 1 0 1 1 0
0 0 0 0 1 0 1 0 1 1 0 0 0 0 0 0 0 0 1 1 0 1 1 0 0 1 1 0 0 1
1 1 0 0 0 1 0 1 1 0 1 1 0 1 0 1 1 0 0 1 1 1 0 1 1 1 0 1 1 1
1 1 0 1 1 1 1 0 1 0 0 1 0 0 0 0 0 1 1 0 1 0 0 0 0 0 1 0 0 1
0 0 1 0 0 0 0 0 0 0 0 1 0 1 0 1 1 0 0 1 1 0 0 1 1 0 0 1 0 0
1 1 0 1 1 0 1 1 1 1 0 0 1 0 0 0 0 0 0 0 1 0 1 1 1 1 0 0 1 1
1 0 1 0 0 1 0 1 0 0 0 0 1 1 0 0 1 1 0 0 0 1 1 0 0 0 0 0 1 1
1 1 0 0 1 1 1 0 1 1 0 0 0 0 1 0 0 1 1 1 1 0 0 1 0 0 1 1 1 1
1 0 0 0 1 1 1 1 1 0 0 0 0 0 1 1 0 1 1 1 1 1 1 1 0 1 1 0 1 0
0 1 0 1 1 1 1 0 0 1 1 1 1 1 0 0 0 1 0 1 1 0 0 0 1 1 1 1 1 1
0 0 1 1 1 0 1 0 0 0 1 1 1 0 0 0 0 0 1 0 1 0 1 1 1 1 1 0 0 0
0 0 0 0 0 1 0 1 1 1 0 0 1 1 1 0 1 0 1 0 1 0 0 1 1 1 1 1 0 0
0 0 0 1 1 1 0 1 0 0 0 0 0 1 1 1 1 0 1 0 0 0 1 0 0 0 1 1 1 0
1 1 1 0 1 1 1 0 1 0 1 1 0 1 1 1 0 1 1 0 1 0 0 1 0 1 0 1 1 0
0 0 1 0 1 1 0 0 0 1 1 0 1 1 0 1 1 0 0 0 1 0 1 0 0 1 1 0 0 0
0 0 0 1 0 0 1 1 1 0 1 0 1 0 1 0 0 1 1 1 1 0 1 0 1 0 1 1 0 0
1 1 1 1 1 0 1 1 1 1 0 1 0 0 0 1 0 0 1 1 0 0 0 0 1 1 1 0 1 0
1 0 1 0 0 0 0 0 1 0 1 0 0 1 1 1 0 0 0 1 1 1 0 1 0 0 0 1 0 0
0 0 0 1 0 0 1 0 0 0 1 1 0 0 1 1 1 1 1 0 1 0 0 1 1 1 1 0 1 1
0 1 0 0 0 0 0 1 0 1 1 0 0 1 0 0 0 1 1 0 1 1 1 0 0 0 0 0 1 0
0 0 1 0 1 0 1 0 1 1 1 1 1 1 0 1 0 0 1 1 1 0 0 1 1 1 0 0 0 0
1 1 1 0 0 1 1 1 0 1 0 1 0 0 0 0 0 1 1 0 1 0 0 0 0 0 0 1 0 0
0 0 0 1 0 1 0 0 0 0 1 1 1 1 0 1 0 0 0 1 1 1 1 0 0 1 0 1 0 0
0 0 0 1 0 0 1 0 0 1 1 0 0 0 0 1 0 1 0 1 1 1 1 1 1 1 1 1 1 1
1 0 1 0 0 1 1 0 0 1 0 0 1 0 1 0 0 0 0 0 0 0 0 1 0 1 1 0 0 0
1 0 0 0 0 0 0 0 1 1 0 1 0 1 0 0 1 0 0 0 1 0 0 0 1 0 1 1 1 0
0 0 0 0 1 1 0 0 0 0 0 1 1 0 0 0 0 1 0 0 0 1 0 1 0 0 0 1 1 0
30 29 25 9
8 9 11 25 4 4 9 12 14 0 17 25 19 22 1 5 14 22 19 5 12 24 21 5 24 5 24 7 17
11 6 15 13 13 11 22 7 14 13 13 0 23 16 7 14 23 20 20 6 24 5 4 10 9 5 13 9 5
18 16 15 11 12 14 25 6 8 24 16 10 24 9 0 2 4 10 15 22 10 3 20 7 24 2 3 19 9
20 9 16 6 5 13 25 10 9 6 23 16 10 19 12 0 12 19 5 15 20 16 1 10 23 19 23 12 4
10 15 16 21 22 6 18 12 4 19 14 5 6 19 8 21 0 15 19 5 15 2 0 0 14 10 2 16 0
7 23 23 8 25 20 6 7 13 0 1 21 13 2 23 14 2 21 10 19 25 23 24 17 12 0 18 13 18
19 13 3 4 4 3 0 3 23 10 7 17 2 11 9 24 0 8 19 22 24 20 12 24 15 2 6 13 10
8 9 22 20 19 19 21 22 19 5 10 24 19 9 19 7 1 15 13 1 7 22 22 14 7 23 9 22 10
22 20 17 9 0 6 0 10 16 13 11 14 19 16 12 11 2 18 15 3 21 7 5 6 8 19 6 3 2
16 12 6 2 8 4 11 12 17 14 21 3 11 12 12 9 12 13 12 15 20 25 21 13 6 25 0 22 8
1 8 8 20 3 19 8 22 23 14 9 15 13 20 6 22 3 0 2 6 25 1 0 15 12 5 0 1 20
8 13 19 23 24 10 7 23 25 9 10 7 8 1 19 25 8 20 0 9 6 13 9 0 15 25 21 2 15
5 22 12 17 6 3 12 12 15 10 14 15 23 19 12 21 4 17 25 10 19 25 17 18 24 0 4 11 9
15 19 21 23 7 8 22 16 19 22 19 14 1 25 18 15 25 16 12 7 6 0 4 12 10 16 2 21 16
6 17 6 4 9 6 1 19 4 11 20 17 13 9 20 0 22 7 0 23 2 11 0 5 17 1 22 5 13
8 16 3 18 1 17 24 5 4 22 1 14 10 19 2 21 0 8 8 21 18 24 5 25 25 16 19 17 1
25 13 3 8 24 16 9 19 19 18 4 25 22 25 16 23 8 15 22 5 14 4 16 4 18 3 20 12 11
17 11 20 6 19 23 20 22 24 9 11 1 3 3 17 16 0 21 6 1 13 4 25 7 5 25 4 4 11
11 4 22 15 11 13 7 4 7 8 15 3 22 12 22 9 14 10 14 3 8 2 1 6 1 19 12 24 10
25 3 23 19 22 20 0 20 9 8 3 18 17 19 5 14 23 8 14 14 24 19 3 13 15 7 23 16 21
7 18 18 8 7 24 8 24 17 23 16 19 2 5 12 18 15 17 20 3 2 2 2 19 14 8 1 7 8
22 1 0 19 12 12 11 12 3 20 15 5 0 19 4 1 1 15 2 19 14 5 11 18 25 17 25 4 13
2 15 16 20 24 20 1 17 20 9 3 17 18 25 19 1 6 0 15 9 11 6 19 18 16 20 4 0 19
19 18 5 20 10 0 16 20 3 23 7 1 0 19 10 25 6 8 9 0 2 6 21 22 25 22 20 15 17
17 6 2 15 9 4 10 7 20 0 14 24 3 10 4 7 12 15 8 7 19 11 19 1 25 4 16 8 3
21 25 19 18 14 8 15 17 23 11 24 22 20 4 0 16 18 21 2 13 10 13 15 11 16 19 21 14 15
6 21 14 10 25 8 10 19 5 9 18 7 10 22 14 22 18 2 21 19 5 4 11 18 19 8 16 19 7
23 7 16 14 21 5 8 20 2 25 18 20 23 4 10 17 16 19 16 5 13 3 24 25 5 13 14 11 2
5 11 7 7 15 13 0 15 0 24 4 18 6 10 22 12 3 5 17 7 4 22 21 16 1 3 3 6 12
16 20 10 14 25 3 20 20 24 7 19 13 1 19 19 9 14 4 24 6 25 17 25 23 19 18 1 5 16
30 27 23 9
5 14 17 9 8 17 2 10 8 13 16 0 19 4 23 3 2 21 11 7 7 11 8 18 12 10 13
20 0 13 11 3 5 23 13 15 19 10 0 11 16 1 11 8 12 1 14 23 11 13 17 18 11 15
9 1 10 15 6 7 1 0 7 10 13 4 14 19 12 16 9 5 3 7 15 2 6 6 4 21 22
14 21 9 12 12 13 1 9 1 3 5 3 10 3 18 10 2 10 23 4 16 5 13 7 14 6 4
1 23 1 6 15 7 10 13 15 10 13 9 23 18 15 4 19 23 22 4 17 12 17 22 0 18 5
6 22 9 6 22 16 18 23 18 22 6 3 9 3 7 20 7 1 22 8 16 14 3 16 16 14 1
21 13 15 23 0 14 1 18 22 7 7 2 10 1 17 4 0 17 15 18 19 23 13 10 9 6 15
21 20 16 10 11 2 7 10 7 8 19 2 7 7 2 17 3 13 0 15 2 20 2 15 13 10 10
14 20 20 12 17 0 2 19 17 10 5 22 17 6 18 4 23 9 13 8 23 9 6 2 22 13 0
16 3 7 20 8 6 19 1 10 2 1 17 6 3 20 1 23 8 22 2 0 1 11 6 1 3 19
12 9 9 4 14 11 16 12 17 12 7 16 16 14 15 7 22 16 10 6 6 23 22 4 7 0 15
5 15 11 9 13 1 13 12 10 16 3 15 10 6 19 15 3 7 19 14 7 6 14 11 7 16 18
15 18 5 1 19 2 3 5 18 21 10 1 20 16 7 15 7 15 7 21 18 3 18 19 5 2 2
10 16 3 20 4 7 19 0 19 5 20 8 22 15 1 8 19 5 6 14 11 14 20 5 21 2 1
14 2 9 13 17 3 0 3 3 10 4 7 16 19 2 23 14 19 9 14 16 22 2 22 9 5 4
23 0 10 4 20 10 1 8 5 3 9 16 23 20 1 12 2 7 17 0 23 5 8 11 13 7 18
10 1 14 19 21 10 19 18 21 15 1 13 0 13 18 3 8 3 22 6 11 17 19 11 11 9 22
16 18 19 3 14 13 21 5 13 14 6 13 19 19 21 18 11 12 6 19 13 12 18 19 0 12 6
2 21 0 22 3 7 23 22 16 15 5 23 23 13 13 22 13 5 15 13 16 13 16 17 11 10 3
15 22 0 23 20 16 13 13 20 10 3 18 12 3 9 18 0 4 5 5 12 2 2 11 2 14 11
19 2 19 22 7 17 21 3 1 22 20 18 16 19 20 12 4 0 0 23 5 9 11 10 2 1 23
18 11 5 22 3 9 21 21 6 10 14 4 7 5 4 10 18 3 2 5 10 23 6 12 8 4 3
1 8 3 20 11 15 20 8 11 6 16 4 19 19 20 19 5 16 15 15 22 21 10 9 16 9 21
9 17 0 6 5 10 3 11 23 13 13 7 8 1 7 23 20 13 19 6 8 3 11 0 19 18 15
15 1 21 14 23 18 10 8 21 4 16 21 10 6 8 21 0 23 21 23 15 22 17 6 11 14 10
7 3 5 20 23 12 13 8 9 8 17 22 15 8 19 20 8 4 12 0 1 22 0 10 10 7 1
8 10 0 19 1 16 23 13 9 19 17 6 11 2 0 5 20 2 14 3 18 14 7 9 23 9 19
15 5 17 10 8 12 22 14 2 15 1 18 6 1 20 21 10 6 4 10 11 20 2 7 3 10 14
15 6 23 5 21 23 17 19 10 17 16 21 13 13 4 17 19 4 2 19 20 6 14 14 3 19 7
18 6 10 6 18 8 18 20 11 20 7 7 22 8 17 5 1 8 2 17 7 15 6 15 13 15 4
30 30 14 9
6 2 13 2 13 10 3 10 6 5 13 9 0 11 14 1 2 12 2 14 9 12 0 12 3 6 2 11 5 0
14 11 13 5 9 1 0 8 0 10 14 4 5 1 3 10 13 4 4 2 10 9 0 2 9 11 5 13 10 11
8 2 0 10 7 1 1 1 1 8 9 14 2 4 8 7 4 13 7 5 5 12 8 4 7 13 0 1 6 7
8 8 11 0 0 8 7 0 6 4 4 1 4 11 14 6 14 4 12 6 11 11 14 11 13 12 13 6 5 10
11 3 5 1 8 1 10 8 4 13 5 14 12 14 10 12 0 7 0 14 3 10 8 2 6 0 7 9 12 10
14 0 0 10 0 3 12 7 7 2 5 8 12 7 1 6 9 14 3 10 1 9 1 13 5 4 0 1 12 8
14 13 13 2 12 13 9 10 2 5 4 6 0 4 10 12 12 11 2 13 13 4 8 2 5 7 6 2 9 11
6 9 4 6 2 4 9 8 6 3 4 4 13 4 6 12 7 12 8 3 1 1 12 10 4 13 0 10 9 14
2 2 1 2 4 3 9 3 11 4 2 14 11 0 11 7 12 5 3 13 9 6 3 9 12 4 3 1 10 9
13 14 14 12 0 4 5 13 0 11 9 9 11 1 6 8 14 11 0 10 4 4 3 10 8 14 9 12 0 6
9 14 14 12 6 11 3 3 13 8 14 12 1 13 14 8 6 2 10 9 6 2 6 4 4 7 1 5 12 1
7 12 4 8 1 4 0 13 6 9 14 7 3 0 9 12 9 2 2 9 13 9 8 6 11 10 0 3 11 11
7 14 2 1 4 5 11 0 5 1 3 6 10 7 14 4 8 6 3 11 9 4 7 2 8 1 12 6 2 8
1 6 14 9 11 0 6 12 6 3 3 8 8 0 5 1 13 10 12 12 5 14 4 11 8 8 3 5 4 9
11 7 3 10 5 4 14 5 4 12 0 5 9 10 2 0 11 2 4 14 6 11 2 4 1 0 1 12 6 3
13 6 4 10 14 12 14 0 9 8 9 8 8 6 10 8 3 6 4 2 2 14 6 12 11 4 13 3 3 8
10 12 5 11 11 2 10 11 8 7 2 14 4 2 4 14 9 9 10 1 4 11 8 14 8 0 9 9 6 11
12 11 10 0 3 4 14 11 3 10 2 11 3 3 5 6 2 5 11 6 0 12 8 1 4 3 14 5 14 8
13 10 14 6 6 2 12 13 0 9 8 1 14 0 11 7 4 6 0 9 6 10 8 9 3 14 12 4 3 3
5 3 13 7 7 1 10 4 13 13 7 4 11 3 9 3 2 14 7 1 1 14 10 2 6 3 11 10 13 1
2 1 4 13 12 7 0 14 0 10 4 6 8 8 7 9 7 10 1 2 2 0 7 1 7 7 2 0 12 0
0 0 12 7 7 5 14 14 3 7 10 10 1 6 12 4 1 8 7 10 2 10 1 0 7 1 3 4 6 7
12 4 13 12 13 13 4 9 3 2 0 0 5 12 10 9 12 10 2 4 1 14 4 10 7 1 4 4 10 1
12 2 3 9 6 7 13 13 13 14 1 1 10 13 1 6 2 14 14 13 9 3 8 0 3 6 9 9 4 13
6 2 5 8 3 12 1 0 4 4 12 14 10 11 10 14 12 13 13 6 6 4 10 4 3 4 6 13 3 3
1 9 8 11 4 13 13 9 0 0 2 8 7 4 12 2 6 2 12 0 13 7 10 8 12 6 10 6 3 2
7 14 1 8 6 13 2 2 7 9 10 1 4 14 6 13 12 6 0 4 7 5 0 8 6 3 4 11 9 7
7 2 13 5 14 4 12 9 13 6 4 14 7 6 5 9 6 11 10 11 2 10 13 2 13 1 6 1 0 11
12 14 11 0 0 2 7 9 6 12 11 14 6 0 14 0 9 5 6 12 14 2 7 13 12 0 13 12 7 11
5 1 6 9 6 12 9 3 12 0 7 3 8 5 12 5 7 3 3 11 14 12 7 8 11 4 14 8 13 8
30 30 30 9
18 4 8 27 1 1 7 21 25 1 15 8 23 30 11 4 20 21 13 1 30 13 4 22 22 10 3 22 12 25
22 21 28 17 6 23 28 1 14 6 12 21 5 4 6 22 24 14 10 2 24 17 23 16 0 7 15 22 28 16
7 23 29 12 13 26 21 26 1 7 9 29 4 12 12 2 2 2 28 23 25 19 12 1 13 8 23 24 18 20
25 10 17 23 16 2 16 3 18 14 24 5 1 29 3 23 29 8 4 7 16 14 16 18 21 13 2 30 0 17
19 19 7 13 13 22 17 9 16 25 8 3 23 10 4 2 8 19 2 19 17 9 19 19 29 9 20 24 12 9
21 24 25 16 1 15 14 28 7 28 25 8 30 8 14 1 4 19 8 28 30 23 10 26 15 6 2 11 5 4
19 12 3 23 26 13 13 8 26 22 16 4 27 19 12 3 10 22 3 20 6 17 9 28 10 16 18 13 12 1
1 1 1 21 25 10 26 29 8 2 30 16 16 25 28 19 14 4 1 19 5 24 29 2 16 12 21 3 19 5
24 3 22 21 25 14 7 2 18 5 8 26 30 18 14 18 23 12 18 29 12 25 15 28 4 27 3 0 28 8
30 3 9 16 20 26 12 18 4 20 10 19 15 24 29 0 25 20 22 2 10 23 3 10 3 2 27 30 5 0
1 15 19 5 17 28 12 6 4 29 21 29 11 20 17 8 25 27 9 18 20 2 10 10 17 26 19 24 8 4
21 28 9 20 20 2 7 29 5 18 19 26 16 16 13 2 27 0 30 28 18 20 6 22 26 27 16 15 20 0
4 11 1 4 12 9 15 30 5 25 26 4 5 30 24 6 6 9 7 0 7 21 16 10 16 9 5 13 29 11
2 14 12 26 13 29 30 3 24 2 30 15 6 30 25 5 25 26 21 15 21 18 21 2 6 19 7 7 6 26
8 22 18 28 22 18 4 11 6 9 25 16 1 19 24 4 6 15 5 22 8 26 9 27 26 3 5 11 24 0
17 26 14 2 1 12 5 7 6 19 18 9 2 25 0 10 20 8 5 11 23 6 11 18 6 8 19 24 13 6
25 29 6 19 7 5 24 23 10 15 12 10 25 18 27 9 17 11 19 16 3 4 15 28 1 8 26 0 2 2
23 19 24 8 2 21 1 20 16 19 2 16 0 18 18 1 15 22 9 21 11 0 29 2 8 12 13 5 23 18
22 24 18 21 16 7 8 21 12 0 30 11 9 15 3 21 29 2 27 27 23 25 5 29 30 24 20 14 8 2
19 16 12 15 9 23 24 16 4 9 20 28 26 22 28 13 7 11 12 11 8 9 25 4 5 12 19 11 30 26
24 13 6 15 23 9 23 8 16 25 5 12 22 6 4 10 22 8 5 25 4 16 0 1 30 9 28 5 10 29
22 23 23 8 14 23 21 27 7 11 13 28 30 15 3 10 23 13 7 23 3 11 7 13 10 6 16 17 4 1
8 10 10 20 27 0 19 6 17 26 19 24 19 4 16 17 27 15 6 30 14 14 24 9 3 14 20 4 16 23
29 1 6 17 9 2 8 23 6 14 6 0 12 7 24 4 29 22 0 7 13 7 24 24 1 8 12 15 24 8
0 10 5 3 6 25 19 22 2 0 10 8 6 2 14 24 25 25 22 24 14 21 25 12 21 25 30 11 30 0
22 21 2 7 13 11 6 13 20 19 17 18 19 22 9 2 6 21 2 5 23 19 21 5 7 2 2 7 6 25
21 18 21 27 29 4 2 9 1 21 28 21 14 20 16 19 23 24 19 5 7 8 1 25 23 15 8 30 19 12
28 27 10 27 10 4 21 29 22 5 19 5 14 7 7 7 8 8 19 7 18 19 12 28 18 24 17 24 19 15
1 26 10 12 10 19 16 13 23 26 12 8 24 10 19 4 10 17 14 12 26 29 10 26 14 24 20 1 0 24
13 3 5 2 13 9 24 26 8 19 2 7 19 6 17 11 1 6 27 10 2 21 6 15 17 16 13 10 26 21
30 30 30 9
0 21 26 6 4 12 19 25 27 20 9 19 28 21 5 14 28 13 7 1 1 12 20 3 9 8 7 16 15 23
24 4 12 18 8 6 14 1 8 23 9 21 24 14 10 26 21 7 4 12 24 15 9 20 12 13 30 18 17 7
25 26 7 7 21 20 10 25 4 16 17 8 11 26 28 28 12 1 16 10 28 1 30 27 10 8 6 24 2 7
9 25 29 22 8 9 7 17 26 29 24 19 13 6 17 2 23 3 5 29 10 0 27 28 3 20 21 9 9 12
25 26 3 21 21 2 19 25 28 20 26 15 19 2 16 13 0 18 5 26 28 2 25 7 13 7 21 26 23 22
2 27 2 6 4 24 24 5 7 29 12 27 24 10 29 14 28 20 28 0 9 13 11 2 26 5 28 13 18 30
19 19 8 5 3 19 14 22 8 25 28 19 15 14 23 1 28 16 19 9 18 7 28 4 13 4 13 11 10 6
16 1 26 11 12 22 0 12 0 0 21 0 12 27 30 30 9 28 15 24 18 25 26 18 16 6 12 19 14 23
7 4 30 2 18 28 5 22 24 17 18 16 25 9 0 15 7 10 5 2 20 0 6 12 7 19 18 5 20 3
13 22 25 23 21 10 20 0 20 14 26 25 1 20 21 22 17 24 25 15 16 22 14 6 12 12 23 4 11 9
8 22 27 2 29 18 8 1 0 4 4 11 25 30 0 0 8 27 22 30 8 5 8 7 0 22 14 7 4 10
6 22 30 12 27 15 11 25 14 14 1 1 14 4 15 26 12 7 29 14 5 18 23 27 30 18 6 17 18 13
10 6 9 12 9 0 8 30 8 15 17 2 29 21 27 27 10 18 5 6 23 19 2 24 14 17 19 1 11 3
20 20 6 4 4 16 25 25 23 20 3 3 12 17 27 11 25 6 11 23 16 11 15 20 14 26 20 30 12 30
20 22 15 5 9 5 29 2 22 9 25 24 14 9 15 2 8 5 5 27 18 3 22 10 4 1 23 17 14 21
13 28 25 18 7 0 22 8 1 30 5 1 5 27 10 13 3 28 2 29 16 16 7 20 24 29 9 23 9 9
11 2 9 29 11 3 24 18 26 4 0 6 15 2 30 11 5 15 7 8 10 8 6 7 9 26 4 30 17 25
26 5 21 8 12 30 4 18 13 12 10 1 27 29 18 25 4 3 17 19 4 16 7 20 21 5 29 4 1 10
14 29 2 20 28 22 21 15 12 24 1 27 21 13 5 3 18 28 6 22 8 13 18 18 16 29 11 27 26 28
21 0 26 21 29 6 25 2 21 23 0 5 14 18 14 2 11 5 12 12 7 25 17 21 20 1 26 26 22 27
9 26 8 17 16 4 6 12 26 16 18 8 3 17 12 10 14 25 3 23 25 24 7 16 10 1 21 13 6 0
4 4 25 21 28 14 4 16 15 19 19 17 21 7 4 6 24 4 20 2 15 2 8 22 14 19 7 11 15 13
2 8 17 4 12 13 12 10 26 15 25 24 23 5 5 1 13 9 24 8 9 8 28 11 21 18 20 29 7 8
2 27 22 29 17 27 22 21 29 30 9 28 29 14 26 6 12 5 18 29 27 27 30 6 15 5 10 5 19 17
28 22 1 18 29 24 15 18 15 7 29 0 6 27 17 22 17 24 7 7 26 16 11 25 17 20 24 7 10 7
4 14 16 10 26 6 10 2 17 13 28 13 21 5 28 18 19 29 8 9 3 24 29 18 25 24 29 12 24 5
9 22 14 21 17 5 11 5 2 19 17 29 29 5 0 24 23 25 30 11 15 15 21 19 13 19 29 2 14 6
9 5 9 0 17 28 17 26 6 25 7 3 30 16 11 12 13 5 8 7 27 29 4 19 28 18 9 26 12 7
16 11 13 12 25 24 25 1 9 29 20 11 16 30 13 28 14 0 24 4 17 8 17 12 8 8 27 20 6 0
5 18 30 18 0 29 26 9 25 0 4 22 24 7 0 21 21 7 6 13 15 27 20 22 19 22 4 4 17 5
30 30 30 9
30 5 9 5 11 14 16 8 10 3 24 5 24 3 16 12 21 21 21 25 4 8 14 10 30 27 10 23 17 14
23 15 24 19 26 16 20 12 27 0 28 11 2 19 16 19 18 13 24 10 30 29 27 24 6 19 25 15 26 24
15 17 28 12 21 17 28 5 13 9 8 30 29 1 23 21 28 25 17 13 27 21 30 20 12 17 3 9 30 4
6 21 12 20 25 14 28 12 1 6 23 19 25 16 28 25 4 5 1 15 27 8 6 23 7 17 20 2 26 1
12 14 17 14 22 18 28 12 18 2 13 10 20 28 26 18 12 11 17 25 8 28 0 26 29 24 14 24 10 16
0 19 20 19 28 10 9 19 5 29 26 16 11 2 11 3 22 23 27 9 11 2 20 21 11 4 26 5 23 10
25 22 26 24 8 4 11 12 7 23 6 8 9 4 8 17 5 21 17 19 8 30 15 6 11 7 11 26 22 29
10 11 30 28 23 17 26 16 25 26 25 19 30 24 23 17 15 0 24 27 14 2 25 14 30 28 19 18 25 14
27 9 13 24 12 0 2 18 28 0 4 13 17 16 28 4 25 20 12 7 28 24 23 22 20 6 21 15 20 13
3 10 28 6 28 22 28 4 21 15 29 18 25 21 13 9 12 29 29 25 21 6 0 19 18 27 12 15 26 28
18 16 9 17 18 26 13 26 24 30 30 8 1 30 29 3 17 11 6 18 30 15 9 14 12 28 13 14 2 1
20 23 27 21 25 9 28 23 19 12 23 0 15 3 0 2 18 12 30 22 28 14 17 15 25 12 15 21 11 20
23 4 17 12 6 21 25 17 25 8 14 29 23 12 14 8 6 3 22 23 12 2 25 25 12 20 4 0 9 29
4 22 9 25 20 11 16 10 19 22 15 15 2 3 0 17 1 10 21 28 25 25 5 15 8 19 21 19 9 11
8 10 28 23 17 1 4 8 9 13 28 21 30 11 20 20 5 29 27 0 15 25 26 22 23 10 1 20 21 19
17 18 3 25 2 0 5 16 26 10 2 3 19 19 2 4 2 12 4 2 30 28 19 28 6 8 16 10 13 13
19 8 4 23 4 14 30 4 7 7 6 6 26 9 0 13 0 11 3 28 2 13 22 23 14 2 8 29 25 29
2 30 26 3 24 26 5 22 21 29 26 7 8 9 25 13 23 18 23 7 11 2 17 15 14 6 6 0 2 6
8 11 21 4 19 17 22 14 18 10 22 27 15 24 29 25 23 24 29 6 0 4 24 27 17 24 20 27 4 0
24 25 22 19 15 28 24 2 2 14 30 2 11 7 15 5 29 14 23 14 26 22 3 14 9 28 17 18 29 9
20 15 29 11 2 21 11 13 28 9 16 10 24 20 0 25 25 16 23 16 12 1 25 14 29 21 7 11 14 26
29 2 18 30 19 28 20 29 25 16 19 18 10 14 16 3 3 27 1 3 13 23 10 8 7 26 16 12 20 22
16 20 19 11 15 18 1 28 0 9 6 28 1 5 27 15 22 21 18 0 13 13 2 16 16 14 14 8 25 5
23 0 30 21 26 18 29 8 19 2 4 17 9 13 24 0 10 4 2 21 1 29 21 1 2 30 26 12 30 19
10 12 30 4 2 4 6 23 10 12 18 14 5 20 27 20 11 26 30 7 10 14 7 24 23 12 12 30 7 21
11 21 30 22 11 13 22 19 12 5 27 13 2 4 1 27 1 2 7 13 0 12 19 17 20 21 11 17 9 19
18 24 13 2 1 25 6 27 30 10 13 4 16 21 21 3 7 23 21 17 11 0 19 26 22 19 0 14 4 8
18 30 14 21 13 0 11 8 6 1 10 8 26 9 16 6 17 12 10 12 6 3 19 6 15 19 2 5 30 14
3 17 15 26 22 6 1 8 20 9 30 21 12 24 27 10 6 2 20 19 9 1 7 2 16 0 11 8 23 1
10 1 30 5 30 20 6 23 15 23 6 14 26 22 2 18 26 5 5 4 18 18 6 10 3 17 5 11 18 29
30 30 30 9
20 24 12 11 2 18 0 2 25 15 14 8 29 30 8 19 14 26 4 12 11 24 14 10 25 29 18 26 0 14
5 5 13 15 0 30 22 19 19 22 30 0 12 14 20 25 26 3 26 21 20 23 17 8 27 28 24 17 19 5
29 22 7 18 28 22 27 9 7 15 25 20 0 12 28 6 5 8 4 4 21 26 27 22 29 13 0 3 9 19
21 18 5 14 28 11 21 10 5 30 11 12 20 13 11 17 22 0 26 14 10 23 9 24 14 12 21 29 20 4
26 8 4 26 1 18 14 22 20 9 19 24 12 2 19 2 22 23 8 19 10 3 23 24 9 19 12 14 10 24
21 24 5 14 11 12 19 20 12 2 23 17 2 30 0 0 19 10 0 27 1 5 29 8 2 15 0 24 3 25
14 30 6 13 23 15 16 18 3 19 18 18 15 23 18 11 12 22 22 12 13 22 2 14 22 6 23 29 18 29
28 12 1 9 2 3 12 7 17 21 3 9 3 17 16 0 5 9 10 1 28 26 20 22 14 24 2 10 1 18
20 15 13 16 4 17 25 13 13 30 27 19 14 26 7 4 4 21 3 27 18 10 30 23 6 12 9 11 2 6
23 9 0 28 26 22 23 29 13 14 3 26 2 3 26 6 9 29 30 0 14 3 22 1 14 27 22 23 0 3
30 12 6 19 8 27 0 27 0 24 29 26 22 19 16 21 20 11 9 27 29 4 2 7 14 2 28 29 1 4
1 30 6 26 2 19 26 19 14 6 15 1 11 25 5 3 21 12 29 8 3 8 5 10 18 23 19 7 19 27
0 20 21 3 3 1 25 22 26 20 18 29 28 2 2 12 20 2 6 3 3 3 18 0 24 20 24 5 15 26
6 8 1 26 14 7 16 16 15 24 4 28 1 18 14 2 24 24 10 13 24 25 9 26 16 2 21 17 15 11
15 24 26 7 7 30 8 12 5 25 17 21 16 30 7 28 7 3 8 2 8 15 4 22 7 28 5 10 29 3
19 7 7 27 6 13 0 13 28 3 14 23 7 25 6 11 12 29 23 0 25 16 12 30 24 10 19 12 7 1
14 5 19 6 25 30 5 18 23 30 3 24 27 29 30 25 29 2 0 26 4 4 10 16 16 28 9 9 2 1
17 1 25 19 8 15 24 2 24 25 30 11 17 12 23 8 2 2 21 29 7 28 12 25 11 9 19 22 22 8
9 24 29 23 30 15 27 4 15 1 3 19 21 25 7 19 12 22 10 21 28 24 8 13 1 19 19 21 12 22
7 24 22 1 7 16 18 17 30 1 17 24 10 2 16 28 13 3 3 18 30 28 23 5 8 18 9 5 2 12
6 13 10 15 21 28 13 24 5 27 20 11 7 23 5 5 14 7 16 9 13 20 28 9 18 11 0 18 25 24
9 4 11 7 14 25 20 11 23 20 30 19 1 16 4 1 25 11 23 26 30 10 12 26 23 0 22 0 15 19
12 18 27 7 0 21 17 4 19 2 19 6 29 26 3 28 29 0 17 16 21 26 19 23 2 30 24 20 3 29
26 19 26 17 18 24 3 11 25 22 0 12 17 5 12 15 9 21 2 29 30 10 25 25 2 13 29 7 5 1
2 27 28 15 28 7 20 2 11 1 29 28 16 15 9 29 20 1 3 29 0 21 28 20 1 10 5 1 14 5
27 22 27 4 0 27 12 4 0 6 29 26 29 1 14 12 29 23 16 25 9 28 20 20 30 28 12 12 8 6
26 22 3 1 19 1 16 14 2 24 3 8 4 4 4 5 8 10 11 9 5 11 29 12 5 20 9 25 3 1
24 23 2 24 30 16 28 17 6 11 27 3 18 12 26 13 0 23 7 24 1 2 10 25 16 16 3 24 5 29
17 3 0 13 5 9 11 0 24 29 4 19 22 8 6 17 10 27 15 29 1 28 4 20 23 6 28 16 13 15
3 1 6 20 23 2 16 2 3 16 2 7 20 11 23 24 25 20 19 2 23 7 15 14 7 15 15 23 28 10
30 30 30 9
25 22 15 14 16 0 2 24 21 29 12 22 2 27 19 28 9 30 10 19 1 25 21 15 27 18 21 5 4 23
22 13 2 27 15 28 12 1 24 2 26 22 1 22 9 8 14 10 27 14 4 7 13 16 5 23 12 22 5 19
15 19 18 7 0 29 8 4 0 29 2 30 19 16 30 6 29 29 8 12 28 30 30 20 10 21 15 7 18 0
20 23 21 4 4 15 3 19 14 9 15 18 12 24 0 20 24 0 9 9 29 30 14 27 1 14 7 23 0 2
20 8 21 0 18 2 10 0 19 0 23 17 29 11 22 13 28 30 18 17 11 30 28 20 4 6 22 20 24 23
6 28 23 11 15 19 2 29 8 20 2 8 30 10 7 0 4 5 11 5 10 27 21 4 13 20 30 3 0 1
2 11 22 0 0 22 13 19 3 1 18 18 22 7 30 25 26 7 4 13 15 2 27 1 21 1 21 12 1 19
24 18 4 3 14 14 15 4 5 2 30 12 24 8 11 29 9 29 7 11 15 17 22 26 30 17 17 12 8 2
7 0 18 4 8 11 4 18 23 19 3 15 6 14 1 0 19 11 4 4 30 5 24 19 1 1 3 6 26 24
22 3 15 30 21 22 21 18 30 21 3 16 12 19 3 26 25 9 4 13 25 20 15 19 25 27 8 1 0 21
23 23 30 14 26 30 9 3 29 6 6 20 14 5 5 2 23 8 16 22 2 27 19 0 19 14 30 8 14 28
6 8 29 3 22 17 14 28 5 27 7 23 28 4 8 14 25 7 20 17 8 23 0 19 25 0 0 11 14 30
8 30 18 4 21 15 3 25 12 15 13 4 15 19 6 19 14 11 23 14 16 23 1 14 30 19 7 6 26 1
11 26 13 4 30 20 3 1 15 4 23 27 27 26 4 5 17 10 10 1 14 30 24 16 19 13 5 26 22 16
1 11 4 27 24 0 24 0 7 10 6 11 10 28 22 12 14 26 25 8 6 12 4 24 1 30 1 15 1 11
27 29 15 2 16 15 13 6 11 3 20 10 5 15 13 4 14 10 20 15 11 22 2 27 25 30 0 23 29 23
8 25 5 1 7 26 19 0 27 10 25 26 30 21 21 12 23 11 20 10 17 19 15 5 1 27 3 12 27 19
15 26 14 14 6 26 2 3 24 8 15 13 17 13 7 4 14 2 18 1 10 27 1 25 30 12 15 5 25 9
26 8 5 25 16 3 18 14 15 9 24 11 9 11 6 24 17 30 2 27 4 19 4 29 1 1 13 29 7 14
12 20 19 21 25 18 20 7 13 12 19 5 5 13 4 12 11 26 24 27 10 2 18 14 16 6 6 1 30 11
18 15 13 9 18 25 19 2 14 13 26 17 29 15 4 3 1 20 1 23 30 6 4 9 10 6 5 15 25 7
27 28 6 18 17 26 9 21 14 28 19 28 6 11 3 12 20 9 1 9 27 22 29 14 14 25 26 16 27 21
3 16 22 16 11 19 22 15 30 12 8 0 18 19 16 16 28 14 17 25 9 2 25 18 5 25 2 28 15 12
2 9 12 21 23 4 19 18 12 6 2 8 9 7 4 20 22 25 2 22 22 17 8 25 27 7 30 5 30 25
30 17 18 30 0 16 18 4 4 15 29 28 18 25 20 8 4 1 23 20 9 3 5 13 30 24 17 21 8 10
16 21 6 2 26 2 26 23 21 22 27 2 7 30 4 8 23 18 6 3 26 17 0 5 11 29 6 21 13 0
19 15 18 7 18 17 23 25 10 30 27 16 0 16 5 2 26 0 26 16 29 26 29 18 1 7 27 6 15 5
30 17 12 11 6 13 17 9 15 21 21 24 28 15 18 17 4 6 14 0 7 13 15 23 15 5 27 14 15 24
14 4 19 22 27 5 19 11 6 22 4 20 2 15 7 11 12 6 16 0 19 4 3 9 6 26 12 15 23 6
11 30 14 13 17 4 9 16 13 21 21 0 6 6 26 25 20 8 19 3 14 29 20 0 0 1 16 8 18 0
