25
1 1 1 10
0
1 1 1 10
1
30 30 30 10
0 0 0 0 0 0 0 0 0 0 0 0 0 0 0 0 0 0 0 0 0 0 0 0 0 0 0 0 0 0
0 0 0 0 0 0 0 0 0 0 0 0 0 0 0 0 0 0 0 0 0 0 0 0 0 0 0 0 0 0
0 0 0 0 0 0 0 0 0 0 0 0 0 0 0 0 0 0 0 0 0 0 0 0 0 0 0 0 0 0
0 0 0 0 0 0 0 0 0 0 0 0 0 0 0 0 0 0 0 0 0 0 0 0 0 0 0 0 0 0
0 0 0 0 0 0 0 0 0 0 0 0 0 0 0 0 0 0 0 0 0 0 0 0 0 0 0 0 0 0
0 0 0 0 0 0 0 0 0 0 0 0 0 0 0 0 0 0 0 0 0 0 0 0 0 0 0 0 0 0
0 0 0 0 0 0 0 0 0 0 0 0 0 0 0 0 0 0 0 0 0 0 0 0 0 0 0 0 0 0
0 0 0 0 0 0 0 0 0 0 0 0 0 0 0 0 0 0 0 0 0 0 0 0 0 0 0 0 0 0
0 0 0 0 0 0 0 0 0 0 0 0 0 0 0 0 0 0 0 0 0 0 0 0 0 0 0 0 0 0
0 0 0 0 0 0 0 0 0 0 0 0 0 0 0 0 0 0 0 0 0 0 0 0 0 0 0 0 0 0
0 0 0 0 0 0 0 0 0 0 0 0 0 0 0 0 0 0 0 0 0 0 0 0 0 0 0 0 0 0
0 0 0 0 0 0 0 0 0 0 0 0 0 0 0 0 0 0 0 0 0 0 0 0 0 0 0 0 0 0
0 0 0 0 0 0 0 0 0 0 0 0 0 0 0 0 0 0 0 0 0 0 0 0 0 0 0 0 0 0
0 0 0 0 0 0 0 0 0 0 0 0 0 0 0 0 0 0 0 0 0 0 0 0 0 0 0 0 0 0
0 0 0 0 0 0 0 0 0 0 0 0 0 0 0 0 0 0 0 0 0 0 0 0 0 0 0 0 0 0
0 0 0 0 0 0 0 0 0 0 0 0 0 0 0 0 0 0 0 0 0 0 0 0 0 0 0 0 0 0
0 0 0 0 0 0 0 0 0 0 0 0 0 0 0 0 0 0 0 0 0 0 0 0 0 0 0 0 0 0
0 0 0 0 0 0 0 0 0 0 0 0 0 0 0 0 0 0 0 0 0 0 0 0 0 0 0 0 0 0
0 0 0 0 0 0 0 0 0 0 0 0 0 0 0 0 0 0 0 0 0 0 0 0 0 0 0 0 0 0
0 0 0 0 0 0 0 0 0 0 0 0 0 0 0 0 0 0 0 0 0 0 0 0 0 0 0 0 0 0
0 0 0 0 0 0 0 0 0 0 0 0 0 0 0 0 0 0 0 0 0 0 0 0 0 0 0 0 0 0
0 0 0 0 0 0 0 0 0 0 0 0 0 0 0 0 0 0 0 0 0 0 0 0 0 0 0 0 0 0
0 0 0 0 0 0 0 0 0 0 0 0 0 0 0 0 0 0 0 0 0 0 0 0 0 0 0 0 0 0
0 0 0 0 0 0 0 0 0 0 0 0 0 0 0 0 0 0 0 0 0 0 0 0 0 0 0 0 0 0
0 0 0 0 0 0 0 0 0 0 0 0 0 0 0 0 0 0 0 0 0 0 0 0 0 0 0 0 0 0
0 0 0 0 0 0 0 0 0 0 0 0 0 0 0 0 0 0 0 0 0 0 0 0 0 0 0 0 0 0
0 0 0 0 0 0 0 0 0 0 0 0 0 0 0 0 0 0 0 0 0 0 0 0 0 0 0 0 0 0
0 0 0 0 0 0 0 0 0 0 0 0 0 0 0 0 0 0 0 0 0 0 0 0 0 0 0 0 0 0
0 0 0 0 0 0 0 0 0 0 0 0 0 0 0 0 0 0 0 0 0 0 0 0 0 0 0 0 0 0
0 0 0 0 0 0 0 0 0 0 0 0 0 0 0 0 0 0 0 0 0 0 0 0 0 0 0 0 0 0
30 30 30 10
30 30 30 30 30 30 30 30 30 30 30 30 30 30 30 30 30 30 30 30 30 30 30 30 30 30 30 30 30 30
30 30 30 30 30 30 30 30 30 30 30 30 30 30 30 30 30 30 30 30 30 30 30 30 30 30 30 30 30 30
30 30 30 30 30 30 30 30 30 30 30 30 30 30 30 30 30 30 30 30 30 30 30 30 30 30 30 30 30 30
30 30 30 30 30 30 30 30 30 30 30 30 30 30 30 30 30 30 30 30 30 30 30 30 30 30 30 30 30 30
30 30 30 30 30 30 30 30 30 30 30 30 30 30 30 30 30 30 30 30 30 30 30 30 30 30 30 30 30 30
30 30 30 30 30 30 30 30 30 30 30 30 30 30 30 30 30 30 30 30 30 30 30 30 30 30 30 30 30 30
30 30 30 30 30 30 30 30 30 30 30 30 30 30 30 30 30 30 30 30 30 30 30 30 30 30 30 30 30 30
30 30 30 30 30 30 30 30 30 30 30 30 30 30 30 30 30 30 30 30 30 30 30 30 30 30 30 30 30 30
30 30 30 30 30 30 30 30 30 30 30 30 30 30 30 30 30 30 30 30 30 30 30 30 30 30 30 30 30 30
30 30 30 30 30 30 30 30 30 30 30 30 30 30 30 30 30 30 30 30 30 30 30 30 30 30 30 30 30 30
30 30 30 30 30 30 30 30 30 30 30 30 30 30 30 30 30 30 30 30 30 30 30 30 30 30 30 30 30 30
30 30 30 30 30 30 30 30 30 30 30 30 30 30 30 30 30 30 30 30 30 30 30 30 30 30 30 30 30 30
30 30 30 30 30 30 30 30 30 30 30 30 30 30 30 30 30 30 30 30 30 30 30 30 30 30 30 30 30 30
30 30 30 30 30 30 30 30 30 30 30 30 30 30 30 30 30 30 30 30 30 30 30 30 30 30 30 30 30 30
30 30 30 30 30 30 30 30 30 30 30 30 30 30 30 30 30 30 30 30 30 30 30 30 30 30 30 30 30 30
30 30 30 30 30 30 30 30 30 30 30 30 30 30 30 30 30 30 30 30 30 30 30 30 30 30 30 30 30 30
30 30 30 30 30 30 30 30 30 30 30 30 30 30 30 30 30 30 30 30 30 30 30 30 30 30 30 30 30 30
30 30 30 30 30 30 30 30 30 30 30 30 30 30 30 30 30 30 30 30 30 30 30 30 30 30 30 30 30 30
30 30 30 30 30 30 30 30 30 30 30 30 30 30 30 30 30 30 30 30 30 30 30 30 30 30 30 30 30 30
30 30 30 30 30 30 30 30 30 30 30 30 30 30 30 30 30 30 30 30 30 30 30 30 30 30 30 30 30 30
30 30 30 30 30 30 30 30 30 30 30 30 30 30 30 30 30 30 30 30 30 30 30 30 30 30 30 30 30 30
30 30 30 30 30 30 30 30 30 30 30 30 30 30 30 30 30 30 30 30 30 30 30 30 30 30 30 30 30 30
30 30 30 30 30 30 30 30 30 30 30 30 30 30 30 30 30 30 30 30 30 30 30 30 30 30 30 30 30 30
30 30 30 30 30 30 30 30 30 30 30 30 30 30 30 30 30 30 30 30 30 30 30 30 30 30 30 30 30 30
30 30 30 30 30 30 30 30 30 30 30 30 30 30 30 30 30 30 30 30 30 30 30 30 30 30 30 30 30 30
30 30 30 30 30 30 30 30 30 30 30 30 30 30 30 30 30 30 30 30 30 30 30 30 30 30 30 30 30 30
30 30 30 30 30 30 30 30 30 30 30 30 30 30 30 30 30 30 30 30 30 30 30 30 30 30 30 30 30 30
30 30 30 30 30 30 30 30 30 30 30 30 30 30 30 30 30 30 30 30 30 30 30 30 30 30 30 30 30 30
30 30 30 30 30 30 30 30 30 30 30 30 30 30 30 30 30 30 30 30 30 30 30 30 30 30 30 30 30 30
30 30 30 30 30 30 30 30 30 30 30 30 30 30 30 30 30 30 30 30 30 30 30 30 30 30 30 30 30 30
1 30 30 10
27 14 25 6 15 26 7 19 26 23 17 30 8 13 5 23 11 6 22 3 28 11 12 23 1 22 3 25 23 27
30 1 30 10
28
29
30
25
16
10
18
24
23
21
22
30
26
27
9
6
5
9
9
16
28
29
7
16
10
5
24
28
16
8
30 30 30 10
0 30 0 30 0 30 0 30 0 30 0 30 0 30 0 30 0 30 0 30 0 30 0 30 0 30 0 30 0 30
30 0 30 0 30 0 30 0 30 0 30 0 30 0 30 0 30 0 30 0 30 0 30 0 30 0 30 0 30 0
0 30 0 30 0 30 0 30 0 30 0 30 0 30 0 30 0 30 0 30 0 30 0 30 0 30 0 30 0 30
30 0 30 0 30 0 30 0 30 0 30 0 30 0 30 0 30 0 30 0 30 0 30 0 30 0 30 0 30 0
0 30 0 30 0 30 0 30 0 30 0 30 0 30 0 30 0 30 0 30 0 30 0 30 0 30 0 30 0 30
30 0 30 0 30 0 30 0 30 0 30 0 30 0 30 0 30 0 30 0 30 0 30 0 30 0 30 0 30 0
0 30 0 30 0 30 0 30 0 30 0 30 0 30 0 30 0 30 0 30 0 30 0 30 0 30 0 30 0 30
30 0 30 0 30 0 30 0 30 0 30 0 30 0 30 0 30 0 30 0 30 0 30 0 30 0 30 0 30 0
0 30 0 30 0 30 0 30 0 30 0 30 0 30 0 30 0 30 0 30 0 30 0 30 0 30 0 30 0 30
30 0 30 0 30 0 30 0 30 0 30 0 30 0 30 0 30 0 30 0 30 0 30 0 30 0 30 0 30 0
0 30 0 30 0 30 0 30 0 30 0 30 0 30 0 30 0 30 0 30 0 30 0 30 0 30 0 30 0 30
30 0 30 0 30 0 30 0 30 0 30 0 30 0 30 0 30 0 30 0 30 0 30 0 30 0 30 0 30 0
0 30 0 30 0 30 0 30 0 30 0 30 0 30 0 30 0 30 0 30 0 30 0 30 0 30 0 30 0 30
30 0 30 0 30 0 30 0 30 0 30 0 30 0 30 0 30 0 30 0 30 0 30 0 30 0 30 0 30 0
0 30 0 30 0 30 0 30 0 30 0 30 0 30 0 30 0 30 0 30 0 30 0 30 0 30 0 30 0 30
30 0 30 0 30 0 30 0 30 0 30 0 30 0 30 0 30 0 30 0 30 0 30 0 30 0 30 0 30 0
0 30 0 30 0 30 0 30 0 30 0 30 0 30 0 30 0 30 0 30 0 30 0 30 0 30 0 30 0 30
30 0 30 0 30 0 30 0 30 0 30 0 30 0 30 0 30 0 30 0 30 0 30 0 30 0 30 0 30 0
0 30 0 30 0 30 0 30 0 30 0 30 0 30 0 30 0 30 0 30 0 30 0 30 0 30 0 30 0 30
30 0 30 0 30 0 30 0 30 0 30 0 30 0 30 0 30 0 30 0 30 0 30 0 30 0 30 0 30 0
0 30 0 30 0 30 0 30 0 30 0 30 0 30 0 30 0 30 0 30 0 30 0 30 0 30 0 30 0 30
30 0 30 0 30 0 30 0 30 0 30 0 30 0 30 0 30 0 30 0 30 0 30 0 30 0 30 0 30 0
0 30 0 30 0 30 0 30 0 30 0 30 0 30 0 30 0 30 0 30 0 30 0 30 0 30 0 30 0 30
30 0 30 0 30 0 30 0 30 0 30 0 30 0 30 0 30 0 30 0 30 0 30 0 30 0 30 0 30 0
0 30 0 30 0 30 0 30 0 30 0 30 0 30 0 30 0 30 0 30 0 30 0 30 0 30 0 30 0 30
30 0 30 0 30 0 30 0 30 0 30 0 30 0 30 0 30 0 30 0 30 0 30 0 30 0 30 0 30 0
0 30 0 30 0 30 0 30 0 30 0 30 0 30 0 30 0 30 0 30 0 30 0 30 0 30 0 30 0 30
30 0 30 0 30 0 30 0 30 0 30 0 30 0 30 0 30 0 30 0 30 0 30 0 30 0 30 0 30 0
0 30 0 30 0 30 0 30 0 30 0 30 0 30 0 30 0 30 0 30 0 30 0 30 0 30 0 30 0 30
30 0 30 0 30 0 30 0 30 0 30 0 30 0 30 0 30 0 30 0 30 0 30 0 30 0 30 0 30 0
30 30 30 10
0 30 0 30 0 30 0 30 0 30 0 30 0 30 0 30 0 30 0 30 0 30 0 30 0 30 0 30 0 30
0 30 0 30 0 30 0 30 0 30 0 30 0 30 0 30 0 30 0 30 0 30 0 30 0 30 0 30 0 30
0 30 0 30 0 30 0 30 0 30 0 30 0 30 0 30 0 30 0 30 0 30 0 30 0 30 0 30 0 30
0 30 0 30 0 30 0 30 0 30 0 30 0 30 0 30 0 30 0 30 0 30 0 30 0 30 0 30 0 30
0 30 0 30 0 30 0 30 0 30 0 30 0 30 0 30 0 30 0 30 0 30 0 30 0 30 0 30 0 30
0 30 0 30 0 30 0 30 0 30 0 30 0 30 0 30 0 30 0 30 0 30 0 30 0 30 0 30 0 30
0 30 0 30 0 30 0 30 0 30 0 30 0 30 0 30 0 30 0 30 0 30 0 30 0 30 0 30 0 30
0 30 0 30 0 30 0 30 0 30 0 30 0 30 0 30 0 30 0 30 0 30 0 30 0 30 0 30 0 30
0 30 0 30 0 30 0 30 0 30 0 30 0 30 0 30 0 30 0 30 0 30 0 30 0 30 0 30 0 30
0 30 0 30 0 30 0 30 0 30 0 30 0 30 0 30 0 30 0 30 0 30 0 30 0 30 0 30 0 30
0 30 0 30 0 30 0 30 0 30 0 30 0 30 0 30 0 30 0 30 0 30 0 30 0 30 0 30 0 30
0 30 0 30 0 30 0 30 0 30 0 30 0 30 0 30 0 30 0 30 0 30 0 30 0 30 0 30 0 30
0 30 0 30 0 30 0 30 0 30 0 30 0 30 0 30 0 30 0 30 0 30 0 30 0 30 0 30 0 30
0 30 0 30 0 30 0 30 0 30 0 30 0 30 0 30 0 30 0 30 0 30 0 30 0 30 0 30 0 30
0 30 0 30 0 30 0 30 0 30 0 30 0 30 0 30 0 30 0 30 0 30 0 30 0 30 0 30 0 30
0 30 0 30 0 30 0 30 0 30 0 30 0 30 0 30 0 30 0 30 0 30 0 30 0 30 0 30 0 30
0 30 0 30 0 30 0 30 0 30 0 30 0 30 0 30 0 30 0 30 0 30 0 30 0 30 0 30 0 30
0 30 0 30 0 30 0 30 0 30 0 30 0 30 0 30 0 30 0 30 0 30 0 30 0 30 0 30 0 30
0 30 0 30 0 30 0 30 0 30 0 30 0 30 0 30 0 30 0 30 0 30 0 30 0 30 0 30 0 30
0 30 0 30 0 30 0 30 0 30 0 30 0 30 0 30 0 30 0 30 0 30 0 30 0 30 0 30 0 30
0 30 0 30 0 30 0 30 0 30 0 30 0 30 0 30 0 30 0 30 0 30 0 30 0 30 0 30 0 30
0 30 0 30 0 30 0 30 0 30 0 30 0 30 0 30 0 30 0 30 0 30 0 30 0 30 0 30 0 30
0 30 0 30 0 30 0 30 0 30 0 30 0 30 0 30 0 30 0 30 0 30 0 30 0 30 0 30 0 30
0 30 0 30 0 30 0 30 0 30 0 30 0 30 0 30 0 30 0 30 0 30 0 30 0 30 0 30 0 30
0 30 0 30 0 30 0 30 0 30 0 30 0 30 0 30 0 30 0 30 0 30 0 30 0 30 0 30 0 30
0 30 0 30 0 30 0 30 0 30 0 30 0 30 0 30 0 30 0 30 0 30 0 30 0 30 0 30 0 30
0 30 0 30 0 30 0 30 0 30 0 30 0 30 0 30 0 30 0 30 0 30 0 30 0 30 0 30 0 30
0 30 0 30 0 30 0 30 0 30 0 30 0 30 0 30 0 30 0 30 0 30 0 30 0 30 0 30 0 30
0 30 0 30 0 30 0 30 0 30 0 30 0 30 0 30 0 30 0 30 0 30 0 30 0 30 0 30 0 30
0 30 0 30 0 30 0 30 0 30 0 30 0 30 0 30 0 30 0 30 0 30 0 30 0 30 0 30 0 30
30 30 30 10
0 0 0 0 0 0 0 0 0 0 0 0 0 0 0 0 0 0 0 0 0 0 0 0 0 0 0 0 0 0
30 30 30 30 30 30 30 30 30 30 30 30 30 30 30 30 30 30 30 30 30 30 30 30 30 30 30 30 30 30
0 0 0 0 0 0 0 0 0 0 0 0 0 0 0 0 0 0 0 0 0 0 0 0 0 0 0 0 0 0
30 30 30 30 30 30 30 30 30 30 30 30 30 30 30 30 30 30 30 30 30 30 30 30 30 30 30 30 30 30
0 0 0 0 0 0 0 0 0 0 0 0 0 0 0 0 0 0 0 0 0 0 0 0 0 0 0 0 0 0
30 30 30 30 30 30 30 30 30 30 30 30 30 30 30 30 30 30 30 30 30 30 30 30 30 30 30 30 30 30
0 0 0 0 0 0 0 0 0 0 0 0 0 0 0 0 0 0 0 0 0 0 0 0 0 0 0 0 0 0
30 30 30 30 30 30 30 30 30 30 30 30 30 30 30 30 30 30 30 30 30 30 30 30 30 30 30 30 30 30
0 0 0 0 0 0 0 0 0 0 0 0 0 0 0 0 0 0 0 0 0 0 0 0 0 0 0 0 0 0
30 30 30 30 30 30 30 30 30 30 30 30 30 30 30 30 30 30 30 30 30 30 30 30 30 30 30 30 30 30
0 0 0 0 0 0 0 0 0 0 0 0 0 0 0 0 0 0 0 0 0 0 0 0 0 0 0 0 0 0
30 30 30 30 30 30 30 30 30 30 30 30 30 30 30 30 30 30 30 30 30 30 30 30 30 30 30 30 30 30
0 0 0 0 0 0 0 0 0 0 0 0 0 0 0 0 0 0 0 0 0 0 0 0 0 0 0 0 0 0
30 30 30 30 30 30 30 30 30 30 30 30 30 30 30 30 30 30 30 30 30 30 30 30 30 30 30 30 30 30
0 0 0 0 0 0 0 0 0 0 0 0 0 0 0 0 0 0 0 0 0 0 0 0 0 0 0 0 0 0
30 30 30 30 30 30 30 30 30 30 30 30 30 30 30 30 30 30 30 30 30 30 30 30 30 30 30 30 30 30
0 0 0 0 0 0 0 0 0 0 0 0 0 0 0 0 0 0 0 0 0 0 0 0 0 0 0 0 0 0
30 30 30 30 30 30 30 30 30 30 30 30 30 30 30 30 30 30 30 30 30 30 30 30 30 30 30 30 30 30
0 0 0 0 0 0 0 0 0 0 0 0 0 0 0 0 0 0 0 0 0 0 0 0 0 0 0 0 0 0
30 30 30 30 30 30 30 30 30 30 30 30 30 30 30 30 30 30 30 30 30 30 30 30 30 30 30 30 30 30
0 0 0 0 0 0 0 0 0 0 0 0 0 0 0 0 0 0 0 0 0 0 0 0 0 0 0 0 0 0
30 30 30 30 30 30 30 30 30 30 30 30 30 30 30 30 30 30 30 30 30 30 30 30 30 30 30 30 30 30
0 0 0 0 0 0 0 0 0 0 0 0 0 0 0 0 0 0 0 0 0 0 0 0 0 0 0 0 0 0
30 30 30 30 30 30 30 30 30 30 30 30 30 30 30 30 30 30 30 30 30 30 30 30 30 30 30 30 30 30
0 0 0 0 0 0 0 0 0 0 0 0 0 0 0 0 0 0 0 0 0 0 0 0 0 0 0 0 0 0
30 30 30 30 30 30 30 30 30 30 30 30 30 30 30 30 30 30 30 30 30 30 30 30 30 30 30 30 30 30
0 0 0 0 0 0 0 0 0 0 0 0 0 0 0 0 0 0 0 0 0 0 0 0 0 0 0 0 0 0
30 30 30 30 30 30 30 30 30 30 30 30 30 30 30 30 30 30 30 30 30 30 30 30 30 30 30 30 30 30
0 0 0 0 0 0 0 0 0 0 0 0 0 0 0 0 0 0 0 0 0 0 0 0 0 0 0 0 0 0
30 30 30 30 30 30 30 30 30 30 30 30 30 30 30 30 30 30 30 30 30 30 30 30 30 30 30 30 30 30
30 30 1 10
0 1 1 1 0 0 1 1 1 1 1 0 1 0 1 0 1 0 1 0 0 0 0 1 0 0 1 1 0 1
0 1 1 1 0 1 1 0 1 1 0 1 0 1 1 1 1 1 0 1 1 0 0 0 0 0 0 0 0 0
1 1 0 0 0 1 0 0 1 0 1 0 0 1 1 0 0 0 1 0 0 0 0 1 0 0 1 0 0 1
0 0 0 1 1 0 0 1 1 1 0 1 1 1 1 1 1 0 0 0 1 0 0 1 1 0 1 1 1 1
1 0 1 1 0 1 1 1 1 0 1 1 0 0 1 0 0 0 0 1 1 1 0 0 0 1 0 1 0 0
1 0 1 0 0 1 1 0 0 1 1 1 1 0 0 0 0 0 1 1 1 0 0 1 1 0 0 1 1 0
0 0 1 1 0 1 1 1 0 0 0 0 1 0 1 0 0 0 1 0 0 0 0 1 1 0 0 1 1 0
0 0 1 0 1 1 1 1 0 0 0 0 1 0 0 0 1 0 0 0 1 0 1 1 0 0 0 0 1 0
0 1 0 0 0 1 0 0 0 0 1 0 0 1 0 0 1 0 1 1 0 1 0 0 1 1 0 1 1 1
1 0 0 0 1 1 1 0 0 0 1 1 0 0 0 0 0 1 0 1 1 0 1 1 1 1 0 1 1 0
0 0 0 1 0 0 1 1 1 0 0 0 1 1 1 0 0 1 0 0 1 1 1 0 0 0 1 1 0 0
0 1 0 0 0 1 1 0 0 0 1 1 1 0 1 0 1 0 0 0 1 1 0 0 0 0 1 1 1 1
1 1 0 1 0 1 0 0 1 0 0 1 0 0 0 0 1 1 0 1 1 1 1 1 1 1 1 0 0 0
0 0 1 0 1 1 1 1 1 1 0 0 1 0 0 1 1 1 1 1 0 1 0 0 0 1 1 0 1 1
1 1 0 1 1 1 1 0 1 0 1 0 1 1 0 1 1 1 1 1 0 1 1 0 1 1 1 0 0 1
0 1 0 1 0 1 0 1 1 1 0 1 0 1 0 1 1 1 1 1 1 1 1 0 1 1 1 0 0 1
0 0 0 1 1 1 0 1 0 0 1 0 0 1 0 1 0 0 0 0 0 1 1 0 0 1 0 0 1 1
1 1 1 1 1 0 1 1 0 0 0 1 0 0 0 1 0 1 0 0 0 0 1 0 0 0 1 1 1 1
0 0 1 1 0 0 1 1 0 0 0 1 1 1 1 0 0 0 0 0 0 1 1 0 1 1 1 1 0 0
1 1 0 0 1 1 1 1 1 0 0 1 1 0 1 0 1 0 0 0 1 0 0 1 0 1 1 1 1 0
1 1 1 1 0 1 0 1 0 1 0 0 0 0 0 1 1 0 0 1 0 1 0 0 1 0 1 1 0 0
0 1 1 1 0 0 1 1 1 0 0 0 1 0 1 0 1 1 0 1 1 1 0 1 1 0 0 1 0 1
1 1 1 0 0 0 0 1 0 1 0 1 1 0 0 1 1 1 1 1 1 0 0 1 0 0 1 1 0 0
0 0 0 0 1 1 1 0 1 1 0 1 0 1 0 0 1 0 0 0 1 0 0 1 1 0 1 1 0 1
1 1 1 1 1 0 1 0 0 0 0 1 1 0 1 0 0 0 1 0 1 0 0 0 0 0 1 0 1 1
1 1 0 1 0 0 0 1 1 0 1 1 0 0 0 0 0 0 1 0 0 0 0 0 1 0 0 0 0 0
0 1 1 0 0 1 1 0 1 0 1 1 1 1 1 1 1 0 0 1 0 0 1 1 1 1 1 0 1 1
1 0 1 0 1 0 0 0 0 0 0 0 1 1 0 0 0 0 1 0 0 0 0 0 0 1 1 0 0 0
0 0 0 0 0 0 0 1 1 0 0 1 0 0 1 1 1 0 0 1 1 0 1 0 0 0 1 1 1 0
1 0 1 0 1 1 1 1 0 0 0 1 1 0 1 0 1 0 1 0 1 1 1 0 1 0 0 0 1 0
27 13 16 10
7 5 15 12 0 11 9 12 16 13 13 1 15
1 7 11 10 8 13 12 12 3 3 6 11 6
15 10 2 6 9 7 3 9 3 1 8 10 11
15 15 0 9 5 0 7 8 8 15 5 13 11
3 9 3 15 10 9 9 11 7 16 13 14 8
5 15 4 13 15 1 9 15 2 12 6 10 8
5 2 9 15 11 12 0 9 9 7 4 14 3
13 15 4 4 2 12 9 16 5 1 6 11 9
7 1 9 1 9 12 9 14 3 14 2 15 2
15 7 3 6 6 12 5 6 15 2 13 9 2
5 0 5 11 5 10 3 16 5 3 8 11 16
10 9 7 4 10 4 9 9 13 16 2 10 2
1 14 6 8 13 10 10 4 13 5 14 14 15
3 1 3 14 0 13 11 12 13 7 2 9 13
4 3 12 3 6 4 3 2 1 15 11 3 16
2 15 9 0 2 16 6 1 3 10 1 15 6
10 11 4 5 10 11 12 16 12 12 15 13 5
14 13 14 3 7 7 13 11 2 9 12 6 6
15 12 12 12 11 7 4 11 15 8 12 3 14
14 14 3 16 15 6 16 13 7 15 12 11 11
15 5 13 16 14 3 14 6 6 13 11 3 2
2 12 9 0 7 3 16 8 9 11 11 1 8
16 7 9 16 5 13 13 1 15 13 5 3 0
13 10 10 2 8 6 2 8 4 12 16 1 3
13 0 2 3 3 9 14 0 12 15 2 15 10
0 15 3 8 0 8 4 9 16 2 2 13 9
15 11 6 15 4 12 3 0 7 2 14 15 14
30 9 3 10
3 3 0 3 2 2 1 2 2
1 1 0 3 1 2 3 0 2
2 3 2 1 2 3 2 1 1
1 0 0 3 2 0 0 1 0
3 0 1 1 3 0 3 0 0
3 3 1 0 2 2 2 2 0
2 0 3 1 2 0 0 3 1
2 2 2 2 2 3 0 1 1
1 3 3 2 2 2 0 3 3
3 2 3 1 2 0 2 0 2
1 0 2 2 0 2 0 0 3
2 0 1 1 3 3 3 2 0
3 1 0 0 0 1 0 2 2
3 1 1 1 3 1 1 1 1
0 0 0 0 0 2 2 2 0
0 1 1 3 2 1 2 1 0
0 3 0 0 0 0 0 2 1
2 3 2 0 3 0 2 3 2
0 2 0 0 0 1 2 1 3
2 3 2 1 2 2 0 2 1
0 1 3 1 1 2 0 0 3
2 2 1 1 0 3 1 2 0
2 2 2 0 1 1 1 3 2
1 1 1 3 3 0 1 2 3
3 0 1 1 2 3 2 2 3
3 2 2 0 0 0 1 2 0
1 3 1 1 0 2 2 3 2
0 2 0 2 3 2 1 0 1
1 2 2 3 3 0 3 0 0
1 1 1 3 1 2 0 3 1
15 28 29 10
10 15 4 14 21 3 16 4 26 12 14 23 15 14 17 12 17 3 6 15 3 4 22 22 9 27 12 15
15 5 2 22 29 1 29 14 7 4 9 4 14 9 9 24 21 5 23 4 18 17 9 2 1 1 24 11
0 3 16 26 21 0 29 25 20 20 17 28 6 12 8 29 6 8 9 10 28 24 25 23 0 2 10 1
5 4 17 16 3 23 12 28 0 8 25 2 0 12 25 16 29 1 6 22 26 5 25 21 7 11 4 22
13 12 25 23 12 1 27 23 7 18 25 12 28 4 1 16 15 18 20 27 1 1 29 16 29 25 8 6
25 25 26 8 28 19 18 18 14 18 7 5 0 25 18 6 11 1 8 2 11 23 15 1 25 25 24 19
20 21 22 12 4 28 13 6 20 22 10 27 26 15 8 29 17 9 26 16 15 21 4 13 25 1 11 17
8 15 24 27 5 4 15 15 18 25 26 20 23 5 22 22 8 26 0 19 4 23 11 12 13 6 18 7
9 22 14 2 6 14 3 10 2 3 2 16 18 11 4 22 23 29 19 20 4 18 1 20 27 16 1 2
11 0 4 27 14 16 2 20 26 19 8 24 2 22 3 23 5 11 0 19 4 26 4 15 26 24 28 17
27 19 3 17 15 22 10 21 10 18 9 9 18 4 25 7 15 1 2 6 23 18 19 15 21 22 5 22
15 8 16 7 18 21 1 24 26 14 5 6 16 15 1 13 21 2 2 20 8 2 22 11 29 8 27 20
20 5 20 17 22 5 24 28 13 29 9 11 28 26 25 27 20 9 8 10 13 14 6 0 9 26 14 16
17 16 28 4 19 1 0 20 12 11 1 0 7 4 7 26 2 2 0 19 17 20 11 10 2 14 16 24
17 5 18 21 25 29 22 23 15 17 8 9 23 17 0 25 19 11 2 11 15 19 10 29 19 0 25 20
27 2 12 10
2 3
7 1
7 11
4 0
3 2
9 6
6 0
0 8
2 9
11 9
12 3
4 10
0 12
10 1
0 0
8 10
3 9
5 11
6 4
4 5
0 3
6 0
8 4
2 10
7 12
5 3
7 4
24 23 22 10
7 12 16 3 16 6 1 2 3 11 19 16 16 7 17 0 15 16 5 8 12 20 16
11 3 14 10 2 10 2 20 17 21 16 22 12 7 0 20 2 3 1 0 2 2 11
5 6 13 8 1 12 6 18 8 20 11 22 12 18 1 1 22 6 20 4 20 8 17
21 13 22 9 3 14 14 6 6 6 2 2 22 0 16 6 12 11 17 9 5 0 13
20 22 18 5 14 7 19 0 19 9 16 22 12 10 12 1 7 8 11 16 1 4 14
0 22 12 8 15 20 21 7 16 8 20 12 17 21 18 1 19 0 20 7 19 14 3
20 2 12 20 1 10 19 7 5 5 11 15 16 3 4 11 5 14 22 0 10 6 5
10 22 3 17 16 10 2 20 17 1 21 21 7 18 11 8 21 14 19 21 4 16 14
7 20 16 9 6 2 8 2 20 13 15 11 9 20 3 1 2 22 21 18 6 2 21
3 2 19 3 15 2 16 12 1 0 1 8 20 2 11 5 2 6 18 21 4 7 12
19 4 6 13 7 4 19 16 18 20 6 7 21 6 8 7 18 9 15 19 6 1 17
6 14 22 11 0 17 10 5 4 4 1 12 3 10 2 18 1 3 2 16 12 17 3
9 3 4 19 20 22 13 19 16 13 0 1 17 0 18 17 1 22 10 20 18 15 11
0 11 16 13 21 18 0 4 21 5 16 22 16 17 10 0 3 13 16 12 22 21 11
15 2 14 18 8 0 3 9 7 22 20 22 10 16 22 6 8 17 3 14 7 22 19
18 21 21 20 9 7 10 7 21 20 21 2 18 20 5 9 11 12 1 20 20 11 7
7 0 19 1 21 14 3 12 11 12 8 2 6 19 15 22 10 12 1 22 17 7 21
10 1 16 6 19 12 21 9 21 11 15 18 5 12 3 0 14 4 6 11 21 3 7
6 5 10 11 16 15 9 10 20 0 17 6 3 5 5 5 13 8 20 15 0 4 9
13 22 18 13 14 16 0 4 12 8 17 15 19 20 7 11 7 8 12 19 2 6 7
10 18 10 16 0 7 6 18 11 6 11 18 15 17 10 9 1 14 8 16 14 11 6
12 7 4 19 17 20 10 4 12 13 10 6 20 14 11 14 2 19 11 4 3 13 16
17 19 19 8 12 17 2 16 2 0 12 4 7 17 11 8 18 1 0 4 5 18 18
19 9 10 16 7 13 7 17 11 13 10 5 13 14 10 9 11 7 19 22 12 1 20
29 28 29 10
1 1 3 0 23 6 28 6 21 23 16 10 13 5 25 1 4 2 24 18 8 2 2 9 27 8 4 10
18 24 1 4 1 6 9 14 1 29 2 21 14 15 9 19 23 26 10 9 24 15 10 3 13 6 13 3
5 25 29 21 0 11 29 7 23 21 4 7 17 3 0 23 29 2 16 8 15 10 3 25 22 26 6 4
8 22 5 24 9 7 20 1 22 13 13 29 4 14 15 15 12 15 11 5 9 0 21 3 22 3 4 16
25 5 19 7 2 20 13 8 18 2 23 12 5 24 23 11 21 2 14 8 2 28 22 26 23 15 16 26
3 1 17 24 8 14 26 13 4 2 7 20 9 27 12 20 2 18 5 4 6 5 7 5 4 14 6 3
28 27 10 16 6 17 28 28 4 29 4 12 26 20 21 9 20 8 26 25 14 5 29 2 14 16 15 27
28 24 14 17 2 27 13 17 13 13 10 13 9 12 13 20 5 5 17 7 8 24 28 17 22 9 27 8
29 1 19 21 1 2 9 0 28 4 27 1 4 11 19 24 5 6 22 22 4 19 19 18 24 29 27 0
9 9 5 7 7 26 16 2 17 22 21 20 11 12 12 14 8 1 0 3 18 11 14 19 5 20 4 26
18 3 25 13 10 3 20 4 18 27 26 26 4 12 2 9 28 4 19 22 17 17 0 21 28 13 26 4
21 14 0 10 18 25 29 4 10 2 2 25 19 17 5 0 12 23 20 7 14 12 1 29 16 17 26 17
23 1 4 28 25 27 14 13 16 20 24 19 13 15 19 5 0 9 20 17 3 20 8 26 18 14 8 25
23 13 23 11 4 14 18 13 10 5 1 8 3 28 14 21 22 21 27 4 13 3 6 4 9 4 18 8
26 25 11 25 19 16 7 5 5 5 11 5 2 9 0 13 18 14 26 14 16 1 23 17 28 7 11 19
21 18 18 15 23 24 27 22 0 23 24 28 17 16 27 26 1 18 13 23 27 18 5 11 24 28 22 3
24 5 1 17 15 15 2 21 29 25 5 5 1 12 24 21 25 12 9 12 5 21 10 24 3 28 0 7
21 5 19 18 9 27 14 25 15 21 27 21 26 8 25 1 17 8 4 19 27 8 18 27 19 15 16 26
22 27 6 28 10 9 6 22 15 15 17 10 13 29 14 10 14 10 12 10 20 17 9 0 0 15 18 4
4 2 4 23 29 23 12 14 18 24 9 12 22 14 7 5 4 29 7 12 25 27 0 17 20 28 1 22
15 29 19 20 2 9 10 17 12 21 2 5 11 7 20 29 0 13 11 11 27 22 29 1 28 2 27 11
8 14 18 21 3 21 8 18 16 24 12 24 24 13 20 18 25 23 10 26 19 12 15 10 15 28 21 23
4 21 10 27 18 19 22 26 0 17 12 4 14 21 20 23 15 26 7 20 26 29 0 10 23 29 29 19
20 0 15 8 18 8 10 7 9 2 18 19 11 16 20 23 24 13 5 13 22 21 6 2 28 17 3 18
25 12 1 11 25 16 9 2 6 14 0 11 5 27 4 13 2 1 0 3 15 20 2 3 0 18 17 20
10 25 12 20 10 2 19 12 24 26 21 18 9 15 19 26 9 23 25 12 29 29 15 3 24 9 8 8
29 10 22 28 22 13 23 20 10 23 25 6 29 9 25 12 29 14 28 5 17 19 22 10 2 2 1 14
14 10 29 28 24 26 23 2 8 17 15 20 24 7 1 0 24 12 26 12 8 0 4 11 9 24 23 1
19 11 13 14 18 22 6 9 14 6 18 21 2 13 14 27 29 27 14 8 24 11 18 7 26 21 9 0
30 29 29 10
2 28 22 19 16 1 25 20 26 4 8 27 14 14 12 16 19 20 18 1 1 0 11 22 27 23 27 9 28
10 8 22 27 17 17 2 17 19 3 5 29 1 7 11 15 13 12 12 7 1 27 11 13 19 20 0 16 19
26 13 10 29 20 28 12 0 12 13 27 2 25 16 17 15 4 12 15 20 21 6 7 11 17 29 20 24 5
17 3 4 24 27 19 11 3 26 5 18 27 27 0 4 8 8 12 13 5 16 24 21 18 2 3 29 29 7
8 28 21 17 2 23 23 2 17 12 4 14 0 24 2 0 3 4 7 3 8 25 28 17 2 0 11 3 17
21 11 7 6 12 7 15 7 5 23 29 28 9 27 12 23 12 7 27 19 13 18 9 26 10 9 11 19 20
9 25 1 9 19 16 19 3 15 29 29 27 11 22 20 5 28 20 7 26 25 9 10 17 13 6 27 22 2
20 0 3 29 1 7 5 6 0 26 24 13 15 21 4 23 21 1 2 28 21 20 19 15 27 16 24 15 1
23 22 8 12 5 20 5 24 25 13 5 5 17 2 15 0 15 15 23 22 15 12 0 29 23 14 13 13 7
3 7 10 22 25 6 14 25 28 2 26 29 4 8 25 4 24 26 24 26 1 28 17 22 26 22 20 24 14
28 21 13 11 24 29 17 13 24 6 3 7 6 0 22 0 25 19 12 15 12 22 7 24 29 4 8 19 22
11 27 10 6 27 8 26 22 22 19 5 6 25 8 10 24 10 15 29 23 13 19 12 25 11 10 21 10 3
26 7 3 9 25 10 11 8 18 29 5 16 23 2 11 7 29 10 29 12 13 26 3 7 12 25 12 18 19
25 12 8 21 15 21 24 14 24 12 27 22 14 16 25 0 19 13 26 0 12 3 14 3 9 23 12 22 27
12 14 8 16 9 23 28 11 17 2 4 11 20 20 8 15 19 16 5 18 21 2 26 19 5 21 4 21 2
18 12 18 27 26 3 13 11 3 23 22 14 11 5 20 17 23 1 26 21 9 22 7 25 14 19 11 17 29
6 5 28 1 25 3 9 29 26 29 2 22 6 11 15 12 21 21 24 13 26 17 15 6 7 11 21 5 26
1 2 27 29 13 18 11 29 26 5 22 16 23 17 6 14 7 4 2 15 23 18 6 19 12 25 12 25 12
20 15 0 11 3 19 15 1 25 29 28 29 22 29 20 15 17 27 11 18 23 17 18 7 23 27 4 0 0
17 23 6 5 22 13 2 29 29 22 24 22 21 17 4 14 2 6 11 20 3 26 5 1 24 20 26 7 1
29 21 24 8 17 19 12 12 24 16 6 29 16 20 6 29 0 21 27 22 21 0 2 14 20 24 4 11 13
28 1 14 20 20 5 8 6 19 26 0 4 14 12 17 9 27 25 6 3 7 26 6 1 13 20 21 15 24
29 20 21 0 24 4 24 19 0 25 9 20 1 8 22 19 22 3 22 12 21 16 26 2 27 29 21 5 20
9 20 21 23 17 8 23 21 11 15 21 10 12 1 26 27 20 27 26 20 24 27 3 0 10 0 29 12 15
18 20 0 16 23 14 28 25 14 7 29 16 6 22 7 0 9 22 18 22 4 0 15 19 6 9 13 9 3
14 18 15 18 29 14 21 19 0 26 27 10 28 13 18 25 12 11 11 23 0 7 11 6 12 26 2 29 23
1 1 25 11 0 16 9 6 3 5 12 16 22 29 16 8 4 26 26 18 2 4 16 4 6 2 6 22 11
8 16 4 8 11 27 12 1 17 13 12 9 19 28 7 13 18 15 7 3 20 8 24 25 7 21 18 21 7
8 7 19 11 25 7 19 17 19 27 17 14 22 26 19 3 2 14 6 26 10 16 23 10 10 15 24 13 9
21 8 7 6 12 15 23 16 6 5 13 24 22 7 27 6 17 23 4 6 16 8 15 19 4 2 5 14 14
29 30 27 10
17 20 6 17 6 26 2 27 24 3 21 7 12 3 26 9 24 13 13 8 3 21 10 2 24 21 12 17 16 4
5 19 1 10 24 18 2 27 1 12 6 6 6 3 6 18 17 5 24 27 0 16 27 1 15 13 24 21 9 4
25 12 3 10 10 21 4 27 23 14 22 5 10 5 20 3 25 19 3 11 12 12 0 6 13 7 14 2 24 7
24 12 23 19 10 6 3 10 6 6 24 7 20 2 16 1 22 3 2 11 9 0 0 26 3 9 18 22 15 27
13 2 25 17 27 11 20 26 17 9 4 20 3 10 2 27 22 4 16 21 23 14 19 4 22 4 13 2 15 25
21 21 4 12 24 5 9 15 27 25 18 26 5 5 9 26 26 14 16 11 26 18 23 13 2 22 11 25 26 27
8 1 2 18 16 7 2 25 18 19 17 26 13 5 15 16 25 23 4 25 10 25 0 17 9 11 22 21 6 4
19 16 9 12 17 19 24 2 13 1 1 3 2 10 20 23 25 25 4 26 6 16 26 22 2 9 6 5 27 22
11 20 3 19 9 22 1 19 25 18 23 20 0 11 0 12 26 27 13 15 4 25 2 23 13 9 19 22 13 9
18 16 18 5 20 3 11 25 21 10 24 22 9 25 23 16 22 9 19 24 11 18 11 20 14 6 4 8 9 21
20 20 13 21 1 18 14 16 22 12 20 8 5 19 21 5 18 23 25 18 5 8 18 6 21 23 12 3 22 14
15 17 2 11 19 22 0 12 11 20 25 18 13 10 1 22 6 8 18 4 27 1 1 25 8 11 14 6 1 1
9 5 14 0 0 1 10 19 19 11 18 7 2 7 12 13 24 17 7 25 18 17 22 23 7 27 0 22 15 19
15 3 5 6 23 16 4 27 8 24 13 6 5 10 1 12 24 18 16 21 12 1 12 9 2 6 18 16 13 20
12 9 11 15 6 24 21 24 7 23 22 22 27 16 12 22 14 15 24 7 14 2 17 6 4 22 7 21 6 0
15 14 19 27 12 26 22 23 5 17 20 6 3 19 15 24 26 7 16 4 11 13 19 4 8 12 15 17 19 24
10 20 21 16 4 0 16 0 17 10 23 26 6 16 8 11 27 1 26 10 8 5 14 16 26 15 25 17 7 16
9 7 12 6 18 15 5 21 23 11 27 23 21 0 12 3 20 4 19 18 2 23 2 20 19 8 8 21 20 19
23 18 0 8 14 7 15 22 27 21 11 20 21 19 25 9 6 10 3 18 17 1 16 15 16 20 2 7 18 15
12 12 20 3 12 14 10 0 17 5 12 5 7 25 15 18 20 22 10 10 19 24 14 20 8 24 10 0 22 7
6 5 11 6 14 22 0 0 5 19 3 23 19 25 6 5 26 14 6 12 26 22 5 1 13 7 20 11 14 21
19 7 27 10 21 8 26 23 3 16 1 23 24 9 11 14 13 6 4 17 22 1 17 3 13 21 25 9 13 10
20 0 13 18 15 0 24 26 23 8 17 21 3 1 6 2 24 13 19 0 18 17 23 5 6 7 11 13 3 5
2 25 8 20 2 2 10 21 23 1 5 5 22 5 18 25 14 22 3 22 12 2 8 5 5 23 1 10 26 15
24 1 10 19 8 6 18 10 22 17 23 27 5 12 22 27 8 10 14 24 18 11 21 15 3 24 15 22 9 25
17 22 8 12 1 3 15 2 22 14 12 5 6 9 17 12 24 20 19 7 21 3 12 9 9 3 24 27 27 9
5 4 21 17 3 4 12 24 18 11 0 27 15 8 15 20 27 26 20 7 6 13 6 23 24 2 22 19 24 1
3 14 15 21 6 11 7 12 16 13 2 17 15 17 20 21 2 5 8 17 19 23 24 18 14 27 16 16 16 26
18 11 14 26 21 19 10 4 17 1 13 10 14 14 4 1 12 16 11 23 13 8 18 20 23 0 0 24 17 16
28 28 25 10
20 25 0 15 18 1 24 12 6 4 4 7 24 25 10 19 4 13 19 22 4 2 7 0 25 16 16 21
14 24 15 19 20 9 4 16 10 25 20 10 25 19 10 10 24 16 22 8 14 14 14 24 15 0 9 16
10 17 16 22 12 1 16 4 3 0 8 17 19 22 22 18 22 14 19 4 14 14 13 2 13 1 6 1
18 17 3 16 3 17 7 21 4 16 3 22 8 22 21 9 0 19 23 6 10 18 5 2 19 19 16 18
2 14 12 8 10 5 1 6 13 25 15 1 6 9 20 22 4 7 10 13 19 18 14 3 0 12 13 11
16 5 6 1 13 6 10 0 15 3 12 13 7 15 9 22 13 11 16 22 24 15 8 20 17 12 10 17
25 9 8 1 17 2 6 15 23 9 11 18 12 23 25 18 8 3 10 21 12 23 0 22 23 3 25 20
23 9 1 8 25 24 23 6 16 9 14 18 11 23 12 24 10 11 16 18 14 21 23 23 24 22 18 19
13 22 7 24 15 20 2 7 8 6 10 8 5 17 0 15 6 7 25 9 10 2 9 17 5 2 4 3
18 0 6 18 2 5 3 5 7 24 15 4 9 13 16 10 13 1 7 15 19 20 9 12 16 1 19 8
7 11 20 19 7 3 14 17 7 7 5 9 3 13 16 6 17 7 10 1 10 11 3 3 17 0 17 8
2 7 1 17 18 14 10 2 15 5 24 10 3 2 16 16 11 0 9 13 12 16 16 12 7 7 2 11
25 14 18 1 8 1 14 22 15 17 13 24 17 10 23 25 13 2 1 15 10 10 4 5 5 7 12 6
16 8 4 5 0 18 9 12 13 11 23 7 23 7 10 1 4 6 10 2 24 20 16 13 18 3 12 13
24 20 17 16 4 22 3 4 17 9 18 15 23 16 0 16 6 21 8 0 5 22 2 15 19 16 9 9
3 11 5 18 17 1 24 11 13 19 16 11 21 20 0 25 5 7 10 10 13 24 16 24 18 18 25 0
25 21 24 14 6 9 19 17 7 4 11 10 12 18 13 10 23 15 3 25 17 23 11 4 1 24 7 18
24 23 25 25 17 2 22 20 8 3 8 13 25 9 21 6 11 2 13 4 18 5 22 23 16 1 5 10
12 18 18 0 24 19 18 8 17 4 3 20 9 15 2 13 15 7 8 7 14 25 12 22 25 0 25 11
22 25 1 8 16 9 11 12 24 1 16 7 4 9 23 15 23 11 6 13 10 25 20 24 21 3 8 5
12 20 8 3 22 16 13 6 10 3 9 17 0 14 3 11 9 5 7 20 5 11 2 11 18 21 25 15
13 0 19 14 12 9 15 19 3 10 19 1 18 23 3 14 7 2 18 19 24 3 18 22 25 25 9 21
11 11 19 9 5 16 20 13 3 12 19 6 20 19 10 14 3 4 24 21 6 9 19 2 24 0 6 3
25 22 1 9 19 5 10 22 15 4 2 2 3 12 20 6 0 19 12 12 10 0 24 20 8 11 0 0
21 22 13 17 16 6 2 11 9 23 12 8 10 17 12 21 1 25 15 21 4 17 1 2 17 5 6 2
10 6 1 10 19 12 15 15 21 7 8 7 25 9 8 23 9 4 11 14 25 20 10 8 15 13 25 12
10 14 2 13 7 12 6 2 22 0 0 25 8 8 15 9 16 13 19 21 16 16 13 3 7 21 8 14
12 11 9 3 24 15 4 20 23 7 20 14 23 15 0 9 4 20 14 11 23 21 17 12 7 0 22 21
27 28 18 10
14 18 4 3 18 16 4 9 0 9 7 12 18 15 10 8 1 12 17 11 8 3 6 15 17 8 11 12
6 18 11 15 10 0 14 13 9 7 8 8 11 11 2 0 15 15 11 0 15 9 12 13 0 17 16 2
0 6 3 13 8 10 15 6 5 1 5 4 0 6 11 15 2 11 9 17 5 1 16 12 15 17 6 18
2 9 3 15 7 7 15 11 6 1 2 4 10 6 11 12 3 2 5 0 13 3 10 9 9 13 8 4
16 6 17 0 0 12 10 5 7 15 8 16 10 14 1 4 3 10 12 0 3 3 12 18 13 13 18 5
13 7 11 16 9 10 7 13 2 17 17 14 14 17 0 4 13 5 12 5 8 7 9 8 12 5 0 2
13 3 10 14 0 0 2 2 4 11 10 3 0 18 14 12 17 0 17 1 17 1 11 14 10 17 4 8
7 4 3 3 15 1 8 16 8 14 0 12 0 7 9 14 16 10 7 7 5 4 9 16 6 0 11 17
9 2 10 1 5 8 11 16 15 7 13 16 11 13 14 9 4 1 5 5 1 18 11 2 16 15 12 2
14 15 18 4 16 1 2 16 14 16 0 10 7 9 11 6 9 11 2 6 4 16 2 6 16 1 11 10
11 4 0 11 13 4 9 11 17 4 8 15 12 14 10 11 4 8 0 7 17 14 8 15 16 7 0 13
8 14 7 9 9 2 8 0 17 15 9 0 1 2 6 18 10 7 6 14 17 3 4 0 12 17 10 18
0 2 15 5 8 18 5 11 18 7 13 12 2 4 18 5 3 7 3 10 5 6 11 2 10 9 16 1
10 0 11 12 12 7 2 2 17 14 15 11 1 4 10 5 11 9 2 9 14 12 6 6 4 4 11 0
18 5 4 11 10 8 8 6 16 14 9 17 18 14 8 14 2 5 3 8 5 5 6 3 6 1 12 12
16 5 13 3 14 1 8 11 9 2 0 0 12 15 18 12 2 10 16 1 17 2 7 14 14 13 4 0
4 17 8 10 18 16 3 8 6 1 0 5 4 15 7 11 3 7 5 7 14 18 10 18 6 5 2 13
4 6 12 5 13 14 18 11 4 3 6 10 5 10 16 11 9 11 7 6 8 5 4 10 4 4 12 9
13 15 17 15 17 10 18 8 0 9 15 0 18 4 8 16 14 9 5 11 11 2 13 17 13 12 0 3
11 13 10 6 9 17 14 15 14 13 13 17 18 9 2 14 0 17 7 6 8 5 10 16 9 2 8 15
6 5 2 1 16 3 6 2 13 7 6 16 13 17 12 4 16 8 9 8 10 17 11 7 6 6 15 4
17 0 6 2 8 1 17 18 5 13 10 17 9 0 6 1 1 1 5 14 1 16 13 7 3 12 15 9
0 17 1 17 15 1 12 4 3 18 1 17 5 9 1 10 18 5 12 14 5 2 17 3 11 15 17 7
14 16 16 17 15 5 6 0 18 13 2 0 4 9 10 15 5 16 14 17 9 7 9 12 3 1 6 2
0 11 10 16 1 14 7 11 17 7 15 7 9 6 12 14 9 3 2 12 5 6 18 10 4 10 8 18
6 18 9 14 14 10 17 8 6 11 5 4 1 10 2 3 4 4 9 15 17 8 4 16 13 6 4 1
11 14 2 11 7 9 15 13 3 10 17 2 9 12 14 17 6 2 4 8 9 8 13 4 13 10 15 14
30 30 30 10
3 10 15 29 6 22 29 5 18 25 2 7 1 9 11 27 15 20 25 11 1 26 3 30 26 18 18 18 25 13
16 28 0 24 26 0 13 5 21 11 11 3 20 29 15 6 0 25 6 16 30 19 21 24 14 23 25 7 8 16
18 8 4 3 26 24 0 6 14 13 24 23 22 3 4 25 19 1 12 19 2 0 16 5 24 9 10 7 24 13
22 21 9 22 24 18 26 6 21 3 19 21 17 0 27 16 5 6 14 0 10 27 5 22 24 3 26 30 0 12
17 30 27 12 19 24 3 16 9 23 17 19 0 20 28 22 26 27 26 16 28 16 9 13 27 17 15 30 28 7
15 13 10 8 0 30 5 25 29 29 13 13 3 28 0 19 1 29 22 27 12 27 2 30 26 16 19 9 18 24
19 1 22 5 27 26 11 21 24 27 27 24 12 20 11 24 4 27 27 18 9 20 15 20 9 22 30 22 23 18
16 25 29 17 3 14 18 18 14 4 3 29 17 30 15 29 22 6 14 19 2 28 12 22 20 15 12 26 10 5
20 15 28 29 30 24 25 15 24 23 17 16 13 21 20 16 28 3 30 18 27 13 24 27 25 5 5 2 23 4
22 10 30 24 3 6 9 16 22 10 3 12 27 11 11 25 12 8 11 29 27 7 14 29 16 8 7 19 24 30
14 15 2 10 6 4 5 4 13 22 6 24 17 20 25 12 13 16 19 16 4 21 22 11 10 27 23 30 21 7
13 15 26 10 6 21 1 11 7 9 10 25 3 16 10 2 28 5 4 9 30 19 21 4 30 22 18 29 22 14
20 20 9 2 27 3 14 1 23 9 26 13 1 24 9 10 18 4 7 4 20 10 24 7 14 20 13 13 11 21
21 13 16 20 21 17 23 23 23 29 22 17 14 30 12 11 10 3 11 7 21 12 10 5 27 22 5 7 19 15
30 6 1 7 17 28 14 10 18 3 7 1 0 17 30 4 15 23 0 15 15 4 9 21 8 24 9 2 21 12
15 1 24 24 3 19 0 0 8 18 14 8 3 16 0 25 22 19 15 29 1 4 17 27 16 4 16 25 14 6
17 21 13 6 16 3 25 7 15 24 9 6 25 9 25 8 27 13 15 23 26 28 28 16 16 28 21 27 12 24
9 3 9 19 5 8 12 5 12 8 29 21 8 22 9 29 0 10 17 25 15 0 20 22 27 5 0 24 19 5
19 29 26 21 2 1 24 24 22 4 25 21 9 29 0 17 25 22 14 23 20 15 7 22 7 21 2 4 4 12
25 27 12 5 22 19 17 22 1 1 23 8 5 27 18 30 10 22 28 2 27 16 5 19 2 21 16 23 10 5
13 18 30 10 11 26 22 13 2 20 16 20 23 28 25 21 6 24 14 19 21 10 24 26 30 15 23 13 29 29
28 20 16 12 2 10 12 22 1 29 15 23 8 27 7 11 6 15 23 15 12 18 30 10 16 1 4 9 28 20
11 30 20 3 6 20 20 9 5 29 22 26 8 12 6 9 7 16 11 9 17 15 7 8 22 1 12 25 29 20
23 23 19 2 6 14 25 11 25 26 10 17 22 15 6 30 13 19 22 25 26 12 10 9 19 29 29 4 6 18
23 10 8 27 10 13 20 7 14 12 1 3 15 28 14 19 9 14 30 23 17 15 16 21 3 11 20 10 28 13
5 6 7 2 17 1 24 4 3 9 14 28 22 28 15 18 3 5 30 30 28 1 18 13 18 27 10 5 13 19
3 3 13 7 20 1 3 14 19 7 30 16 2 25 12 9 18 12 24 13 10 13 20 6 13 20 27 30 3 3
7 17 30 1 21 7 25 29 22 18 28 13 0 28 28 29 23 30 0 2 14 24 13 6 1 1 19 5 26 26
17 11 3 7 26 11 4 2 20 19 23 22 4 15 20 19 11 25 7 3 0 5 12 10 0 24 26 29 29 20
22 22 10 1 30 5 1 27 9 8 21 19 2 5 9 3 30 17 22 14 18 26 6 6 5 18 13 26 4 0
30 30 30 10
12 11 16 14 4 16 7 11 25 26 19 27 8 26 14 3 20 18 20 29 2 1 20 17 8 7 23 18 14 22
9 20 19 7 23 26 26 20 17 20 26 26 29 12 12 15 3 9 6 9 15 29 0 30 10 2 19 0 24 10
17 25 6 22 20 25 9 13 9 25 22 9 18 20 22 14 29 14 1 23 29 24 22 19 26 3 24 21 14 1
12 4 6 28 10 24 27 9 11 13 11 18 18 22 21 11 12 11 25 13 25 24 5 23 2 21 6 20 28 30
0 2 5 17 30 22 17 9 16 3 23 10 16 27 9 7 30 27 17 9 5 10 3 23 11 5 8 1 12 19
14 0 8 16 18 11 27 23 28 30 14 0 5 23 9 27 24 23 29 8 26 6 13 26 5 14 25 3 7 18
5 25 10 29 27 11 12 29 2 24 7 3 5 12 6 22 27 24 16 30 4 6 25 16 30 10 8 30 27 23
18 4 13 26 30 21 16 24 28 28 18 20 11 20 29 14 7 14 28 28 16 12 26 2 1 16 0 29 24 6
22 21 9 0 5 13 2 1 19 10 6 11 2 5 6 4 6 15 2 12 4 4 7 10 6 19 28 17 1 10
7 16 3 14 21 23 19 25 14 22 30 8 5 10 16 15 15 13 29 3 15 28 26 16 7 24 3 22 17 23
2 17 8 8 4 6 11 18 3 15 30 16 9 0 21 21 14 16 11 14 22 20 27 13 27 13 16 23 0 21
30 20 10 11 26 4 20 30 28 18 1 18 27 22 14 20 26 5 30 24 0 11 12 21 21 0 6 5 18 11
19 6 10 23 18 8 16 25 18 24 16 1 8 6 17 6 15 9 16 13 11 9 3 11 27 1 3 22 27 18
27 4 9 30 23 28 19 19 29 15 20 6 11 13 15 13 3 7 7 14 0 28 10 10 21 20 19 17 25 11
29 15 10 25 10 20 9 3 20 27 7 15 19 17 0 22 25 12 1 3 8 8 8 29 28 1 15 22 27 21
10 0 9 22 2 4 28 13 23 25 12 0 28 6 12 30 17 15 27 10 18 22 4 28 11 6 28 21 21 7
15 13 14 15 16 4 17 8 29 9 17 13 1 28 17 2 29 14 25 22 16 2 23 24 15 6 25 27 8 2
4 19 0 4 26 12 10 14 12 19 26 0 2 0 2 27 5 6 16 6 4 6 27 19 17 13 5 9 7 11
16 16 22 17 30 20 5 14 5 22 27 29 12 29 23 23 17 6 28 14 7 0 30 18 0 25 17 17 4 7
4 4 5 11 28 23 0 2 16 13 23 1 9 2 8 24 18 29 5 25 12 2 8 28 4 29 18 13 17 12
15 21 7 8 19 6 8 3 30 1 25 5 18 5 15 20 8 2 18 14 13 13 4 17 12 28 4 1 4 3
11 26 13 0 12 5 0 9 2 23 6 22 15 15 7 10 30 10 7 7 15 6 12 5 17 4 12 3 0 18
27 0 27 4 3 22 24 11 10 19 3 16 5 13 23 13 17 15 13 21 21 30 15 24 17 8 26 23 0 22
15 4 16 6 13 17 8 18 26 8 1 25 15 21 10 5 4 12 21 21 27 10 12 28 27 20 28 22 30 12
25 11 12 29 20 24 5 10 0 11 28 22 15 13 8 12 13 8 11 2 24 24 8 12 20 13 22 29 16 30
6 4 7 26 22 21 0 28 28 0 0 11 24 4 22 1 26 8 0 25 26 13 6 17 11 5 20 10 30 10
1 30 0 0 6 19 7 18 26 0 12 11 22 11 5 22 20 14 23 21 1 25 19 22 5 4 0 12 25 13
15 27 12 24 12 15 23 27 28 0 29 12 9 24 3 23 26 20 7 3 2 8 10 19 4 11 22 6 18 15
4 12 1 24 2 10 12 20 21 23 8 23 15 12 13 1 4 16 12 16 19 7 25 23 6 29 10 6 21 16
14 24 29 28 9 14 4 9 10 1 14 18 13 13 10 12 12 27 5 8 6 29 14 11 15 4 18 23 1 25
30 30 30 10
1 20 19 23 29 16 4 12 28 12 20 22 20 25 16 16 3 16 24 14 10 10 11 4 14 4 22 10 22 4
18 28 15 10 8 9 6 17 1 21 26 13 30 20 9 6 26 27 14 7 1 21 28 22 30 10 27 20 18 18
20 13 14 17 24 13 13 6 25 3 10 4 29 26 22 13 23 0 0 13 12 7 21 1 21 24 3 10 5 10
16 19 18 4 17 8 9 29 1 27 28 7 13 18 10 17 30 26 21 15 5 8 3 19 27 18 8 0 2 5
21 18 23 11 17 2 14 1 16 0 22 0 17 12 7 3 11 9 27 21 4 5 1 9 20 2 30 17 18 13
13 21 14 8 22 30 5 12 16 3 20 28 19 4 6 29 10 23 4 0 25 5 27 14 19 28 21 14 18 29
24 17 5 3 4 23 17 22 22 12 6 9 16 0 4 1 7 20 23 27 20 18 14 3 10 27 0 23 13 9
6 23 24 0 26 25 14 12 8 25 15 25 26 11 9 20 30 5 15 6 10 1 20 2 14 17 18 22 10 20
5 20 24 11 14 8 3 18 14 15 3 26 24 8 9 15 25 12 11 0 13 13 15 27 26 20 30 4 10 26
22 22 20 29 4 1 29 9 11 9 23 14 13 2 25 18 17 12 30 8 10 14 7 19 11 26 11 12 11 6
6 15 27 17 28 8 0 11 30 27 27 11 21 19 2 22 9 16 29 17 3 4 1 19 25 4 25 30 2 19
4 6 14 24 25 2 24 5 15 20 10 4 25 13 1 17 30 6 18 7 21 28 16 20 23 1 23 4 17 3
17 17 27 11 26 11 22 20 10 26 19 18 9 25 29 19 13 2 14 1 29 30 28 25 10 14 9 0 20 6
18 3 2 27 10 30 23 26 7 16 19 10 14 7 19 0 30 12 7 27 25 17 22 25 22 27 12 8 5 1
2 3 12 14 30 15 19 7 21 5 1 18 3 14 17 8 15 8 27 12 21 15 27 14 21 8 21 20 19 26
14 16 17 14 13 23 17 21 23 15 13 23 29 15 5 16 9 26 7 10 3 14 6 25 24 28 4 18 17 23
18 18 20 7 28 29 13 27 20 1 0 5 22 6 22 5 22 30 22 5 11 21 2 22 15 3 18 0 11 8
13 10 0 29 19 14 13 10 29 10 15 6 2 0 20 12 15 15 30 5 13 26 10 26 29 12 29 24 4 11
6 9 26 26 9 19 15 30 7 4 0 2 21 25 16 27 29 25 21 11 23 25 19 5 29 13 20 10 11 5
24 4 27 5 29 11 21 29 3 27 16 19 9 23 9 28 16 22 0 11 17 0 11 1 25 0 26 9 24 20
25 8 24 4 2 30 10 7 11 5 22 15 5 28 7 15 22 8 30 22 2 6 3 13 22 2 4 10 4 5
27 10 13 14 21 4 30 13 22 22 27 30 11 14 6 28 29 9 27 3 2 4 19 14 19 27 25 29 11 1
9 4 16 18 10 29 18 27 5 7 13 22 5 18 3 20 13 3 29 16 7 27 13 8 7 24 1 11 29 6
13 16 30 30 4 26 28 27 15 29 4 24 23 13 0 2 30 13 5 27 5 1 27 27 24 1 15 11 20 11
17 3 11 11 5 14 12 4 17 25 22 20 27 30 5 8 17 8 17 9 11 0 9 2 23 17 1 21 1 14
13 8 17 25 27 10 22 26 1 28 8 28 24 1 11 4 7 3 28 29 16 11 2 6 26 25 4 14 14 16
7 19 29 24 24 5 2 9 18 6 29 21 12 30 0 30 26 19 20 2 6 11 23 24 13 4 24 8 30 1
29 3 16 18 15 6 9 9 15 22 19 1 0 22 7 29 30 24 27 26 28 24 26 28 0 8 20 11 0 5
21 5 8 8 15 15 17 7 18 15 27 26 8 16 17 30 15 17 15 19 14 2 23 7 5 15 28 17 22 4
20 27 20 25 9 8 8 28 5 26 28 26 27 8 24 26 14 10 16 25 30 9 0 16 14 3 12 9 22 26
30 30 30 10
0 19 15 6 5 24 0 7 30 19 2 18 26 23 20 28 27 22 15 19 30 22 16 8 18 13 28 3 29 21
29 10 24 21 23 29 26 17 8 11 17 24 29 8 30 22 25 6 7 5 16 5 26 4 26 28 26 19 7 12
23 22 17 5 10 7 17 30 10 5 25 11 20 26 6 8 19 24 4 13 24 7 3 1 8 14 20 23 3 22
19 2 0 26 11 0 8 8 6 18 18 7 15 5 18 28 10 16 9 15 21 5 7 27 0 23 7 27 22 15
21 29 26 18 4 5 20 19 2 4 22 14 14 4 29 8 20 19 7 7 19 30 9 11 29 3 9 27 27 18
3 29 14 29 16 7 21 17 26 12 1 3 11 28 1 28 7 9 3 4 29 8 15 13 13 18 7 24 25 1
25 15 14 18 8 29 5 17 24 2 6 5 9 27 2 19 8 9 6 12 7 15 21 14 28 5 17 22 3 28
8 5 27 16 20 27 17 6 15 12 27 21 12 29 2 17 22 8 30 9 14 9 5 18 18 25 11 5 10 3
20 25 23 8 13 22 4 26 0 28 30 17 1 16 20 8 21 20 9 11 13 30 6 27 28 2 4 3 25 24
7 9 7 12 8 0 1 12 6 24 20 11 27 20 0 29 1 11 30 6 22 22 0 2 3 0 6 11 27 29
10 3 19 10 2 17 4 17 10 5 27 30 26 25 0 26 3 7 0 21 23 6 13 20 2 16 26 14 16 1
10 12 8 1 20 23 8 29 8 9 11 4 8 7 3 1 18 9 8 25 18 1 11 5 21 18 29 3 23 16
23 17 13 25 25 25 5 1 2 13 25 2 20 10 26 8 7 14 30 19 0 30 18 11 23 26 16 5 6 4
20 3 27 13 23 10 22 21 12 0 5 11 19 7 15 22 9 22 23 14 22 4 5 1 3 2 7 23 1 18
29 1 13 11 11 0 7 1 1 14 22 16 26 30 19 8 12 18 8 11 23 8 7 1 17 11 14 26 12 7
3 24 28 22 23 16 2 11 15 9 6 1 9 29 14 3 3 16 13 6 18 30 30 22 14 10 15 12 6 0
24 1 6 1 20 29 8 11 8 10 24 17 20 22 21 30 11 3 23 25 11 10 28 29 18 23 16 13 2 19
3 24 24 26 0 18 19 17 28 24 27 8 29 24 7 19 16 8 28 13 4 0 3 4 7 27 15 18 24 2
29 0 2 9 17 3 18 21 22 18 2 26 22 6 25 30 16 24 19 29 30 12 26 15 23 13 25 6 16 28
10 18 16 23 15 26 28 7 20 8 7 11 0 24 4 28 1 28 26 27 18 3 29 21 17 17 1 19 28 19
15 1 17 28 30 8 9 21 4 17 24 0 1 6 28 5 14 21 24 21 19 2 10 1 16 26 26 26 18 0
15 25 21 10 20 14 6 11 6 28 2 27 22 2 23 6 25 27 8 23 7 26 6 18 6 21 5 28 9 8
16 7 12 23 13 17 1 13 14 23 13 23 9 25 8 7 2 17 14 12 15 18 6 2 17 7 17 2 21 8
22 20 4 0 2 5 4 4 25 3 4 16 19 17 21 27 0 2 16 22 26 29 15 30 25 3 13 2 10 21
6 3 3 24 12 12 30 16 6 11 11 11 26 29 12 21 13 18 17 8 27 18 2 0 9 20 24 27 11 7
16 5 3 9 26 26 19 6 1 12 5 24 5 24 9 23 29 4 4 8 27 17 0 10 24 5 18 18 19 23
30 14 0 30 13 19 25 27 28 14 4 3 16 11 8 21 4 15 19 13 12 6 14 23 27 14 23 2 11 3
9 28 27 11 12 26 9 2 12 27 3 8 16 8 19 1 4 16 2 6 5 22 24 20 6 4 14 9 6 18
15 14 30 29 27 16 5 14 15 23 12 4 21 3 22 29 7 5 14 18 12 24 3 17 29 23 7 15 4 0
5 6 29 8 3 2 9 22 20 4 22 19 20 7 4 30 26 11 30 2 9 30 11 12 14 12 15 27 17 22
30 30 30 10
23 17 2 0 12 24 12 1 1 28 9 15 14 18 27 12 25 23 22 28 3 3 23 24 2 24 27 11 1 19
5 25 11 6 13 5 21 28 18 24 22 1 19 30 6 19 3 18 11 26 4 20 5 4 5 5 26 11 8 21
15 25 12 20 15 14 11 6 5 18 30 19 8 26 6 0 8 20 6 24 22 26 30 19 6 21 16 19 0 27
13 27 28 30 19 29 22 5 18 19 22 6 25 9 26 27 18 7 15 3 26 18 11 21 17 11 29 30 8 21
26 26 4 6 16 10 14 30 17 14 30 17 14 10 22 0 25 8 5 18 15 2 30 15 9 6 30 27 8 3
21 8 30 12 20 28 6 5 4 5 29 0 1 30 2 15 29 5 22 11 4 8 20 3 7 8 21 7 28 10
9 30 15 25 22 5 0 19 30 2 28 28 7 14 16 9 29 12 26 3 19 21 9 28 0 20 15 14 14 5
14 10 11 9 29 28 22 8 20 1 9 12 10 16 23 10 16 16 2 21 22 2 7 20 2 12 20 14 3 13
20 2 10 23 15 9 7 9 25 19 18 29 29 4 26 26 21 5 1 25 3 28 14 10 20 20 11 11 2 6
21 26 3 25 28 14 20 19 24 29 0 12 14 29 0 0 18 17 19 26 14 21 9 29 23 8 2 26 4 28
3 13 1 26 19 5 30 21 24 14 14 3 9 24 6 0 16 24 28 23 29 26 13 19 22 8 2 3 13 26
25 1 22 30 23 1 19 7 16 25 27 23 10 13 9 6 4 5 5 8 28 1 1 18 14 0 19 10 9 27
10 9 7 7 28 26 2 3 0 28 6 19 0 13 14 2 16 13 8 12 1 22 15 7 18 23 18 12 27 15
13 11 6 25 30 13 20 6 8 21 14 15 27 9 11 11 16 16 25 15 5 16 25 27 18 26 20 4 10 29
21 24 17 23 15 16 0 26 7 13 28 15 17 27 14 14 17 24 22 11 30 17 12 27 18 25 6 28 10 5
11 6 9 15 1 28 20 26 20 4 10 18 2 26 0 23 22 6 8 14 11 25 11 12 17 22 25 6 17 6
26 23 1 1 13 4 24 13 12 19 17 15 2 5 10 23 17 6 13 27 25 2 22 10 14 17 6 9 0 24
19 11 29 30 26 26 27 16 27 30 10 23 8 6 20 1 25 5 0 17 9 26 12 2 23 0 25 1 26 10
8 19 26 19 10 23 21 8 19 14 4 21 12 10 6 16 5 30 5 21 8 19 12 9 6 18 11 28 5 12
20 8 4 21 21 27 4 17 13 18 28 19 9 25 15 28 9 17 21 7 30 11 30 9 8 20 14 29 20 26
15 17 8 26 10 11 24 8 15 13 24 7 21 21 25 30 25 30 25 9 12 15 3 19 15 27 5 3 3 13
1 25 27 23 26 22 15 21 24 0 19 29 20 3 5 30 13 18 13 29 23 29 2 30 12 27 18 18 21 18
24 8 2 27 2 6 0 27 3 12 2 0 24 21 15 7 1 20 7 2 2 29 11 7 1 8 27 14 0 17
4 1 26 27 20 18 2 7 16 3 19 23 13 23 27 10 0 22 19 21 10 8 16 21 14 5 24 8 30 16
26 0 1 17 15 7 16 26 16 10 14 28 12 24 23 15 6 20 23 0 0 18 25 0 0 0 19 10 5 3
21 16 12 13 17 9 9 11 18 11 16 16 13 20 9 25 6 9 19 9 20 7 6 3 6 21 15 11 14 8
11 26 30 12 26 17 26 7 12 3 27 23 26 4 8 22 19 7 6 3 12 30 11 13 28 17 3 18 18 11
16 7 6 24 25 18 4 5 22 5 11 10 14 6 21 23 18 3 27 18 23 9 28 15 28 29 11 0 0 1
15 8 24 9 3 14 25 6 6 0 9 3 18 7 26 4 6 18 15 25 30 29 3 2 13 1 9 9 29 26
29 24 16 28 19 4 25 28 2 29 2 18 29 5 17 9 14 18 27 17 21 22 7 8 15 14 17 20 6 0
