20 10
647 202 267 515 34 426 296 140 723 927 769 771 176 993 913 471 440 394 7 986
841 742 690 529 642 784 469 347 292 221 808 479 190 974 980 64 440 745 445 964
283 569 660 83 20 505 401 205 230 42 291 126 174 432 640 260 551 61 319 746
925 752 538 726 589 232 175 219 36 403 422 409 992 206 345 337 865 170 617 744
346 13 447 539 483 991 684 759 56 562 37 644 859 170 448 671 211 629 533 524
23 715 613 126 111 558 106 452 591 165 7 985 255 7 834 232 649 663 25 835
752 913 943 718 99 277 988 961 570 390 825 748 720 189 35 329 666 685 384 344
861 619 120 121 111 506 712 331 997 518 307 349 6 882 23 880 910 324 204 612
757 893 267 865 173 117 612 60 166 723 306 765 87 307 282 828 825 604 523 715
829 208 132 870 267 817 303 562 107 410 654 80 974 512 348 577 593 65 127 616
554 324 15 491 151 19 581 377 540 842 263 910 4 670 944 630 193 774 149 973
235 859 270 759 394 183 357 728 998 774 253 657 739 283 471 49 780 563 821 704
698 210 666 443 275 198 355 615 557 683 414 349 718 680 397 379 509 196 562 163
132 600 665 736 861 173 137 658 140 321 156 39 338 795 291 292 984 918 925 79
30 621 688 897 991 492 990 115 397 413 421 281 855 671 683 498 813 443 891 695
381 823 196 987 83 840 315 928 349 737 97 186 599 434 908 316 357 635 352 321
639 667 53 454 465 962 833 440 356 20 238 308 816 484 270 824 579 107 18 219
318 371 283 399 936 373 812 990 133 595 408 688 253 706 285 189 474 419 597 456
728 154 521 711 863 359 91 963 253 237 325 634 442 817 59 719 912 482 842 182
939 859 496 712 60 889 78 876 66 168 404 7 888 907 103 95 734 329 474 351
