20 10
881 109 437 501 934 541 839 628 347 974 707 178 403 41 163 685 133 953 818 567
921 519 658 515 778 473 492 312 260 203 222 767 656 598 655 97 125 294 123 56
769 100 518 297 987 116 683 968 324 560 235 883 455 795 742 172 948 227 859 372
727 319 133 332 27 93 103 381 428 126 335 609 306 719 455 282 502 768 294 659
847 863 159 862 865 641 383 467 376 748 148 130 889 815 968 234 743 899 550 723
136 308 933 604 819 459 599 312 426 185 600 440 760 177 678 965 394 441 69 687
915 939 190 740 492 803 192 643 394 89 544 994 416 318 867 494 754 133 708 326
977 64 268 308 939 119 111 287 301 668 420 199 723 941 549 692 736 859 840 39
317 951 676 505 151 384 721 256 325 612 738 347 796 859 18 111 398 791 139 119
600 302 527 31 232 945 991 21 961 764 933 874 699 408 481 79 274 266 696 170
775 199 566 455 23 972 13 243 723 865 219 282 185 76 732 919 586 818 943 83
926 25 89 837 914 165 816 975 868 813 614 531 680 497 865 691 772 792 533 310
156 606 659 790 211 840 804 238 160 949 830 670 426 757 860 559 431 685 98 765
592 950 884 769 862 20 445 810 990 451 940 327 658 958 770 219 416 957 25 23
251 257 736 906 311 727 382 436 562 942 161 643 751 943 245 362 606 166 708 573
428 497 417 475 753 715 841 670 918 862 967 29 118 405 413 756 838 902 286 436
506 635 320 5 519 198 988 226 409 183 491 102 379 974 498 1000 879 969 204 79
313 197 635 720 700 195 580 211 327 363 135 889 466 569 75 145 581 497 834 773
905 384 516 779 34 208 841 899 848 468 636 357 676 65 873 442 997 199 252 729
911 263 430 166 669 901 256 805 711 853 415 343 74 86 128 787 88 439 543 979
