30 10
570 221 363 291 15 656 121 671 134 34 872 629 601 986 788 725 672 353 442 219 17 756 13 967 945 976 665 543 276 62
513 831 974 262 872 99 863 716 749 664 2 855 324 364 849 755 982 968 859 492 96 968 20 1000 592 211 837 319 90 427
643 816 635 960 253 493 312 446 582 750 602 535 697 543 161 740 647 706 415 541 766 194 565 893 845 667 571 730 322 831
412 52 112 727 699 646 271 94 345 165 457 316 982 292 590 265 117 901 43 766 296 456 170 764 788 131 974 22 836 962
186 200 428 266 535 681 788 894 842 752 363 442 268 310 223 662 418 700 228 425 10 76 293 721 461 902 935 867 305 672
278 34 100 764 963 308 559 382 312 717 762 421 283 128 992 925 987 471 941 613 497 670 442 522 219 10 228 696 558 336
500 867 315 8 691 173 233 66 369 315 970 811 17 40 975 572 554 117 790 443 407 217 885 104 747 767 613 959 16 882
239 553 110 696 784 125 230 722 977 455 943 516 542 286 730 73 58 484 879 470 772 71 766 284 310 621 342 885 311 985
848 387 201 173 423 91 914 243 591 739 567 304 592 447 818 946 229 447 637 661 295 117 661 722 345 791 418 323 417 465
998 594 872 999 107 432 377 522 980 686 399 461 41 701 70 732 224 861 746 380 964 257 977 968 973 922 43 869 34 194
804 725 91 795 550 424 713 654 17 480 313 205 186 6 558 895 769 374 550 458 17 923 534 440 211 735 167 154 392 772
180 404 347 424 111 790 264 740 381 784 184 105 594 600 527 151 257 529 985 782 884 261 6 995 133 278 805 671 126 292
847 86 743 1000 829 58 235 632 125 25 331 404 150 410 1000 549 801 105 517 535 534 907 169 69 981 586 889 629 13 475
308 602 664 826 243 346 608 843 617 114 677 483 337 823 30 931 71 244 435 807 84 505 789 388 599 341 56 609 175 84
829 882 41 378 310 833 994 947 524 876 244 695 234 560 541 436 25 344 885 368 806 642 958 103 430 72 385 147 355 124
453 604 106 546 325 90 337 693 647 878 156 924 219 408 535 758 989 18 349 716 686 44 635 431 38 722 154 996 491 394
164 518 198 52 459 887 702 695 203 866 546 470 252 593 610 138 734 920 204 391 760 22 845 496 239 269 565 693 986 270
201 975 600 88 380 996 228 427 43 117 855 199 298 165 832 663 417 69 732 102 431 300 756 196 266 639 46 231 737 609
829 574 726 977 996 792 751 727 462 222 272 344 207 454 721 487 367 698 798 733 500 65 372 751 68 12 82 561 468 393
721 639 664 330 321 183 313 579 46 789 876 220 428 710 677 179 274 757 983 910 596 605 739 749 361 970 325 924 464 979
421 828 155 715 353 767 839 412 555 783 860 822 387 776 1 363 678 397 309 437 856 724 752 140 693 785 207 537 129 173
985 671 7 577 308 276 506 259 310 931 251 44 573 312 605 882 396 356 111 209 990 669 421 155 420 497 929 216 532 737
890 636 791 332 638 135 802 326 883 450 432 700 337 326 823 953 365 993 742 754 303 81 876 589 870 675 251 834 340 202
253 832 369 99 914 635 256 204 842 535 809 581 140 333 560 847 873 31 230 724 223 337 580 737 406 205 281 837 519 103
48 691 135 1 735 935 168 316 249 520 726 33 80 833 925 616 303 985 281 530 886 964 597 873 259 100 791 255 50 674
596 865 975 590 228 384 879 900 907 224 471 136 555 481 969 777 144 105 875 528 603 741 136 790 542 472 274 172 532 727
131 936 990 843 743 830 843 539 186 418 592 612 397 80 250 135 384 835 253 469 834 37 369 794 46 862 369 991 999 126
531 416 603 429 103 799 803 683 163 566 766 514 267 14 184 329 911 125 813 21 689 354 707 36 593 124 918 719 483 715
248 859 482 164 78 660 560 46 748 70 268 460 412 987 164 455 362 283 997 913 397 835 497 185 421 399 54 948 772 499
213 536 639 78 778 813 867 900 906 799 608 966 479 69 323 876 979 336 770 287 188 578 407 44 981 225 990 617 446 850
