30 10
917 92 304 48 96 308 165 726 338 731 426 678 635 946 202 510 616 213 791 67 277 787 273 991 50 492 986 97 916 893
410 346 192 566 82 68 48 849 504 833 766 29 552 930 485 852 8 199 102 865 846 998 473 388 198 275 976 337 309 457
117 294 758 948 599 849 771 138 993 101 515 71 977 200 477 725 358 846 446 179 182 853 18 377 74 151 109 44 542 399
806 766 33 29 400 353 5 842 92 167 619 240 657 680 604 675 100 924 488 146 943 523 428 273 102 813 414 160 187 314
697 350 733 542 145 652 385 713 397 926 363 919 95 332 127 875 919 315 436 510 493 262 940 190 955 910 819 736 826 405
197 927 581 925 582 488 273 979 156 916 630 524 465 878 110 441 781 363 322 162 54 708 47 157 758 735 513 459 544 62
822 950 233 61 18 886 77 762 475 659 839 135 562 638 36 121 30 83 915 139 489 882 443 240 151 680 866 96 238 337
27 557 357 386 480 97 159 429 91 335 124 955 397 807 254 789 88 955 967 2 540 18 251 180 169 833 315 48 239 28
949 123 329 827 39 78 324 501 938 85 527 395 520 780 360 43 32 512 446 552 401 945 692 763 365 179 354 192 324 982
10 662 992 199 340 291 788 910 20 534 720 323 441 161 360 915 985 374 619 529 525 501 245 622 573 674 193 946 673 818
869 144 541 451 410 477 169 279 630 332 137 129 646 41 356 131 862 391 528 171 853 683 318 540 340 65 405 353 656 125
401 73 781 305 402 259 437 968 734 343 223 709 663 865 450 38 831 767 914 90 519 557 186 950 123 254 959 851 613 618
895 214 342 207 877 375 811 388 471 284 199 629 881 815 750 41 960 352 715 173 879 99 557 199 503 789 312 516 564 809
762 193 20 108 200 427 809 394 259 768 39 924 223 364 251 54 58 752 738 728 379 835 718 566 935 476 189 59 770 532
172 605 469 464 149 940 402 871 931 703 550 725 838 900 374 235 857 734 776 420 850 983 656 207 755 336 935 378 57 608
129 518 445 529 520 368 818 467 502 644 31 725 356 683 444 806 188 317 103 685 848 212 829 425 572 540 199 67 181 347
447 629 772 739 654 703 153 90 826 834 630 118 784 626 515 900 80 285 329 456 120 600 223 528 765 165 810 742 151 808
25 389 721 902 984 959 40 313 212 972 823 476 227 655 133 66 586 579 27 141 956 290 989 711 9 567 922 520 450 733
549 333 5 300 155 359 319 564 256 290 716 339 349 951 206 459 284 64 390 248 941 897 330 760 305 868 37 291 728 248
162 48 506 838 680 192 789 109 123 631 103 499 233 685 158 854 745 831 964 998 147 862 732 893 859 346 972 362 494 671
839 102 416 608 902 591 869 269 597 250 495 930 756 243 340 954 222 209 917 844 532 812 190 320 337 318 848 871 718 511
488 353 811 631 737 328 471 146 564 710 304 609 348 818 139 505 116 60 941 458 408 516 895 500 503 274 1 684 539 9
413 263 346 40 814 800 93 327 350 913 324 417 709 359 201 245 284 556 710 87 974 82 872 919 716 73 33 966 997 953
934 73 18 857 228 264 294 527 416 104 770 557 664 706 292 830 529 538 107 18 313 532 656 545 586 356 983 883 908 407
129 767 881 856 215 561 98 515 218 979 485 883 843 923 552 215 864 365 554 17 221 875 557 220 548 771 902 560 791 922
787 593 934 111 383 876 519 745 236 811 638 273 705 460 523 691 598 707 958 122 655 358 576 16 156 137 131 332 717 150
970 321 556 684 809 131 407 649 798 953 231 250 324 464 40 505 652 954 89 205 195 424 336 736 670 82 492 385 286 818
915 559 673 853 84 595 225 584 853 885 160 942 624 383 675 464 121 150 813 600 199 563 597 435 379 796 817 651 832 972
896 102 670 379 336 512 45 463 502 339 763 494 913 774 91 751 661 94 595 280 146 938 916 329 901 315 468 715 160 557
837 225 285 873 513 536 361 385 578 570 201 831 994 293 434 459 430 911 775 588 661 902 612 306 123 869 545 237 787 69
