30 10
912 261 366 545 779 999 563 534 485 473 782 922 60 593 197 915 576 844 872 241 97 193 160 644 119 325 445 143 175 591
683 948 39 995 622 449 170 172 566 395 808 375 706 305 470 995 604 221 834 480 752 570 365 389 129 694 309 367 362 276
331 624 323 500 161 132 707 100 939 317 632 664 756 143 125 63 789 439 46 277 322 265 473 364 167 307 831 240 656 632
231 682 656 556 938 62 287 427 705 297 727 438 783 465 58 926 245 171 27 916 493 211 342 799 619 369 443 255 863 108
175 2 882 633 467 131 770 61 432 644 104 224 734 475 82 240 546 169 791 999 117 43 632 251 249 480 979 513 102 555
793 208 930 567 504 385 847 842 47 738 926 20 234 493 217 783 90 69 987 286 37 930 803 887 944 807 189 413 331 304
519 118 96 230 528 891 888 620 49 246 409 760 385 817 935 871 951 391 181 360 767 865 863 73 134 483 117 909 856 519
398 830 875 403 163 87 207 187 411 2 195 322 800 637 109 656 227 385 324 957 350 836 986 970 269 805 960 561 491 67
99 324 851 560 123 528 555 184 46 846 961 338 622 426 977 432 403 844 367 121 395 203 796 862 759 12 943 118 65 323
201 492 932 974 24 744 97 73 316 890 414 892 258 75 80 425 676 167 253 70 132 509 526 465 174 695 941 442 310 793
473 919 75 706 655 442 435 71 756 652 160 805 331 118 265 575 601 888 729 369 404 551 981 481 166 659 965 38 306 55
373 533 516 85 338 537 303 528 822 876 154 157 863 559 321 45 666 386 446 985 264 32 989 630 184 301 969 260 582 82
265 506 441 505 1000 188 185 178 513 833 369 297 558 136 913 818 14 267 693 401 65 77 103 7 648 572 11 306 710 897
90 251 358 819 737 941 507 148 644 953 5 228 335 399 963 705 543 561 619 523 457 307 912 464 556 116 104 385 878 657
843 217 500 677 139 99 553 941 293 861 913 448 211 444 997 572 715 948 534 228 670 961 602 77 690 250 196 715 340 366
127 451 837 90 884 419 196 791 250 985 829 866 553 890 33 952 402 95 353 963 809 160 176 939 506 138 522 89 849 189
506 40 952 212 804 712 89 412 578 487 574 333 505 233 98 809 923 401 880 726 602 869 571 126 113 32 258 588 62 217
50 286 783 401 289 859 347 551 293 895 705 35 685 80 761 80 138 591 439 373 85 468 335 172 512 388 846 216 269 25
711 865 543 946 118 833 985 381 461 947 398 300 519 645 706 249 639 479 849 578 421 17 250 453 779 820 260 28 553 728
434 165 652 797 583 132 84 87 544 662 689 943 144 688 730 395 286 286 587 867 539 218 984 684 553 711 276 5 271 742
851 57 926 626 718 248 500 265 442 441 369 458 16 335 523 621 489 60 280 887 84 95 426 160 34 607 172 264 900 386
210 824 153 741 119 372 132 761 490 334 773 469 343 551 246 78 98 485 307 351 782 887 174 874 573 566 747 154 256 274
702 645 573 658 329 79 141 798 486 255 246 413 678 690 492 240 335 496 658 689 723 190 718 165 631 961 702 588 476 577
375 936 249 459 655 586 739 137 533 293 901 62 122 317 789 365 305 783 529 224 381 917 399 378 433 324 179 629 578 244
392 817 219 137 708 852 7 214 115 739 172 990 966 547 378 62 872 49 198 866 460 530 714 738 288 128 35 983 107 717
766 526 314 197 220 881 822 607 539 882 999 874 845 913 914 604 801 845 324 643 391 200 30 353 747 918 222 17 553 227
50 661 114 266 507 331 24 36 362 148 712 103 7 829 830 502 649 851 419 198 757 529 300 277 146 144 781 766 7 815
448 208 244 857 395 951 59 609 275 305 585 225 110 872 461 890 484 284 352 81 235 179 682 569 940 609 523 827 81 638
276 305 825 419 619 650 393 341 283 733 957 151 893 234 748 164 733 625 497 817 807 369 744 656 789 690 512 60 601 749
278 115 607 104 392 779 272 411 548 337 28 886 115 604 108 124 973 322 691 498 25 337 733 807 543 200 958 690 299 746
