40 7
418 823 510 36 773 18 12 297 174 896 778 945 663 549 940 768 729 784 72 276 388 664 117 407 222 642 759 278 322 783 161 544 615 36 207 420 502 4 609 415
252 523 651 159 696 759 388 394 503 38 855 837 83 836 76 472 454 445 137 33 511 511 760 325 153 554 155 827 441 289 870 389 268 698 635 189 254 772 97 424
679 258 285 193 417 162 780 937 6 59 174 226 166 194 207 134 412 354 38 637 780 258 119 704 236 383 990 64 900 253 596 178 857 803 205 960 194 359 826 378
34 109 254 359 618 499 363 344 452 369 542 185 478 297 342 501 881 775 368 390 341 468 354 166 88 704 155 430 401 707 805 788 791 346 377 265 483 445 721 605
547 174 605 657 588 963 28 945 972 202 426 986 498 3 554 608 882 921 262 542 404 996 113 527 181 112 805 45 878 727 785 532 800 363 123 793 58 853 871 83
965 893 94 715 961 385 678 323 147 177 818 53 231 655 536 385 403 863 567 293 614 369 309 509 488 879 639 718 645 510 272 200 230 93 603 756 417 24 839 718
261 361 235 640 375 516 758 432 336 638 682 77 581 963 694 890 215 249 224 624 187 315 435 506 142 541 676 120 200 447 827 999 308 923 658 952 844 399 934 205
132 651 102 108 648 620 260 365 16 591 257 628 448 257 111 106 342 498 796 786 691 695 41 260 98 148 342 539 392 623 796 84 551 132 258 457 184 916 712 405
563 70 973 235 778 531 785 934 24 478 697 571 680 764 307 257 602 956 63 282 245 324 744 112 369 598 628 57 41 177 705 331 339 842 372 818 421 903 415 703
94 257 29 334 562 550 953 129 24 421 236 247 909 361 724 868 281 363 178 721 596 771 907 680 476 609 129 516 82 607 281 66 22 673 744 828 670 781 970 954
263 910 48 761 950 664 825 475 571 854 682 426 716 393 189 617 311 619 793 232 690 922 508 536 598 201 504 312 745 439 969 329 378 776 325 754 67 483 678 920
93 586 26 714 796 761 587 828 199 73 541 434 414 374 495 328 50 342 535 182 18 326 441 309 439 532 823 434 608 408 516 607 185 475 625 570 790 815 802 607
684 98 602 251 559 411 37 993 952 652 372 275 703 90 983 712 821 108 328 907 975 692 811 905 693 134 27 551 945 417 457 9 415 869 577 291 2 22 955 115
362 650 535 217 902 309 880 757 546 681 589 182 299 473 641 246 46 47 232 758 227 208 552 112 647 655 669 352 487 702 325 829 250 418 938 795 148 846 111 663
895 348 628 940 462 992 427 413 32 585 352 999 892 161 466 462 850 294 58 354 451 372 290 48 292 524 362 299 2 846 526 753 978 660 153 265 812 747 342 564
710 968 306 508 426 614 733 198 434 847 619 153 14 998 907 761 541 320 636 113 799 765 909 677 38 944 381 508 293 771 925 845 356 637 596 422 514 129 508 761
487 994 765 355 997 816 287 380 572 915 332 146 555 159 745 572 217 265 891 691 405 296 897 923 936 299 969 258 276 71 655 686 202 287 474 960 503 608 743 420
218 794 346 180 792 998 14 957 570 215 526 981 486 472 678 387 409 214 620 450 537 938 169 733 456 694 386 794 729 932 363 347 216 614 998 765 388 901 769 388
639 149 375 214 329 905 425 47 124 198 177 11 136 893 279 234 65 419 159 277 971 132 930 871 821 983 153 379 1000 227 22 963 350 270 149 615 897 53 693 614
465 96 891 543 977 675 944 145 530 473 234 860 178 359 137 279 614 936 289 251 932 95 291 985 524 537 503 946 35 88 516 138 500 625 124 220 863 834 586 1000
59 941 564 603 360 558 688 338 898 440 632 588 871 24 387 752 745 574 104 744 3 93 845 669 261 811 594 469 127 498 128 26 273 494 926 125 632 901 761 672
714 864 357 495 643 460 920 115 407 310 202 563 565 677 29 702 870 650 299 718 459 910 52 336 717 922 899 749 106 233 285 716 5 979 795 378 903 17 719 621
234 842 710 511 92 564 831 941 583 459 822 16 278 209 848 121 388 632 759 381 210 970 435 385 138 878 703 378 62 394 945 193 235 288 408 479 537 752 886 413
365 283 253 478 427 602 47 248 252 994 543 654 110 237 72 603 371 762 629 783 303 285 178 287 116 162 934 635 971 302 681 100 899 177 742 984 925 608 322 182
549 398 545 369 981 838 996 900 663 355 700 851 454 815 893 50 802 722 607 124 868 939 287 505 732 486 86 800 28 327 961 339 504 207 173 675 418 30 153 305
441 8 794 763 342 847 980 737 889 134 572 794 637 294 376 384 864 765 618 984 491 407 446 608 955 17 953 144 535 286 206 704 332 215 854 248 151 116 606 485
158 214 199 657 31 118 809 714 387 295 568 275 343 178 944 117 896 511 498 733 702 705 228 203 367 589 366 188 1000 499 37 145 772 262 39 95 808 304 926 495
366 264 770 296 514 628 544 701 393 638 645 19 291 607 364 188 629 881 690 377 753 416 370 548 960 445 505 520 188 89 834 145 489 437 65 977 476 679 372 237
706 7 116 443 176 548 577 423 894 38 554 862 762 375 897 534 944 463 647 963 99 601 739 747 954 624 517 949 414 245 586 636 936 955 561 850 684 852 263 158
909 969 573 322 616 569 104 809 700 198 226 550 860 899 646 519 299 598 866 441 222 926 896 918 670 635 260 508 284 695 125 821 960 813 863 745 606 919 954 767
408 448 656 353 381 53 278 665 888 620 61 835 902 498 820 326 731 923 59 262 444 726 15 236 473 606 613 663 925 685 835 401 471 997 407 487 713 210 864 194
615 741 301 111 643 705 479 33 682 907 220 503 229 39 125 766 554 780 494 690 649 51 423 952 70 640 855 643 562 977 157 220 701 861 425 999 696 97 115 877
773 587 95 351 244 435 797 644 981 808 503 498 296 641 235 377 505 999 814 16 870 695 912 898 94 227 793 159 982 440 70 481 434 344 564 706 67 413 493 181
876 58 763 458 18 903 731 181 309 210 706 244 766 226 902 338 299 479 946 430 356 286 97 574 335 735 989 90 251 794 135 237 875 164 241 366 760 831 605 274
343 273 358 736 980 530 876 19 985 411 539 959 114 184 738 943 82 867 272 309 307 618 275 636 448 349 646 465 114 690 715 566 100 296 31 144 326 608 555 513
347 282 646 694 15 963 394 110 367 722 651 20 506 440 690 259 81 30 728 451 174 580 382 155 703 516 52 943 416 979 735 540 307 506 728 740 182 74 996 101
322 52 209 572 175 588 336 283 409 940 309 132 137 147 874 3 540 258 295 96 827 479 653 941 88 161 361 131 308 571 707 818 108 389 277 800 576 595 560 121
851 399 766 653 365 119 149 7 761 258 818 582 864 239 431 46 76 795 43 829 81 163 473 45 651 943 163 681 671 790 789 388 389 755 446 938 406 848 139 537
876 879 753 400 764 503 61 301 37 638 953 738 65 322 58 685 802 399 313 621 533 822 120 331 853 754 309 573 135 740 659 888 374 607 428 401 101 535 711 244
855 552 112 850 710 294 761 37 672 121 621 92 742 550 108 246 256 319 466 514 884 888 832 616 19 971 494 36 907 641 63 511 506 272 930 558 184 20 381 112
