50 6
515 594 342 649 928 176 663 317 831 470 50 884 886 514 245 353 32 614 710 284 329 403 123 105 113 400 579 272 259 672 796 101 897 832 634 865 757 948 822 169 958 578 148 48 216 109 423 940 189 65
832 396 449 9 781 738 640 743 835 247 965 441 107 244 22 673 910 514 292 939 768 736 79 194 292 531 624 975 216 456 548 439 910 413 690 762 615 154 23 270 734 528 69 682 378 587 443 210 938 750
879 238 410 563 525 415 789 113 409 57 334 106 369 546 98 420 849 132 940 144 732 10 615 897 2 284 479 735 778 959 144 132 700 100 307 79 401 20 577 106 121 981 344 354 695 598 389 2 272 808
966 920 75 123 924 339 362 685 52 775 250 181 154 641 348 896 505 92 236 836 104 222 399 30 438 143 939 651 748 332 567 866 577 96 158 664 381 568 196 537 931 328 555 797 378 704 272 130 640 304
127 642 289 250 285 37 780 37 742 464 636 511 73 997 278 510 348 327 447 994 666 827 240 683 444 440 882 762 89 326 203 33 698 175 222 423 549 281 508 272 539 26 686 342 632 956 389 349 825 122
664 529 307 733 756 275 648 944 543 684 292 575 515 376 74 319 229 512 709 876 574 38 638 183 420 867 159 710 20 217 107 71 241 589 206 883 640 114 766 20 59 811 148 755 611 812 911 731 684 801
356 255 158 29 279 292 812 17 476 797 132 1000 218 964 238 535 846 885 495 334 342 774 761 779 795 92 808 533 381 867 319 673 805 430 933 28 694 180 38 924 417 633 329 331 247 51 532 480 405 220
703 436 507 669 191 353 918 696 884 283 345 346 344 947 122 94 188 330 33 328 264 332 895 228 498 636 555 241 997 400 171 217 152 738 106 884 594 12 241 957 562 933 98 795 351 713 78 460 187 820
820 31 572 393 296 129 922 752 878 666 73 629 152 989 923 765 207 882 457 502 524 716 190 652 101 594 367 642 492 615 817 209 950 551 568 663 91 534 705 633 148 685 480 909 477 245 516 211 73 853
140 415 613 9 578 762 802 369 486 73 326 239 785 562 667 825 741 654 619 513 431 732 888 777 492 359 145 366 492 720 167 54 703 810 907 780 831 952 942 401 531 50 988 365 690 653 527 838 856 765
886 475 159 543 164 787 149 864 516 267 669 132 391 280 151 296 490 972 152 511 139 441 734 885 949 711 40 209 537 21 767 378 612 893 848 396 824 232 915 475 169 432 981 165 924 839 455 608 988 206
84 245 251 432 503 782 811 710 650 401 620 2 459 524 397 229 175 596 154 655 643 591 619 776 36 624 297 986 995 617 427 798 932 92 644 969 517 263 302 661 193 577 631 97 330 388 842 890 122 842
87 13 395 963 430 187 637 385 593 33 164 550 175 233 530 849 763 351 228 744 981 114 912 865 143 519 189 824 693 373 738 234 196 138 662 988 261 708 694 436 928 215 582 949 850 192 925 520 852 118
786 413 734 611 65 558 798 177 71 215 342 211 211 660 727 685 417 600 338 711 377 211 890 308 939 320 101 483 454 407 49 593 967 13 343 949 433 451 324 707 489 220 186 723 799 68 144 918 887 247
553 512 763 863 292 231 737 213 761 218 723 857 162 70 359 487 356 688 194 806 587 924 759 429 791 584 619 646 663 973 323 909 505 629 840 260 698 917 478 985 219 453 376 681 542 68 505 337 543 663
474 647 56 745 580 465 289 946 792 303 907 664 562 176 146 855 935 572 307 968 732 560 41 678 506 906 220 992 985 279 135 441 650 632 628 41 867 85 174 753 419 446 507 945 954 599 816 452 539 294
603 372 821 556 406 759 845 725 35 914 836 232 596 532 312 672 127 933 7 906 385 84 365 942 820 419 519 71 440 86 781 494 318 754 820 914 203 339 819 55 727 439 219 730 983 832 223 255 277 243
978 15 178 860 33 28 646 177 97 211 149 579 63 234 711 460 131 787 192 272 32 84 384 576 79 205 447 795 923 524 923 162 502 403 882 345 457 388 989 666 747 335 240 700 915 39 824 467 430 945
537 823 933 460 940 171 956 567 990 222 587 192 838 287 777 933 616 211 651 238 715 442 258 988 102 276 483 708 398 263 412 252 1 470 884 870 345 310 876 62 552 569 504 354 363 583 895 863 732 860
190 166 804 138 519 46 346 155 895 447 697 527 731 140 175 827 258 953 7 907 108 835 645 960 622 791 90 933 3 733 8 244 373 126 133 859 381 193 638 216 745 926 973 987 23 839 653 559 750 797
596 294 923 184 786 635 60 896 870 961 883 276 860 569 671 869 956 980 600 344 378 845 827 327 643 921 165 302 167 442 454 309 809 811 595 707 117 697 253 620 144 164 526 221 318 123 599 489 777 860
278 31 821 259 356 220 394 860 203 686 265 383 301 676 675 855 969 114 350 592 835 898 801 934 255 691 673 79 578 533 784 378 502 193 241 773 797 280 449 873 991 816 44 9 651 10 496 534 719 560
987 678 113 651 785 395 13 116 245 864 31 729 580 103 592 12 288 388 728 115 426 858 466 246 294 797 998 569 658 197 723 721 662 77 752 93 186 915 477 543 581 37 138 444 51 788 639 97 581 206
270 565 685 267 923 972 860 481 30 315 401 8 508 255 863 162 182 144 89 805 720 341 118 666 793 974 597 493 79 217 59 449 507 663 875 946 96 228 241 319 247 871 14 909 17 584 29 450 324 966
10 407 650 713 297 350 48 476 542 851 328 298 953 110 814 380 682 144 515 844 88 291 44 506 264 90 922 600 850 181 876 58 527 685 421 260 271 9 63 193 972 975 122 125 388 798 231 370 846 185
935 471 979 595 568 457 867 14 1000 49 828 491 748 7 447 88 829 638 902 317 703 937 312 598 669 217 6 537 884 460 683 23 65 635 426 891 960 826 359 321 728 255 787 448 908 976 110 579 693 457
316 231 112 958 254 844 730 915 123 876 568 129 396 836 230 924 129 63 975 659 556 113 636 18 643 306 531 559 223 388 228 540 645 75 465 454 891 800 164 758 522 207 292 55 248 215 156 300 19 132
599 773 334 734 855 1 992 954 718 524 486 235 216 350 86 54 66 144 780 185 962 686 391 875 569 503 295 246 10 704 157 620 330 113 250 751 951 320 698 984 509 819 572 751 619 468 598 239 879 62
394 705 537 343 41 906 833 513 302 908 659 972 92 592 807 31 228 887 690 994 389 97 823 981 965 27 543 300 474 459 418 154 640 617 865 972 152 292 12 212 733 24 919 3 235 625 666 442 298 660
894 246 714 347 100 741 976 584 900 450 140 946 5 573 70 998 684 33 450 315 556 153 910 970 423 629 176 295 919 392 938 150 691 346 229 726 51 685 944 274 223 461 749 764 125 630 394 101 290 659
184 258 17 838 314 979 652 272 804 396 756 949 122 252 9 480 98 829 783 521 237 527 905 374 647 245 69 660 385 48 878 750 813 714 132 17 406 246 782 368 194 821 789 172 731 523 218 536 930 204
623 611 728 281 607 144 78 496 258 366 718 318 17 549 436 844 443 129 139 941 461 833 601 387 777 313 181 465 5 878 243 354 106 610 251 927 836 34 58 278 638 919 912 561 829 542 399 931 141 223
779 541 441 574 857 187 656 860 987 681 357 756 250 642 408 896 349 967 528 401 482 507 975 602 102 161 219 203 612 389 206 20 253 661 233 354 978 941 976 935 822 752 728 809 716 905 205 777 127 115
786 452 12 392 702 126 775 990 797 267 344 581 662 90 786 747 627 2 606 650 568 45 997 639 527 459 559 745 793 142 29 771 262 847 52 340 493 370 985 177 264 539 571 521 941 620 726 577 549 315
713 263 538 53 816 291 754 555 881 16 980 410 524 747 189 166 628 91 649 529 926 692 580 583 938 184 473 906 822 604 306 53 451 87 252 630 787 665 461 312 758 331 781 897 522 445 121 751 54 442
153 168 607 137 277 313 57 389 322 229 468 197 620 966 598 620 166 606 331 680 492 762 146 362 199 525 888 162 935 687 449 197 720 200 281 18 400 608 205 41 778 426 605 226 88 552 388 548 793 72
202 433 851 465 647 717 639 584 963 940 986 688 952 305 844 600 834 962 618 379 115 543 383 356 675 265 668 794 556 511 695 345 625 39 473 487 720 759 553 461 183 516 877 475 636 261 612 637 7 188
366 901 797 236 759 365 579 503 404 687 29 348 563 37 209 825 517 694 550 546 947 172 111 943 88 718 165 761 249 837 642 654 403 275 838 109 902 572 582 511 67 229 194 535 636 382 954 192 382 828
208 707 79 588 934 585 46 979 694 185 851 389 978 752 137 549 636 573 316 39 659 645 826 131 947 730 554 28 903 918 39 304 127 313 41 668 929 760 553 349 621 871 275 711 754 29 306 784 925 944
518 8 556 695 146 112 731 255 555 866 570 714 283 420 877 657 785 32 90 408 501 541 514 865 795 372 161 670 613 404 6 578 27 675 864 444 83 60 300 593 220 779 542 315 257 583 565 799 194 416
589 521 980 340 313 510 994 19 245 135 231 473 925 492 881 270 825 474 82 238 307 943 687 606 863 171 696 42 792 924 260 258 216 455 269 741 818 393 502 9 166 756 903 560 673 864 884 702 219 188
669 984 17 93 217 614 299 660 722 175 552 319 207 372 82 558 790 603 501 42 923 565 70 475 888 665 535 184 647 976 426 324 70 638 633 85 821 237 557 35 614 941 15 840 121 798 808 154 295 840
945 731 852 181 33 801 685 66 927 296 574 730 826 105 957 958 987 97 959 603 970 104 306 483 872 495 689 526 638 463 763 566 991 668 938 683 848 801 293 653 183 912 397 310 50 90 930 384 866 427
61 395 544 236 868 17 272 21 173 542 580 186 708 324 76 857 867 598 335 805 625 534 480 57 848 448 880 486 631 582 690 843 301 492 846 720 177 490 483 33 166 468 70 902 895 36 66 74 383 50
138 818 537 362 416 458 856 840 716 274 347 900 777 484 621 881 911 429 643 792 640 428 662 290 257 310 812 252 113 896 411 932 241 474 845 174 362 746 64 143 53 538 253 547 507 856 994 845 855 737
936 868 953 32 132 395 620 318 611 820 932 156 56 754 69 948 61 89 889 112 238 973 648 961 41 900 869 457 284 411 966 566 457 152 826 564 950 583 317 90 335 118 349 90 864 152 927 767 866 292
385 887 693 520 868 53 329 45 737 967 363 467 630 988 504 172 719 17 508 700 834 603 945 862 659 591 835 762 909 298 720 790 700 199 933 621 378 92 672 333 152 173 792 817 320 69 353 268 628 872
356 913 792 770 589 601 103 831 572 663 239 966 735 770 617 49 628 170 354 681 121 411 743 579 674 862 605 347 543 818 523 153 541 197 16 179 415 714 831 191 910 298 636 817 444 631 268 278 292 616
921 373 741 163 44 526 360 395 303 696 646 291 975 624 116 991 618 752 616 501 588 754 523 506 63 941 316 896 111 845 816 149 187 91 973 945 876 923 428 568 730 433 78 521 133 473 126 920 178 930
907 572 270 669 655 502 388 838 742 554 88 257 390 670 361 156 511 132 244 367 623 610 477 864 902 19 718 643 467 697 566 499 574 566 416 574 760 344 36 333 217 593 644 988 235 707 633 364 987 609
