50 10
275 560 786 219 584 194 512 846 903 795 515 684 411 696 290 177 247 307 889 865 887 642 340 314 204 456 546 671 988 24 369 354 878 444 890 310 951 607 639 131 416 548 866 308 351 869 537 386 905 627
570 992 194 619 263 429 744 111 341 921 382 796 645 406 507 235 251 459 117 874 88 689 636 904 644 950 66 182 904 649 52 624 394 663 553 995 496 63 573 189 504 946 968 261 350 605 145 602 492 758
852 468 450 192 484 675 913 79 387 578 963 512 750 545 454 596 45 357 455 343 677 268 219 136 923 621 462 251 349 460 860 46 608 747 92 232 451 773 570 705 183 556 696 550 480 397 467 674 721 860
624 905 474 189 185 611 818 329 684 539 780 517 955 390 780 153 366 726 869 327 510 559 838 273 277 946 795 162 93 897 219 256 421 934 617 328 938 648 123 472 592 88 439 545 762 343 682 73 955 945
278 253 294 650 622 869 883 756 101 468 737 128 348 27 675 513 182 959 251 771 363 969 222 992 332 365 83 686 27 31 411 643 777 411 189 880 262 71 630 197 649 624 688 898 997 378 207 123 460 340
206 577 952 644 293 341 992 333 820 667 488 116 857 412 935 34 445 597 555 976 637 741 900 707 622 376 691 577 583 983 922 267 19 55 612 508 626 401 817 746 756 210 245 646 973 632 158 113 684 880
635 531 742 208 444 947 593 2 220 160 754 887 181 211 831 910 193 629 622 89 493 26 72 158 4 177 268 417 125 255 624 657 273 17 245 303 424 995 371 365 852 507 942 126 937 464 466 458 766 869
950 275 769 719 679 100 969 257 838 84 539 427 205 877 551 474 718 300 385 319 733 428 582 560 962 749 176 389 760 869 322 541 591 560 8 470 355 301 449 538 116 877 456 930 846 468 275 688 402 519
834 221 992 819 816 98 376 897 415 568 410 846 101 717 639 187 2 654 637 930 775 239 832 756 228 180 441 19 109 972 798 645 100 584 790 913 249 324 320 951 796 22 205 396 202 98 139 362 859 114
456 782 222 667 984 907 487 609 903 840 682 963 725 440 240 515 203 275 922 221 206 741 747 598 609 186 429 707 618 678 673 805 778 716 407 301 682 454 599 384 765 525 417 943 262 907 314 753 928 452
891 303 626 268 206 436 882 942 890 955 65 630 418 348 488 246 583 582 427 588 572 958 610 878 711 135 824 243 334 534 701 650 462 729 761 742 290 402 302 40 767 360 773 607 120 492 41 4 523 503
625 751 888 170 300 357 428 755 733 144 910 534 52 90 737 601 954 4 330 289 501 316 373 404 283 314 410 491 487 755 857 566 769 386 42 476 334 654 402 734 572 216 583 708 476 574 479 395 177 315
864 907 909 149 354 146 987 823 83 242 227 386 183 915 775 476 809 646 909 882 210 316 371 558 930 613 397 636 84 416 756 341 616 794 176 390 455 803 886 787 659 253 143 923 447 946 821 855 442 380
809 856 599 821 300 654 214 705 984 868 213 603 62 861 390 674 345 29 836 741 525 425 912 10 368 287 281 364 19 973 441 249 859 885 476 285 569 473 328 783 418 184 422 922 793 304 629 797 181 805
102 122 479 904 669 362 744 257 874 191 268 218 375 571 7 682 550 595 758 805 611 432 404 661 889 57 404 305 422 202 275 161 498 715 503 199 224 255 135 204 483 282 899 748 619 735 54 921 719 107
134 347 199 127 387 985 348 671 57 290 47 725 599 115 272 855 854 105 900 95 778 692 383 407 520 404 948 206 393 870 156 64 810 848 198 571 636 836 56 421 791 708 79 645 479 893 409 620 284 36
958 697 10 320 540 510 756 109 71 943 344 281 56 746 372 393 154 768 511 384 213 699 963 420 866 992 360 731 998 251 48 225 374 708 851 596 702 283 326 162 494 257 313 103 326 481 569 137 322 42
550 514 422 162 782 968 520 663 785 642 519 933 73 65 655 308 268 430 405 489 605 47 196 695 272 573 43 584 515 544 848 168 426 296 221 422 302 954 781 933 57 309 61 663 59 668 798 693 704 528
66 936 393 537 86 951 61 471 937 516 552 378 408 997 377 502 586 729 905 61 744 522 666 154 130 668 456 609 393 743 750 70 868 838 498 564 285 874 27 226 819 582 842 838 82 973 696 989 130 781
870 540 65 889 354 79 5 345 461 565 625 847 237 651 870 817 173 353 370 337 545 859 688 584 15 200 533 416 699 11 297 85 433 191 202 392 228 278 859 974 917 582 358 978 82 905 901 502 628 350
774 573 264 463 64 153 679 973 767 442 176 488 267 226 802 345 427 816 875 588 574 22 908 299 466 147 255 778 736 671 511 879 817 20 151 278 233 713 423 987 986 127 7 599 56 605 479 731 645 35
816 288 61 759 101 297 822 516 564 660 276 771 19 145 331 325 219 302 196 128 986 440 300 384 191 671 260 982 313 945 596 128 38 375 553 284 162 394 169 635 602 913 840 452 502 325 629 104 815 814
695 789 769 528 32 919 747 929 151 867 907 380 972 578 887 264 555 697 987 857 996 75 469 410 185 31 208 571 299 947 9 352 181 285 877 217 598 177 553 333 512 792 197 945 908 179 262 920 563 998
892 183 118 217 194 591 183 376 448 533 974 970 848 822 15 145 347 419 712 57 252 678 31 852 466 763 871 662 30 700 59 6 351 287 372 537 374 149 257 220 858 912 672 950 573 427 205 95 525 379
908 485 203 670 437 357 548 543 115 263 363 114 482 798 680 857 407 707 995 496 623 52 232 488 702 149 145 593 134 201 244 34 95 731 814 775 646 656 7 245 976 837 847 556 817 814 598 274 684 400
492 509 622 572 200 158 268 855 939 144 879 233 483 127 20 148 929 41 110 369 707 643 839 484 370 921 3 424 437 571 752 507 897 878 563 736 80 732 661 908 823 362 931 941 535 921 217 106 560 139
83 19 119 336 999 637 989 637 995 60 141 685 923 760 174 374 64 569 823 564 144 124 147 876 691 303 145 785 131 210 772 280 228 860 128 357 840 691 180 352 934 684 240 535 722 286 75 338 617 615
913 332 388 244 201 849 76 974 382 637 319 212 981 239 783 865 394 217 349 627 830 979 82 832 401 710 279 455 746 552 163 844 66 307 126 227 847 75 726 822 60 57 246 708 115 381 978 360 597 589
612 983 114 136 76 544 679 46 213 513 54 299 624 138 963 374 722 801 545 696 654 203 628 516 45 660 268 38 842 74 293 560 391 251 469 428 972 202 411 918 98 769 692 441 654 262 270 144 854 27
549 399 242 93 822 205 2 837 447 436 173 711 714 397 649 373 27 200 319 745 803 675 531 615 626 482 826 458 937 634 289 67 533 632 687 719 166 765 297 293 335 451 17 676 692 942 441 736 88 865
352 548 814 376 556 600 549 32 116 208 104 411 313 706 204 168 753 735 441 219 438 701 990 85 755 923 31 859 290 192 829 753 770 690 580 119 145 733 914 525 88 973 488 567 459 701 760 917 904 739
136 393 915 849 965 760 260 554 253 313 456 533 378 304 12 929 192 556 565 53 161 239 243 255 59 849 437 604 412 279 513 719 198 684 980 297 194 610 53 844 889 86 707 595 353 485 18 527 24 266
416 113 560 198 426 642 35 935 423 217 72 821 525 971 361 660 459 906 898 392 828 12 753 125 421 978 922 648 674 978 529 416 446 379 737 835 471 103 945 732 915 317 910 161 375 201 525 147 117 758
823 555 92 576 243 816 502 663 509 21 179 845 710 28 953 599 282 49 159 13 533 349 155 21 946 253 255 287 375 372 648 846 204 470 802 646 829 208 85 638 935 47 288 635 659 85 597 654 401 807
604 606 271 787 157 710 982 907 296 675 176 69 980 338 567 391 636 869 926 775 655 252 917 880 72 550 826 182 809 653 482 762 44 672 838 8 526 89 525 809 327 295 693 993 545 823 748 891 995 576
298 832 502 288 738 1000 125 958 860 279 299 335 235 757 842 379 281 88 455 46 287 106 657 617 882 752 666 543 696 234 447 371 624 220 488 882 735 467 44 736 366 454 729 26 586 377 351 718 43 560
827 418 381 810 952 43 811 316 820 241 2 416 220 511 28 262 304 459 344 514 20 429 267 493 24 676 42 778 958 331 311 682 415 226 187 253 742 772 613 185 767 593 450 272 461 490 450 462 249 79
775 884 694 528 524 868 986 420 828 300 216 898 519 4 843 500 590 651 129 921 229 167 678 592 936 176 779 639 26 859 559 769 474 256 178 683 213 801 331 863 395 783 198 820 842 329 831 540 103 480
591 746 587 621 290 329 315 478 567 568 72 224 893 138 95 118 379 364 828 694 247 310 508 797 338 568 566 731 489 967 51 575 50 366 102 76 471 739 440 563 425 654 887 300 580 627 89 403 526 159
174 679 284 51 628 245 820 22 12 850 427 145 828 227 25 722 275 828 780 896 361 121 172 803 428 489 366 810 682 211 853 716 872 817 265 652 249 691 309 781 443 636 900 566 807 838 148 21 687 51
129 665 408 702 238 304 188 711 849 436 226 396 171 503 984 737 44 407 652 243 811 249 33 296 538 318 579 997 481 605 38 345 867 39 569 9 172 166 313 402 980 154 765 90 941 128 933 288 966 308
411 224 628 626 953 957 874 903 449 527 70 23 241 208 570 182 230 181 720 299 745 184 430 482 800 315 839 288 956 429 794 352 119 907 310 254 112 962 930 601 430 894 969 79 23 921 663 637 161 523
814 605 58 379 233 965 231 946 826 624 944 771 685 895 327 213 75 595 895 304 6 758 391 210 744 616 837 851 178 503 421 317 729 812 632 790 74 9 932 423 610 143 541 705 317 381 914 920 465 805
104 202 481 521 243 871 518 709 65 133 726 768 300 914 315 246 651 691 174 650 773 406 69 235 980 770 780 187 132 888 882 598 305 684 476 866 11 269 889 734 310 144 942 947 735 309 952 686 32 962
528 264 391 455 998 285 862 327 886 561 186 646 897 449 489 826 7 628 188 724 431 855 887 835 280 815 871 805 392 466 222 726 116 978 62 919 622 239 570 334 194 306 152 944 425 9 135 918 900 785
483 567 867 552 371 507 29 162 87 86 722 179 776 373 697 317 672 651 422 225 333 317 734 279 547 607 865 395 856 934 492 17 500 352 543 370 41 439 485 913 562 630 211 709 44 234 330 333 9 634
565 553 866 388 741 348 28 54 677 672 775 356 662 588 615 630 385 474 495 671 115 881 384 350 535 3 674 283 745 292 257 928 606 889 112 602 635 500 816 643 538 561 37 724 680 67 301 728 240 933
137 672 745 417 837 154 961 715 763 695 215 14 914 712 645 286 453 566 18 161 176 906 208 195 460 603 630 994 240 156 838 665 184 724 417 490 756 921 694 998 429 848 96 872 512 291 664 249 187 851
611 413 734 80 53 196 77 635 964 284 333 977 722 246 278 116 815 57 856 169 721 412 634 939 383 142 698 468 849 995 958 984 421 977 277 778 241 963 92 212 185 595 982 640 135 652 141 518 947 646
134 858 813 835 44 716 902 221 915 548 601 856 683 24 470 562 370 304 607 866 948 138 549 428 838 96 28 952 154 843 341 186 886 840 409 931 613 628 549 130 241 726 146 995 31 331 793 245 469 645
