166 182
1 3 24
2 8 51
3 4 12
4 5 86
5 6 71
6 7 41
7 8 8
3 8 79
8 10 32
9 11 33
10 13 54
11 12 70
12 13 39
11 13 44
7 20 70
14 16 52
15 16 42
16 17 92
17 18 3
18 19 45
19 20 48
20 21 53
16 21 11
6 27 26
22 23 49
22 24 93
22 25 60
22 26 56
22 27 21
23 28 75
20 36 72
29 31 70
30 31 49
31 32 100
32 33 62
33 34 69
34 35 84
35 36 16
36 37 86
37 38 18
31 38 27
31 45 8
39 41 46
40 41 27
41 42 7
42 43 51
43 44 83
44 45 21
45 46 43
41 46 75
22 50 45
47 49 12
48 49 37
49 50 81
50 51 90
51 52 61
52 53 98
53 54 54
54 55 27
55 56 87
49 56 41
22 60 18
57 59 42
58 61 82
59 60 12
60 61 19
59 61 96
8 65 27
62 63 22
62 64 34
62 65 34
62 66 64
62 67 6
63 68 35
63 69 21
43 75 26
70 72 96
71 72 66
72 73 7
73 74 12
74 75 83
75 76 93
76 77 40
77 78 29
72 78 34
5 80 93
79 81 73
80 83 4
81 82 8
82 83 58
83 84 14
84 85 68
85 86 75
86 87 9
87 88 17
81 88 22
65 91 60
89 91 28
90 93 11
91 92 53
92 93 75
93 94 43
94 95 61
95 96 34
96 97 12
91 97 96
89 106 61
98 100 85
99 100 89
100 101 55
101 102 41
102 103 24
103 104 74
104 105 64
105 106 37
106 107 51
100 107 54
21 114 98
108 110 9
109 114 11
110 111 52
111 112 53
112 113 43
113 114 65
114 115 19
110 115 27
12 123 24
116 118 78
117 119 79
118 119 12
119 120 4
120 121 67
121 122 24
122 123 75
123 124 53
118 124 52
76 129 14
125 127 73
126 128 57
127 128 56
128 129 34
129 130 36
130 131 65
127 131 76
83 136 38
132 134 26
133 140 90
134 135 2
135 136 70
136 137 32
137 138 51
138 139 69
139 140 77
134 140 77
97 142 42
141 143 71
142 146 44
143 144 77
144 145 58
145 146 58
143 146 57
86 147 30
147 148 30
147 149 42
147 150 77
148 151 98
148 152 97
148 153 58
149 154 81
56 155 33
155 157 22
156 157 98
157 158 91
158 159 63
157 159 51
48 166 14
160 161 9
160 162 30
160 163 89
161 164 69
161 165 32
161 166 48
56
121 245
116 190
103 408
153 305
43 381
27 160
129 422
150 485
48 381
32 155
140 200
1 163
73 317
35 192
52 260
78 352
149 210
99 191
160 442
79 316
86 267
124 323
43 47
111 292
154 281
108 184
33 178
65 441
23 223
109 188
127 402
68 165
50 130
126 413
156 150
160 269
14 215
65 359
53 198
17 393
114 148
159 321
35 281
45 390
133 297
37 113
106 305
44 489
27 173
41 291
136 355
1 345
53 440
135 204
139 126
127 204
