761 831
1 3 5
2 6 2
3 4 1
4 5 1
5 6 1
6 7 5
7 8 1
8 9 1
3 9 4
8 10 55
10 12 3
11 12 2
12 13 3
13 14 1
14 15 5
12 15 3
10 16 32
16 17 1
16 18 1
16 19 2
16 20 4
16 21 5
17 22 2
10 27 92
23 25 4
24 25 1
25 26 2
26 27 2
25 27 2
27 34 33
28 30 1
29 32 4
30 31 2
31 32 5
32 33 2
33 34 2
34 35 4
35 36 4
36 37 3
30 37 3
34 41 61
38 40 2
39 42 2
40 41 2
41 42 1
42 43 1
43 44 3
44 45 2
45 46 2
46 47 4
40 47 4
20 51 50
48 49 1
48 50 4
48 51 5
48 52 2
43 58 17
53 55 4
54 55 5
55 56 5
56 57 3
57 58 1
55 58 4
16 63 55
59 60 5
59 61 5
59 62 5
59 63 3
52 64 39
64 65 5
64 66 5
64 67 5
64 68 1
64 69 5
65 70 3
23 72 47
71 73 2
72 78 2
73 74 5
74 75 1
75 76 3
76 77 5
77 78 5
78 79 3
79 80 5
73 80 5
37 83 80
81 83 2
82 83 3
83 84 2
84 85 1
85 86 3
83 86 3
48 95 34
87 89 2
88 89 2
89 90 2
90 91 5
91 92 1
92 93 3
93 94 2
94 95 2
89 95 4
84 102 11
96 97 1
96 98 4
96 99 3
97 100 4
97 101 3
97 102 3
98 103 3
48 104 52
104 106 2
105 106 2
106 107 5
107 108 5
108 109 3
109 110 4
106 110 4
47 113 10
111 113 1
112 120 1
113 114 5
114 115 5
115 116 2
116 117 4
117 118 4
118 119 2
119 120 2
113 120 3
3 121 31
121 122 4
121 123 4
121 124 2
122 125 5
122 126 1
122 127 1
123 128 3
123 129 1
123 130 2
61 134 39
131 133 4
132 133 4
133 134 1
134 135 3
135 136 1
136 137 3
137 138 4
138 139 4
133 139 5
137 143 44
140 141 4
140 142 4
140 143 1
140 144 5
140 145 2
141 146 3
141 147 2
141 148 2
35 158 72
149 151 5
150 157 2
151 152 4
152 153 4
153 154 4
154 155 5
155 156 1
156 157 4
157 158 4
151 158 5
116 163 1
159 160 2
159 161 5
159 162 1
159 163 1
29 168 19
164 166 1
165 171 4
166 167 1
167 168 2
168 169 4
169 170 3
170 171 2
171 172 2
166 172 5
48 175 77
173 175 1
174 176 5
175 176 3
176 177 2
175 177 2
9 183 55
178 180 4
179 180 4
180 181 4
181 182 4
182 183 4
183 184 4
184 185 2
180 185 2
126 188 46
186 187 4
186 188 5
186 189 5
186 190 5
186 191 4
123 194 82
192 193 3
192 194 1
192 195 1
193 196 4
58 203 54
197 199 2
198 199 5
199 200 5
200 201 4
201 202 5
202 203 3
203 204 4
199 204 4
42 210 48
205 206 1
205 207 4
205 208 1
205 209 5
206 210 2
206 211 3
206 212 5
206 213 1
207 214 1
3 219 30
215 216 1
215 217 1
215 218 5
215 219 2
171 223 55
220 222 3
221 222 3
222 223 2
223 224 2
224 225 1
225 226 4
226 227 3
227 228 3
228 229 2
222 229 3
79 236 64
230 232 2
231 236 4
232 233 1
233 234 1
234 235 2
235 236 1
232 236 3
6 246 21
237 239 4
238 239 1
239 240 4
240 241 3
241 242 2
242 243 3
243 244 3
244 245 5
245 246 3
239 246 2
231 251 16
247 249 5
248 249 3
249 250 2
250 251 3
251 252 3
252 253 5
253 254 4
254 255 2
255 256 3
249 256 3
174 264 1
257 259 1
258 261 2
259 260 5
260 261 3
261 262 4
262 263 5
263 264 3
264 265 4
265 266 4
259 266 4
124 267 58
267 268 3
267 269 2
267 270 5
267 271 5
267 272 3
268 273 1
268 274 4
268 275 1
268 276 5
145 284 17
277 279 5
278 282 1
279 280 3
280 281 3
281 282 5
282 283 4
283 284 3
279 284 5
270 286 100
285 287 3
286 287 4
287 288 4
288 289 2
289 290 5
290 291 1
291 292 1
292 293 5
293 294 2
287 294 3
7 299 72
295 297 2
296 297 3
297 298 3
298 299 5
299 300 1
297 300 5
3 305 17
301 303 4
302 304 5
303 304 5
304 305 2
303 305 3
9 315 49
306 307 5
306 308 3
306 309 4
307 310 3
307 311 1
307 312 4
308 313 5
308 314 3
308 315 3
48 316 31
316 318 5
317 319 4
318 319 4
319 320 5
318 320 2
258 325 51
321 323 2
322 323 4
323 324 2
324 325 2
323 325 2
129 326 57
326 328 1
327 332 5
328 329 4
329 330 3
330 331 5
331 332 5
328 332 4
149 334 32
333 335 1
334 335 3
335 336 1
336 337 1
337 338 1
338 339 3
339 340 2
340 341 1
335 341 5
283 342 93
342 344 4
343 350 3
344 345 5
345 346 5
346 347 5
347 348 5
348 349 1
349 350 2
344 350 1
54 351 5
351 353 5
352 354 4
353 354 5
354 355 4
355 356 3
353 356 2
191 357 1
357 359 1
358 359 5
359 360 2
360 361 5
361 362 2
362 363 4
363 364 3
359 364 1
356 373 67
365 367 2
366 373 3
367 368 4
368 369 1
369 370 1
370 371 5
371 372 2
372 373 5
373 374 3
367 374 2
227 376 45
375 377 1
376 381 3
377 378 1
378 379 3
379 380 4
380 381 3
377 381 5
151 383 41
382 384 1
383 384 4
384 385 1
385 386 5
386 387 4
387 388 4
388 389 4
384 389 5
364 390 97
390 392 5
391 392 1
392 393 4
393 394 5
394 395 4
395 396 2
396 397 1
397 398 1
392 398 5
22 408 56
399 401 3
400 401 5
401 402 4
402 403 2
403 404 1
404 405 4
405 406 2
406 407 1
407 408 5
401 408 1
399 417 94
409 411 2
410 411 3
411 412 1
412 413 5
413 414 4
414 415 5
415 416 2
416 417 4
411 417 3
267 421 73
418 420 3
419 420 4
420 421 5
421 422 4
422 423 5
423 424 3
420 424 5
4 427 85
425 426 5
425 427 3
425 428 2
425 429 5
426 430 4
426 431 4
426 432 1
426 433 2
145 441 64
434 436 1
435 437 2
436 437 2
437 438 1
438 439 4
439 440 1
440 441 3
436 441 2
11 447 78
442 444 5
443 447 5
444 445 2
445 446 3
446 447 1
447 448 5
448 449 5
449 450 1
444 450 5
252 454 91
451 453 3
452 453 3
453 454 2
454 455 4
455 456 5
456 457 1
457 458 3
453 458 4
320 467 53
459 460 2
459 461 5
459 462 4
460 463 1
460 464 1
460 465 5
461 466 5
461 467 1
104 472 33
468 470 2
469 472 2
470 471 2
471 472 3
472 473 1
473 474 4
474 475 1
475 476 1
470 476 4
418 482 82
477 479 3
478 479 3
479 480 1
480 481 5
481 482 1
482 483 4
483 484 2
484 485 4
485 486 2
479 486 3
393 491 51
487 489 1
488 491 2
489 490 4
490 491 1
489 491 3
92 492 19
492 494 5
493 494 3
494 495 2
495 496 1
496 497 1
497 498 4
494 498 5
213 501 64
499 501 5
500 502 3
501 502 1
502 503 5
501 503 1
389 507 2
504 506 5
505 508 2
506 507 4
507 508 1
506 508 3
440 517 64
509 511 2
510 511 5
511 512 5
512 513 3
513 514 4
514 515 4
515 516 5
516 517 1
511 517 3
476 521 34
518 520 5
519 522 3
520 521 1
521 522 4
520 522 1
390 527 63
523 525 3
524 528 5
525 526 5
526 527 1
527 528 5
528 529 5
529 530 2
530 531 2
525 531 3
329 535 20
532 534 3
533 534 4
534 535 2
535 536 1
534 536 2
467 542 80
537 538 3
537 539 5
537 540 2
537 541 4
537 542 4
538 543 4
538 544 2
538 545 4
105 546 92
546 547 4
546 548 4
546 549 2
546 550 3
546 551 2
375 557 38
552 554 3
553 554 2
554 555 3
555 556 5
556 557 1
557 558 2
558 559 1
559 560 2
554 560 5
532 567 37
561 563 4
562 563 2
563 564 1
564 565 5
565 566 4
566 567 5
567 568 5
568 569 1
569 570 2
563 570 4
484 571 6
571 572 1
571 573 3
571 574 5
572 575 2
572 576 1
572 577 3
543 581 10
578 580 4
579 583 2
580 581 5
581 582 4
582 583 5
580 583 3
583 588 6
584 586 5
585 586 1
586 587 4
587 588 4
588 589 3
589 590 4
586 590 1
561 595 58
591 593 4
592 593 3
593 594 4
594 595 3
595 596 1
593 596 3
351 602 6
597 599 2
598 599 2
599 600 3
600 601 4
601 602 4
599 602 3
298 606 54
603 605 3
604 607 1
605 606 5
606 607 3
607 608 4
608 609 1
609 610 1
610 611 1
611 612 3
605 612 4
499 616 31
613 615 1
614 615 1
615 616 2
616 617 2
615 617 4
568 624 80
618 619 3
618 620 2
618 621 1
618 622 1
619 623 4
619 624 3
619 625 4
296 627 62
626 627 3
626 628 3
626 629 5
626 630 2
626 631 2
627 632 4
406 639 59
633 635 5
634 636 4
635 636 3
636 637 1
637 638 3
638 639 4
635 639 3
506 640 72
640 642 3
641 647 1
642 643 2
643 644 1
644 645 2
645 646 1
646 647 2
642 647 3
493 653 80
648 650 3
649 650 1
650 651 5
651 652 1
652 653 3
650 653 2
372 657 81
654 656 2
655 658 1
656 657 1
657 658 1
658 659 3
656 659 5
109 663 5
660 662 5
661 663 2
662 663 1
663 664 4
664 665 1
665 666 2
662 666 1
666 675 37
667 669 3
668 675 1
669 670 2
670 671 5
671 672 5
672 673 2
673 674 4
674 675 4
675 676 3
669 676 5
306 677 51
677 679 3
678 679 2
679 680 1
680 681 5
679 681 1
641 683 5
682 683 2
682 684 1
682 685 3
683 686 4
683 687 4
683 688 3
684 689 5
684 690 1
18 691 31
691 692 4
691 693 4
691 694 1
691 695 5
691 696 3
600 703 51
697 698 5
697 699 5
697 700 5
698 701 3
698 702 3
698 703 5
699 704 3
47 708 52
705 707 1
706 707 4
707 708 5
708 709 2
707 709 1
687 716 73
710 712 3
711 712 5
712 713 2
713 714 3
714 715 3
715 716 2
712 716 4
551 718 51
717 718 4
717 719 4
717 720 1
717 721 2
679 728 52
722 723 1
722 724 1
722 725 4
723 726 5
723 727 2
723 728 2
401 730 13
729 730 4
729 731 1
729 732 2
729 733 1
490 737 31
734 735 1
734 736 2
734 737 4
734 738 4
734 739 4
20 741 93
740 741 5
740 742 1
740 743 3
740 744 2
740 745 4
741 746 5
576 752 87
747 748 2
747 749 4
747 750 1
747 751 2
748 752 4
748 753 3
748 754 1
748 755 5
503 758 94
756 758 5
757 760 5
758 759 2
759 760 3
760 761 1
758 761 4
66
101 58
86 100
502 20
719 41
440 75
112 80
18 74
738 79
450 91
137 51
754 22
496 89
313 2
409 75
592 50
563 6
133 95
357 35
695 34
228 33
589 55
101 55
585 96
81 96
127 89
34 88
562 35
54 12
656 85
254 95
240 16
710 20
288 77
145 7
1 5
316 67
479 77
511 81
478 11
328 41
90 21
125 42
207 17
665 57
410 22
135 19
697 73
293 97
35 98
280 80
519 80
652 75
69 89
705 20
445 11
149 41
200 35
277 60
33 24
271 18
255 4
742 4
61 79
64 63
481 67
236 74
