737 809
1 3 48
2 5 93
3 4 47
4 5 25
3 5 62
2 11 83
6 8 44
7 9 38
8 9 32
9 10 82
10 11 50
11 12 25
8 12 6
12 16 25
13 14 79
13 15 1
13 16 70
14 17 91
14 18 93
10 24 68
19 20 96
19 21 19
19 22 44
20 23 3
20 24 49
20 25 96
17 27 98
26 28 6
27 30 39
28 29 21
29 30 45
30 31 11
28 31 16
2 33 99
32 34 95
33 37 42
34 35 83
35 36 42
36 37 26
34 37 13
34 42 56
38 40 31
39 42 85
40 41 24
41 42 97
40 42 88
13 50 45
43 45 9
44 45 99
45 46 24
46 47 36
47 48 65
48 49 22
49 50 20
45 50 26
33 52 98
51 53 35
52 53 29
53 54 49
54 55 79
55 56 84
56 57 97
57 58 36
53 58 73
49 60 16
59 61 10
60 61 70
61 62 75
62 63 71
63 64 94
64 65 92
65 66 36
66 67 20
67 68 74
61 68 30
26 69 59
69 70 34
69 71 7
69 72 32
69 73 33
70 74 68
37 75 68
75 76 61
75 77 83
75 78 2
75 79 25
76 80 14
76 81 2
76 82 13
40 88 26
83 85 66
84 91 93
85 86 25
86 87 37
87 88 62
88 89 39
89 90 56
90 91 38
85 91 71
30 93 18
92 94 98
93 95 51
94 95 75
95 96 65
96 97 33
97 98 53
98 99 56
94 99 76
14 100 66
100 102 9
101 107 12
102 103 37
103 104 47
104 105 12
105 106 96
106 107 80
102 107 66
90 112 38
108 109 97
108 110 55
108 111 47
108 112 77
108 113 29
109 114 23
109 115 71
109 116 48
11 119 51
117 118 71
117 119 37
117 120 42
118 121 86
118 122 42
13 124 13
123 124 33
123 125 27
123 126 40
124 127 47
93 135 65
128 129 53
128 130 86
128 131 19
128 132 47
129 133 30
129 134 25
129 135 19
115 142 23
136 138 79
137 138 40
138 139 13
139 140 74
140 141 94
141 142 71
138 142 15
117 147 8
143 145 39
144 145 27
145 146 22
146 147 46
147 148 89
148 149 81
145 149 68
72 151 62
150 152 3
151 154 77
152 153 46
153 154 18
154 155 90
155 156 15
152 156 15
147 163 62
157 159 10
158 162 25
159 160 93
160 161 75
161 162 72
162 163 100
163 164 86
164 165 30
159 165 33
55 171 32
166 167 54
166 168 59
166 169 39
166 170 32
167 171 3
167 172 5
103 174 58
173 174 46
173 175 21
173 176 73
173 177 67
174 178 17
174 179 23
174 180 31
174 181 88
175 182 83
8 188 43
183 185 16
184 186 2
185 186 77
186 187 86
187 188 60
188 189 77
189 190 78
190 191 91
191 192 71
185 192 73
126 198 41
193 195 69
194 201 72
195 196 7
196 197 31
197 198 7
198 199 100
199 200 38
200 201 27
201 202 7
195 202 36
151 206 16
203 205 98
204 205 4
205 206 85
206 207 79
207 208 60
205 208 23
25 212 69
209 210 71
209 211 64
209 212 82
209 213 26
209 214 71
210 215 65
109 220 16
216 218 24
217 219 97
218 219 19
219 220 28
218 220 95
25 226 5
221 223 100
222 228 41
223 224 20
224 225 64
225 226 67
226 227 57
227 228 62
228 229 63
229 230 71
223 230 32
38 231 69
231 232 100
231 233 100
231 234 37
231 235 67
231 236 17
232 237 6
232 238 53
232 239 57
232 240 29
167 243 22
241 243 97
242 243 81
243 244 16
244 245 5
243 245 78
128 250 83
246 248 67
247 251 27
248 249 50
249 250 32
250 251 62
248 251 16
150 253 90
252 254 78
253 256 78
254 255 44
255 256 29
254 256 72
2 265 93
257 259 5
258 263 93
259 260 5
260 261 74
261 262 85
262 263 49
263 264 87
264 265 36
259 265 97
170 270 36
266 268 4
267 268 8
268 269 17
269 270 43
270 271 76
271 272 17
268 272 73
18 280 52
273 275 45
274 275 74
275 276 40
276 277 25
277 278 31
278 279 57
279 280 13
280 281 23
275 281 79
29 287 47
282 284 31
283 284 91
284 285 36
285 286 89
286 287 48
287 288 63
288 289 91
289 290 55
290 291 63
284 291 53
155 293 97
292 293 96
292 294 94
292 295 93
292 296 28
292 297 18
249 299 39
298 300 60
299 300 47
300 301 51
301 302 100
302 303 58
303 304 58
304 305 23
300 305 95
123 310 81
306 308 5
307 308 89
308 309 80
309 310 18
308 310 39
101 313 21
311 313 84
312 314 55
313 314 75
314 315 31
315 316 38
313 316 76
32 317 39
317 319 94
318 321 95
319 320 44
320 321 43
319 321 38
235 323 76
322 324 68
323 326 15
324 325 49
325 326 19
324 326 94
221 335 96
327 329 77
328 334 58
329 330 50
330 331 49
331 332 88
332 333 99
333 334 87
334 335 69
329 335 92
316 342 3
336 337 29
336 338 98
336 339 14
336 340 87
336 341 66
337 342 38
337 343 65
337 344 60
337 345 80
160 351 62
346 347 33
346 348 32
346 349 79
346 350 49
346 351 84
47 355 62
352 353 72
352 354 74
352 355 71
353 356 61
353 357 65
353 358 20
354 359 17
293 365 79
360 362 56
361 364 100
362 363 65
363 364 21
364 365 48
362 365 1
173 372 27
366 368 75
367 368 22
368 369 93
369 370 35
370 371 42
371 372 75
368 372 54
206 374 74
373 375 19
374 375 49
375 376 19
376 377 89
377 378 74
378 379 20
379 380 20
380 381 95
381 382 99
375 382 30
368 389 19
383 385 48
384 385 31
385 386 70
386 387 21
387 388 45
388 389 38
389 390 85
390 391 53
391 392 14
385 392 75
26 396 50
393 395 7
394 396 9
395 396 96
396 397 19
397 398 15
398 399 63
395 399 84
162 403 74
400 402 36
401 404 19
402 403 2
403 404 5
404 405 47
405 406 5
402 406 56
344 415 32
407 409 30
408 409 91
409 410 2
410 411 67
411 412 49
412 413 36
413 414 41
414 415 72
415 416 19
409 416 93
109 421 34
417 418 96
417 419 80
417 420 27
417 421 87
121 422 73
422 424 44
423 426 56
424 425 60
425 426 49
424 426 88
426 429 99
427 428 95
427 429 43
427 430 6
428 431 42
428 432 4
428 433 30
429 434 14
339 440 74
435 436 14
435 437 6
435 438 37
435 439 22
435 440 33
436 441 14
251 449 37
442 444 13
443 448 51
444 445 51
445 446 59
446 447 43
447 448 52
448 449 90
449 450 23
450 451 84
444 451 56
114 454 84
452 454 72
453 458 1
454 455 63
455 456 22
456 457 57
457 458 53
454 458 60
110 464 40
459 460 30
459 461 81
459 462 92
459 463 41
459 464 24
460 465 71
460 466 21
460 467 30
183 470 56
468 470 89
469 473 44
470 471 27
471 472 16
472 473 73
470 473 31
348 474 56
474 476 55
475 479 36
476 477 93
477 478 98
478 479 21
479 480 86
480 481 47
481 482 24
482 483 97
476 483 17
85 489 33
484 486 11
485 486 51
486 487 91
487 488 21
488 489 47
489 490 13
490 491 26
491 492 19
486 492 73
8 493 97
493 495 90
494 495 63
495 496 40
496 497 90
497 498 16
495 498 11
222 500 77
499 501 1
500 501 46
501 502 44
502 503 93
503 504 89
504 505 48
505 506 22
501 506 98
250 507 18
507 509 15
508 512 20
509 510 86
510 511 77
511 512 91
512 513 72
513 514 7
509 514 27
480 517 89
515 517 72
516 522 57
517 518 66
518 519 12
519 520 27
520 521 100
521 522 59
517 522 79
79 523 77
523 525 97
524 528 11
525 526 46
526 527 44
527 528 33
528 529 35
529 530 37
530 531 20
531 532 13
525 532 39
161 533 69
533 535 52
534 536 75
535 536 60
536 537 63
537 538 52
535 538 25
368 542 47
539 540 73
539 541 22
539 542 70
539 543 92
539 544 86
44 548 87
545 547 26
546 548 47
547 548 43
548 549 54
549 550 48
547 550 7
535 552 12
551 552 30
551 553 17
551 554 14
551 555 46
551 556 51
552 557 98
183 561 12
558 560 91
559 561 4
560 561 60
561 562 37
562 563 2
563 564 7
560 564 23
166 574 81
565 567 97
566 567 58
567 568 79
568 569 51
569 570 44
570 571 86
571 572 48
572 573 37
573 574 84
567 574 15
489 575 96
575 577 69
576 578 38
577 578 56
578 579 4
577 579 79
523 581 67
580 581 85
580 582 96
580 583 76
580 584 27
581 585 8
157 586 48
586 588 27
587 588 77
588 589 40
589 590 59
588 590 57
217 591 6
591 593 39
592 593 38
593 594 26
594 595 56
595 596 82
593 596 21
398 603 50
597 599 67
598 604 86
599 600 53
600 601 69
601 602 91
602 603 76
603 604 42
599 604 38
589 606 52
605 607 23
606 607 85
607 608 58
608 609 41
609 610 9
610 611 66
607 611 66
295 612 16
612 614 55
613 616 16
614 615 5
615 616 30
616 617 96
617 618 34
614 618 90
541 620 90
619 621 35
620 622 48
621 622 56
622 623 23
621 623 39
554 628 39
624 625 34
624 626 7
624 627 66
624 628 79
624 629 92
625 630 19
625 631 25
164 632 62
632 634 85
633 638 7
634 635 11
635 636 14
636 637 71
637 638 93
634 638 43
272 639 41
639 641 3
640 643 63
641 642 34
642 643 100
643 644 81
641 644 15
149 645 44
645 646 89
645 647 34
645 648 61
646 649 65
646 650 90
301 655 22
651 653 72
652 654 64
653 654 88
654 655 94
653 655 70
50 659 34
656 658 13
657 662 45
658 659 97
659 660 30
660 661 60
661 662 71
658 662 27
298 664 18
663 665 9
664 665 79
665 666 9
666 667 69
667 668 4
668 669 78
665 669 2
108 674 98
670 672 28
671 672 87
672 673 79
673 674 87
674 675 4
675 676 67
676 677 98
677 678 12
672 678 52
134 683 79
679 680 25
679 681 56
679 682 55
679 683 53
680 684 25
680 685 18
680 686 69
680 687 64
681 688 88
627 691 24
689 691 13
690 691 20
691 692 5
692 693 89
693 694 48
694 695 33
695 696 34
696 697 18
691 697 7
21 698 56
698 699 83
698 700 68
698 701 96
699 702 94
699 703 57
699 704 64
700 705 31
172 712 64
706 708 58
707 708 80
708 709 81
709 710 69
710 711 91
711 712 83
708 712 13
19 713 2
713 715 10
714 716 31
715 716 53
716 717 89
715 717 99
336 721 49
718 720 25
719 721 24
720 721 97
721 722 74
722 723 56
720 723 67
211 724 5
724 725 97
724 726 2
724 727 15
724 728 33
724 729 33
725 730 67
725 731 72
725 732 39
260 734 28
733 735 69
734 736 63
735 736 43
736 737 63
735 737 70
79
235 1
245 52
661 161
368 184
639 64
266 37
258 175
356 15
401 147
443 117
450 125
524 90
397 64
285 133
512 53
85 181
20 188
731 69
337 88
256 157
722 99
552 58
293 78
31 149
375 119
193 146
89 34
18 78
355 146
625 134
97 111
4 150
289 146
200 199
354 24
107 86
24 107
286 189
10 174
556 33
198 126
274 199
401 136
19 15
595 152
268 177
322 56
703 175
733 118
49 141
673 66
21 82
590 62
83 135
43 140
226 7
335 190
272 86
237 94
119 148
719 25
720 37
328 178
642 154
431 167
387 46
37 81
138 173
553 51
411 32
488 22
104 183
524 26
467 41
678 42
121 107
307 107
185 2
376 2
