773 843
1 3 5
2 8 1
3 4 2
4 5 5
5 6 1
6 7 2
7 8 2
3 8 3
6 9 28
9 10 5
9 11 4
9 12 5
10 13 1
10 14 5
10 15 5
11 16 1
10 25 82
17 19 3
18 24 2
19 20 3
20 21 4
21 22 3
22 23 2
23 24 5
24 25 4
25 26 2
19 26 3
23 31 37
27 29 4
28 33 4
29 30 4
30 31 5
31 32 1
32 33 5
29 33 3
8 37 95
34 36 2
35 36 5
36 37 5
37 38 5
38 39 3
39 40 3
40 41 4
36 41 1
32 43 47
42 44 4
43 44 2
44 45 1
45 46 4
46 47 2
47 48 3
48 49 2
49 50 4
50 51 4
44 51 2
33 60 92
52 54 4
53 60 5
54 55 4
55 56 2
56 57 4
57 58 3
58 59 5
59 60 2
60 61 3
54 61 5
40 70 67
62 63 1
62 64 1
62 65 4
62 66 4
63 67 2
63 68 1
63 69 4
63 70 4
64 71 2
24 76 47
72 73 5
72 74 5
72 75 3
73 76 5
73 77 4
10 78 59
78 80 2
79 80 3
80 81 2
81 82 5
82 83 5
83 84 1
84 85 3
80 85 3
30 92 88
86 88 2
87 88 1
88 89 1
89 90 1
90 91 5
91 92 1
88 92 3
76 98 36
93 95 4
94 97 5
95 96 2
96 97 2
97 98 5
98 99 1
99 100 4
100 101 3
101 102 4
95 102 4
99 108 100
103 104 5
103 105 3
103 106 5
104 107 3
104 108 4
104 109 1
105 110 3
105 111 2
105 112 2
16 118 43
113 115 3
114 115 3
115 116 2
116 117 5
117 118 2
118 119 5
119 120 1
120 121 1
121 122 4
115 122 2
1 124 27
123 125 3
124 126 4
125 126 3
126 127 5
127 128 5
128 129 5
129 130 4
130 131 5
125 131 3
40 135 63
132 133 2
132 134 2
132 135 3
132 136 1
132 137 3
88 140 71
138 140 5
139 142 5
140 141 2
141 142 5
142 143 3
140 143 5
90 148 51
144 146 5
145 147 3
146 147 2
147 148 3
146 148 4
104 149 25
149 150 1
149 151 1
149 152 4
150 153 3
150 154 3
150 155 5
151 156 3
151 157 2
129 160 13
158 160 5
159 165 4
160 161 2
161 162 3
162 163 4
163 164 5
164 165 2
165 166 1
166 167 4
160 167 3
52 177 24
168 169 5
168 170 5
168 171 2
168 172 2
168 173 3
169 174 1
169 175 4
169 176 5
169 177 2
148 181 22
178 180 5
179 180 5
180 181 5
181 182 2
182 183 2
183 184 5
184 185 3
185 186 1
186 187 2
180 187 4
22 192 62
188 190 1
189 190 5
190 191 4
191 192 1
192 193 2
193 194 1
190 194 5
1 195 81
195 197 4
196 197 1
197 198 3
198 199 5
197 199 2
101 204 66
200 202 5
201 203 5
202 203 1
203 204 1
204 205 1
202 205 1
94 212 48
206 208 1
207 209 3
208 209 3
209 210 4
210 211 1
211 212 2
212 213 1
208 213 1
123 218 42
214 216 3
215 217 2
216 217 2
217 218 4
216 218 1
185 227 87
219 221 4
220 224 5
221 222 3
222 223 1
223 224 3
224 225 1
225 226 5
226 227 5
221 227 1
13 228 51
228 230 1
229 231 3
230 231 4
231 232 3
232 233 2
233 234 2
230 234 1
141 237 50
235 237 1
236 237 3
237 238 5
238 239 5
239 240 2
237 240 5
213 245 72
241 243 4
242 243 3
243 244 5
244 245 2
245 246 1
243 246 2
23 247 42
247 248 3
247 249 3
247 250 1
247 251 5
248 252 1
248 253 1
248 254 5
248 255 1
162 258 13
256 258 2
257 263 1
258 259 4
259 260 1
260 261 3
261 262 4
262 263 2
263 264 3
264 265 2
258 265 1
47 274 19
266 268 2
267 272 5
268 269 4
269 270 2
270 271 2
271 272 5
272 273 3
273 274 1
268 274 4
85 278 1
275 277 1
276 279 2
277 278 5
278 279 3
279 280 5
280 281 5
277 281 2
168 285 35
282 284 4
283 288 4
284 285 3
285 286 1
286 287 2
287 288 4
284 288 3
24 294 25
289 291 3
290 291 1
291 292 5
292 293 5
293 294 2
294 295 2
295 296 1
291 296 2
180 301 21
297 299 5
298 305 2
299 300 1
300 301 2
301 302 5
302 303 3
303 304 4
304 305 1
299 305 5
132 307 45
306 307 2
306 308 4
306 309 2
306 310 5
306 311 4
307 312 1
307 313 1
45 320 46
314 315 1
314 316 5
314 317 1
314 318 2
315 319 1
315 320 4
315 321 5
315 322 4
308 323 85
323 325 5
324 329 3
325 326 1
326 327 5
327 328 3
328 329 5
325 329 1
239 331 3
330 332 1
331 332 5
332 333 1
333 334 2
334 335 3
335 336 5
332 336 3
190 346 12
337 338 2
337 339 4
337 340 3
337 341 1
338 342 1
338 343 3
338 344 5
338 345 2
339 346 4
179 347 82
347 348 2
347 349 1
347 350 1
348 351 4
348 352 5
348 353 5
349 354 3
217 356 68
355 357 1
356 357 4
357 358 4
358 359 3
359 360 1
360 361 5
361 362 2
362 363 1
357 363 2
355 365 49
364 366 1
365 369 5
366 367 1
367 368 3
368 369 4
369 370 4
370 371 4
371 372 2
366 372 1
49 374 35
373 374 1
373 375 2
373 376 4
374 377 4
374 378 1
374 379 3
375 380 2
375 381 5
283 390 70
382 384 3
383 390 5
384 385 1
385 386 5
386 387 4
387 388 5
388 389 5
389 390 2
384 390 5
156 394 50
391 392 4
391 393 5
391 394 5
391 395 2
392 396 3
392 397 4
184 399 20
398 400 4
399 400 2
400 401 1
401 402 5
402 403 1
403 404 3
404 405 5
405 406 3
406 407 3
400 407 5
152 408 17
408 410 5
409 411 2
410 411 5
411 412 3
412 413 2
413 414 1
414 415 2
415 416 1
416 417 1
410 417 2
200 422 19
418 420 1
419 423 4
420 421 3
421 422 5
422 423 5
420 423 3
225 427 29
424 425 3
424 426 2
424 427 2
424 428 3
132 431 26
429 431 1
430 432 5
431 432 1
432 433 5
433 434 5
431 434 2
193 436 68
435 437 2
436 437 2
437 438 4
438 439 3
439 440 4
440 441 3
441 442 3
437 442 2
36 446 76
443 445 4
444 445 3
445 446 4
446 447 2
447 448 5
448 449 2
449 450 5
450 451 5
445 451 5
307 461 37
452 454 2
453 461 4
454 455 4
455 456 4
456 457 4
457 458 2
458 459 1
459 460 4
460 461 5
454 461 5
208 467 36
462 463 4
462 464 3
462 465 4
463 466 3
463 467 5
463 468 4
464 469 5
116 473 44
470 472 2
471 473 2
472 473 4
473 474 5
474 475 2
472 475 5
356 481 1
476 478 2
477 478 2
478 479 3
479 480 4
480 481 5
481 482 1
478 482 1
142 486 61
483 484 4
483 485 2
483 486 2
483 487 2
483 488 5
43 494 55
489 491 2
490 496 5
491 492 2
492 493 1
493 494 2
494 495 3
495 496 1
496 497 3
491 497 3
39 502 28
498 500 4
499 500 1
500 501 5
501 502 1
502 503 5
503 504 3
500 504 2
443 505 95
505 507 3
506 507 5
507 508 4
508 509 4
509 510 3
510 511 4
511 512 2
507 512 2
28 518 94
513 515 1
514 515 5
515 516 3
516 517 2
517 518 2
518 519 4
515 519 5
499 522 47
520 521 4
520 522 1
520 523 2
521 524 4
521 525 3
53 528 15
526 527 1
526 528 2
526 529 1
526 530 1
526 531 1
527 532 4
209 538 3
533 535 2
534 538 2
535 536 3
536 537 2
537 538 3
535 538 2
307 543 5
539 540 1
539 541 5
539 542 4
540 543 1
102 548 64
544 545 3
544 546 1
544 547 2
544 548 1
545 549 4
545 550 5
545 551 1
45 556 37
552 553 1
552 554 3
552 555 3
552 556 4
553 557 1
243 565 28
558 560 2
559 563 3
560 561 3
561 562 2
562 563 4
563 564 1
564 565 3
560 565 2
219 567 63
566 568 1
567 568 1
568 569 2
569 570 1
570 571 5
568 571 3
423 577 47
572 574 3
573 577 1
574 575 1
575 576 3
576 577 2
577 578 5
574 578 3
54 580 33
579 580 1
579 581 2
579 582 5
579 583 1
580 584 2
580 585 1
580 586 2
434 590 48
587 589 2
588 589 2
589 590 3
590 591 5
589 591 4
17 594 37
592 593 5
592 594 2
592 595 3
593 596 2
593 597 3
149 605 63
598 599 5
598 600 5
598 601 5
598 602 4
598 603 1
599 604 5
599 605 4
599 606 1
298 609 83
607 609 2
608 609 2
609 610 5
610 611 3
611 612 4
612 613 1
613 614 3
614 615 2
615 616 4
609 616 3
152 618 34
617 619 1
618 620 3
619 620 2
620 621 2
621 622 4
619 622 3
126 623 7
623 625 4
624 625 1
625 626 2
626 627 2
627 628 4
628 629 2
629 630 2
630 631 4
631 632 4
625 632 3
547 637 72
633 634 4
633 635 2
633 636 4
633 637 4
634 638 4
402 639 42
639 641 3
640 643 2
641 642 1
642 643 4
643 644 5
641 644 1
586 652 100
645 646 4
645 647 2
645 648 3
645 649 4
645 650 2
646 651 2
646 652 4
46 660 78
653 655 5
654 657 5
655 656 5
656 657 2
657 658 4
658 659 5
659 660 4
660 661 1
655 661 2
533 668 2
662 663 5
662 664 2
662 665 5
663 666 2
663 667 5
663 668 3
211 672 43
669 671 4
670 673 3
671 672 4
672 673 5
673 674 5
674 675 1
675 676 1
671 676 3
655 684 18
677 679 2
678 680 2
679 680 5
680 681 4
681 682 4
682 683 5
683 684 2
679 684 4
273 687 62
685 687 3
686 689 1
687 688 3
688 689 2
689 690 3
687 690 2
273 696 99
691 693 5
692 696 2
693 694 4
694 695 5
695 696 5
693 696 4
395 702 18
697 699 3
698 701 5
699 700 5
700 701 5
701 702 1
699 702 5
589 705 14
703 705 4
704 709 4
705 706 3
706 707 3
707 708 3
708 709 3
709 710 5
710 711 4
705 711 5
18 715 75
712 714 1
713 715 3
714 715 5
715 716 3
716 717 2
717 718 3
714 718 4
239 722 53
719 721 1
720 724 3
721 722 3
722 723 2
723 724 1
721 724 4
34 729 13
725 727 1
726 728 4
727 728 4
728 729 1
729 730 4
727 730 2
111 732 1
731 733 2
732 733 1
733 734 2
734 735 4
735 736 2
733 736 4
442 738 46
737 739 2
738 743 2
739 740 3
740 741 4
741 742 3
742 743 4
743 744 1
744 745 4
739 745 1
378 746 72
746 747 5
746 748 4
746 749 3
746 750 1
730 753 93
751 752 1
751 753 2
751 754 2
752 755 3
752 756 5
752 757 2
753 758 2
753 759 1
570 765 62
760 762 5
761 765 5
762 763 4
763 764 2
764 765 1
765 766 4
766 767 2
762 767 2
322 771 85
768 770 3
769 770 2
770 771 2
771 772 4
772 773 1
770 773 5
73
757 192
294 134
256 61
637 42
126 129
309 120
38 92
587 43
724 17
496 114
2 91
495 59
182 141
286 22
456 40
356 118
71 10
566 44
361 12
734 191
262 33
386 189
643 101
526 122
366 62
527 178
138 74
57 59
96 159
160 55
102 127
242 133
677 29
226 21
701 116
688 30
96 13
676 184
108 197
20 44
510 15
454 140
35 147
420 15
125 52
533 81
164 12
443 72
579 120
278 45
770 120
228 66
361 184
242 200
616 145
184 183
486 134
563 79
375 95
616 44
58 178
552 96
114 144
662 110
685 89
264 134
505 35
393 66
764 148
82 170
300 95
481 162
197 170
