328 336
1 3 39
2 6 5
3 4 71
4 5 43
5 6 65
6 7 26
7 8 9
8 9 25
9 10 43
10 11 44
11 12 4
12 13 94
13 14 65
14 15 18
15 16 24
16 17 65
17 18 94
18 19 58
19 20 96
20 21 35
21 22 80
22 23 74
23 24 32
24 25 26
25 26 39
26 27 66
27 28 90
28 29 96
29 30 92
3 30 49
21 52 24
31 33 15
32 49 31
33 34 2
34 35 16
35 36 78
36 37 20
37 38 84
38 39 96
39 40 76
40 41 41
41 42 66
42 43 32
43 44 82
44 45 47
45 46 88
46 47 52
47 48 69
48 49 49
49 50 61
50 51 22
51 52 45
52 53 16
33 53 97
37 56 35
54 55 78
54 56 81
54 57 62
54 58 37
54 59 62
54 60 86
54 61 15
54 62 36
54 63 71
54 64 64
54 65 8
54 66 28
54 67 64
54 68 5
54 69 24
54 70 46
55 71 2
55 72 24
55 73 73
55 74 97
55 75 37
55 76 72
55 77 19
55 78 81
55 79 68
23 82 46
80 81 34
80 82 55
80 83 7
80 84 64
80 85 75
80 86 18
80 87 7
80 88 18
80 89 15
80 90 40
80 91 50
80 92 64
80 93 64
80 94 62
80 95 37
80 96 58
81 97 85
81 98 94
81 99 9
81 100 14
81 101 61
81 102 80
81 103 68
81 104 55
81 105 22
81 106 72
81 107 24
81 108 9
81 109 54
81 110 49
81 111 44
81 112 34
82 113 59
62 116 1
114 116 4
115 147 92
116 117 100
117 118 45
118 119 64
119 120 51
120 121 58
121 122 22
122 123 61
123 124 57
124 125 84
125 126 79
126 127 77
127 128 21
128 129 26
129 130 83
130 131 15
131 132 62
132 133 76
133 134 99
134 135 60
135 136 76
136 137 99
137 138 6
138 139 93
139 140 42
140 141 59
141 142 98
142 143 70
143 144 79
144 145 17
145 146 9
146 147 87
116 147 41
104 167 83
148 150 27
149 184 13
150 151 80
151 152 52
152 153 2
153 154 23
154 155 78
155 156 96
156 157 10
157 158 59
158 159 22
159 160 73
160 161 37
161 162 40
162 163 67
163 164 23
164 165 92
165 166 32
166 167 83
167 168 16
168 169 84
169 170 83
170 171 26
171 172 61
172 173 57
173 174 55
174 175 62
175 176 12
176 177 9
177 178 30
178 179 17
179 180 22
180 181 35
181 182 40
182 183 47
183 184 30
184 185 32
185 186 23
186 187 13
150 187 94
174 198 26
188 190 75
189 207 96
190 191 90
191 192 9
192 193 86
193 194 28
194 195 23
195 196 3
196 197 58
197 198 43
198 199 27
199 200 15
200 201 84
201 202 57
202 203 88
203 204 40
204 205 94
205 206 9
206 207 33
207 208 5
208 209 49
209 210 11
210 211 18
211 212 20
212 213 65
190 213 40
116 217 25
214 216 45
215 216 1
216 217 17
217 218 98
218 219 69
219 220 53
220 221 68
221 222 70
222 223 73
223 224 48
224 225 21
225 226 95
226 227 88
227 228 2
228 229 89
229 230 14
230 231 45
231 232 27
232 233 27
233 234 80
234 235 46
235 236 48
236 237 81
237 238 14
238 239 80
239 240 35
240 241 78
241 242 36
242 243 27
243 244 16
244 245 73
216 245 66
129 250 95
246 248 15
247 270 34
248 249 68
249 250 12
250 251 46
251 252 55
252 253 19
253 254 10
254 255 23
255 256 3
256 257 18
257 258 62
258 259 38
259 260 88
260 261 78
261 262 67
262 263 52
263 264 58
264 265 82
265 266 38
266 267 49
267 268 72
268 269 87
269 270 87
270 271 77
271 272 49
272 273 95
273 274 7
274 275 56
275 276 59
276 277 38
277 278 35
278 279 35
279 280 80
280 281 12
281 282 58
282 283 31
283 284 84
248 284 54
85 305 98
285 287 80
286 287 68
287 288 12
288 289 82
289 290 92
290 291 80
291 292 25
292 293 36
293 294 90
294 295 52
295 296 96
296 297 92
297 298 58
298 299 25
299 300 25
300 301 1
301 302 29
302 303 76
303 304 30
304 305 43
305 306 84
287 306 40
301 320 77
307 309 91
308 309 65
309 310 94
310 311 55
311 312 18
312 313 88
313 314 78
314 315 69
315 316 84
316 317 75
317 318 38
318 319 32
319 320 15
320 321 66
321 322 71
322 323 12
323 324 71
324 325 53
325 326 25
326 327 12
327 328 19
309 328 96
100
207 477
217 694
233 684
150 646
210 877
76 129
197 579
21 547
145 585
173 773
211 564
201 663
122 683
133 103
165 567
109 647
244 784
95 138
68 542
166 263
102 295
159 113
275 945
195 300
103 124
284 450
149 573
242 465
38 883
114 807
209 915
185 591
217 76
50 762
132 577
184 756
222 116
311 307
312 182
46 783
246 135
43 55
166 83
30 708
271 58
227 358
33 283
97 59
114 47
124 196
209 698
16 326
269 540
69 771
260 380
316 803
318 732
211 744
63 66
181 640
310 672
284 659
218 839
90 488
94 948
53 676
22 443
140 822
126 959
228 799
199 804
200 208
206 58
70 507
172 847
93 37
5 569
195 492
132 311
70 856
113 298
71 481
94 152
219 176
111 431
250 302
300 178
270 503
162 389
96 882
248 617
324 528
279 952
292 20
26 474
226 391
18 845
25 574
139 762
29 474
