337 345
1 3 5
2 4 2
3 4 4
4 5 3
5 6 2
6 7 1
7 8 2
8 9 2
9 10 1
10 11 2
11 12 5
12 13 2
13 14 3
14 15 3
15 16 1
16 17 2
17 18 5
18 19 1
19 20 1
20 21 5
21 22 4
22 23 5
23 24 3
24 25 3
25 26 2
26 27 2
27 28 4
28 29 2
3 29 4
24 36 65
30 31 1
30 32 4
30 33 1
30 34 4
30 35 1
30 36 2
30 37 3
30 38 5
30 39 2
30 40 3
30 41 3
31 42 5
31 43 3
31 44 2
31 45 5
31 46 5
31 47 5
31 48 5
31 49 5
31 50 5
31 51 5
31 52 4
32 53 4
32 54 2
32 55 2
32 56 2
32 57 4
32 58 3
32 59 3
32 60 4
32 61 4
32 62 3
32 63 3
33 64 4
33 65 2
19 92 1
66 68 2
67 68 4
68 69 3
69 70 3
70 71 5
71 72 2
72 73 3
73 74 3
74 75 2
75 76 3
76 77 4
77 78 2
78 79 2
79 80 1
80 81 1
81 82 5
82 83 5
83 84 4
84 85 3
85 86 1
86 87 2
87 88 3
88 89 5
89 90 3
90 91 2
91 92 4
92 93 2
93 94 4
94 95 3
68 95 4
82 96 61
96 98 4
97 98 1
98 99 5
99 100 1
100 101 4
101 102 4
102 103 2
103 104 3
104 105 2
105 106 3
106 107 1
107 108 2
108 109 3
109 110 4
110 111 1
111 112 3
112 113 3
113 114 5
114 115 3
115 116 2
116 117 4
117 118 2
118 119 2
119 120 3
120 121 2
121 122 3
122 123 1
123 124 4
124 125 1
98 125 5
53 126 84
126 127 1
126 128 2
126 129 4
126 130 5
126 131 5
126 132 4
126 133 4
126 134 2
127 135 1
127 136 5
127 137 1
127 138 2
127 139 1
127 140 5
127 141 4
127 142 5
128 143 4
128 144 4
128 145 2
128 146 2
128 147 5
35 165 73
148 150 3
149 151 4
150 151 5
151 152 1
152 153 2
153 154 3
154 155 2
155 156 4
156 157 2
157 158 3
158 159 4
159 160 5
160 161 3
161 162 3
162 163 2
163 164 3
164 165 1
165 166 3
166 167 2
167 168 4
168 169 3
169 170 3
170 171 1
171 172 1
172 173 1
173 174 1
174 175 4
175 176 4
176 177 3
150 177 1
71 197 73
178 180 5
179 180 1
180 181 3
181 182 3
182 183 3
183 184 1
184 185 4
185 186 5
186 187 3
187 188 5
188 189 2
189 190 5
190 191 1
191 192 5
192 193 3
193 194 3
194 195 3
195 196 4
196 197 5
197 198 5
198 199 5
199 200 5
200 201 5
201 202 5
202 203 3
203 204 5
204 205 5
205 206 4
206 207 5
207 208 4
208 209 2
209 210 4
180 210 1
192 221 93
211 213 1
212 225 1
213 214 4
214 215 4
215 216 1
216 217 5
217 218 5
218 219 3
219 220 2
220 221 4
221 222 5
222 223 4
223 224 2
224 225 2
225 226 4
226 227 5
227 228 2
228 229 1
229 230 2
230 231 4
231 232 4
232 233 4
233 234 2
234 235 1
235 236 5
236 237 2
237 238 4
238 239 2
239 240 5
240 241 3
213 241 4
157 245 100
242 244 1
243 244 4
244 245 4
245 246 2
246 247 4
247 248 2
248 249 3
249 250 1
250 251 3
251 252 2
252 253 2
253 254 2
254 255 3
255 256 2
256 257 2
257 258 1
258 259 5
259 260 3
260 261 1
261 262 5
262 263 1
263 264 3
264 265 1
265 266 2
266 267 3
267 268 3
268 269 3
269 270 2
244 270 3
138 292 7
271 273 5
272 274 5
273 274 2
274 275 1
275 276 1
276 277 3
277 278 3
278 279 4
279 280 1
280 281 2
281 282 3
282 283 1
283 284 3
284 285 4
285 286 2
286 287 4
287 288 1
288 289 2
289 290 1
290 291 4
291 292 2
292 293 4
293 294 2
294 295 5
295 296 1
296 297 3
297 298 4
298 299 3
299 300 5
300 301 1
301 302 5
273 302 2
269 324 44
303 305 3
304 321 5
305 306 5
306 307 4
307 308 2
308 309 1
309 310 3
310 311 2
311 312 5
312 313 5
313 314 4
314 315 4
315 316 4
316 317 1
317 318 1
318 319 3
319 320 2
320 321 1
321 322 4
322 323 5
323 324 3
324 325 4
325 326 4
326 327 1
327 328 1
328 329 1
329 330 4
330 331 4
331 332 3
332 333 2
333 334 1
334 335 3
335 336 5
336 337 1
305 337 2
76
240 188
335 393
95 36
285 256
142 422
210 497
295 475
243 179
6 229
20 258
47 431
129 288
126 281
313 306
38 122
193 73
315 451
209 222
337 229
142 183
124 417
263 141
279 56
248 116
109 235
20 440
160 407
197 270
319 32
80 420
184 340
12 56
322 44
273 35
200 209
143 326
109 337
190 373
142 161
230 32
30 333
197 74
329 222
89 140
260 62
139 362
170 372
191 166
309 222
322 340
105 425
120 478
165 73
292 181
176 373
328 59
293 191
320 128
174 101
261 433
35 476
79 222
62 217
47 51
189 58
86 94
208 437
126 178
324 44
185 23
244 407
106 494
267 190
65 458
323 286
89 44
