599 614
1 3 50
2 34 50
3 4 77
4 5 6
5 6 49
6 7 77
7 8 56
8 9 14
9 10 29
10 11 86
11 12 65
12 13 13
13 14 51
14 15 36
15 16 49
16 17 45
17 18 15
18 19 66
19 20 96
20 21 83
21 22 83
22 23 99
23 24 45
24 25 34
25 26 88
26 27 78
27 28 96
28 29 62
29 30 44
30 31 100
31 32 43
32 33 94
33 34 2
34 35 26
35 36 2
36 37 93
3 37 87
23 43 68
38 40 91
39 40 88
40 41 79
41 42 89
42 43 55
43 44 17
44 45 57
45 46 54
46 47 89
47 48 40
48 49 100
49 50 64
50 51 33
51 52 20
52 53 7
53 54 37
54 55 71
55 56 12
56 57 63
57 58 14
58 59 8
59 60 4
60 61 48
61 62 2
62 63 39
63 64 24
64 65 64
65 66 52
66 67 89
67 68 63
68 69 59
69 70 67
70 71 1
71 72 70
40 72 17
50 95 72
73 75 68
74 75 26
75 76 75
76 77 98
77 78 21
78 79 89
79 80 23
80 81 13
81 82 42
82 83 99
83 84 40
84 85 36
85 86 79
86 87 25
87 88 66
88 89 69
89 90 36
90 91 82
91 92 72
92 93 89
93 94 24
94 95 21
95 96 21
96 97 4
97 98 44
98 99 5
99 100 35
100 101 4
101 102 70
102 103 73
103 104 16
104 105 52
105 106 37
106 107 83
107 108 66
108 109 59
109 110 73
110 111 99
75 111 36
90 130 20
112 114 99
113 114 19
114 115 46
115 116 32
116 117 58
117 118 68
118 119 72
119 120 59
120 121 47
121 122 54
122 123 65
123 124 93
124 125 72
125 126 87
126 127 27
127 128 90
128 129 38
129 130 56
130 131 61
131 132 92
132 133 88
133 134 30
134 135 86
135 136 57
114 136 61
82 150 95
137 139 36
138 142 34
139 140 55
140 141 100
141 142 11
142 143 77
143 144 3
144 145 32
145 146 54
146 147 5
147 148 56
148 149 85
149 150 13
150 151 57
151 152 45
152 153 99
153 154 37
154 155 83
155 156 77
156 157 99
157 158 25
139 158 13
90 181 71
159 160 36
159 161 43
159 162 29
159 163 2
159 164 64
159 165 89
160 166 17
160 167 4
160 168 3
160 169 27
160 170 35
160 171 45
161 172 4
161 173 86
161 174 58
161 175 28
161 176 15
161 177 57
162 178 28
162 179 19
162 180 78
162 181 10
162 182 35
162 183 17
163 184 59
12 186 46
185 187 4
186 187 29
187 188 58
188 189 100
189 190 90
190 191 18
191 192 36
192 193 11
193 194 28
194 195 5
195 196 64
196 197 45
197 198 62
198 199 64
199 200 36
200 201 47
201 202 56
202 203 40
203 204 88
204 205 46
205 206 38
206 207 40
207 208 76
208 209 19
187 209 5
182 225 38
210 212 21
211 221 91
212 213 99
213 214 29
214 215 42
215 216 13
216 217 90
217 218 63
218 219 56
219 220 55
220 221 10
221 222 42
222 223 2
223 224 91
224 225 78
225 226 47
226 227 37
227 228 40
228 229 91
229 230 43
212 230 10
153 249 56
231 232 66
231 233 10
231 234 48
231 235 87
231 236 27
231 237 51
231 238 52
231 239 95
231 240 14
231 241 42
231 242 62
231 243 35
231 244 81
231 245 73
231 246 19
232 247 21
232 248 87
232 249 68
232 250 20
232 251 25
232 252 57
232 253 3
232 254 25
232 255 89
232 256 10
232 273 71
257 259 8
258 259 30
259 260 84
260 261 7
261 262 98
262 263 11
263 264 49
264 265 33
265 266 41
266 267 74
267 268 68
268 269 4
269 270 43
270 271 60
271 272 34
272 273 99
273 274 14
274 275 75
275 276 51
276 277 84
277 278 25
278 279 94
279 280 75
280 281 80
281 282 73
282 283 37
283 284 64
284 285 56
285 286 43
286 287 96
287 288 70
288 289 68
289 290 8
259 290 85
136 316 91
291 292 63
291 293 89
291 294 93
291 295 60
291 296 55
291 297 29
291 298 98
291 299 35
291 300 29
291 301 49
291 302 78
291 303 68
292 304 33
292 305 84
292 306 98
292 307 98
292 308 39
292 309 35
292 310 61
292 311 78
292 312 81
292 313 50
292 314 70
292 315 16
293 316 33
146 317 77
317 319 15
318 322 43
319 320 29
320 321 23
321 322 40
322 323 86
323 324 1
324 325 3
325 326 32
326 327 83
327 328 23
328 329 94
329 330 55
330 331 46
331 332 70
332 333 62
333 334 2
334 335 48
335 336 94
336 337 86
337 338 42
338 339 69
339 340 79
340 341 4
341 342 57
342 343 14
343 344 52
344 345 90
345 346 3
346 347 99
319 347 3
140 350 63
348 350 72
349 350 17
350 351 93
351 352 65
352 353 58
353 354 26
354 355 27
355 356 22
356 357 48
357 358 99
358 359 57
359 360 67
360 361 75
361 362 29
362 363 73
363 364 95
364 365 40
365 366 32
366 367 49
367 368 82
368 369 46
369 370 14
370 371 34
371 372 36
350 372 42
355 390 10
373 375 31
374 381 35
375 376 95
376 377 87
377 378 77
378 379 34
379 380 78
380 381 81
381 382 48
382 383 4
383 384 83
384 385 42
385 386 53
386 387 23
387 388 45
388 389 47
389 390 48
390 391 1
391 392 19
392 393 75
393 394 94
394 395 96
375 395 24
125 405 29
396 397 35
396 398 38
396 399 99
396 400 92
396 401 49
396 402 91
396 403 1
396 404 38
396 405 16
396 406 15
396 407 71
396 408 32
396 409 27
396 410 53
396 411 15
396 412 31
396 413 23
396 414 82
397 415 2
397 416 80
397 417 14
397 418 94
397 419 57
397 420 47
397 421 65
397 422 98
397 423 26
397 424 51
397 425 4
397 426 45
397 427 44
397 428 60
397 429 44
397 430 97
397 431 68
40 437 87
432 433 84
432 434 8
432 435 25
432 436 41
432 437 21
433 438 60
433 439 88
433 440 19
433 441 40
433 442 3
434 443 54
434 444 40
434 445 83
434 446 26
434 447 56
435 448 42
435 449 72
435 450 82
435 451 72
435 452 86
225 481 86
453 455 41
454 455 11
455 456 20
456 457 23
457 458 5
458 459 82
459 460 96
460 461 49
461 462 34
462 463 17
463 464 82
464 465 15
465 466 18
466 467 81
467 468 97
468 469 39
469 470 51
470 471 71
471 472 54
472 473 18
473 474 72
474 475 38
475 476 58
476 477 51
477 478 2
478 479 96
479 480 64
480 481 35
481 482 72
482 483 97
483 484 88
484 485 64
485 486 72
455 486 65
341 497 29
487 489 78
488 490 32
489 490 55
490 491 37
491 492 49
492 493 35
493 494 37
494 495 23
495 496 87
496 497 34
497 498 70
498 499 96
499 500 90
500 501 25
501 502 85
502 503 64
503 504 10
504 505 29
505 506 18
506 507 91
507 508 2
508 509 11
489 509 33
293 537 18
510 512 17
511 512 89
512 513 15
513 514 21
514 515 14
515 516 28
516 517 29
517 518 23
518 519 34
519 520 82
520 521 99
521 522 73
522 523 10
523 524 25
524 525 42
525 526 49
526 527 42
527 528 67
528 529 24
529 530 78
530 531 24
531 532 79
532 533 56
533 534 41
534 535 82
535 536 36
536 537 20
537 538 89
538 539 35
539 540 39
540 541 51
541 542 93
542 543 47
512 543 17
450 566 74
544 546 35
545 552 31
546 547 84
547 548 59
548 549 42
549 550 9
550 551 17
551 552 30
552 553 53
553 554 22
554 555 69
555 556 33
556 557 87
557 558 17
558 559 67
559 560 74
560 561 53
561 562 19
562 563 88
563 564 32
564 565 23
565 566 3
566 567 11
567 568 31
568 569 38
569 570 23
570 571 53
546 571 26
450 596 42
572 574 79
573 581 3
574 575 39
575 576 70
576 577 24
577 578 100
578 579 32
579 580 94
580 581 18
581 582 82
582 583 23
583 584 23
584 585 12
585 586 45
586 587 49
587 588 41
588 589 56
589 590 74
590 591 63
591 592 41
592 593 88
593 594 48
594 595 34
595 596 100
596 597 86
597 598 46
598 599 40
574 599 82
67
594 492
513 154
576 411
292 464
497 289
491 359
109 450
162 363
571 356
191 482
402 138
273 226
49 76
61 144
496 203
557 55
197 151
429 211
122 335
374 111
191 308
550 193
321 349
490 210
594 443
129 378
438 254
412 468
160 111
392 486
360 291
485 197
227 102
104 236
20 204
269 465
575 238
277 238
306 125
168 465
5 419
512 95
518 143
517 182
452 498
261 340
85 234
408 258
35 365
496 16
225 462
307 486
439 137
180 270
116 187
523 399
302 480
535 198
193 285
80 95
287 94
2 307
421 355
64 309
593 350
586 114
409 1
