660 676
1 3 5
2 4 1
3 4 5
4 5 5
5 6 5
6 7 4
7 8 4
8 9 3
9 10 4
10 11 4
11 12 4
12 13 3
13 14 1
14 15 2
15 16 3
16 17 5
17 18 2
18 19 5
19 20 4
20 21 3
21 22 2
22 23 1
23 24 4
24 25 1
25 26 2
26 27 4
27 28 1
28 29 1
29 30 4
30 31 5
31 32 2
32 33 3
33 34 4
34 35 2
35 36 5
36 37 3
37 38 2
3 38 4
24 43 40
39 41 2
40 41 2
41 42 3
42 43 5
43 44 1
44 45 2
45 46 4
46 47 4
47 48 4
48 49 1
49 50 2
50 51 3
51 52 3
52 53 3
53 54 1
54 55 1
55 56 3
56 57 4
57 58 3
58 59 1
59 60 3
41 60 4
51 81 42
61 63 3
62 81 2
63 64 5
64 65 2
65 66 2
66 67 2
67 68 4
68 69 3
69 70 5
70 71 3
71 72 4
72 73 4
73 74 2
74 75 3
75 76 1
76 77 1
77 78 4
78 79 4
79 80 2
80 81 3
81 82 1
82 83 2
83 84 5
84 85 4
85 86 5
86 87 5
87 88 4
88 89 5
89 90 5
90 91 5
91 92 5
92 93 5
63 93 2
72 126 39
94 96 5
95 96 5
96 97 5
97 98 2
98 99 4
99 100 1
100 101 3
101 102 5
102 103 2
103 104 3
104 105 3
105 106 5
106 107 2
107 108 2
108 109 1
109 110 3
110 111 3
111 112 3
112 113 2
113 114 1
114 115 4
115 116 2
116 117 3
117 118 4
118 119 1
119 120 3
120 121 4
121 122 5
122 123 4
123 124 1
124 125 4
125 126 1
126 127 1
127 128 3
128 129 2
129 130 4
130 131 5
131 132 4
96 132 5
92 141 84
133 135 2
134 151 2
135 136 2
136 137 1
137 138 5
138 139 1
139 140 3
140 141 4
141 142 4
142 143 3
143 144 2
144 145 1
145 146 3
146 147 4
147 148 4
148 149 5
149 150 3
150 151 4
151 152 5
152 153 5
153 154 3
154 155 4
155 156 3
156 157 2
157 158 3
135 158 1
41 164 94
159 161 5
160 161 4
161 162 4
162 163 1
163 164 5
164 165 2
165 166 3
166 167 2
167 168 2
168 169 2
169 170 1
170 171 3
171 172 1
172 173 3
173 174 2
174 175 4
175 176 4
176 177 2
177 178 3
178 179 2
179 180 4
180 181 1
181 182 4
182 183 4
183 184 5
184 185 5
185 186 5
186 187 1
187 188 1
188 189 2
189 190 1
190 191 4
191 192 2
192 193 1
193 194 1
194 195 2
195 196 3
196 197 3
161 197 5
50 205 33
198 200 2
199 200 3
200 201 4
201 202 4
202 203 2
203 204 4
204 205 5
205 206 5
206 207 4
207 208 1
208 209 2
209 210 3
210 211 3
211 212 1
212 213 4
213 214 2
214 215 5
215 216 4
216 217 2
217 218 2
218 219 5
219 220 2
220 221 1
221 222 2
222 223 4
223 224 1
224 225 5
225 226 4
226 227 4
227 228 5
228 229 5
229 230 2
200 230 3
67 252 57
231 233 4
232 243 1
233 234 2
234 235 4
235 236 4
236 237 5
237 238 4
238 239 2
239 240 5
240 241 1
241 242 5
242 243 2
243 244 1
244 245 5
245 246 1
246 247 3
247 248 4
248 249 3
249 250 5
250 251 2
251 252 5
252 253 3
233 253 4
161 254 25
254 256 1
255 257 5
256 257 3
257 258 4
258 259 3
259 260 4
260 261 2
261 262 4
262 263 3
263 264 3
264 265 5
265 266 2
266 267 5
267 268 3
268 269 1
269 270 2
270 271 2
271 272 1
272 273 2
273 274 4
274 275 2
275 276 1
276 277 1
277 278 1
278 279 1
279 280 5
280 281 4
281 282 5
256 282 5
163 303 43
283 284 4
283 285 3
283 286 2
283 287 4
284 288 4
284 289 1
284 290 3
284 291 3
285 292 2
285 293 3
285 294 2
285 295 5
286 296 2
286 297 3
286 298 2
286 299 5
287 300 1
287 301 4
287 302 2
287 303 5
288 304 1
288 305 1
288 306 4
288 307 1
289 308 5
289 309 5
289 310 5
139 333 78
311 313 4
312 345 2
313 314 5
314 315 2
315 316 3
316 317 4
317 318 1
318 319 2
319 320 1
320 321 4
321 322 3
322 323 4
323 324 5
324 325 3
325 326 4
326 327 4
327 328 4
328 329 3
329 330 4
330 331 5
331 332 2
332 333 5
333 334 4
334 335 2
335 336 3
336 337 2
337 338 5
338 339 1
339 340 2
340 341 3
341 342 1
342 343 4
343 344 4
344 345 5
345 346 3
313 346 4
39 363 44
347 349 3
348 364 5
349 350 1
350 351 1
351 352 4
352 353 2
353 354 2
354 355 3
355 356 2
356 357 3
357 358 1
358 359 1
359 360 2
360 361 2
361 362 1
362 363 2
363 364 5
364 365 4
365 366 1
366 367 4
367 368 5
368 369 2
369 370 5
370 371 5
349 371 5
58 382 64
372 373 2
372 374 4
372 375 2
372 376 3
373 377 1
373 378 2
373 379 3
373 380 1
374 381 5
374 382 3
374 383 5
374 384 2
375 385 3
375 386 5
375 387 1
375 388 1
376 389 2
376 390 1
376 391 2
376 392 2
377 393 5
377 394 2
377 395 3
377 396 1
378 397 5
378 398 1
378 399 2
378 400 3
379 401 5
379 402 4
379 403 3
379 404 2
380 405 4
380 406 5
380 407 1
380 408 2
318 422 36
409 411 2
410 444 4
411 412 3
412 413 1
413 414 4
414 415 3
415 416 4
416 417 3
417 418 4
418 419 3
419 420 2
420 421 3
421 422 3
422 423 2
423 424 1
424 425 2
425 426 5
426 427 4
427 428 2
428 429 2
429 430 2
430 431 3
431 432 2
432 433 3
433 434 5
434 435 3
435 436 4
436 437 4
437 438 1
438 439 3
439 440 5
440 441 3
441 442 2
442 443 2
443 444 2
411 444 4
249 458 17
445 446 4
445 447 1
445 448 4
445 449 3
445 450 2
445 451 2
445 452 1
445 453 3
445 454 5
445 455 2
445 456 2
445 457 5
445 458 2
445 459 4
445 460 3
445 461 2
446 462 2
446 463 1
446 464 1
446 465 5
446 466 2
446 467 5
446 468 4
446 469 2
446 470 5
446 471 2
446 472 4
446 473 3
446 474 3
446 475 3
446 476 1
164 502 56
477 479 1
478 505 5
479 480 4
480 481 4
481 482 4
482 483 2
483 484 1
484 485 2
485 486 5
486 487 3
487 488 3
488 489 2
489 490 3
490 491 1
491 492 5
492 493 2
493 494 3
494 495 1
495 496 3
496 497 5
497 498 5
498 499 5
499 500 5
500 501 3
501 502 4
502 503 5
503 504 4
504 505 5
505 506 3
506 507 5
507 508 5
508 509 3
509 510 2
510 511 3
511 512 2
512 513 4
513 514 3
479 514 4
98 535 37
515 517 5
516 517 4
517 518 3
518 519 2
519 520 5
520 521 1
521 522 3
522 523 2
523 524 3
524 525 2
525 526 2
526 527 2
527 528 5
528 529 4
529 530 3
530 531 2
531 532 4
532 533 1
533 534 4
534 535 1
535 536 5
517 536 3
131 552 51
537 538 2
537 539 2
537 540 5
537 541 1
537 542 1
537 543 4
537 544 5
537 545 5
537 546 2
537 547 2
537 548 1
537 549 4
537 550 5
537 551 2
537 552 2
537 553 4
538 554 5
538 555 1
538 556 5
538 557 1
538 558 1
538 559 3
538 560 1
100 571 77
561 563 3
562 563 1
563 564 1
564 565 3
565 566 1
566 567 1
567 568 4
568 569 2
569 570 3
570 571 3
571 572 4
572 573 2
573 574 5
574 575 5
575 576 4
576 577 1
577 578 2
578 579 3
579 580 2
580 581 1
581 582 5
582 583 3
583 584 1
563 584 3
195 614 66
585 587 1
586 587 4
587 588 3
588 589 4
589 590 2
590 591 2
591 592 1
592 593 5
593 594 3
594 595 3
595 596 4
596 597 5
597 598 3
598 599 4
599 600 3
600 601 1
601 602 5
602 603 2
603 604 3
604 605 1
605 606 1
606 607 1
607 608 2
608 609 1
609 610 4
610 611 4
611 612 5
612 613 5
613 614 5
614 615 3
615 616 4
616 617 1
617 618 3
618 619 2
619 620 4
587 620 2
545 625 27
621 623 1
622 623 2
623 624 5
624 625 2
625 626 5
626 627 2
627 628 2
628 629 1
629 630 5
630 631 2
631 632 4
632 633 3
633 634 3
634 635 5
635 636 2
636 637 2
637 638 2
638 639 5
639 640 2
640 641 2
641 642 1
642 643 1
643 644 4
644 645 2
645 646 2
646 647 3
647 648 3
648 649 3
649 650 4
650 651 5
651 652 1
652 653 2
653 654 3
654 655 5
655 656 2
656 657 1
657 658 2
658 659 1
659 660 5
623 660 2
98
376 297
74 368
616 145
238 30
367 63
580 233
3 163
365 467
391 244
531 181
576 196
486 249
135 397
267 445
471 226
497 476
71 22
374 157
181 357
103 305
618 290
475 266
403 202
207 434
138 131
425 24
345 343
646 201
3 266
602 86
503 446
467 60
278 336
282 75
96 46
610 108
320 183
440 490
277 101
318 444
452 386
26 142
179 311
593 291
438 319
375 227
513 221
120 220
220 109
444 217
241 136
51 378
540 280
351 263
456 266
262 193
315 141
545 392
74 163
501 228
53 370
468 298
448 301
68 472
535 44
399 124
490 133
528 433
315 251
257 326
159 228
434 376
193 244
637 247
37 241
25 251
171 400
598 484
231 164
302 105
50 179
524 468
261 299
182 404
164 441
443 63
24 106
311 337
475 194
113 431
330 163
159 497
346 446
272 333
18 373
527 422
563 206
129 448
