660 675
1 3 5
2 31 1
3 4 3
4 5 3
5 6 4
6 7 3
7 8 5
8 9 3
9 10 3
10 11 1
11 12 3
12 13 4
13 14 4
14 15 3
15 16 1
16 17 1
17 18 4
18 19 1
19 20 1
20 21 2
21 22 4
22 23 4
23 24 5
24 25 4
25 26 1
26 27 4
27 28 5
28 29 2
29 30 1
30 31 4
31 32 2
32 33 1
33 34 2
34 35 5
3 35 5
11 39 100
36 38 5
37 38 2
38 39 1
39 40 4
40 41 1
41 42 3
42 43 4
43 44 5
44 45 3
45 46 1
46 47 2
47 48 3
48 49 3
49 50 3
50 51 5
51 52 1
52 53 5
53 54 3
54 55 1
55 56 3
56 57 4
57 58 4
58 59 4
59 60 5
60 61 2
61 62 5
62 63 2
63 64 3
64 65 4
65 66 1
66 67 5
67 68 1
38 68 5
23 73 28
69 70 1
69 71 1
69 72 2
69 73 4
69 74 2
69 75 2
69 76 3
69 77 5
70 78 2
70 79 5
70 80 3
70 81 3
70 82 1
70 83 3
70 84 3
70 85 5
71 86 1
71 87 5
71 88 3
38 105 91
89 91 4
90 109 5
91 92 5
92 93 2
93 94 4
94 95 4
95 96 4
96 97 4
97 98 4
98 99 5
99 100 5
100 101 3
101 102 1
102 103 2
103 104 3
104 105 3
105 106 2
106 107 3
107 108 5
108 109 2
109 110 4
110 111 2
111 112 1
112 113 3
113 114 2
91 114 1
36 131 40
115 116 3
115 117 4
115 118 3
115 119 5
115 120 3
115 121 1
115 122 1
115 123 3
115 124 3
115 125 2
115 126 5
115 127 5
115 128 1
115 129 4
115 130 3
116 131 4
116 132 1
116 133 1
116 134 4
116 135 5
116 136 1
116 137 5
116 138 5
116 139 4
116 140 2
116 141 1
116 142 4
116 143 1
116 144 5
116 145 2
117 146 2
117 147 5
117 148 5
117 149 3
117 150 2
117 151 1
117 152 1
117 153 1
58 166 54
154 156 1
155 156 4
156 157 3
157 158 1
158 159 5
159 160 4
160 161 2
161 162 3
162 163 3
163 164 2
164 165 4
165 166 5
166 167 4
167 168 3
168 169 3
169 170 2
170 171 1
171 172 1
172 173 3
173 174 3
174 175 1
156 175 3
15 196 19
176 177 4
176 178 3
176 179 2
176 180 4
176 181 5
176 182 2
176 183 1
176 184 4
177 185 5
177 186 5
177 187 3
177 188 2
177 189 1
177 190 5
177 191 2
177 192 2
178 193 4
178 194 1
178 195 4
178 196 4
178 197 5
178 198 3
178 199 4
178 200 4
179 201 4
179 202 4
127 230 25
203 205 1
204 205 4
205 206 4
206 207 5
207 208 3
208 209 2
209 210 2
210 211 5
211 212 4
212 213 2
213 214 1
214 215 3
215 216 4
216 217 1
217 218 2
218 219 5
219 220 2
220 221 2
221 222 2
222 223 2
223 224 4
224 225 2
225 226 5
226 227 2
227 228 5
228 229 4
229 230 4
230 231 2
231 232 4
232 233 1
233 234 1
234 235 3
235 236 1
236 237 4
205 237 4
105 257 50
238 239 2
238 240 3
238 241 5
238 242 2
239 243 2
239 244 5
239 245 5
239 246 3
240 247 2
240 248 2
240 249 5
240 250 1
241 251 1
241 252 5
241 253 3
241 254 1
242 255 5
242 256 2
242 257 3
242 258 4
243 259 3
243 260 3
243 261 1
243 262 4
244 263 1
244 264 1
244 265 3
244 266 3
245 267 5
245 268 2
245 269 3
245 270 2
21 279 54
271 273 1
272 289 2
273 274 2
274 275 3
275 276 3
276 277 4
277 278 5
278 279 5
279 280 1
280 281 1
281 282 4
282 283 4
283 284 3
284 285 2
285 286 5
286 287 2
287 288 3
288 289 1
289 290 5
290 291 4
291 292 5
292 293 3
293 294 1
294 295 1
295 296 1
296 297 3
297 298 1
298 299 2
299 300 3
300 301 3
301 302 2
302 303 2
303 304 5
304 305 4
273 305 1
74 310 44
306 308 4
307 327 3
308 309 5
309 310 5
310 311 2
311 312 2
312 313 2
313 314 1
314 315 2
315 316 5
316 317 5
317 318 3
318 319 3
319 320 4
320 321 4
321 322 5
322 323 1
323 324 4
324 325 2
325 326 2
326 327 3
327 328 2
328 329 2
329 330 2
330 331 4
331 332 3
332 333 5
333 334 5
308 334 1
43 365 100
335 337 4
336 337 4
337 338 3
338 339 4
339 340 5
340 341 4
341 342 5
342 343 1
343 344 4
344 345 2
345 346 5
346 347 5
347 348 4
348 349 4
349 350 2
350 351 5
351 352 3
352 353 5
353 354 1
354 355 2
355 356 5
356 357 3
357 358 2
358 359 1
359 360 4
360 361 4
361 362 1
362 363 4
363 364 2
364 365 5
365 366 5
366 367 5
337 367 3
246 383 17
368 370 1
369 370 4
370 371 3
371 372 3
372 373 3
373 374 4
374 375 2
375 376 2
376 377 5
377 378 3
378 379 4
379 380 3
380 381 4
381 382 3
382 383 1
383 384 2
384 385 5
385 386 1
386 387 5
387 388 2
388 389 4
389 390 3
390 391 4
391 392 4
370 392 2
64 411 16
393 395 5
394 395 2
395 396 4
396 397 4
397 398 5
398 399 1
399 400 3
400 401 3
401 402 4
402 403 3
403 404 5
404 405 1
405 406 4
406 407 3
407 408 4
408 409 5
409 410 2
410 411 3
411 412 4
412 413 4
413 414 5
414 415 5
415 416 4
416 417 3
417 418 4
418 419 1
419 420 2
420 421 3
395 421 1
266 440 85
422 423 3
422 424 3
422 425 4
422 426 3
422 427 5
422 428 3
422 429 2
423 430 1
423 431 2
423 432 3
423 433 5
423 434 3
423 435 1
423 436 5
424 437 4
424 438 2
424 439 2
424 440 3
424 441 5
424 442 3
424 443 4
425 444 5
425 445 2
425 446 5
425 447 2
425 448 1
425 449 4
425 450 4
426 451 3
426 452 2
426 453 2
426 454 3
426 455 4
426 456 5
426 457 3
427 458 2
427 459 3
427 460 5
427 461 4
106 471 75
462 464 4
463 464 1
464 465 1
465 466 1
466 467 3
467 468 2
468 469 1
469 470 4
470 471 1
471 472 5
472 473 5
473 474 1
474 475 1
475 476 2
476 477 5
477 478 5
478 479 4
479 480 5
480 481 2
481 482 5
482 483 2
483 484 4
484 485 2
485 486 5
486 487 4
487 488 5
488 489 4
489 490 2
490 491 1
491 492 3
464 492 2
278 501 60
493 495 3
494 511 5
495 496 1
496 497 4
497 498 3
498 499 3
499 500 1
500 501 3
501 502 2
502 503 5
503 504 1
504 505 3
505 506 2
506 507 1
507 508 5
508 509 1
509 510 4
510 511 2
511 512 4
512 513 4
513 514 4
495 514 3
98 542 35
515 517 5
516 542 2
517 518 1
518 519 1
519 520 5
520 521 4
521 522 3
522 523 2
523 524 3
524 525 2
525 526 2
526 527 3
527 528 1
528 529 4
529 530 2
530 531 3
531 532 5
532 533 5
533 534 2
534 535 5
535 536 5
536 537 5
537 538 2
538 539 4
539 540 4
540 541 2
541 542 2
542 543 1
543 544 1
544 545 3
545 546 4
546 547 1
547 548 1
548 549 4
549 550 1
550 551 4
551 552 4
552 553 4
553 554 5
517 554 3
349 559 83
555 557 1
556 565 2
557 558 3
558 559 2
559 560 4
560 561 1
561 562 5
562 563 3
563 564 5
564 565 1
565 566 2
566 567 1
567 568 3
568 569 3
569 570 2
570 571 2
571 572 1
572 573 1
573 574 4
574 575 5
575 576 4
576 577 3
577 578 4
578 579 2
579 580 3
580 581 5
581 582 3
582 583 5
583 584 1
584 585 3
585 586 2
586 587 3
587 588 5
588 589 2
589 590 2
590 591 2
591 592 1
592 593 4
557 593 5
171 599 6
594 596 3
595 619 3
596 597 2
597 598 1
598 599 1
599 600 1
600 601 1
601 602 1
602 603 4
603 604 4
604 605 4
605 606 5
606 607 1
607 608 2
608 609 4
609 610 2
610 611 1
611 612 5
612 613 1
613 614 2
614 615 2
615 616 4
616 617 3
617 618 5
618 619 5
619 620 5
620 621 2
621 622 1
622 623 4
623 624 5
624 625 1
625 626 5
626 627 2
627 628 4
628 629 1
629 630 3
630 631 1
596 631 3
407 634 10
632 634 5
633 634 5
634 635 5
635 636 4
636 637 3
637 638 1
638 639 3
639 640 4
640 641 5
641 642 5
642 643 5
643 644 5
644 645 3
645 646 3
646 647 2
647 648 2
648 649 5
649 650 4
650 651 2
651 652 5
652 653 3
653 654 5
654 655 3
655 656 3
656 657 3
657 658 3
658 659 1
659 660 2
634 660 3
82
182 448
333 364
363 389
45 90
244 445
370 326
504 22
177 148
380 311
530 55
145 374
356 395
116 432
149 138
91 458
621 36
108 166
295 217
274 383
602 403
91 331
560 403
86 269
475 222
566 425
559 379
254 158
202 293
647 394
428 110
458 272
246 233
224 94
352 264
511 275
501 248
186 258
131 429
367 491
407 49
660 309
496 130
308 8
623 285
576 365
319 91
378 58
43 285
241 288
362 134
171 118
487 298
409 361
71 382
78 301
558 336
128 63
4 354
321 160
566 56
301 488
285 157
133 320
339 97
411 291
659 94
298 381
46 381
519 177
311 52
541 135
309 419
584 117
413 187
366 141
530 382
99 472
601 85
481 307
140 424
456 470
45 371
