598 608
1 3 57
2 16 63
3 4 34
4 5 39
5 6 73
6 7 75
7 8 17
8 9 37
9 10 27
10 11 78
11 12 29
12 13 75
13 14 28
14 15 78
15 16 68
16 17 5
17 18 5
18 19 87
19 20 69
20 21 2
21 22 100
22 23 36
23 24 22
24 25 96
25 26 10
26 27 93
27 28 85
28 29 1
29 30 65
30 31 23
3 31 22
5 41 59
32 33 38
32 34 22
32 35 99
32 36 6
32 37 72
32 38 55
32 39 12
32 40 88
32 41 79
32 42 27
32 43 44
33 44 75
33 45 72
33 46 40
33 47 7
33 48 8
33 49 72
33 50 84
33 51 28
33 52 57
33 53 6
33 54 60
34 55 30
36 74 99
56 57 33
56 58 100
56 59 84
56 60 6
57 61 78
57 62 79
57 63 19
57 64 70
58 65 79
58 66 89
58 67 22
58 68 91
59 69 68
59 70 94
59 71 70
59 72 21
60 73 78
60 74 46
60 75 12
60 76 83
61 77 95
61 78 98
61 79 60
61 80 72
62 81 22
62 82 78
62 83 69
62 84 8
63 85 23
63 86 64
63 87 85
68 91 18
88 89 59
88 90 34
88 91 5
88 92 28
88 93 91
88 94 14
88 95 27
88 96 66
88 97 88
88 98 76
89 99 9
89 100 64
89 101 88
89 102 39
89 103 18
89 104 24
89 105 33
89 106 24
89 107 54
89 108 95
90 109 5
90 110 37
90 111 43
90 112 14
73 113 60
113 114 74
113 115 57
113 116 38
113 117 8
113 118 3
113 119 49
113 120 60
113 121 96
113 122 76
113 123 62
113 124 3
113 125 95
114 126 25
114 127 23
114 128 45
114 129 1
114 130 80
114 131 65
114 132 55
63 137 99
133 134 26
133 135 16
133 136 7
133 137 29
133 138 63
133 139 83
133 140 85
133 141 20
133 142 11
133 143 20
133 144 52
133 145 100
133 146 67
133 147 13
133 148 82
134 149 68
134 150 72
134 151 79
134 152 47
134 153 86
134 154 82
134 155 78
134 156 61
134 157 71
134 158 40
134 159 50
134 160 88
22 167 16
161 163 40
162 164 3
163 164 18
164 165 80
165 166 74
166 167 14
167 168 84
168 169 35
169 170 49
170 171 44
171 172 93
172 173 92
173 174 97
174 175 52
175 176 94
176 177 19
177 178 81
178 179 7
179 180 71
180 181 45
181 182 11
182 183 13
183 184 33
184 185 33
185 186 99
186 187 93
163 187 38
148 202 82
188 189 66
188 190 100
188 191 8
188 192 25
188 193 13
188 194 66
188 195 7
189 196 77
189 197 18
189 198 1
189 199 13
189 200 83
189 201 23
189 202 90
190 203 40
190 204 54
190 205 26
190 206 12
190 207 39
190 208 24
190 209 72
191 210 15
191 211 10
191 212 12
191 213 47
191 214 28
191 215 37
60 222 48
216 218 29
217 225 45
218 219 38
219 220 10
220 221 19
221 222 25
222 223 31
223 224 21
224 225 71
225 226 57
226 227 33
227 228 12
228 229 18
229 230 15
230 231 49
231 232 6
232 233 33
233 234 77
234 235 51
235 236 77
236 237 38
237 238 57
238 239 30
239 240 79
240 241 85
241 242 50
242 243 60
243 244 82
218 244 60
62 256 37
245 246 23
245 247 21
245 248 67
245 249 53
245 250 59
245 251 16
245 252 2
245 253 50
245 254 36
245 255 92
245 256 96
245 257 42
245 258 85
245 259 38
245 260 23
245 261 52
245 262 84
245 263 71
246 264 40
210 282 1
265 267 10
266 267 86
267 268 71
268 269 68
269 270 3
270 271 70
271 272 55
272 273 96
273 274 67
274 275 76
275 276 7
276 277 51
277 278 75
278 279 79
279 280 91
280 281 60
281 282 31
282 283 73
283 284 76
284 285 77
285 286 99
286 287 75
287 288 52
288 289 89
289 290 6
290 291 55
267 291 60
46 304 18
292 293 71
292 294 68
292 295 98
292 296 51
292 297 20
292 298 90
292 299 32
292 300 38
292 301 7
292 302 2
293 303 70
293 304 65
293 305 91
293 306 54
293 307 64
293 308 56
293 309 74
293 310 29
293 311 73
293 312 8
294 313 33
294 314 100
294 315 64
294 316 90
294 317 17
294 318 2
294 319 76
294 320 69
294 321 18
294 322 65
295 323 75
295 324 57
295 325 31
295 326 12
317 350 32
327 329 43
328 329 74
329 330 37
330 331 93
331 332 38
332 333 90
333 334 68
334 335 72
335 336 30
336 337 23
337 338 1
338 339 80
339 340 47
340 341 60
341 342 42
342 343 55
343 344 62
344 345 21
345 346 56
346 347 98
347 348 8
348 349 10
349 350 78
329 350 37
172 374 83
351 353 33
352 375 85
353 354 2
354 355 11
355 356 24
356 357 48
357 358 100
358 359 15
359 360 39
360 361 100
361 362 11
362 363 17
363 364 31
364 365 19
365 366 31
366 367 1
367 368 100
368 369 73
369 370 43
370 371 7
371 372 40
372 373 64
373 374 18
374 375 18
375 376 82
353 376 42
1 390 65
377 379 80
378 390 68
379 380 84
380 381 67
381 382 74
382 383 58
383 384 57
384 385 10
385 386 78
386 387 89
387 388 57
388 389 100
389 390 43
390 391 36
391 392 8
392 393 74
393 394 81
394 395 69
395 396 31
396 397 1
397 398 23
398 399 31
399 400 2
400 401 16
401 402 19
402 403 85
403 404 92
404 405 88
405 406 39
406 407 51
407 408 91
408 409 57
409 410 21
410 411 53
411 412 45
412 413 68
379 413 68
173 430 1
414 416 93
415 420 85
416 417 37
417 418 5
418 419 88
419 420 74
420 421 77
421 422 47
422 423 88
423 424 9
424 425 99
425 426 51
426 427 82
427 428 19
428 429 48
429 430 43
430 431 38
431 432 89
432 433 91
433 434 8
434 435 67
435 436 4
416 436 6
384 469 77
437 439 21
438 443 72
439 440 52
440 441 55
441 442 73
442 443 46
443 444 83
444 445 4
445 446 40
446 447 12
447 448 99
448 449 3
449 450 43
450 451 83
451 452 68
452 453 39
453 454 62
454 455 54
455 456 54
456 457 96
457 458 78
458 459 42
459 460 85
460 461 29
461 462 48
462 463 20
463 464 23
464 465 63
465 466 83
466 467 45
467 468 31
468 469 52
469 470 72
470 471 82
471 472 77
472 473 37
473 474 53
474 475 56
475 476 53
439 476 36
443 484 1
477 479 90
478 501 54
479 480 23
480 481 76
481 482 85
482 483 26
483 484 22
484 485 55
485 486 27
486 487 83
487 488 45
488 489 12
489 490 31
490 491 59
491 492 58
492 493 29
493 494 45
494 495 23
495 496 62
496 497 98
497 498 34
498 499 72
499 500 86
500 501 69
501 502 11
502 503 28
503 504 48
504 505 11
505 506 75
506 507 13
507 508 23
508 509 7
509 510 42
510 511 50
479 511 84
449 540 28
512 514 93
513 514 35
514 515 71
515 516 30
516 517 31
517 518 93
518 519 38
519 520 27
520 521 70
521 522 26
522 523 100
523 524 84
524 525 13
525 526 70
526 527 85
527 528 24
528 529 48
529 530 47
530 531 38
531 532 75
532 533 31
533 534 82
534 535 22
535 536 47
536 537 13
537 538 24
538 539 54
539 540 29
540 541 81
514 541 48
127 562 12
542 543 30
542 544 41
542 545 24
542 546 67
542 547 89
543 548 90
543 549 36
543 550 61
543 551 69
543 552 45
544 553 21
544 554 23
544 555 91
544 556 87
544 557 20
545 558 37
545 559 5
545 560 25
545 561 96
545 562 56
546 563 88
546 564 43
546 565 18
546 566 61
546 567 58
547 568 89
547 569 16
547 570 84
547 571 95
547 572 14
548 573 52
217 587 13
574 575 28
574 576 22
574 577 46
574 578 38
574 579 7
574 580 48
574 581 67
574 582 68
574 583 49
574 584 69
574 585 11
574 586 88
575 587 49
575 588 69
575 589 19
575 590 77
575 591 50
575 592 66
575 593 67
575 594 71
575 595 95
575 596 99
575 597 81
575 598 68
95
293 857
297 387
486 30
439 35
429 726
374 662
443 438
504 198
206 170
144 35
421 983
177 20
140 734
126 61
575 555
299 753
373 217
43 185
482 463
150 556
271 460
250 538
102 418
317 496
88 790
497 132
330 958
502 60
4 97
381 326
404 415
46 681
11 676
247 614
464 895
158 815
71 469
140 741
311 601
302 659
120 368
318 407
170 284
432 397
185 969
296 749
49 94
457 718
85 293
364 381
157 956
94 593
209 348
479 603
204 989
237 420
28 867
227 541
217 177
370 117
110 161
499 865
330 558
148 677
445 163
58 212
472 649
343 637
264 988
549 962
501 110
433 466
230 760
22 351
11 885
598 997
149 571
259 961
186 636
82 251
484 935
496 774
444 944
158 866
213 520
482 944
33 815
562 580
26 872
384 881
250 578
550 645
393 128
385 397
269 908
