4920 4990
1 3 14
2 18 25
3 4 18
4 5 78
5 6 56
6 7 100
7 8 11
8 9 17
9 10 44
10 11 66
11 12 53
12 13 67
13 14 74
14 15 13
15 16 14
16 17 82
17 18 2
18 19 32
19 20 42
20 21 98
21 22 92
22 23 60
23 24 18
24 25 1
25 26 69
26 27 30
27 28 71
28 29 34
29 30 89
30 31 38
31 32 8
3 32 22
29 55 55
33 35 38
34 39 91
35 36 62
36 37 37
37 38 36
38 39 93
39 40 67
40 41 52
41 42 26
42 43 82
43 44 44
44 45 72
45 46 5
46 47 80
47 48 98
48 49 93
49 50 34
50 51 34
51 52 42
52 53 31
53 54 32
54 55 4
55 56 1
56 57 48
57 58 89
58 59 96
59 60 53
60 61 67
61 62 99
62 63 49
35 63 44
3 73 79
64 65 26
64 66 50
64 67 32
65 68 78
65 69 42
65 70 63
66 71 38
66 72 21
66 73 29
67 74 1
67 75 97
67 76 57
68 77 67
68 78 63
68 79 23
69 80 25
69 81 42
69 82 100
70 83 51
70 84 54
70 85 95
71 86 19
71 87 90
71 88 65
72 89 15
72 90 7
72 91 84
73 92 95
73 93 64
73 94 8
74 95 11
74 96 94
74 97 29
75 98 64
75 99 2
75 100 33
76 101 6
76 102 4
76 103 45
77 104 31
77 105 18
77 106 14
78 107 17
78 108 65
78 109 38
79 110 97
79 111 64
79 112 43
80 113 44
80 114 96
65 145 79
115 116 62
115 117 62
115 118 74
115 119 89
115 120 2
115 121 76
115 122 83
115 123 16
115 124 4
115 125 13
115 126 61
115 127 3
115 128 69
115 129 100
115 130 98
115 131 85
115 132 40
115 133 79
115 134 15
115 135 26
115 136 60
115 137 28
115 138 92
115 139 39
115 140 7
115 141 92
115 142 63
115 143 48
115 144 28
115 145 88
115 146 57
115 147 14
115 148 99
115 149 27
115 150 27
115 151 38
115 152 85
115 153 47
115 154 4
115 155 5
116 156 35
116 157 22
116 158 47
116 159 75
116 160 10
116 161 72
116 162 83
116 163 26
116 164 87
116 165 98
116 166 15
116 167 6
116 168 13
116 169 71
116 170 62
116 171 1
116 172 60
116 173 30
116 174 4
116 175 81
116 176 26
116 177 63
116 178 91
116 179 2
116 180 78
116 181 5
116 182 94
103 213 41
183 184 85
183 185 2
183 186 41
183 187 18
183 188 39
183 189 22
183 190 34
183 191 95
183 192 99
183 193 64
183 194 35
183 195 38
183 196 44
183 197 76
183 198 78
183 199 57
183 200 61
183 201 48
183 202 8
183 203 42
183 204 61
183 205 59
183 206 3
183 207 60
183 208 81
183 209 89
183 210 11
183 211 46
183 212 77
183 213 42
183 214 82
183 215 6
183 216 84
183 217 29
183 218 43
183 219 96
184 220 68
184 221 34
184 222 95
118 244 32
223 225 78
224 237 63
225 226 60
226 227 100
227 228 86
228 229 24
229 230 46
230 231 30
231 232 81
232 233 15
233 234 49
234 235 86
235 236 94
236 237 60
237 238 12
238 239 12
239 240 85
240 241 10
241 242 34
242 243 94
243 244 39
244 245 42
245 246 95
246 247 10
247 248 93
225 248 66
181 258 10
249 251 13
250 251 35
251 252 49
252 253 47
253 254 18
254 255 87
255 256 60
256 257 20
257 258 33
258 259 7
259 260 63
260 261 44
261 262 11
262 263 40
263 264 72
264 265 92
265 266 57
266 267 15
267 268 17
268 269 91
269 270 25
270 271 52
271 272 20
272 273 13
273 274 27
274 275 30
275 276 12
276 277 54
277 278 14
278 279 42
279 280 22
280 281 1
251 281 43
100 289 16
282 284 40
283 317 78
284 285 63
285 286 85
286 287 38
287 288 100
288 289 99
289 290 22
290 291 10
291 292 72
292 293 80
293 294 14
294 295 82
295 296 87
296 297 43
297 298 92
298 299 93
299 300 66
300 301 39
301 302 92
302 303 74
303 304 30
304 305 42
305 306 99
306 307 93
307 308 53
308 309 36
309 310 36
310 311 85
311 312 47
312 313 75
313 314 86
314 315 67
315 316 21
316 317 53
317 318 36
318 319 7
319 320 97
284 320 76
136 333 84
321 323 96
322 354 81
323 324 50
324 325 34
325 326 95
326 327 49
327 328 75
328 329 57
329 330 38
330 331 55
331 332 6
332 333 41
333 334 89
334 335 81
335 336 44
336 337 67
337 338 97
338 339 68
339 340 96
340 341 84
341 342 84
342 343 88
343 344 64
344 345 93
345 346 77
346 347 64
347 348 44
348 349 76
349 350 2
350 351 16
351 352 83
352 353 68
353 354 87
354 355 44
355 356 100
356 357 55
357 358 64
358 359 92
359 360 52
360 361 93
361 362 43
362 363 54
363 364 57
364 365 29
365 366 24
366 367 43
367 368 25
368 369 54
369 370 70
370 371 6
371 372 9
372 373 97
373 374 23
374 375 62
375 376 48
376 377 86
377 378 80
378 379 77
379 380 47
380 381 67
381 382 61
382 383 47
383 384 76
384 385 14
385 386 46
386 387 46
387 388 57
388 389 39
389 390 3
390 391 31
391 392 4
392 393 62
393 394 25
394 395 24
395 396 76
396 397 66
323 397 94
337 420 25
398 400 81
399 421 72
400 401 34
401 402 18
402 403 7
403 404 100
404 405 12
405 406 7
406 407 86
407 408 62
408 409 35
409 410 54
410 411 80
411 412 90
412 413 73
413 414 54
414 415 32
415 416 83
416 417 100
417 418 75
418 419 45
419 420 98
420 421 13
421 422 39
422 423 74
423 424 21
424 425 48
425 426 86
400 426 28
259 459 70
427 429 42
428 429 71
429 430 19
430 431 47
431 432 46
432 433 100
433 434 27
434 435 96
435 436 14
436 437 15
437 438 37
438 439 74
439 440 18
440 441 59
441 442 59
442 443 53
443 444 6
444 445 71
445 446 6
446 447 100
447 448 11
448 449 78
449 450 52
450 451 37
451 452 47
452 453 41
453 454 90
454 455 13
455 456 16
456 457 31
457 458 56
458 459 63
459 460 43
460 461 57
461 462 100
462 463 100
463 464 59
464 465 80
465 466 46
466 467 44
467 468 48
468 469 100
469 470 90
470 471 10
471 472 74
472 473 21
429 473 55
93 528 53
474 476 86
475 476 32
476 477 59
477 478 7
478 479 57
479 480 94
480 481 32
481 482 56
482 483 84
483 484 76
484 485 44
485 486 14
486 487 34
487 488 48
488 489 38
489 490 25
490 491 56
491 492 91
492 493 16
493 494 34
494 495 2
495 496 78
496 497 38
497 498 65
498 499 47
499 500 14
500 501 39
501 502 50
502 503 26
503 504 74
504 505 23
505 506 79
506 507 44
507 508 48
508 509 26
509 510 22
510 511 94
511 512 15
512 513 11
513 514 80
514 515 75
515 516 37
516 517 73
517 518 34
518 519 7
519 520 36
520 521 47
521 522 43
522 523 83
523 524 79
524 525 96
525 526 69
526 527 57
527 528 79
528 529 52
529 530 89
530 531 39
531 532 82
532 533 70
533 534 49
476 534 5
453 547 42
535 537 23
536 537 44
537 538 21
538 539 51
539 540 91
540 541 70
541 542 60
542 543 83
543 544 5
544 545 53
545 546 44
546 547 14
547 548 77
548 549 20
549 550 66
550 551 32
551 552 3
552 553 32
553 554 88
554 555 77
555 556 74
556 557 22
557 558 2
558 559 93
559 560 41
560 561 93
561 562 62
562 563 43
563 564 23
564 565 38
565 566 78
566 567 63
567 568 40
568 569 75
569 570 39
570 571 37
571 572 32
572 573 85
573 574 51
574 575 82
575 576 91
576 577 1
577 578 70
578 579 47
579 580 16
580 581 30
581 582 28
582 583 58
583 584 69
584 585 32
585 586 35
586 587 100
587 588 60
588 589 95
589 590 53
590 591 78
591 592 98
592 593 17
593 594 71
594 595 6
595 596 8
596 597 91
597 598 46
598 599 85
599 600 71
600 601 62
601 602 42
602 603 33
603 604 63
604 605 42
605 606 30
606 607 80
607 608 18
608 609 70
609 610 20
610 611 17
611 612 50
612 613 45
613 614 73
537 614 79
127 641 74
615 617 87
616 640 59
617 618 100
618 619 21
619 620 13
620 621 94
621 622 29
622 623 84
623 624 36
624 625 91
625 626 69
626 627 68
627 628 98
628 629 85
629 630 25
630 631 72
631 632 64
632 633 81
633 634 18
634 635 24
635 636 29
636 637 95
637 638 35
638 639 33
639 640 21
640 641 84
641 642 72
642 643 45
643 644 21
617 644 78
605 680 89
645 647 17
646 647 85
647 648 59
648 649 21
649 650 100
650 651 82
651 652 53
652 653 35
653 654 37
654 655 82
655 656 61
656 657 5
657 658 52
658 659 99
659 660 95
660 661 29
661 662 28
662 663 52
663 664 90
664 665 34
665 666 80
666 667 78
667 668 46
668 669 67
669 670 90
670 671 20
671 672 22
672 673 97
673 674 61
674 675 77
675 676 13
676 677 47
677 678 60
678 679 53
679 680 81
680 681 55
681 682 26
682 683 59
683 684 49
684 685 84
685 686 30
686 687 99
647 687 48
600 711 27
688 689 69
688 690 85
688 691 39
688 692 16
688 693 77
688 694 15
688 695 5
688 696 37
688 697 37
688 698 39
688 699 9
688 700 83
688 701 39
688 702 82
688 703 48
688 704 70
688 705 2
688 706 59
688 707 54
688 708 16
689 709 7
689 710 42
689 711 54
689 712 40
689 713 38
689 714 9
689 715 74
689 716 35
689 717 4
689 718 29
689 719 39
689 720 11
689 721 84
689 722 31
689 723 96
689 724 1
689 725 71
689 726 45
689 727 96
689 728 76
690 729 42
690 730 7
690 731 31
690 732 89
690 733 32
690 734 72
690 735 44
690 736 72
690 737 32
690 738 50
690 739 71
690 740 46
690 741 2
690 742 4
690 743 3
690 744 83
690 745 94
690 746 30
690 747 66
690 748 93
160 761 92
749 750 15
749 751 48
749 752 12
749 753 57
749 754 89
749 755 98
749 756 48
749 757 42
749 758 43
749 759 66
749 760 6
749 761 67
749 762 96
749 763 19
749 764 33
749 765 43
749 766 37
749 767 38
749 768 71
749 769 50
749 770 85
749 771 71
749 772 98
749 773 61
749 774 1
749 775 22
749 776 36
749 777 95
749 778 4
582 779 15
779 780 17
779 781 3
779 782 27
779 783 15
779 784 41
779 785 51
779 786 36
779 787 23
779 788 82
779 789 19
779 790 74
779 791 40
779 792 99
779 793 77
779 794 35
779 795 25
779 796 52
779 797 77
779 798 15
779 799 1
779 800 26
779 801 23
779 802 9
779 803 3
779 804 38
779 805 33
779 806 85
779 807 85
779 808 12
780 809 58
780 810 100
780 811 7
780 812 54
780 813 65
780 814 28
780 815 83
780 816 79
780 817 57
780 818 53
780 819 75
780 820 73
561 867 8
821 823 99
822 868 23
823 824 3
824 825 4
825 826 12
826 827 79
827 828 25
828 829 37
829 830 42
830 831 8
831 832 2
832 833 96
833 834 76
834 835 51
835 836 59
836 837 14
837 838 27
838 839 6
839 840 37
840 841 17
841 842 99
842 843 36
843 844 52
844 845 93
845 846 65
846 847 79
847 848 65
848 849 92
849 850 58
850 851 26
851 852 42
852 853 87
853 854 69
854 855 71
855 856 29
856 857 97
857 858 23
858 859 93
859 860 25
860 861 37
861 862 9
862 863 98
863 864 47
864 865 79
865 866 64
866 867 56
867 868 92
868 869 90
869 870 99
870 871 95
871 872 31
872 873 94
873 874 39
874 875 95
875 876 65
876 877 75
877 878 95
878 879 38
879 880 39
880 881 32
881 882 21
882 883 89
883 884 59
884 885 11
885 886 53
886 887 18
887 888 2
888 889 34
889 890 86
823 890 76
207 924 27
891 893 25
892 894 69
893 894 58
894 895 4
895 896 4
896 897 32
897 898 22
898 899 54
899 900 53
900 901 27
901 902 82
902 903 33
903 904 96
904 905 37
905 906 40
906 907 35
907 908 5
908 909 42
909 910 12
910 911 52
911 912 83
912 913 45
913 914 45
914 915 86
915 916 14
916 917 45
917 918 38
918 919 76
919 920 19
920 921 54
921 922 49
922 923 10
923 924 15
924 925 50
925 926 2
926 927 40
927 928 30
928 929 5
929 930 18
930 931 10
931 932 94
932 933 46
933 934 21
934 935 56
935 936 37
936 937 4
937 938 15
938 939 47
939 940 45
940 941 45
941 942 83
942 943 30
943 944 70
944 945 51
945 946 8
946 947 63
947 948 59
948 949 79
949 950 52
893 950 15
23 964 43
951 953 4
952 972 17
953 954 6
954 955 55
955 956 85
956 957 45
957 958 42
958 959 27
959 960 23
960 961 90
961 962 65
962 963 72
963 964 30
964 965 69
965 966 42
966 967 31
967 968 4
968 969 98
969 970 89
970 971 95
971 972 82
972 973 37
973 974 98
974 975 56
975 976 19
976 977 65
977 978 52
978 979 26
979 980 4
980 981 99
981 982 6
982 983 60
983 984 36
984 985 34
985 986 17
986 987 70
953 987 9
99 1015 6
988 990 93
989 1027 64
990 991 77
991 992 36
992 993 1
993 994 38
994 995 84
995 996 93
996 997 74
997 998 38
998 999 73
999 1000 16
1000 1001 25
1001 1002 98
1002 1003 35
1003 1004 41
1004 1005 81
1005 1006 15
1006 1007 93
1007 1008 50
1008 1009 76
1009 1010 29
1010 1011 42
1011 1012 15
1012 1013 48
1013 1014 31
1014 1015 90
1015 1016 2
1016 1017 13
1017 1018 16
1018 1019 51
1019 1020 96
1020 1021 15
1021 1022 67
1022 1023 96
1023 1024 89
1024 1025 100
1025 1026 98
1026 1027 74
1027 1028 37
1028 1029 6
1029 1030 3
1030 1031 8
1031 1032 66
1032 1033 88
1033 1034 74
1034 1035 54
1035 1036 12
1036 1037 9
1037 1038 99
1038 1039 82
1039 1040 86
1040 1041 39
1041 1042 42
1042 1043 33
1043 1044 71
1044 1045 29
1045 1046 81
1046 1047 82
1047 1048 99
990 1048 5
189 1090 45
1049 1051 42
1050 1051 16
1051 1052 85
1052 1053 29
1053 1054 64
1054 1055 38
1055 1056 84
1056 1057 48
1057 1058 57
1058 1059 54
1059 1060 34
1060 1061 87
1061 1062 59
1062 1063 83
1063 1064 64
1064 1065 61
1065 1066 10
1066 1067 4
1067 1068 85
1068 1069 96
1069 1070 21
1070 1071 99
1071 1072 41
1072 1073 42
1073 1074 58
1074 1075 2
1075 1076 5
1076 1077 58
1077 1078 37
1078 1079 92
1079 1080 69
1080 1081 98
1081 1082 82
1082 1083 59
1083 1084 48
1084 1085 79
1085 1086 75
1086 1087 80
1087 1088 53
1088 1089 87
1089 1090 54
1051 1090 47
1069 1114 34
1091 1092 15
1091 1093 35
1091 1094 32
1091 1095 45
1091 1096 30
1092 1097 74
1092 1098 66
1092 1099 21
1092 1100 73
1092 1101 14
1093 1102 85
1093 1103 73
1093 1104 72
1093 1105 7
1093 1106 72
1094 1107 42
1094 1108 29
1094 1109 93
1094 1110 90
1094 1111 78
1095 1112 2
1095 1113 83
1095 1114 55
1095 1115 15
1095 1116 36
1096 1117 64
1096 1118 11
1096 1119 63
593 1140 96
1120 1121 21
1120 1122 88
1120 1123 25
1120 1124 59
1120 1125 19
1120 1126 69
1120 1127 55
1121 1128 54
1121 1129 70
1121 1130 3
1121 1131 81
1121 1132 50
1121 1133 43
1121 1134 21
1122 1135 68
1122 1136 5
1122 1137 93
1122 1138 53
1122 1139 37
1122 1140 52
1122 1141 16
1123 1142 49
1123 1143 53
1123 1144 64
1123 1145 16
1123 1146 12
1123 1147 6
1123 1148 33
1124 1149 43
1124 1150 40
1124 1151 71
1124 1152 27
1124 1153 75
1124 1154 6
1124 1155 71
571 1178 13
1156 1158 45
1157 1158 84
1158 1159 12
1159 1160 6
1160 1161 94
1161 1162 97
1162 1163 40
1163 1164 62
1164 1165 100
1165 1166 4
1166 1167 42
1167 1168 89
1168 1169 79
1169 1170 1
1170 1171 4
1171 1172 32
1172 1173 95
1173 1174 41
1174 1175 65
1175 1176 28
1176 1177 75
1177 1178 98
1178 1179 77
1179 1180 74
1180 1181 29
1181 1182 33
1182 1183 30
1183 1184 14
1184 1185 1
1185 1186 42
1186 1187 28
1187 1188 40
1188 1189 65
1189 1190 18
1190 1191 56
1191 1192 17
1192 1193 30
1193 1194 48
1194 1195 98
1195 1196 50
1196 1197 60
1197 1198 63
1198 1199 57
1199 1200 80
1200 1201 36
1201 1202 59
1202 1203 90
1203 1204 98
1204 1205 7
1205 1206 14
1206 1207 41
1207 1208 23
1208 1209 12
1209 1210 87
1210 1211 66
1211 1212 67
1212 1213 81
1158 1213 78
155 1283 55
1214 1216 1
1215 1216 56
1216 1217 70
1217 1218 13
1218 1219 86
1219 1220 99
1220 1221 9
1221 1222 40
1222 1223 96
1223 1224 73
1224 1225 55
1225 1226 64
1226 1227 79
1227 1228 42
1228 1229 48
1229 1230 37
1230 1231 82
1231 1232 72
1232 1233 5
1233 1234 44
1234 1235 70
1235 1236 66
1236 1237 80
1237 1238 95
1238 1239 76
1239 1240 43
1240 1241 36
1241 1242 98
1242 1243 4
1243 1244 60
1244 1245 95
1245 1246 55
1246 1247 28
1247 1248 35
1248 1249 48
1249 1250 22
1250 1251 16
1251 1252 23
1252 1253 70
1253 1254 2
1254 1255 73
1255 1256 13
1256 1257 85
1257 1258 22
1258 1259 16
1259 1260 5
1260 1261 41
1261 1262 71
1262 1263 62
1263 1264 2
1264 1265 84
1265 1266 1
1266 1267 26
1267 1268 55
1268 1269 17
1269 1270 45
1270 1271 76
1271 1272 98
1272 1273 32
1273 1274 86
1274 1275 87
1275 1276 6
1276 1277 37
1277 1278 6
1278 1279 99
1279 1280 59
1280 1281 43
1281 1282 74
1282 1283 73
1283 1284 69
1284 1285 89
1285 1286 27
1286 1287 24
1287 1288 86
1288 1289 47
1216 1289 50
1122 1313 71
1290 1292 58
1291 1299 61
1292 1293 43
1293 1294 75
1294 1295 53
1295 1296 27
1296 1297 79
1297 1298 46
1298 1299 19
1299 1300 25
1300 1301 21
1301 1302 17
1302 1303 60
1303 1304 54
1304 1305 63
1305 1306 78
1306 1307 8
1307 1308 43
1308 1309 26
1309 1310 37
1310 1311 41
1311 1312 26
1312 1313 85
1313 1314 17
1314 1315 28
1315 1316 43
1316 1317 100
1292 1317 6
1226 1327 87
1318 1320 60
1319 1320 59
1320 1321 18
1321 1322 84
1322 1323 22
1323 1324 33
1324 1325 21
1325 1326 99
1326 1327 84
1327 1328 49
1328 1329 75
1329 1330 24
1330 1331 80
1331 1332 22
1332 1333 65
1333 1334 35
1334 1335 26
1335 1336 53
1336 1337 19
1337 1338 1
1338 1339 64
1339 1340 19
1340 1341 67
1341 1342 91
1342 1343 18
1343 1344 86
1344 1345 11
1345 1346 6
1346 1347 82
1347 1348 82
1348 1349 79
1349 1350 89
1350 1351 52
1351 1352 86
1352 1353 46
1353 1354 72
1354 1355 16
1355 1356 73
1356 1357 16
1357 1358 28
1358 1359 62
1359 1360 60
1360 1361 100
1361 1362 97
1362 1363 62
1363 1364 85
1364 1365 100
1365 1366 54
1366 1367 61
1367 1368 2
1368 1369 87
1369 1370 72
1370 1371 87
1371 1372 46
1372 1373 5
1373 1374 25
1374 1375 41
1375 1376 28
1376 1377 65
1320 1377 21
1178 1382 98
1378 1380 21
1379 1395 54
1380 1381 78
1381 1382 54
1382 1383 37
1383 1384 63
1384 1385 65
1385 1386 86
1386 1387 7
1387 1388 46
1388 1389 58
1389 1390 92
1390 1391 79
1391 1392 47
1392 1393 57
1393 1394 80
1394 1395 25
1395 1396 81
1396 1397 23
1397 1398 55
1398 1399 95
1399 1400 34
1400 1401 22
1401 1402 92
1402 1403 7
1403 1404 1
1404 1405 65
1405 1406 53
1406 1407 16
1407 1408 94
1408 1409 42
1409 1410 49
1410 1411 33
1411 1412 1
1412 1413 96
1413 1414 30
1414 1415 69
1415 1416 76
1416 1417 14
1417 1418 72
1418 1419 97
1419 1420 13
1420 1421 48
1421 1422 12
1422 1423 49
1423 1424 44
1380 1424 53
401 1446 13
1425 1427 37
1426 1427 15
1427 1428 18
1428 1429 66
1429 1430 64
1430 1431 42
1431 1432 55
1432 1433 61
1433 1434 29
1434 1435 9
1435 1436 42
1436 1437 70
1437 1438 7
1438 1439 39
1439 1440 8
1440 1441 60
1441 1442 72
1442 1443 90
1443 1444 89
1444 1445 93
1445 1446 43
1446 1447 74
1447 1448 20
1448 1449 65
1449 1450 11
1450 1451 14
1451 1452 22
1452 1453 60
1453 1454 86
1454 1455 62
1455 1456 75
1456 1457 76
1457 1458 9
1458 1459 79
1459 1460 38
1460 1461 17
1461 1462 91
1462 1463 2
1463 1464 73
1464 1465 98
1465 1466 69
1466 1467 50
1467 1468 48
1468 1469 88
1469 1470 98
1470 1471 5
1471 1472 78
1472 1473 31
1473 1474 100
1474 1475 81
1475 1476 92
1476 1477 92
1477 1478 27
1478 1479 15
1479 1480 22
1480 1481 8
1481 1482 4
1427 1482 6
716 1508 68
1483 1485 57
1484 1520 99
1485 1486 93
1486 1487 20
1487 1488 17
1488 1489 59
1489 1490 13
1490 1491 50
1491 1492 91
1492 1493 29
1493 1494 54
1494 1495 77
1495 1496 94
1496 1497 2
1497 1498 46
1498 1499 37
1499 1500 15
1500 1501 92
1501 1502 3
1502 1503 98
1503 1504 12
1504 1505 72
1505 1506 46
1506 1507 93
1507 1508 62
1508 1509 41
1509 1510 84
1510 1511 2
1511 1512 97
1512 1513 53
1513 1514 61
1514 1515 94
1515 1516 4
1516 1517 90
1517 1518 93
1518 1519 51
1519 1520 14
1520 1521 76
1521 1522 63
1485 1522 60
12 1528 34
1523 1525 30
1524 1549 64
1525 1526 98
1526 1527 100
1527 1528 53
1528 1529 79
1529 1530 32
1530 1531 80
1531 1532 65
1532 1533 71
1533 1534 87
1534 1535 3
1535 1536 76
1536 1537 80
1537 1538 85
1538 1539 33
1539 1540 23
1540 1541 36
1541 1542 72
1542 1543 5
1543 1544 98
1544 1545 84
1545 1546 92
1546 1547 99
1547 1548 58
1548 1549 61
1549 1550 87
1550 1551 18
1551 1552 34
1552 1553 54
1553 1554 20
1554 1555 100
1555 1556 50
1556 1557 79
1557 1558 58
1558 1559 25
1559 1560 65
1560 1561 6
1561 1562 84
1562 1563 82
1563 1564 23
1564 1565 85
1565 1566 99
1566 1567 38
1567 1568 83
1568 1569 72
1569 1570 34
1570 1571 80
1571 1572 79
1572 1573 23
1573 1574 46
1574 1575 17
1575 1576 84
1576 1577 45
1577 1578 64
1578 1579 23
1579 1580 25
1525 1580 94
1084 1595 3
1581 1582 44
1581 1583 43
1581 1584 57
1581 1585 86
1581 1586 77
1581 1587 77
1581 1588 16
1581 1589 75
1581 1590 24
1581 1591 78
1581 1592 97
1581 1593 98
1581 1594 72
1581 1595 53
1581 1596 63
1581 1597 34
1581 1598 34
1581 1599 9
1581 1600 32
1581 1601 25
1581 1602 4
1581 1603 93
1581 1604 22
1581 1605 61
1581 1606 20
1121 1627 21
1607 1609 13
1608 1620 76
1609 1610 94
1610 1611 51
1611 1612 97
1612 1613 28
1613 1614 36
1614 1615 76
1615 1616 28
1616 1617 99
1617 1618 100
1618 1619 64
1619 1620 72
1620 1621 26
1621 1622 67
1622 1623 48
1623 1624 70
1624 1625 95
1625 1626 69
1626 1627 34
1627 1628 74
1628 1629 28
1629 1630 70
1630 1631 87
1631 1632 75
1632 1633 16
1633 1634 59
1609 1634 30
507 1655 48
1635 1637 31
1636 1637 32
1637 1638 16
1638 1639 16
1639 1640 62
1640 1641 2
1641 1642 76
1642 1643 90
1643 1644 83
1644 1645 40
1645 1646 36
1646 1647 34
1647 1648 62
1648 1649 83
1649 1650 33
1650 1651 43
1651 1652 21
1652 1653 2
1653 1654 39
1654 1655 3
1655 1656 58
1656 1657 58
1657 1658 55
1658 1659 6
1659 1660 79
1660 1661 25
1637 1661 11
1358 1679 45
1662 1664 67
1663 1683 43
1664 1665 99
1665 1666 49
1666 1667 91
1667 1668 45
1668 1669 60
1669 1670 69
1670 1671 62
1671 1672 40
1672 1673 22
1673 1674 79
1674 1675 31
1675 1676 12
1676 1677 58
1677 1678 50
1678 1679 70
1679 1680 70
1680 1681 20
1681 1682 2
1682 1683 86
1683 1684 69
1684 1685 38
1685 1686 84
1686 1687 89
1687 1688 15
1688 1689 79
1689 1690 30
1690 1691 89
1691 1692 63
1692 1693 85
1693 1694 94
1664 1694 24
844 1708 64
1695 1697 90
1696 1697 89
1697 1698 44
1698 1699 9
1699 1700 88
1700 1701 10
1701 1702 78
1702 1703 89
1703 1704 36
1704 1705 66
1705 1706 7
1706 1707 29
1707 1708 22
1708 1709 38
1709 1710 78
1710 1711 64
1711 1712 2
1712 1713 35
1713 1714 9
1714 1715 10
1715 1716 52
1716 1717 10
1717 1718 84
1697 1718 76
1427 1735 4
1719 1721 97
1720 1721 66
1721 1722 93
1722 1723 72
1723 1724 84
1724 1725 62
1725 1726 54
1726 1727 12
1727 1728 21
1728 1729 91
1729 1730 27
1730 1731 89
1731 1732 71
1732 1733 92
1733 1734 40
1734 1735 76
1735 1736 68
1736 1737 16
1737 1738 88
1738 1739 2
1739 1740 90
1740 1741 58
1741 1742 31
1742 1743 53
1743 1744 43
1744 1745 78
1745 1746 34
1746 1747 73
1747 1748 36
1748 1749 15
1749 1750 67
1750 1751 80
1751 1752 6
1752 1753 54
1721 1753 63
1599 1769 17
1754 1756 89
1755 1770 64
1756 1757 53
1757 1758 93
1758 1759 12
1759 1760 28
1760 1761 30
1761 1762 33
1762 1763 8
1763 1764 46
1764 1765 49
1765 1766 71
1766 1767 98
1767 1768 71
1768 1769 65
1769 1770 40
1770 1771 2
1771 1772 4
1772 1773 39
1773 1774 88
1774 1775 72
1775 1776 81
1776 1777 14
1777 1778 57
1778 1779 49
1779 1780 82
1780 1781 89
1781 1782 79
1782 1783 21
1756 1783 89
119 1793 51
1784 1786 27
1785 1800 53
1786 1787 88
1787 1788 50
1788 1789 95
1789 1790 19
1790 1791 46
1791 1792 82
1792 1793 41
1793 1794 41
1794 1795 8
1795 1796 4
1796 1797 41
1797 1798 20
1798 1799 58
1799 1800 25
1800 1801 5
1801 1802 77
1802 1803 66
1803 1804 7
1804 1805 57
1805 1806 58
1806 1807 64
1807 1808 67
1808 1809 88
1809 1810 25
1810 1811 12
1811 1812 30
1812 1813 46
1813 1814 11
1814 1815 96
1815 1816 5
1816 1817 89
1817 1818 30
1818 1819 26
1819 1820 99
1820 1821 61
1821 1822 19
1822 1823 29
1823 1824 65
1824 1825 29
1825 1826 79
1826 1827 32
1827 1828 89
1828 1829 27
1786 1829 5
159 1862 95
1830 1832 86
1831 1862 90
1832 1833 8
1833 1834 7
1834 1835 99
1835 1836 83
1836 1837 80
1837 1838 11
1838 1839 82
1839 1840 77
1840 1841 87
1841 1842 92
1842 1843 33
1843 1844 61
1844 1845 88
1845 1846 9
1846 1847 20
1847 1848 37
1848 1849 55
1849 1850 72
1850 1851 71
1851 1852 82
1852 1853 12
1853 1854 40
1854 1855 68
1855 1856 3
1856 1857 26
1857 1858 61
1858 1859 93
1859 1860 34
1860 1861 37
1861 1862 94
1862 1863 59
1863 1864 42
1864 1865 60
1865 1866 27
1866 1867 57
1867 1868 100
1868 1869 19
1869 1870 94
1870 1871 91
1871 1872 89
1872 1873 38
1832 1873 91
939 1897 11
1874 1876 53
1875 1876 9
1876 1877 93
1877 1878 12
1878 1879 40
1879 1880 86
1880 1881 43
1881 1882 22
1882 1883 68
1883 1884 76
1884 1885 36
1885 1886 21
1886 1887 62
1887 1888 92
1888 1889 75
1889 1890 72
1890 1891 37
1891 1892 83
1892 1893 95
1893 1894 85
1894 1895 69
1895 1896 75
1896 1897 98
1897 1898 63
1898 1899 16
1899 1900 32
1900 1901 62
1901 1902 57
1902 1903 7
1903 1904 5
1904 1905 66
1905 1906 35
1906 1907 52
1907 1908 33
1908 1909 70
1909 1910 45
1910 1911 9
1911 1912 30
1912 1913 72
1913 1914 27
1914 1915 95
1915 1916 85
1916 1917 56
1917 1918 24
1918 1919 25
1919 1920 98
1920 1921 49
1921 1922 18
1922 1923 18
1923 1924 80
1876 1924 75
1550 1964 55
1925 1927 3
1926 1955 72
1927 1928 39
1928 1929 39
1929 1930 1
1930 1931 65
1931 1932 74
1932 1933 22
1933 1934 43
1934 1935 29
1935 1936 43
1936 1937 15
1937 1938 51
1938 1939 98
1939 1940 59
1940 1941 50
1941 1942 20
1942 1943 53
1943 1944 21
1944 1945 24
1945 1946 49
1946 1947 93
1947 1948 11
1948 1949 75
1949 1950 89
1950 1951 32
1951 1952 57
1952 1953 47
1953 1954 87
1954 1955 28
1955 1956 78
1956 1957 92
1957 1958 78
1958 1959 59
1959 1960 81
1960 1961 41
1961 1962 49
1962 1963 81
1963 1964 68
1964 1965 12
1965 1966 56
1966 1967 87
1967 1968 90
1968 1969 52
1969 1970 84
1970 1971 23
1971 1972 71
1972 1973 97
1973 1974 1
1974 1975 80
1927 1975 65
858 2021 20
1976 1977 51
1976 1978 100
1976 1979 40
1976 1980 35
1976 1981 1
1976 1982 67
1976 1983 80
1976 1984 65
1976 1985 92
1976 1986 3
1976 1987 88
1976 1988 16
1976 1989 96
1976 1990 85
1976 1991 91
1976 1992 57
1976 1993 22
1976 1994 49
1976 1995 12
1976 1996 100
1976 1997 96
1976 1998 55
1976 1999 19
1976 2000 41
1976 2001 57
1976 2002 31
1976 2003 10
1976 2004 11
1976 2005 57
1976 2006 98
1976 2007 62
1976 2008 98
1976 2009 17
1976 2010 82
1976 2011 43
1976 2012 47
1976 2013 3
1976 2014 22
1976 2015 98
1976 2016 25
1977 2017 28
1977 2018 82
1977 2019 96
1977 2020 66
1977 2021 94
1977 2022 54
1977 2023 98
1977 2024 1
1977 2025 95
1977 2026 65
1977 2027 75
1977 2028 75
1977 2029 98
1977 2030 75
616 2063 77
2031 2033 97
2032 2101 68
2033 2034 38
2034 2035 35
2035 2036 95
2036 2037 84
2037 2038 58
2038 2039 53
2039 2040 85
2040 2041 4
2041 2042 96
2042 2043 52
2043 2044 81
2044 2045 39
2045 2046 96
2046 2047 29
2047 2048 82
2048 2049 56
2049 2050 33
2050 2051 15
2051 2052 14
2052 2053 50
2053 2054 88
2054 2055 1
2055 2056 13
2056 2057 79
2057 2058 80
2058 2059 89
2059 2060 21
2060 2061 8
2061 2062 7
2062 2063 77
2063 2064 17
2064 2065 81
2065 2066 92
2066 2067 61
2067 2068 54
2068 2069 26
2069 2070 15
2070 2071 24
2071 2072 60
2072 2073 36
2073 2074 53
2074 2075 40
2075 2076 62
2076 2077 37
2077 2078 99
2078 2079 91
2079 2080 17
2080 2081 14
2081 2082 5
2082 2083 6
2083 2084 98
2084 2085 94
2085 2086 100
2086 2087 5
2087 2088 53
2088 2089 48
2089 2090 38
2090 2091 46
2091 2092 81
2092 2093 39
2093 2094 74
2094 2095 50
2095 2096 44
2096 2097 46
2097 2098 93
2098 2099 76
2099 2100 95
2100 2101 18
2101 2102 43
2102 2103 41
2103 2104 90
2104 2105 41
2033 2105 38
481 2136 88
2106 2107 86
2106 2108 46
2106 2109 76
2106 2110 3
2106 2111 89
2106 2112 78
2106 2113 88
2106 2114 38
2106 2115 74
2106 2116 100
2106 2117 17
2106 2118 27
2107 2119 4
2107 2120 7
2107 2121 93
2107 2122 61
2107 2123 46
2107 2124 58
2107 2125 34
2107 2126 4
2107 2127 1
2107 2128 2
2107 2129 48
2107 2130 58
2108 2131 94
2108 2132 54
2108 2133 5
2108 2134 24
2108 2135 2
2108 2136 71
2108 2137 66
2108 2138 20
2108 2139 35
2108 2140 61
2108 2141 8
2108 2142 36
2109 2143 66
2109 2144 4
2109 2145 6
2109 2146 77
2109 2147 27
2109 2148 45
2109 2149 30
2109 2150 50
2109 2151 48
2109 2152 13
2109 2153 54
2109 2154 77
2110 2155 83
2110 2156 26
2110 2157 89
2110 2158 14
2110 2159 60
2110 2160 53
2110 2161 82
2110 2162 28
2110 2163 38
2110 2164 25
2110 2165 20
2110 2166 30
2111 2167 56
2111 2168 10
2111 2169 76
2111 2170 59
2111 2171 25
2111 2172 80
2111 2173 17
2111 2174 5
2111 2175 61
2111 2176 22
2111 2177 64
2111 2178 28
2112 2179 4
2112 2180 43
1178 2258 36
2181 2183 12
2182 2183 83
2183 2184 98
2184 2185 96
2185 2186 39
2186 2187 61
2187 2188 8
2188 2189 41
2189 2190 56
2190 2191 81
2191 2192 52
2192 2193 44
2193 2194 10
2194 2195 17
2195 2196 71
2196 2197 82
2197 2198 44
2198 2199 1
2199 2200 83
2200 2201 99
2201 2202 23
2202 2203 22
2203 2204 45
2204 2205 17
2205 2206 60
2206 2207 54
2207 2208 90
2208 2209 71
2209 2210 56
2210 2211 50
2211 2212 41
2212 2213 100
2213 2214 46
2214 2215 60
2215 2216 84
2216 2217 30
2217 2218 20
2218 2219 89
2219 2220 76
2220 2221 55
2221 2222 87
2222 2223 44
2223 2224 95
2224 2225 57
2225 2226 88
2226 2227 16
2227 2228 28
2228 2229 97
2229 2230 30
2230 2231 53
2231 2232 84
2232 2233 75
2233 2234 76
2234 2235 79
2235 2236 50
2236 2237 51
2237 2238 47
2238 2239 67
2239 2240 64
2240 2241 80
2241 2242 75
2242 2243 2
2243 2244 23
2244 2245 71
2245 2246 85
2246 2247 40
2247 2248 30
2248 2249 8
2249 2250 72
2250 2251 54
2251 2252 56
2252 2253 84
2253 2254 56
2254 2255 63
2255 2256 94
2256 2257 99
2257 2258 88
2258 2259 59
2183 2259 48
1203 2320 76
2260 2262 12
2261 2280 40
2262 2263 17
2263 2264 35
2264 2265 98
2265 2266 4
2266 2267 14
2267 2268 47
2268 2269 61
2269 2270 61
2270 2271 7
2271 2272 12
2272 2273 35
2273 2274 89
2274 2275 49
2275 2276 35
2276 2277 78
2277 2278 46
2278 2279 14
2279 2280 2
2280 2281 61
2281 2282 79
2282 2283 5
2283 2284 27
2284 2285 15
2285 2286 99
2286 2287 38
2287 2288 63
2288 2289 62
2289 2290 70
2290 2291 72
2291 2292 50
2292 2293 89
2293 2294 69
2294 2295 49
2295 2296 24
2296 2297 62
2297 2298 72
2298 2299 98
2299 2300 53
2300 2301 78
2301 2302 46
2302 2303 35
2303 2304 84
2304 2305 62
2305 2306 100
2306 2307 45
2307 2308 25
2308 2309 72
2309 2310 21
2310 2311 18
2311 2312 68
2312 2313 70
2313 2314 48
2314 2315 44
2315 2316 75
2316 2317 87
2317 2318 14
2318 2319 76
2319 2320 9
2320 2321 45
2321 2322 88
2322 2323 49
2323 2324 25
2324 2325 11
2325 2326 12
2326 2327 54
2327 2328 2
2328 2329 4
2329 2330 54
2262 2330 40
1981 2338 81
2331 2333 77
2332 2334 41
2333 2334 92
2334 2335 65
2335 2336 53
2336 2337 66
2337 2338 4
2338 2339 16
2339 2340 94
2340 2341 96
2341 2342 2
2342 2343 21
2343 2344 43
2344 2345 76
2345 2346 67
2346 2347 69
2347 2348 40
2348 2349 67
2349 2350 96
2350 2351 34
2351 2352 10
2333 2352 73
65 2377 99
2353 2355 26
2354 2360 56
2355 2356 62
2356 2357 64
2357 2358 27
2358 2359 87
2359 2360 81
2360 2361 26
2361 2362 34
2362 2363 58
2363 2364 92
2364 2365 10
2365 2366 33
2366 2367 78
2367 2368 41
2368 2369 42
2369 2370 95
2370 2371 23
2371 2372 80
2372 2373 28
2373 2374 46
2374 2375 7
2375 2376 35
2376 2377 47
2377 2378 10
2378 2379 63
2379 2380 4
2380 2381 66
2381 2382 29
2382 2383 83
2383 2384 1
2384 2385 97
2355 2385 12
965 2400 14
2386 2388 72
2387 2395 39
2388 2389 66
2389 2390 81
2390 2391 79
2391 2392 27
2392 2393 28
2393 2394 29
2394 2395 7
2395 2396 32
2396 2397 12
2397 2398 78
2398 2399 55
2399 2400 60
2400 2401 52
2401 2402 29
2402 2403 63
2403 2404 91
2404 2405 85
2405 2406 14
2406 2407 16
2407 2408 74
2408 2409 74
2409 2410 83
2410 2411 63
2411 2412 3
2412 2413 16
2413 2414 95
2414 2415 85
2415 2416 27
2416 2417 5
2417 2418 54
2418 2419 36
2419 2420 54
2420 2421 2
2421 2422 93
2422 2423 26
2423 2424 11
2424 2425 23
2425 2426 18
2426 2427 22
2427 2428 56
2428 2429 10
2429 2430 83
2430 2431 41
2431 2432 92
2388 2432 28
35 2476 15
2433 2434 15
2433 2435 39
2433 2436 66
2433 2437 39
2433 2438 41
2433 2439 85
2433 2440 24
2433 2441 45
2434 2442 36
2434 2443 26
2434 2444 75
2434 2445 10
2434 2446 36
2434 2447 96
2434 2448 53
2434 2449 63
2435 2450 71
2435 2451 96
2435 2452 43
2435 2453 37
2435 2454 95
2435 2455 8
2435 2456 68
2435 2457 66
2436 2458 2
2436 2459 73
2436 2460 79
2436 2461 73
2436 2462 66
2436 2463 86
2436 2464 5
2436 2465 52
2437 2466 88
2437 2467 85
2437 2468 55
2437 2469 22
2437 2470 48
2437 2471 52
2437 2472 53
2437 2473 98
2438 2474 70
2438 2475 53
2438 2476 53
2438 2477 13
2438 2478 8
2438 2479 46
2438 2480 40
2438 2481 4
2439 2482 30
2439 2483 71
2439 2484 98
2439 2485 67
2439 2486 81
891 2497 8
2487 2489 65
2488 2502 56
2489 2490 26
2490 2491 23
2491 2492 12
2492 2493 82
2493 2494 54
2494 2495 58
2495 2496 86
2496 2497 20
2497 2498 35
2498 2499 52
2499 2500 42
2500 2501 21
2501 2502 18
2502 2503 11
2503 2504 85
2504 2505 62
2505 2506 25
2506 2507 79
2507 2508 69
2508 2509 10
2509 2510 5
2510 2511 16
2511 2512 76
2512 2513 66
2513 2514 94
2514 2515 6
2515 2516 2
2516 2517 77
2517 2518 8
2518 2519 30
2519 2520 92
2520 2521 17
2521 2522 96
2522 2523 17
2523 2524 21
2524 2525 29
2525 2526 79
2526 2527 36
2527 2528 96
2528 2529 69
2529 2530 55
2530 2531 57
2531 2532 38
2532 2533 71
2533 2534 81
2534 2535 66
2535 2536 79
2536 2537 36
2537 2538 79
2538 2539 92
2539 2540 29
2540 2541 96
2541 2542 94
2542 2543 66
2543 2544 18
2544 2545 93
2489 2545 75
826 2562 82
2546 2547 69
2546 2548 22
2546 2549 100
2546 2550 78
2546 2551 74
2546 2552 51
2546 2553 61
2546 2554 37
2546 2555 65
2546 2556 79
2546 2557 82
2546 2558 30
2546 2559 68
2546 2560 63
2546 2561 2
2546 2562 81
2546 2563 72
2546 2564 34
2546 2565 85
2546 2566 67
2546 2567 62
2546 2568 81
2546 2569 39
2546 2570 49
2546 2571 48
2546 2572 40
2546 2573 78
2547 2574 81
2547 2575 87
2547 2576 58
2547 2577 15
2547 2578 66
2547 2579 78
2172 2587 67
2580 2581 43
2580 2582 51
2580 2583 30
2580 2584 88
2580 2585 7
2580 2586 96
2580 2587 78
2580 2588 36
2580 2589 76
2580 2590 78
2580 2591 14
2580 2592 94
2580 2593 84
2580 2594 61
2580 2595 39
2580 2596 43
2580 2597 90
2580 2598 76
2580 2599 23
630 2608 29
2600 2602 30
2601 2622 46
2602 2603 91
2603 2604 100
2604 2605 28
2605 2606 91
2606 2607 43
2607 2608 15
2608 2609 53
2609 2610 71
2610 2611 87
2611 2612 80
2612 2613 42
2613 2614 30
2614 2615 67
2615 2616 31
2616 2617 87
2617 2618 57
2618 2619 16
2619 2620 28
2620 2621 23
2621 2622 92
2622 2623 90
2623 2624 90
2624 2625 39
2625 2626 7
2626 2627 13
2627 2628 87
2628 2629 92
2629 2630 16
2630 2631 44
2631 2632 37
2632 2633 97
2633 2634 54
2634 2635 92
2635 2636 32
2636 2637 46
2637 2638 52
2638 2639 79
2639 2640 28
2640 2641 3
2641 2642 74
2642 2643 4
2643 2644 22
2644 2645 4
2645 2646 62
2646 2647 26
2647 2648 33
2648 2649 64
2649 2650 43
2650 2651 43
2651 2652 13
2652 2653 45
2653 2654 43
2654 2655 89
2655 2656 74
2656 2657 61
2657 2658 100
2658 2659 49
2659 2660 13
2660 2661 36
2602 2661 82
918 2671 45
2662 2664 64
2663 2678 48
2664 2665 86
2665 2666 19
2666 2667 32
2667 2668 100
2668 2669 52
2669 2670 78
2670 2671 79
2671 2672 29
2672 2673 82
2673 2674 84
2674 2675 34
2675 2676 69
2676 2677 1
2677 2678 14
2678 2679 54
2679 2680 56
2680 2681 13
2681 2682 70
2682 2683 24
2683 2684 3
2684 2685 26
2685 2686 71
2686 2687 40
2687 2688 76
2688 2689 46
2689 2690 5
2690 2691 85
2691 2692 96
2692 2693 11
2693 2694 48
2694 2695 14
2695 2696 69
2696 2697 61
2697 2698 30
2698 2699 58
2699 2700 19
2700 2701 25
2701 2702 9
2702 2703 48
2703 2704 76
2704 2705 13
2664 2705 26
473 2715 7
2706 2707 35
2706 2708 4
2706 2709 60
2706 2710 20
2706 2711 70
2706 2712 92
2706 2713 28
2706 2714 7
2706 2715 16
2706 2716 15
2706 2717 52
2706 2718 79
2706 2719 71
2706 2720 34
2706 2721 52
2706 2722 7
2706 2723 28
2706 2724 90
2706 2725 94
2706 2726 54
2706 2727 1
2706 2728 15
2706 2729 83
2706 2730 51
2706 2731 48
2706 2732 40
2706 2733 83
2706 2734 65
2706 2735 9
2706 2736 49
2706 2737 78
2707 2738 45
2707 2739 80
2707 2740 1
2707 2741 82
2707 2742 2
2707 2743 28
2707 2744 6
2707 2745 40
2707 2746 96
2707 2747 91
2707 2748 2
2707 2749 23
2707 2750 8
2707 2751 89
2707 2752 24
2707 2753 29
2707 2754 74
2707 2755 19
2707 2756 88
2707 2757 21
2707 2758 1
2707 2759 87
2707 2760 23
2707 2761 31
2707 2762 65
2707 2763 50
2707 2764 56
2707 2765 31
2707 2766 76
2707 2767 14
2707 2768 3
2281 2794 24
2769 2771 11
2770 2783 8
2771 2772 37
2772 2773 14
2773 2774 98
2774 2775 57
2775 2776 49
2776 2777 62
2777 2778 60
2778 2779 99
2779 2780 49
2780 2781 25
2781 2782 56
2782 2783 99
2783 2784 84
2784 2785 80
2785 2786 25
2786 2787 77
2787 2788 5
2788 2789 20
2789 2790 97
2790 2791 29
2791 2792 34
2792 2793 20
2793 2794 48
2794 2795 19
2795 2796 19
2796 2797 9
2797 2798 33
2798 2799 15
2799 2800 21
2800 2801 1
2801 2802 94
2802 2803 7
2803 2804 31
2804 2805 34
2805 2806 51
2806 2807 45
2807 2808 29
2808 2809 74
2809 2810 84
2810 2811 2
2811 2812 56
2812 2813 89
2813 2814 24
2814 2815 96
2771 2815 46
2780 2850 4
2816 2817 77
2816 2818 13
2816 2819 2
2816 2820 87
2816 2821 65
2816 2822 52
2816 2823 6
2816 2824 77
2816 2825 33
2816 2826 3
2816 2827 15
2816 2828 63
2816 2829 70
2816 2830 33
2816 2831 72
2816 2832 64
2816 2833 73
2816 2834 97
2816 2835 50
2816 2836 36
2816 2837 18
2816 2838 71
2816 2839 58
2816 2840 19
2816 2841 49
2816 2842 10
2816 2843 23
2816 2844 100
2816 2845 99
2816 2846 83
2816 2847 8
2816 2848 62
2816 2849 69
2816 2850 15
2816 2851 66
2816 2852 53
2816 2853 34
93 2884 72
2854 2855 82
2854 2856 13
2854 2857 16
2854 2858 23
2854 2859 46
2854 2860 51
2854 2861 21
2854 2862 24
2855 2863 70
2855 2864 45
2855 2865 62
2855 2866 44
2855 2867 100
2855 2868 74
2855 2869 27
2855 2870 33
2856 2871 54
2856 2872 85
2856 2873 64
2856 2874 91
2856 2875 6
2856 2876 67
2856 2877 88
2856 2878 47
2857 2879 16
2857 2880 37
2857 2881 96
2857 2882 62
2857 2883 49
2857 2884 71
2857 2885 40
2857 2886 10
2858 2887 29
2858 2888 55
2858 2889 81
2858 2890 71
2858 2891 19
2858 2892 58
2858 2893 93
2858 2894 5
2859 2895 94
2859 2896 52
2859 2897 21
723 2936 68
2898 2900 2
2899 2926 44
2900 2901 35
2901 2902 54
2902 2903 90
2903 2904 36
2904 2905 66
2905 2906 88
2906 2907 54
2907 2908 95
2908 2909 66
2909 2910 35
2910 2911 19
2911 2912 94
2912 2913 48
2913 2914 84
2914 2915 79
2915 2916 12
2916 2917 8
2917 2918 16
2918 2919 23
2919 2920 80
2920 2921 38
2921 2922 41
2922 2923 31
2923 2924 4
2924 2925 42
2925 2926 19
2926 2927 63
2927 2928 28
2928 2929 30
2929 2930 62
2930 2931 75
2931 2932 94
2932 2933 4
2933 2934 76
2934 2935 36
2935 2936 26
2936 2937 82
2937 2938 2
2938 2939 10
2939 2940 65
2940 2941 55
2941 2942 63
2942 2943 17
2943 2944 71
2944 2945 5
2945 2946 85
2946 2947 61
2947 2948 64
2948 2949 1
2949 2950 34
2950 2951 76
2951 2952 23
2952 2953 21
2953 2954 85
2900 2954 71
1121 3003 9
2955 2956 46
2955 2957 6
2955 2958 48
2955 2959 39
2955 2960 51
2956 2961 12
2956 2962 85
2956 2963 19
2956 2964 95
2956 2965 16
2957 2966 95
2957 2967 28
2957 2968 39
2957 2969 18
2957 2970 12
2958 2971 99
2958 2972 7
2958 2973 99
2958 2974 12
2958 2975 97
2959 2976 82
2959 2977 66
2959 2978 24
2959 2979 48
2959 2980 25
2960 2981 45
2960 2982 100
2960 2983 65
2960 2984 20
2960 2985 52
2961 2986 83
2961 2987 85
2961 2988 81
2961 2989 11
2961 2990 21
2962 2991 22
2962 2992 17
2962 2993 68
2962 2994 57
2962 2995 13
2963 2996 72
2963 2997 96
2963 2998 65
2963 2999 64
2963 3000 95
2964 3001 50
2964 3002 47
2964 3003 80
2964 3004 13
2964 3005 64
2965 3006 74
2965 3007 53
1236 3029 57
3008 3009 83
3008 3010 62
3008 3011 43
3008 3012 27
3008 3013 66
3008 3014 77
3008 3015 3
3008 3016 33
3008 3017 4
3008 3018 84
3008 3019 70
3008 3020 99
3008 3021 65
3008 3022 32
3008 3023 51
3008 3024 18
3008 3025 5
3009 3026 96
3009 3027 61
3009 3028 62
3009 3029 45
3009 3030 5
3009 3031 42
3009 3032 10
3009 3033 75
3009 3034 8
3009 3035 98
3009 3036 61
3009 3037 65
3009 3038 69
3009 3039 79
3009 3040 89
3009 3041 11
3009 3042 9
3010 3043 73
3010 3044 13
3010 3045 21
3010 3046 12
3010 3047 52
3010 3048 4
3010 3049 37
3010 3050 2
3010 3051 35
3010 3052 53
3010 3053 84
3010 3054 36
3010 3055 89
3010 3056 77
3010 3057 36
3010 3058 36
3010 3059 23
3011 3060 16
3011 3061 54
3011 3062 98
3011 3063 32
3011 3064 80
3011 3065 10
3011 3066 95
3011 3067 97
3011 3068 94
3011 3069 16
3011 3070 78
3011 3071 76
1830 3076 84
3072 3074 48
3073 3085 90
3074 3075 25
3075 3076 99
3076 3077 85
3077 3078 75
3078 3079 80
3079 3080 47
3080 3081 37
3081 3082 46
3082 3083 79
3083 3084 19
3084 3085 6
3085 3086 13
3086 3087 82
3087 3088 84
3088 3089 48
3089 3090 29
3090 3091 40
3091 3092 52
3092 3093 3
3093 3094 39
3094 3095 97
3095 3096 87
3096 3097 31
3097 3098 45
3098 3099 36
3099 3100 39
3100 3101 79
3101 3102 20
3102 3103 14
3103 3104 15
3074 3104 8
1636 3158 24
3105 3107 50
3106 3146 73
3107 3108 86
3108 3109 31
3109 3110 64
3110 3111 99
3111 3112 100
3112 3113 64
3113 3114 59
3114 3115 91
3115 3116 33
3116 3117 46
3117 3118 22
3118 3119 1
3119 3120 82
3120 3121 40
3121 3122 62
3122 3123 18
3123 3124 91
3124 3125 77
3125 3126 67
3126 3127 92
3127 3128 82
3128 3129 51
3129 3130 48
3130 3131 92
3131 3132 96
3132 3133 5
3133 3134 25
3134 3135 61
3135 3136 41
3136 3137 51
3137 3138 15
3138 3139 75
3139 3140 19
3140 3141 10
3141 3142 34
3142 3143 25
3143 3144 75
3144 3145 4
3145 3146 5
3146 3147 85
3147 3148 41
3148 3149 86
3149 3150 58
3150 3151 22
3151 3152 42
3152 3153 34
3153 3154 59
3154 3155 93
3155 3156 70
3156 3157 46
3157 3158 56
3158 3159 29
3159 3160 62
3107 3160 70
2181 3200 39
3161 3163 17
3162 3163 81
3163 3164 25
3164 3165 50
3165 3166 47
3166 3167 72
3167 3168 18
3168 3169 83
3169 3170 43
3170 3171 19
3171 3172 9
3172 3173 75
3173 3174 87
3174 3175 36
3175 3176 18
3176 3177 36
3177 3178 3
3178 3179 29
3179 3180 79
3180 3181 12
3181 3182 45
3182 3183 76
3183 3184 47
3184 3185 98
3185 3186 36
3186 3187 42
3187 3188 35
3188 3189 44
3189 3190 66
3190 3191 82
3191 3192 60
3192 3193 45
3193 3194 75
3194 3195 80
3195 3196 35
3196 3197 79
3197 3198 12
3198 3199 97
3199 3200 50
3200 3201 27
3201 3202 1
3202 3203 41
3203 3204 9
3204 3205 63
3205 3206 20
3206 3207 83
3207 3208 49
3163 3208 58
1932 3226 77
3209 3211 76
3210 3229 67
3211 3212 10
3212 3213 14
3213 3214 96
3214 3215 58
3215 3216 20
3216 3217 49
3217 3218 59
3218 3219 82
3219 3220 73
3220 3221 29
3221 3222 43
3222 3223 35
3223 3224 5
3224 3225 8
3225 3226 82
3226 3227 13
3227 3228 91
3228 3229 93
3229 3230 25
3230 3231 25
3231 3232 68
3211 3232 23
1181 3262 63
3233 3234 12
3233 3235 41
3233 3236 37
3233 3237 73
3233 3238 30
3233 3239 92
3233 3240 60
3233 3241 16
3233 3242 15
3233 3243 6
3233 3244 29
3233 3245 58
3233 3246 57
3234 3247 62
3234 3248 50
3234 3249 25
3234 3250 44
3234 3251 13
3234 3252 70
3234 3253 72
3234 3254 10
3234 3255 72
3234 3256 23
3234 3257 27
3234 3258 22
3234 3259 95
3235 3260 10
3235 3261 86
3235 3262 3
3235 3263 74
3235 3264 13
3235 3265 24
3235 3266 79
3235 3267 19
3235 3268 91
3235 3269 87
3235 3270 98
3235 3271 18
3235 3272 42
3236 3273 7
3236 3274 26
3236 3275 68
3236 3276 38
3236 3277 83
3236 3278 25
3236 3279 48
3236 3280 97
3236 3281 12
3236 3282 1
3236 3283 37
3236 3284 73
3236 3285 81
3237 3286 42
3237 3287 60
3237 3288 100
3237 3289 37
3237 3290 81
3237 3291 45
3237 3292 24
3237 3293 53
3237 3294 86
3237 3295 29
3237 3296 67
3237 3297 45
3237 3298 67
3238 3299 67
3238 3300 59
3238 3301 89
3238 3302 1
3238 3303 96
3238 3304 58
3238 3305 39
3238 3306 31
3238 3307 27
1920 3323 90
3308 3309 92
3308 3310 81
3308 3311 30
3308 3312 79
3308 3313 14
3308 3314 76
3308 3315 67
3308 3316 70
3308 3317 49
3308 3318 35
3308 3319 41
3308 3320 70
3308 3321 58
3308 3322 29
3308 3323 50
3308 3324 11
3308 3325 34
3308 3326 47
3308 3327 17
3309 3328 30
3309 3329 61
3309 3330 14
3309 3331 57
3309 3332 19
3309 3333 45
3309 3334 9
3309 3335 45
3309 3336 50
3309 3337 44
3309 3338 30
3309 3339 19
3309 3340 23
3309 3341 16
3309 3342 17
3309 3343 5
3309 3344 78
3309 3345 49
3309 3346 20
3310 3347 41
3310 3348 91
3310 3349 59
3310 3350 1
3310 3351 26
3310 3352 56
3310 3353 30
3310 3354 87
3310 3355 23
3310 3356 47
3310 3357 11
3310 3358 22
3310 3359 32
3310 3360 87
3310 3361 83
3310 3362 23
3310 3363 8
3310 3364 25
3310 3365 29
3311 3366 67
3311 3367 68
3311 3368 80
3311 3369 95
1640 3395 19
3370 3372 96
3371 3372 55
3372 3373 34
3373 3374 58
3374 3375 31
3375 3376 49
3376 3377 50
3377 3378 69
3378 3379 61
3379 3380 17
3380 3381 56
3381 3382 18
3382 3383 36
3383 3384 62
3384 3385 64
3385 3386 100
3386 3387 88
3387 3388 90
3388 3389 55
3389 3390 84
3390 3391 23
3391 3392 93
3392 3393 56
3393 3394 86
3394 3395 59
3395 3396 87
3396 3397 17
3397 3398 58
3398 3399 12
3399 3400 19
3400 3401 14
3401 3402 29
3402 3403 43
3403 3404 6
3404 3405 31
3405 3406 92
3406 3407 100
3407 3408 10
3408 3409 48
3409 3410 38
3410 3411 33
3411 3412 12
3412 3413 80
3413 3414 86
3414 3415 53
3415 3416 86
3416 3417 82
3417 3418 24
3418 3419 30
3419 3420 75
3420 3421 15
3421 3422 28
3422 3423 37
3423 3424 61
3424 3425 67
3425 3426 54
3426 3427 70
3427 3428 42
3428 3429 33
3429 3430 65
3430 3431 17
3431 3432 30
3432 3433 76
3433 3434 67
3372 3434 99
2638 3459 14
3435 3437 82
3436 3437 57
3437 3438 43
3438 3439 63
3439 3440 81
3440 3441 21
3441 3442 46
3442 3443 21
3443 3444 66
3444 3445 40
3445 3446 2
3446 3447 15
3447 3448 60
3448 3449 75
3449 3450 36
3450 3451 48
3451 3452 47
3452 3453 19
3453 3454 10
3454 3455 45
3455 3456 62
3456 3457 19
3457 3458 57
3458 3459 47
3459 3460 83
3460 3461 76
3437 3461 55
1997 3469 66
3462 3463 49
3462 3464 89
3462 3465 54
3462 3466 26
3462 3467 27
3462 3468 94
3462 3469 50
3462 3470 55
3462 3471 81
3462 3472 47
3462 3473 69
3462 3474 59
3462 3475 47
3462 3476 98
3462 3477 60
3462 3478 34
3463 3479 2
3463 3480 96
3463 3481 94
3463 3482 65
3463 3483 4
3463 3484 27
3463 3485 54
3463 3486 88
3463 3487 82
3463 3488 79
3463 3489 47
3463 3490 20
3463 3491 8
3463 3492 72
3463 3493 39
3463 3494 8
3464 3495 70
3464 3496 30
3464 3497 41
3464 3498 35
3464 3499 69
3464 3500 82
3464 3501 86
3464 3502 62
3464 3503 14
3464 3504 62
3464 3505 84
3464 3506 20
3464 3507 77
3464 3508 8
3464 3509 35
3464 3510 7
3465 3511 67
3465 3512 92
3465 3513 71
3465 3514 65
3465 3515 83
3465 3516 41
3465 3517 49
3465 3518 36
3465 3519 10
3465 3520 93
3465 3521 34
3465 3522 21
3465 3523 75
3465 3524 83
3465 3525 34
3465 3526 12
3466 3527 63
3466 3528 69
3466 3529 58
3466 3530 92
3466 3531 49
3466 3532 65
3466 3533 8
3466 3534 67
3466 3535 34
1747 3554 77
3536 3538 26
3537 3584 47
3538 3539 12
3539 3540 6
3540 3541 73
3541 3542 46
3542 3543 12
3543 3544 12
3544 3545 31
3545 3546 13
3546 3547 61
3547 3548 62
3548 3549 2
3549 3550 38
3550 3551 65
3551 3552 31
3552 3553 39
3553 3554 42
3554 3555 51
3555 3556 47
3556 3557 9
3557 3558 72
3558 3559 69
3559 3560 84
3560 3561 69
3561 3562 94
3562 3563 35
3563 3564 89
3564 3565 19
3565 3566 44
3566 3567 43
3567 3568 58
3568 3569 41
3569 3570 35
3570 3571 40
3571 3572 91
3572 3573 50
3573 3574 54
3574 3575 89
3575 3576 31
3576 3577 97
3577 3578 49
3578 3579 64
3579 3580 93
3580 3581 58
3581 3582 99
3582 3583 92
3583 3584 96
3584 3585 30
3585 3586 83
3586 3587 23
3587 3588 16
3588 3589 43
3589 3590 55
3590 3591 100
3591 3592 92
3592 3593 88
3593 3594 99
3594 3595 13
3595 3596 95
3596 3597 51
3597 3598 40
3598 3599 59
3599 3600 85
3600 3601 14
3538 3601 82
2657 3623 94
3602 3603 60
3602 3604 87
3602 3605 14
3602 3606 55
3602 3607 43
3602 3608 24
3602 3609 63
3602 3610 36
3602 3611 68
3603 3612 27
3603 3613 96
3603 3614 80
3603 3615 61
3603 3616 2
3603 3617 98
3603 3618 41
3603 3619 24
3603 3620 70
3604 3621 17
3604 3622 90
3604 3623 17
3604 3624 68
3604 3625 87
3604 3626 85
3604 3627 69
3604 3628 31
3604 3629 100
3605 3630 72
3605 3631 58
3605 3632 20
3605 3633 16
3605 3634 83
3605 3635 49
3605 3636 43
3605 3637 74
3605 3638 6
3606 3639 19
3606 3640 86
3606 3641 87
3606 3642 23
3606 3643 77
3606 3644 23
3606 3645 49
3606 3646 72
3606 3647 65
3607 3648 60
3607 3649 69
3607 3650 53
3607 3651 14
3607 3652 39
3607 3653 40
3607 3654 31
3607 3655 6
2692 3695 94
3656 3658 61
3657 3705 15
3658 3659 14
3659 3660 55
3660 3661 58
3661 3662 47
3662 3663 79
3663 3664 10
3664 3665 99
3665 3666 83
3666 3667 36
3667 3668 14
3668 3669 16
3669 3670 34
3670 3671 96
3671 3672 61
3672 3673 46
3673 3674 77
3674 3675 16
3675 3676 70
3676 3677 66
3677 3678 47
3678 3679 45
3679 3680 61
3680 3681 34
3681 3682 36
3682 3683 93
3683 3684 84
3684 3685 94
3685 3686 97
3686 3687 93
3687 3688 23
3688 3689 72
3689 3690 60
3690 3691 20
3691 3692 74
3692 3693 88
3693 3694 49
3694 3695 65
3695 3696 13
3696 3697 84
3697 3698 60
3698 3699 71
3699 3700 88
3700 3701 37
3701 3702 41
3702 3703 13
3703 3704 96
3704 3705 72
3705 3706 51
3706 3707 22
3707 3708 21
3708 3709 32
3709 3710 26
3710 3711 82
3711 3712 20
3712 3713 24
3713 3714 44
3714 3715 9
3715 3716 13
3716 3717 33
3717 3718 9
3718 3719 54
3719 3720 52
3720 3721 56
3721 3722 16
3722 3723 49
3723 3724 76
3724 3725 31
3725 3726 44
3726 3727 74
3727 3728 95
3728 3729 55
3729 3730 95
3730 3731 74
3731 3732 71
3732 3733 11
3658 3733 9
1328 3768 54
3734 3736 31
3735 3792 39
3736 3737 34
3737 3738 100
3738 3739 9
3739 3740 2
3740 3741 37
3741 3742 45
3742 3743 65
3743 3744 4
3744 3745 65
3745 3746 94
3746 3747 1
3747 3748 47
3748 3749 18
3749 3750 37
3750 3751 56
3751 3752 34
3752 3753 84
3753 3754 31
3754 3755 6
3755 3756 49
3756 3757 31
3757 3758 62
3758 3759 25
3759 3760 73
3760 3761 18
3761 3762 99
3762 3763 36
3763 3764 53
3764 3765 44
3765 3766 55
3766 3767 100
3767 3768 12
3768 3769 11
3769 3770 14
3770 3771 56
3771 3772 65
3772 3773 68
3773 3774 52
3774 3775 76
3775 3776 74
3776 3777 62
3777 3778 24
3778 3779 24
3779 3780 64
3780 3781 66
3781 3782 36
3782 3783 98
3783 3784 82
3784 3785 44
3785 3786 52
3786 3787 69
3787 3788 17
3788 3789 5
3789 3790 60
3790 3791 36
3791 3792 32
3792 3793 15
3793 3794 88
3794 3795 12
3795 3796 64
3796 3797 49
3736 3797 4
2812 3823 3
3798 3800 50
3799 3800 18
3800 3801 37
3801 3802 89
3802 3803 66
3803 3804 18
3804 3805 75
3805 3806 13
3806 3807 1
3807 3808 49
3808 3809 37
3809 3810 50
3810 3811 32
3811 3812 94
3812 3813 99
3813 3814 72
3814 3815 84
3815 3816 54
3816 3817 100
3817 3818 10
3818 3819 55
3819 3820 30
3820 3821 47
3821 3822 100
3822 3823 95
3823 3824 58
3824 3825 33
3825 3826 71
3826 3827 100
3827 3828 44
3828 3829 84
3829 3830 52
3830 3831 84
3831 3832 39
3832 3833 35
3833 3834 37
3834 3835 92
3835 3836 58
3800 3836 81
665 3882 83
3837 3838 90
3837 3839 92
3837 3840 48
3837 3841 12
3837 3842 46
3837 3843 24
3837 3844 49
3837 3845 19
3837 3846 81
3837 3847 96
3837 3848 77
3837 3849 41
3838 3850 91
3838 3851 99
3838 3852 88
3838 3853 28
3838 3854 63
3838 3855 89
3838 3856 21
3838 3857 11
3838 3858 49
3838 3859 20
3838 3860 62
3838 3861 13
3839 3862 30
3839 3863 52
3839 3864 88
3839 3865 2
3839 3866 48
3839 3867 68
3839 3868 23
3839 3869 65
3839 3870 42
3839 3871 61
3839 3872 79
3839 3873 53
3840 3874 15
3840 3875 8
3840 3876 8
3840 3877 27
3840 3878 65
3840 3879 50
3840 3880 56
3840 3881 59
3840 3882 68
1220 3883 90
3883 3884 40
3883 3885 70
3883 3886 7
3883 3887 23
3884 3888 1
3884 3889 29
3884 3890 45
3884 3891 19
3885 3892 66
3885 3893 98
3885 3894 50
3885 3895 87
3886 3896 30
3886 3897 98
3886 3898 16
3886 3899 19
3887 3900 89
3887 3901 75
3887 3902 5
3887 3903 32
3888 3904 23
3888 3905 93
3888 3906 45
3888 3907 51
3889 3908 25
3889 3909 70
3889 3910 60
3889 3911 93
3890 3912 77
3890 3913 21
3890 3914 38
3890 3915 65
3891 3916 74
3891 3917 88
3891 3918 76
3891 3919 31
3892 3920 47
3892 3921 80
3892 3922 22
3892 3923 50
1080 3933 51
3924 3925 83
3924 3926 11
3924 3927 81
3924 3928 82
3924 3929 86
3924 3930 48
3924 3931 44
3924 3932 11
3924 3933 17
3924 3934 20
3924 3935 17
3925 3936 59
3925 3937 76
3925 3938 5
3925 3939 39
3925 3940 92
3925 3941 63
3925 3942 37
3925 3943 11
3925 3944 66
3925 3945 93
3925 3946 53
3926 3947 74
3926 3948 59
3926 3949 23
3926 3950 23
3926 3951 63
3926 3952 69
3926 3953 35
3926 3954 37
3926 3955 41
3926 3956 84
3926 3957 16
3927 3958 84
3927 3959 42
3927 3960 20
3927 3961 78
3927 3962 71
3927 3963 38
3927 3964 69
3927 3965 42
3927 3966 63
3927 3967 99
3927 3968 37
3928 3969 4
3928 3970 45
1367 4000 48
3971 3973 63
3972 3973 68
3973 3974 40
3974 3975 53
3975 3976 99
3976 3977 65
3977 3978 70
3978 3979 32
3979 3980 11
3980 3981 82
3981 3982 12
3982 3983 36
3983 3984 67
3984 3985 67
3985 3986 80
3986 3987 7
3987 3988 48
3988 3989 85
3989 3990 3
3990 3991 20
3991 3992 70
3992 3993 11
3993 3994 54
3994 3995 51
3995 3996 68
3996 3997 29
3997 3998 88
3998 3999 74
3999 4000 59
4000 4001 53
4001 4002 61
4002 4003 76
4003 4004 13
4004 4005 39
4005 4006 81
4006 4007 53
4007 4008 1
4008 4009 97
4009 4010 7
4010 4011 4
4011 4012 64
4012 4013 75
4013 4014 97
4014 4015 90
4015 4016 51
4016 4017 42
4017 4018 57
4018 4019 17
4019 4020 67
4020 4021 23
4021 4022 19
4022 4023 81
4023 4024 29
4024 4025 30
4025 4026 84
4026 4027 20
4027 4028 73
4028 4029 70
4029 4030 54
4030 4031 49
4031 4032 100
3973 4032 38
2620 4035 73
4033 4035 50
4034 4035 77
4035 4036 42
4036 4037 81
4037 4038 43
4038 4039 25
4039 4040 6
4040 4041 30
4041 4042 36
4042 4043 96
4043 4044 36
4044 4045 39
4045 4046 33
4046 4047 51
4047 4048 17
4048 4049 20
4049 4050 75
4050 4051 69
4051 4052 95
4052 4053 60
4053 4054 7
4054 4055 30
4055 4056 35
4056 4057 68
4057 4058 2
4058 4059 46
4059 4060 90
4060 4061 54
4061 4062 16
4062 4063 40
4063 4064 30
4064 4065 69
4065 4066 29
4066 4067 69
4067 4068 97
4068 4069 50
4069 4070 87
4070 4071 24
4071 4072 23
4072 4073 75
4073 4074 9
4074 4075 83
4075 4076 9
4076 4077 61
4077 4078 40
4078 4079 78
4079 4080 51
4080 4081 37
4081 4082 43
4035 4082 39
3813 4099 62
4083 4085 82
4084 4095 25
4085 4086 24
4086 4087 72
4087 4088 59
4088 4089 3
4089 4090 48
4090 4091 94
4091 4092 82
4092 4093 66
4093 4094 25
4094 4095 45
4095 4096 47
4096 4097 30
4097 4098 69
4098 4099 70
4099 4100 51
4100 4101 56
4101 4102 90
4102 4103 8
4103 4104 20
4104 4105 16
4105 4106 92
4106 4107 90
4107 4108 25
4108 4109 43
4109 4110 2
4110 4111 65
4111 4112 38
4112 4113 62
4113 4114 9
4114 4115 24
4115 4116 7
4116 4117 18
4117 4118 44
4118 4119 5
4119 4120 99
4120 4121 34
4121 4122 82
4122 4123 22
4123 4124 20
4124 4125 28
4125 4126 54
4126 4127 93
4127 4128 55
4128 4129 96
4129 4130 5
4130 4131 77
4131 4132 55
4132 4133 55
4133 4134 85
4134 4135 2
4135 4136 26
4136 4137 100
4137 4138 24
4138 4139 96
4139 4140 61
4140 4141 27
4141 4142 60
4142 4143 63
4143 4144 57
4144 4145 89
4145 4146 82
4146 4147 89
4147 4148 9
4148 4149 62
4149 4150 82
4150 4151 80
4151 4152 32
4152 4153 23
4085 4153 7
1538 4162 94
4154 4156 88
4155 4156 10
4156 4157 23
4157 4158 39
4158 4159 26
4159 4160 94
4160 4161 80
4161 4162 54
4162 4163 67
4163 4164 55
4164 4165 40
4165 4166 1
4166 4167 68
4167 4168 54
4168 4169 97
4169 4170 55
4170 4171 15
4171 4172 27
4172 4173 95
4173 4174 47
4174 4175 54
4175 4176 66
4176 4177 17
4177 4178 35
4178 4179 60
4179 4180 43
4180 4181 34
4181 4182 1
4182 4183 81
4183 4184 64
4184 4185 16
4185 4186 53
4186 4187 76
4187 4188 43
4188 4189 33
4189 4190 56
4190 4191 65
4191 4192 40
4192 4193 51
4193 4194 44
4194 4195 83
4195 4196 82
4196 4197 61
4197 4198 54
4198 4199 54
4199 4200 12
4200 4201 85
4201 4202 10
4202 4203 64
4203 4204 8
4204 4205 14
4205 4206 39
4206 4207 11
4207 4208 65
4208 4209 77
4209 4210 7
4210 4211 64
4211 4212 16
4212 4213 65
4213 4214 61
4214 4215 59
4215 4216 47
4216 4217 76
4217 4218 21
4218 4219 69
4219 4220 4
4220 4221 24
4221 4222 65
4222 4223 36
4223 4224 55
4224 4225 46
4225 4226 32
4226 4227 34
4227 4228 44
4228 4229 52
4229 4230 66
4230 4231 57
4231 4232 1
4156 4232 55
1549 4233 56
4233 4234 100
4233 4235 51
4233 4236 32
4233 4237 34
4233 4238 39
4233 4239 30
4233 4240 36
4233 4241 99
4233 4242 70
4233 4243 29
4233 4244 22
4233 4245 61
4233 4246 70
4233 4247 61
4233 4248 93
4234 4249 32
4234 4250 54
4234 4251 49
4234 4252 21
4234 4253 6
4234 4254 38
4234 4255 16
4234 4256 42
4234 4257 1
4234 4258 67
4234 4259 92
4234 4260 34
4234 4261 87
4234 4262 67
4234 4263 83
4235 4264 40
4235 4265 58
4235 4266 66
4235 4267 40
4235 4268 22
4235 4269 77
4235 4270 36
3645 4294 97
4271 4273 48
4272 4273 58
4273 4274 40
4274 4275 85
4275 4276 84
4276 4277 72
4277 4278 45
4278 4279 86
4279 4280 81
4280 4281 44
4281 4282 91
4282 4283 97
4283 4284 2
4284 4285 87
4285 4286 28
4286 4287 83
4287 4288 15
4288 4289 77
4289 4290 33
4290 4291 45
4291 4292 46
4292 4293 69
4293 4294 7
4294 4295 85
4295 4296 38
4296 4297 39
4297 4298 24
4298 4299 85
4299 4300 40
4300 4301 52
4301 4302 8
4302 4303 96
4273 4303 86
2379 4324 35
4304 4305 48
4304 4306 89
4304 4307 98
4304 4308 47
4304 4309 57
4305 4310 25
4305 4311 63
4305 4312 43
4305 4313 18
4305 4314 77
4306 4315 44
4306 4316 7
4306 4317 8
4306 4318 48
4306 4319 39
4307 4320 90
4307 4321 48
4307 4322 93
4307 4323 70
4307 4324 59
4308 4325 30
4308 4326 55
4308 4327 55
4308 4328 8
4308 4329 83
4309 4330 23
4309 4331 66
4309 4332 78
4309 4333 94
4309 4334 60
4310 4335 31
4310 4336 37
4310 4337 30
4310 4338 50
4310 4339 21
4311 4340 77
4311 4341 26
4311 4342 99
4311 4343 98
4311 4344 27
4312 4345 98
4312 4346 96
868 4361 22
4347 4349 60
4348 4382 16
4349 4350 97
4350 4351 7
4351 4352 89
4352 4353 96
4353 4354 84
4354 4355 36
4355 4356 59
4356 4357 75
4357 4358 37
4358 4359 40
4359 4360 39
4360 4361 13
4361 4362 71
4362 4363 25
4363 4364 69
4364 4365 58
4365 4366 20
4366 4367 75
4367 4368 19
4368 4369 55
4369 4370 34
4370 4371 90
4371 4372 91
4372 4373 100
4373 4374 52
4374 4375 49
4375 4376 64
4376 4377 27
4377 4378 57
4378 4379 22
4379 4380 50
4380 4381 90
4381 4382 50
4382 4383 13
4383 4384 93
4384 4385 22
4385 4386 57
4386 4387 5
4387 4388 59
4388 4389 76
4389 4390 39
4390 4391 80
4349 4391 95
399 4412 55
4392 4394 40
4393 4397 71
4394 4395 6
4395 4396 25
4396 4397 66
4397 4398 58
4398 4399 48
4399 4400 75
4400 4401 1
4401 4402 30
4402 4403 71
4403 4404 69
4404 4405 30
4405 4406 50
4406 4407 53
4407 4408 100
4408 4409 77
4409 4410 61
4410 4411 38
4411 4412 33
4412 4413 49
4413 4414 84
4414 4415 44
4415 4416 44
4416 4417 76
4417 4418 25
4418 4419 47
4419 4420 67
4420 4421 5
4394 4421 14
655 4466 14
4422 4423 34
4422 4424 33
4422 4425 70
4422 4426 2
4422 4427 8
4422 4428 73
4422 4429 30
4422 4430 16
4422 4431 50
4422 4432 79
4422 4433 11
4422 4434 88
4422 4435 35
4422 4436 88
4422 4437 90
4422 4438 37
4422 4439 71
4422 4440 15
4422 4441 32
4422 4442 19
4422 4443 61
4422 4444 11
4422 4445 47
4422 4446 18
4422 4447 3
4422 4448 72
4422 4449 30
4422 4450 89
4422 4451 69
4422 4452 4
4422 4453 47
4422 4454 34
4422 4455 19
4422 4456 20
4422 4457 8
4423 4458 19
4423 4459 100
4423 4460 40
4423 4461 32
4423 4462 22
4423 4463 3
4423 4464 76
4423 4465 46
4423 4466 14
4423 4467 24
4423 4468 35
4423 4469 91
4423 4470 96
4423 4471 4
4423 4472 51
4423 4473 60
4423 4474 54
4423 4475 3
4423 4476 25
4423 4477 29
4423 4478 6
4423 4479 77
4423 4480 71
4423 4481 28
4423 4482 1
4423 4483 66
4423 4484 79
4423 4485 57
4423 4486 53
4423 4487 65
4423 4488 7
4423 4489 24
4423 4490 14
4423 4491 61
4423 4492 29
4424 4493 37
4424 4494 13
4424 4495 72
4424 4496 55
4424 4497 33
4424 4498 79
4424 4499 95
4424 4500 55
2775 4503 66
4501 4503 69
4502 4525 61
4503 4504 15
4504 4505 93
4505 4506 24
4506 4507 38
4507 4508 89
4508 4509 7
4509 4510 35
4510 4511 44
4511 4512 97
4512 4513 87
4513 4514 84
4514 4515 65
4515 4516 23
4516 4517 72
4517 4518 45
4518 4519 64
4519 4520 26
4520 4521 39
4521 4522 21
4522 4523 70
4523 4524 37
4524 4525 93
4525 4526 8
4526 4527 46
4527 4528 1
4528 4529 27
4529 4530 34
4530 4531 6
4531 4532 91
4532 4533 20
4503 4533 2
2614 4551 20
4534 4536 59
4535 4536 90
4536 4537 56
4537 4538 11
4538 4539 50
4539 4540 45
4540 4541 16
4541 4542 16
4542 4543 65
4543 4544 68
4544 4545 78
4545 4546 40
4546 4547 68
4547 4548 26
4548 4549 55
4549 4550 61
4550 4551 41
4551 4552 100
4552 4553 33
4553 4554 91
4554 4555 48
4555 4556 28
4556 4557 1
4557 4558 59
4558 4559 19
4559 4560 43
4560 4561 35
4561 4562 95
4562 4563 61
4563 4564 71
4564 4565 49
4565 4566 82
4566 4567 80
4567 4568 73
4568 4569 56
4569 4570 7
4570 4571 97
4571 4572 76
4572 4573 44
4573 4574 8
4574 4575 42
4575 4576 49
4576 4577 32
4577 4578 88
4578 4579 79
4579 4580 45
4580 4581 92
4581 4582 27
4582 4583 10
4583 4584 36
4584 4585 84
4585 4586 85
4586 4587 53
4587 4588 68
4588 4589 4
4589 4590 32
4590 4591 39
4591 4592 70
4592 4593 79
4593 4594 29
4594 4595 34
4595 4596 35
4596 4597 44
4597 4598 66
4598 4599 97
4599 4600 9
4600 4601 33
4601 4602 31
4602 4603 32
4603 4604 47
4604 4605 21
4605 4606 65
4606 4607 95
4607 4608 42
4608 4609 58
4609 4610 44
4536 4610 60
208 4617 35
4611 4613 33
4612 4613 38
4613 4614 55
4614 4615 83
4615 4616 52
4616 4617 30
4617 4618 60
4618 4619 18
4619 4620 73
4620 4621 70
4621 4622 6
4622 4623 32
4623 4624 48
4624 4625 87
4625 4626 51
4626 4627 28
4627 4628 79
4628 4629 23
4629 4630 21
4630 4631 7
4631 4632 31
4632 4633 58
4633 4634 91
4613 4634 40
1143 4659 67
4635 4637 67
4636 4637 33
4637 4638 22
4638 4639 4
4639 4640 61
4640 4641 41
4641 4642 38
4642 4643 61
4643 4644 17
4644 4645 89
4645 4646 64
4646 4647 48
4647 4648 84
4648 4649 67
4649 4650 76
4650 4651 21
4651 4652 26
4652 4653 18
4653 4654 15
4654 4655 4
4655 4656 65
4656 4657 25
4657 4658 9
4658 4659 92
4659 4660 28
4660 4661 71
4661 4662 35
4662 4663 98
4663 4664 26
4664 4665 31
4665 4666 19
4666 4667 17
4667 4668 45
4668 4669 73
4669 4670 82
4670 4671 29
4671 4672 32
4672 4673 68
4673 4674 89
4674 4675 90
4675 4676 74
4676 4677 42
4677 4678 11
4678 4679 24
4679 4680 4
4680 4681 9
4681 4682 21
4682 4683 2
4683 4684 4
4684 4685 34
4685 4686 56
4686 4687 43
4687 4688 63
4688 4689 65
4689 4690 16
4690 4691 49
4691 4692 12
4692 4693 65
4693 4694 83
4694 4695 11
4695 4696 7
4696 4697 84
4637 4697 66
2675 4743 3
4698 4700 21
4699 4709 13
4700 4701 39
4701 4702 34
4702 4703 48
4703 4704 64
4704 4705 27
4705 4706 52
4706 4707 62
4707 4708 39
4708 4709 1
4709 4710 17
4710 4711 54
4711 4712 14
4712 4713 100
4713 4714 59
4714 4715 68
4715 4716 15
4716 4717 18
4717 4718 59
4718 4719 50
4719 4720 60
4720 4721 63
4721 4722 43
4722 4723 31
4723 4724 19
4724 4725 1
4725 4726 48
4726 4727 76
4727 4728 4
4728 4729 64
4729 4730 22
4730 4731 32
4731 4732 85
4732 4733 21
4733 4734 32
4734 4735 95
4735 4736 28
4736 4737 96
4737 4738 48
4738 4739 77
4739 4740 40
4740 4741 13
4741 4742 63
4742 4743 68
4743 4744 37
4744 4745 32
4745 4746 30
4746 4747 74
4747 4748 4
4748 4749 13
4749 4750 71
4750 4751 83
4751 4752 56
4752 4753 88
4753 4754 37
4700 4754 55
4512 4761 79
4755 4757 68
4756 4777 73
4757 4758 72
4758 4759 60
4759 4760 81
4760 4761 43
4761 4762 22
4762 4763 2
4763 4764 4
4764 4765 9
4765 4766 32
4766 4767 99
4767 4768 38
4768 4769 54
4769 4770 67
4770 4771 1
4771 4772 31
4772 4773 46
4773 4774 45
4774 4775 61
4775 4776 97
4776 4777 83
4777 4778 70
4778 4779 75
4779 4780 36
4780 4781 44
4781 4782 68
4757 4782 59
1913 4807 7
4783 4784 45
4783 4785 81
4783 4786 33
4783 4787 38
4783 4788 43
4783 4789 39
4783 4790 73
4783 4791 95
4783 4792 73
4783 4793 11
4783 4794 27
4784 4795 16
4784 4796 59
4784 4797 48
4784 4798 79
4784 4799 35
4784 4800 23
4784 4801 86
4784 4802 30
4784 4803 60
4784 4804 31
4784 4805 76
4785 4806 59
4785 4807 52
248 4832 39
4808 4810 82
4809 4810 72
4810 4811 69
4811 4812 8
4812 4813 9
4813 4814 4
4814 4815 35
4815 4816 2
4816 4817 79
4817 4818 91
4818 4819 93
4819 4820 32
4820 4821 63
4821 4822 83
4822 4823 14
4823 4824 23
4824 4825 38
4825 4826 61
4826 4827 4
4827 4828 55
4828 4829 52
4829 4830 73
4830 4831 87
4831 4832 3
4832 4833 47
4833 4834 53
4834 4835 36
4835 4836 67
4836 4837 82
4837 4838 4
4838 4839 55
4839 4840 28
4840 4841 65
4841 4842 40
4842 4843 81
4843 4844 59
4844 4845 5
4845 4846 65
4846 4847 18
4847 4848 7
4848 4849 21
4849 4850 27
4810 4850 24
4593 4882 9
4851 4853 76
4852 4904 29
4853 4854 73
4854 4855 45
4855 4856 84
4856 4857 88
4857 4858 37
4858 4859 8
4859 4860 66
4860 4861 29
4861 4862 13
4862 4863 94
4863 4864 27
4864 4865 16
4865 4866 80
4866 4867 51
4867 4868 20
4868 4869 96
4869 4870 70
4870 4871 19
4871 4872 50
4872 4873 96
4873 4874 18
4874 4875 10
4875 4876 58
4876 4877 52
4877 4878 100
4878 4879 51
4879 4880 49
4880 4881 59
4881 4882 3
4882 4883 99
4883 4884 62
4884 4885 13
4885 4886 86
4886 4887 55
4887 4888 9
4888 4889 6
4889 4890 76
4890 4891 38
4891 4892 47
4892 4893 81
4893 4894 80
4894 4895 83
4895 4896 78
4896 4897 23
4897 4898 46
4898 4899 10
4899 4900 62
4900 4901 99
4901 4902 67
4902 4903 42
4903 4904 26
4904 4905 81
4905 4906 1
4906 4907 67
4907 4908 96
4908 4909 75
4909 4910 61
4910 4911 34
4911 4912 95
4912 4913 40
4913 4914 82
4914 4915 51
4915 4916 32
4916 4917 27
4917 4918 26
4918 4919 93
4919 4920 56
4853 4920 66
81
3692 1642
4514 1207
3765 1108
527 408
1742 1377
4724 1570
778 1910
4117 1174
872 203
898 1746
2689 811
2348 797
1825 1768
4429 1214
4574 1866
4405 866
3725 62
648 1583
2973 1844
1493 256
2223 1835
1423 193
566 1821
2129 727
3430 1465
2726 1305
2509 547
2740 1366
3772 1910
1641 271
1180 165
3561 616
3789 514
1187 1804
1744 558
2581 1343
473 1005
1554 1408
3589 850
181 872
4352 1363
156 1310
1106 232
3516 210
3184 373
4206 595
2659 1137
3772 1182
3899 639
2716 1625
1632 421
1489 902
2362 730
2319 1814
3180 60
3503 1211
3545 111
1398 1
195 751
2288 1737
3840 1397
2599 824
2811 539
1781 987
1793 974
1066 1047
4647 1598
4530 1588
1454 252
3986 1369
3465 1869
812 1374
3673 1851
936 590
2513 1028
4397 1371
4138 1479
1005 1506
3259 1623
2730 1082
662 852
