5841 5847
1 3 49
2 365 13
3 4 91
4 5 50
5 6 65
6 7 4
7 8 19
8 9 19
9 10 15
10 11 55
11 12 91
12 13 16
13 14 82
14 15 61
15 16 69
16 17 2
17 18 75
18 19 76
19 20 75
20 21 95
21 22 64
22 23 31
23 24 25
24 25 58
25 26 42
26 27 47
27 28 28
28 29 12
29 30 58
30 31 33
31 32 86
32 33 87
33 34 17
34 35 2
35 36 86
36 37 29
37 38 78
38 39 73
39 40 61
40 41 30
41 42 58
42 43 98
43 44 20
44 45 30
45 46 47
46 47 64
47 48 64
48 49 87
49 50 15
50 51 62
51 52 95
52 53 55
53 54 27
54 55 95
55 56 48
56 57 65
57 58 53
58 59 8
59 60 71
60 61 61
61 62 91
62 63 79
63 64 63
64 65 4
65 66 4
66 67 77
67 68 3
68 69 39
69 70 29
70 71 30
71 72 96
72 73 21
73 74 42
74 75 54
75 76 41
76 77 22
77 78 35
78 79 100
79 80 75
80 81 64
81 82 65
82 83 12
83 84 1
84 85 81
85 86 3
86 87 36
87 88 56
88 89 61
89 90 79
90 91 72
91 92 91
92 93 75
93 94 50
94 95 33
95 96 91
96 97 74
97 98 24
98 99 3
99 100 77
100 101 40
101 102 43
102 103 6
103 104 51
104 105 9
105 106 42
106 107 1
107 108 22
108 109 12
109 110 37
110 111 27
111 112 35
112 113 44
113 114 71
114 115 66
115 116 48
116 117 44
117 118 53
118 119 28
119 120 68
120 121 9
121 122 83
122 123 32
123 124 48
124 125 100
125 126 41
126 127 55
127 128 36
128 129 17
129 130 55
130 131 50
131 132 31
132 133 94
133 134 46
134 135 48
135 136 96
136 137 6
137 138 48
138 139 17
139 140 17
140 141 2
141 142 42
142 143 82
143 144 75
144 145 28
145 146 6
146 147 91
147 148 66
148 149 45
149 150 46
150 151 58
151 152 78
152 153 48
153 154 31
154 155 84
155 156 47
156 157 46
157 158 68
158 159 57
159 160 94
160 161 99
161 162 7
162 163 57
163 164 26
164 165 42
165 166 1
166 167 80
167 168 94
168 169 26
169 170 95
170 171 80
171 172 58
172 173 71
173 174 33
174 175 32
175 176 42
176 177 70
177 178 42
178 179 15
179 180 19
180 181 94
181 182 35
182 183 24
183 184 32
184 185 7
185 186 14
186 187 90
187 188 67
188 189 89
189 190 43
190 191 39
191 192 82
192 193 28
193 194 98
194 195 61
195 196 17
196 197 6
197 198 36
198 199 68
199 200 56
200 201 56
201 202 99
202 203 74
203 204 2
204 205 34
205 206 65
206 207 38
207 208 30
208 209 76
209 210 39
210 211 42
211 212 60
212 213 1
213 214 24
214 215 92
215 216 80
216 217 58
217 218 35
218 219 94
219 220 38
220 221 14
221 222 95
222 223 51
223 224 17
224 225 44
225 226 80
226 227 69
227 228 83
228 229 75
229 230 63
230 231 3
231 232 27
232 233 94
233 234 71
234 235 47
235 236 18
236 237 9
237 238 100
238 239 8
239 240 38
240 241 7
241 242 48
242 243 29
243 244 45
244 245 58
245 246 29
246 247 29
247 248 64
248 249 14
249 250 38
250 251 96
251 252 36
252 253 6
253 254 63
254 255 84
255 256 86
256 257 54
257 258 65
258 259 92
259 260 49
260 261 64
261 262 41
262 263 47
263 264 63
264 265 29
265 266 2
266 267 32
267 268 61
268 269 44
269 270 77
270 271 21
271 272 76
272 273 25
273 274 25
274 275 78
275 276 82
276 277 47
277 278 78
278 279 31
279 280 24
280 281 23
281 282 56
282 283 61
283 284 41
284 285 3
285 286 5
286 287 8
287 288 70
288 289 62
289 290 9
290 291 51
291 292 1
292 293 16
293 294 2
294 295 91
295 296 22
296 297 80
297 298 76
298 299 28
299 300 98
300 301 67
301 302 55
302 303 40
303 304 35
304 305 36
305 306 68
306 307 92
307 308 45
308 309 89
309 310 12
310 311 45
311 312 95
312 313 46
313 314 71
314 315 73
315 316 85
316 317 61
317 318 66
318 319 7
319 320 68
320 321 49
321 322 15
322 323 61
323 324 22
324 325 69
325 326 91
326 327 49
327 328 56
328 329 52
329 330 34
330 331 100
331 332 50
332 333 11
333 334 45
334 335 62
335 336 60
336 337 97
337 338 26
338 339 12
339 340 9
340 341 65
341 342 31
342 343 79
343 344 50
344 345 42
345 346 36
346 347 29
347 348 51
348 349 1
349 350 100
350 351 3
351 352 5
352 353 98
353 354 9
354 355 72
355 356 71
356 357 59
357 358 46
358 359 44
359 360 59
360 361 57
361 362 61
362 363 93
363 364 39
364 365 67
365 366 42
366 367 64
367 368 10
368 369 40
369 370 30
370 371 84
371 372 39
372 373 82
373 374 13
374 375 11
375 376 86
376 377 75
377 378 47
378 379 68
379 380 67
380 381 26
381 382 59
382 383 23
383 384 33
384 385 30
385 386 8
386 387 66
3 387 96
368 574 3
388 390 1
389 1137 17
390 391 25
391 392 18
392 393 80
393 394 34
394 395 11
395 396 30
396 397 90
397 398 85
398 399 53
399 400 17
400 401 75
401 402 29
402 403 60
403 404 60
404 405 70
405 406 7
406 407 4
407 408 74
408 409 61
409 410 28
410 411 92
411 412 34
412 413 59
413 414 52
414 415 35
415 416 78
416 417 26
417 418 56
418 419 32
419 420 32
420 421 27
421 422 38
422 423 32
423 424 66
424 425 99
425 426 99
426 427 4
427 428 4
428 429 23
429 430 30
430 431 29
431 432 14
432 433 20
433 434 30
434 435 100
435 436 94
436 437 42
437 438 26
438 439 87
439 440 67
440 441 73
441 442 21
442 443 17
443 444 9
444 445 66
445 446 38
446 447 60
447 448 99
448 449 39
449 450 82
450 451 85
451 452 49
452 453 42
453 454 82
454 455 53
455 456 58
456 457 13
457 458 49
458 459 72
459 460 42
460 461 11
461 462 34
462 463 21
463 464 87
464 465 5
465 466 91
466 467 63
467 468 29
468 469 98
469 470 1
470 471 93
471 472 55
472 473 95
473 474 84
474 475 42
475 476 53
476 477 59
477 478 11
478 479 45
479 480 78
480 481 49
481 482 36
482 483 20
483 484 75
484 485 81
485 486 54
486 487 34
487 488 63
488 489 59
489 490 81
490 491 60
491 492 2
492 493 62
493 494 47
494 495 20
495 496 68
496 497 31
497 498 70
498 499 82
499 500 74
500 501 49
501 502 4
502 503 39
503 504 67
504 505 100
505 506 53
506 507 98
507 508 97
508 509 37
509 510 79
510 511 90
511 512 81
512 513 91
513 514 93
514 515 55
515 516 44
516 517 5
517 518 59
518 519 31
519 520 65
520 521 44
521 522 63
522 523 39
523 524 61
524 525 25
525 526 97
526 527 76
527 528 12
528 529 4
529 530 3
530 531 46
531 532 64
532 533 69
533 534 44
534 535 4
535 536 78
536 537 49
537 538 21
538 539 88
539 540 92
540 541 92
541 542 33
542 543 55
543 544 19
544 545 47
545 546 61
546 547 97
547 548 5
548 549 75
549 550 16
550 551 33
551 552 84
552 553 12
553 554 47
554 555 50
555 556 48
556 557 35
557 558 4
558 559 22
559 560 54
560 561 70
561 562 80
562 563 79
563 564 34
564 565 71
565 566 84
566 567 41
567 568 13
568 569 100
569 570 34
570 571 80
571 572 79
572 573 53
573 574 27
574 575 88
575 576 8
576 577 42
577 578 85
578 579 39
579 580 75
580 581 19
581 582 69
582 583 14
583 584 65
584 585 9
585 586 24
586 587 18
587 588 90
588 589 93
589 590 55
590 591 49
591 592 80
592 593 91
593 594 33
594 595 17
595 596 40
596 597 34
597 598 32
598 599 85
599 600 35
600 601 75
601 602 55
602 603 82
603 604 59
604 605 48
605 606 35
606 607 98
607 608 54
608 609 31
609 610 61
610 611 27
611 612 3
612 613 17
613 614 91
614 615 92
615 616 73
616 617 52
617 618 48
618 619 69
619 620 54
620 621 13
621 622 29
622 623 27
623 624 64
624 625 84
625 626 71
626 627 79
627 628 21
628 629 67
629 630 1
630 631 99
631 632 52
632 633 44
633 634 31
634 635 53
635 636 36
636 637 61
637 638 39
638 639 74
639 640 72
640 641 66
641 642 80
642 643 32
643 644 24
644 645 86
645 646 9
646 647 68
647 648 68
648 649 75
649 650 58
650 651 18
651 652 95
652 653 51
653 654 22
654 655 78
655 656 9
656 657 12
657 658 81
658 659 5
659 660 83
660 661 50
661 662 69
662 663 69
663 664 39
664 665 19
665 666 54
666 667 71
667 668 16
668 669 60
669 670 20
670 671 67
671 672 51
672 673 55
673 674 66
674 675 12
675 676 86
676 677 63
677 678 95
678 679 88
679 680 71
680 681 48
681 682 96
682 683 78
683 684 44
684 685 69
685 686 100
686 687 52
687 688 84
688 689 11
689 690 35
690 691 38
691 692 51
692 693 24
693 694 35
694 695 83
695 696 78
696 697 11
697 698 18
698 699 10
699 700 34
700 701 26
701 702 66
702 703 83
703 704 73
704 705 52
705 706 22
706 707 37
707 708 39
708 709 21
709 710 67
710 711 46
711 712 22
712 713 45
713 714 28
714 715 89
715 716 41
716 717 6
717 718 28
718 719 99
719 720 49
720 721 82
721 722 75
722 723 47
723 724 36
724 725 34
725 726 52
726 727 72
727 728 24
728 729 66
729 730 20
730 731 6
731 732 16
732 733 12
733 734 29
734 735 27
735 736 9
736 737 72
737 738 30
738 739 41
739 740 2
740 741 42
741 742 48
742 743 30
743 744 90
744 745 88
745 746 92
746 747 19
747 748 9
748 749 20
749 750 55
750 751 73
751 752 39
752 753 60
753 754 25
754 755 55
755 756 91
756 757 23
757 758 16
758 759 39
759 760 43
760 761 78
761 762 63
762 763 99
763 764 79
764 765 81
765 766 71
766 767 26
767 768 79
768 769 23
769 770 77
770 771 54
771 772 61
772 773 9
773 774 91
774 775 100
775 776 51
776 777 91
777 778 39
778 779 37
779 780 28
780 781 66
781 782 16
782 783 29
783 784 36
784 785 14
785 786 78
786 787 57
787 788 69
788 789 29
789 790 6
790 791 91
791 792 79
792 793 33
793 794 14
794 795 98
795 796 52
796 797 13
797 798 48
798 799 2
799 800 78
800 801 61
801 802 44
802 803 25
803 804 54
804 805 71
805 806 85
806 807 66
807 808 79
808 809 6
809 810 63
810 811 75
811 812 88
812 813 29
813 814 98
814 815 66
815 816 96
816 817 1
817 818 6
818 819 46
819 820 46
820 821 13
821 822 96
822 823 95
823 824 99
824 825 96
825 826 77
826 827 64
827 828 80
828 829 50
829 830 5
830 831 25
831 832 6
832 833 56
833 834 39
834 835 93
835 836 55
836 837 72
837 838 9
838 839 76
839 840 6
840 841 14
841 842 68
842 843 37
843 844 53
844 845 11
845 846 44
846 847 95
847 848 13
848 849 84
849 850 1
850 851 10
851 852 10
852 853 65
853 854 52
854 855 43
855 856 82
856 857 49
857 858 50
858 859 54
859 860 50
860 861 83
861 862 56
862 863 57
863 864 2
864 865 49
865 866 67
866 867 61
867 868 79
868 869 76
869 870 93
870 871 2
871 872 37
872 873 49
873 874 50
874 875 11
875 876 30
876 877 16
877 878 88
878 879 21
879 880 60
880 881 22
881 882 45
882 883 42
883 884 76
884 885 23
885 886 25
886 887 94
887 888 91
888 889 26
889 890 80
890 891 62
891 892 82
892 893 86
893 894 84
894 895 18
895 896 71
896 897 80
897 898 59
898 899 59
899 900 7
900 901 25
901 902 22
902 903 25
903 904 25
904 905 17
905 906 56
906 907 34
907 908 3
908 909 56
909 910 95
910 911 14
911 912 16
912 913 15
913 914 57
914 915 77
915 916 57
916 917 75
917 918 2
918 919 1
919 920 71
920 921 81
921 922 56
922 923 94
923 924 28
924 925 63
925 926 66
926 927 36
927 928 91
928 929 71
929 930 56
930 931 44
931 932 20
932 933 14
933 934 75
934 935 17
935 936 39
936 937 3
937 938 6
938 939 80
939 940 15
940 941 28
941 942 44
942 943 62
943 944 41
944 945 81
945 946 77
946 947 64
947 948 97
948 949 55
949 950 78
950 951 61
951 952 85
952 953 66
953 954 9
954 955 77
955 956 56
956 957 87
957 958 3
958 959 19
959 960 97
960 961 67
961 962 95
962 963 54
963 964 50
964 965 37
965 966 38
966 967 8
967 968 99
968 969 69
969 970 87
970 971 40
971 972 15
972 973 51
973 974 31
974 975 56
975 976 92
976 977 97
977 978 86
978 979 41
979 980 99
980 981 71
981 982 51
982 983 80
983 984 99
984 985 19
985 986 42
986 987 64
987 988 4
988 989 46
989 990 13
990 991 30
991 992 63
992 993 77
993 994 45
994 995 67
995 996 98
996 997 73
997 998 19
998 999 27
999 1000 7
1000 1001 82
1001 1002 53
1002 1003 20
1003 1004 64
1004 1005 24
1005 1006 23
1006 1007 5
1007 1008 9
1008 1009 71
1009 1010 81
1010 1011 80
1011 1012 51
1012 1013 90
1013 1014 89
1014 1015 81
1015 1016 20
1016 1017 53
1017 1018 40
1018 1019 28
1019 1020 5
1020 1021 39
1021 1022 44
1022 1023 45
1023 1024 10
1024 1025 98
1025 1026 7
1026 1027 87
1027 1028 30
1028 1029 66
1029 1030 49
1030 1031 44
1031 1032 78
1032 1033 81
1033 1034 54
1034 1035 95
1035 1036 93
1036 1037 72
1037 1038 23
1038 1039 3
1039 1040 35
1040 1041 97
1041 1042 38
1042 1043 81
1043 1044 80
1044 1045 42
1045 1046 64
1046 1047 53
1047 1048 88
1048 1049 12
1049 1050 63
1050 1051 84
1051 1052 23
1052 1053 29
1053 1054 100
1054 1055 75
1055 1056 44
1056 1057 3
1057 1058 16
1058 1059 98
1059 1060 27
1060 1061 54
1061 1062 92
1062 1063 39
1063 1064 43
1064 1065 99
1065 1066 42
1066 1067 1
1067 1068 49
1068 1069 40
1069 1070 66
1070 1071 82
1071 1072 57
1072 1073 30
1073 1074 60
1074 1075 13
1075 1076 75
1076 1077 57
1077 1078 48
1078 1079 73
1079 1080 90
1080 1081 41
1081 1082 15
1082 1083 47
1083 1084 8
1084 1085 1
1085 1086 91
1086 1087 63
1087 1088 59
1088 1089 36
1089 1090 2
1090 1091 45
1091 1092 1
1092 1093 50
1093 1094 63
1094 1095 28
1095 1096 68
1096 1097 100
1097 1098 51
1098 1099 26
1099 1100 54
1100 1101 59
1101 1102 31
1102 1103 18
1103 1104 78
1104 1105 87
1105 1106 41
1106 1107 63
1107 1108 73
1108 1109 31
1109 1110 59
1110 1111 30
1111 1112 15
1112 1113 60
1113 1114 58
1114 1115 40
1115 1116 19
1116 1117 42
1117 1118 31
1118 1119 56
1119 1120 91
1120 1121 12
1121 1122 13
1122 1123 49
1123 1124 21
1124 1125 87
1125 1126 29
1126 1127 80
1127 1128 42
1128 1129 44
1129 1130 7
1130 1131 43
1131 1132 26
1132 1133 64
1133 1134 58
1134 1135 88
1135 1136 98
1136 1137 56
1137 1138 29
1138 1139 16
1139 1140 4
1140 1141 16
1141 1142 34
1142 1143 64
1143 1144 18
1144 1145 70
1145 1146 73
1146 1147 88
1147 1148 10
1148 1149 98
1149 1150 5
1150 1151 29
1151 1152 11
1152 1153 21
1153 1154 57
1154 1155 83
1155 1156 21
1156 1157 50
1157 1158 60
1158 1159 79
1159 1160 81
1160 1161 75
1161 1162 60
1162 1163 100
1163 1164 73
1164 1165 25
1165 1166 87
1166 1167 11
1167 1168 1
1168 1169 17
1169 1170 70
1170 1171 10
1171 1172 15
1172 1173 62
1173 1174 54
1174 1175 25
1175 1176 88
1176 1177 74
1177 1178 33
1178 1179 71
1179 1180 81
1180 1181 36
1181 1182 18
1182 1183 50
1183 1184 44
1184 1185 86
1185 1186 31
1186 1187 24
1187 1188 41
1188 1189 89
1189 1190 12
1190 1191 73
1191 1192 22
1192 1193 56
1193 1194 13
1194 1195 65
1195 1196 28
1196 1197 84
1197 1198 11
1198 1199 4
1199 1200 30
1200 1201 7
1201 1202 99
1202 1203 53
1203 1204 77
1204 1205 95
1205 1206 44
1206 1207 5
1207 1208 48
1208 1209 51
1209 1210 10
1210 1211 82
1211 1212 86
1212 1213 41
1213 1214 18
1214 1215 10
1215 1216 17
390 1216 7
373 1399 33
1217 1218 45
1217 1219 55
1217 1220 2
1217 1221 31
1217 1222 4
1217 1223 35
1217 1224 44
1217 1225 61
1217 1226 27
1217 1227 84
1217 1228 37
1217 1229 96
1217 1230 93
1217 1231 76
1217 1232 83
1217 1233 2
1217 1234 18
1217 1235 41
1217 1236 81
1217 1237 49
1217 1238 71
1217 1239 79
1217 1240 56
1217 1241 81
1217 1242 63
1217 1243 16
1217 1244 64
1217 1245 39
1217 1246 74
1217 1247 37
1217 1248 49
1217 1249 84
1217 1250 60
1217 1251 29
1217 1252 50
1217 1253 7
1217 1254 99
1217 1255 16
1217 1256 93
1217 1257 80
1217 1258 98
1217 1259 30
1217 1260 65
1217 1261 30
1217 1262 20
1217 1263 80
1218 1264 76
1218 1265 60
1218 1266 92
1218 1267 100
1218 1268 76
1218 1269 14
1218 1270 24
1218 1271 20
1218 1272 86
1218 1273 57
1218 1274 70
1218 1275 1
1218 1276 46
1218 1277 83
1218 1278 35
1218 1279 29
1218 1280 90
1218 1281 53
1218 1282 10
1218 1283 55
1218 1284 19
1218 1285 11
1218 1286 7
1218 1287 100
1218 1288 4
1218 1289 91
1218 1290 54
1218 1291 61
1218 1292 96
1218 1293 35
1218 1294 54
1218 1295 38
1218 1296 57
1218 1297 54
1218 1298 31
1218 1299 91
1218 1300 58
1218 1301 73
1218 1302 65
1218 1303 8
1218 1304 61
1218 1305 84
1218 1306 27
1218 1307 97
1218 1308 7
1218 1309 76
1219 1310 3
1219 1311 79
1219 1312 90
1219 1313 60
1219 1314 51
1219 1315 37
1219 1316 93
1219 1317 28
1219 1318 18
1219 1319 9
1219 1320 24
1219 1321 10
1219 1322 48
1219 1323 93
1219 1324 96
1219 1325 7
1219 1326 21
1219 1327 68
1219 1328 65
1219 1329 7
1219 1330 20
1219 1331 29
1219 1332 88
1219 1333 28
1219 1334 80
1219 1335 32
1219 1336 94
1219 1337 86
1219 1338 29
1219 1339 75
1219 1340 88
1219 1341 85
1219 1342 94
1219 1343 18
1219 1344 3
1219 1345 30
1219 1346 11
1219 1347 38
1219 1348 54
1219 1349 91
1219 1350 64
1219 1351 24
1219 1352 61
1219 1353 69
1219 1354 50
1219 1355 80
1220 1356 4
1220 1357 79
1220 1358 23
1220 1359 28
1220 1360 34
1220 1361 60
1220 1362 60
1220 1363 40
1220 1364 74
1220 1365 16
1220 1366 20
1220 1367 45
1220 1368 39
1220 1369 22
1220 1370 26
1220 1371 34
1220 1372 72
1220 1373 2
1220 1374 94
1220 1375 96
1220 1376 26
1220 1377 30
1220 1378 39
1220 1379 75
1220 1380 40
1220 1381 20
1220 1382 29
1220 1383 96
1220 1384 99
1220 1385 61
1220 1386 82
1220 1387 50
1220 1388 6
1220 1389 53
1220 1390 7
1220 1391 14
1220 1392 70
1220 1393 20
1220 1394 32
1220 1395 25
1220 1396 11
1220 1397 4
1220 1398 2
1220 1399 27
1220 1400 34
1220 1401 35
1221 1402 75
1221 1403 86
1221 1404 89
1221 1405 79
1221 1406 5
1221 1407 40
1221 1408 41
1221 1409 100
1221 1410 47
1221 1411 76
1221 1412 42
1221 1413 88
1221 1414 69
1221 1415 85
1221 1416 31
1221 1417 91
1221 1418 17
1221 1419 78
1221 1420 33
1221 1421 37
1221 1422 93
1221 1423 35
1221 1424 74
1221 1425 57
1221 1426 30
1221 1427 82
1221 1428 60
1221 1429 59
1221 1430 21
1221 1431 62
1221 1432 96
1221 1433 28
1221 1434 46
1221 1435 4
1221 1436 38
1221 1437 67
1221 1438 75
1221 1439 22
1221 1440 5
1221 1441 28
1221 1442 57
1221 1443 10
1221 1444 78
1221 1445 97
1221 1446 75
1221 1447 12
1222 1448 85
1222 1449 81
1222 1450 67
1222 1451 94
1222 1452 38
1222 1453 53
1222 1454 56
1222 1455 91
1222 1456 15
1222 1457 4
1222 1458 12
1222 1459 42
1222 1460 32
1222 1461 73
1222 1462 22
1222 1463 44
1222 1464 78
1222 1465 73
1222 1466 67
1222 1467 61
1222 1468 97
1222 1469 39
1222 1470 46
1222 1471 60
1222 1472 41
1222 1473 5
1222 1474 76
1222 1475 17
1222 1476 15
1222 1477 35
1222 1478 15
1222 1479 87
1222 1480 14
1222 1481 2
1222 1482 93
1222 1483 29
1222 1484 40
1222 1485 67
1222 1486 13
1222 1487 93
1222 1488 11
1222 1489 74
1222 1490 54
1222 1491 22
1222 1492 20
1222 1493 24
1223 1494 3
1223 1495 46
1223 1496 95
1223 1497 14
1223 1498 65
1223 1499 51
1223 1500 28
1223 1501 33
1223 1502 10
1223 1503 87
1223 1504 80
1223 1505 65
1223 1506 6
1223 1507 64
1223 1508 54
1223 1509 25
1223 1510 72
1223 1511 93
1223 1512 48
1223 1513 64
1223 1514 89
1223 1515 5
1223 1516 34
1223 1517 63
1223 1518 50
1223 1519 78
1223 1520 93
1223 1521 27
1223 1522 5
1223 1523 37
1223 1524 89
1223 1525 3
1223 1526 100
1223 1527 28
1223 1528 92
1223 1529 58
1223 1530 37
1223 1531 8
1223 1532 47
1223 1533 29
1223 1534 32
1223 1535 91
1223 1536 74
1223 1537 63
1223 1538 36
1223 1539 63
1224 1540 19
1224 1541 28
1224 1542 58
1224 1543 16
1224 1544 50
1224 1545 91
1224 1546 60
1224 1547 35
1224 1548 83
1224 1549 9
1224 1550 98
1224 1551 71
1224 1552 18
1224 1553 31
1224 1554 76
1224 1555 3
1224 1556 43
1224 1557 27
1224 1558 73
1224 1559 34
1224 1560 7
1224 1561 49
1224 1562 97
1224 1563 38
1224 1564 11
1224 1565 37
1224 1566 40
1224 1567 81
1224 1568 50
1224 1569 45
1224 1570 31
1224 1571 41
1224 1572 76
1224 1573 66
1224 1574 48
1224 1575 79
1224 1576 15
1224 1577 55
1224 1578 36
1224 1579 54
1224 1580 71
1224 1581 31
1224 1582 13
1224 1583 7
1224 1584 71
1224 1585 4
1225 1586 13
1225 1587 90
1225 1588 11
1225 1589 76
1225 1590 92
1225 1591 23
1225 1592 72
1225 1593 71
1225 1594 84
1225 1595 75
1225 1596 31
1225 1597 6
1225 1598 75
1225 1599 59
1225 1600 46
1225 1601 53
1225 1602 21
1225 1603 24
1225 1604 76
1225 1605 25
1225 1606 90
1225 1607 97
1225 1608 36
1225 1609 62
1225 1610 90
1066 1785 85
1611 1612 23
1611 1613 65
1611 1614 15
1611 1615 42
1611 1616 33
1611 1617 69
1611 1618 80
1611 1619 57
1611 1620 100
1611 1621 26
1611 1622 31
1611 1623 20
1611 1624 6
1611 1625 66
1611 1626 39
1611 1627 68
1611 1628 47
1611 1629 46
1611 1630 5
1611 1631 5
1611 1632 4
1611 1633 59
1611 1634 4
1611 1635 37
1611 1636 40
1611 1637 41
1611 1638 15
1611 1639 25
1611 1640 40
1611 1641 96
1611 1642 56
1611 1643 79
1611 1644 75
1611 1645 20
1611 1646 23
1611 1647 4
1611 1648 64
1611 1649 33
1611 1650 17
1611 1651 82
1611 1652 5
1611 1653 56
1611 1654 26
1611 1655 94
1611 1656 84
1611 1657 17
1611 1658 53
1611 1659 22
1611 1660 46
1611 1661 92
1611 1662 90
1611 1663 22
1611 1664 2
1611 1665 35
1611 1666 59
1611 1667 59
1611 1668 95
1611 1669 53
1611 1670 33
1611 1671 83
1612 1672 56
1612 1673 61
1612 1674 3
1612 1675 95
1612 1676 44
1612 1677 82
1612 1678 50
1612 1679 43
1612 1680 54
1612 1681 98
1612 1682 26
1612 1683 33
1612 1684 18
1612 1685 47
1612 1686 61
1612 1687 18
1612 1688 28
1612 1689 84
1612 1690 86
1612 1691 89
1612 1692 51
1612 1693 81
1612 1694 86
1612 1695 74
1612 1696 99
1612 1697 26
1612 1698 76
1612 1699 90
1612 1700 29
1612 1701 6
1612 1702 83
1612 1703 31
1612 1704 50
1612 1705 23
1612 1706 56
1612 1707 16
1612 1708 39
1612 1709 13
1612 1710 33
1612 1711 64
1612 1712 25
1612 1713 15
1612 1714 19
1612 1715 44
1612 1716 79
1612 1717 11
1612 1718 52
1612 1719 16
1612 1720 73
1612 1721 3
1612 1722 70
1612 1723 23
1612 1724 1
1612 1725 90
1612 1726 83
1612 1727 12
1612 1728 72
1612 1729 21
1612 1730 71
1612 1731 34
1613 1732 14
1613 1733 9
1613 1734 9
1613 1735 96
1613 1736 70
1613 1737 85
1613 1738 15
1613 1739 28
1613 1740 9
1613 1741 45
1613 1742 58
1613 1743 95
1613 1744 30
1613 1745 76
1613 1746 73
1613 1747 41
1613 1748 56
1613 1749 88
1613 1750 56
1613 1751 53
1613 1752 7
1613 1753 10
1613 1754 40
1613 1755 3
1613 1756 32
1613 1757 84
1613 1758 46
1613 1759 9
1613 1760 9
1613 1761 99
1613 1762 38
1613 1763 7
1613 1764 11
1613 1765 91
1613 1766 62
1613 1767 67
1613 1768 44
1613 1769 13
1613 1770 1
1613 1771 69
1613 1772 65
1613 1773 6
1613 1774 46
1613 1775 47
1613 1776 98
1613 1777 55
1613 1778 16
1613 1779 71
1613 1780 65
1613 1781 27
1613 1782 69
1613 1783 39
1613 1784 14
1613 1785 89
1613 1786 8
1613 1787 20
1613 1788 41
1613 1789 89
1613 1790 41
1613 1791 48
1614 1792 14
1614 1793 98
1614 1794 51
1614 1795 14
1614 1796 2
1614 1797 86
1614 1798 39
1614 1799 57
1614 1800 9
1614 1801 44
1614 1802 74
1614 1803 83
1614 1804 56
1614 1805 91
1614 1806 2
1614 1807 58
1614 1808 83
1614 1809 87
1614 1810 80
1614 1811 70
1614 1812 38
1614 1813 32
1614 1814 56
1614 1815 33
1614 1816 34
1614 1817 82
1614 1818 83
1614 1819 83
1614 1820 31
1614 1821 14
1614 1822 45
1614 1823 85
1614 1824 60
1614 1825 50
1614 1826 79
1614 1827 5
1614 1828 89
1614 1829 100
1614 1830 61
1614 1831 18
1614 1832 85
1614 1833 49
1614 1834 100
1614 1835 6
1614 1836 19
1614 1837 77
1614 1838 34
1614 1839 38
1614 1840 99
1614 1841 15
1614 1842 43
1614 1843 90
1614 1844 91
1614 1845 4
1614 1846 32
1614 1847 13
1614 1848 3
1614 1849 29
1614 1850 98
1614 1851 41
1615 1852 90
1615 1853 95
1615 1854 16
1615 1855 54
1615 1856 9
1615 1857 59
1615 1858 50
1615 1859 60
1615 1860 88
1615 1861 31
1615 1862 61
1615 1863 98
1615 1864 40
1615 1865 93
1615 1866 93
1615 1867 35
1615 1868 53
1615 1869 48
1615 1870 98
1615 1871 37
1615 1872 74
1615 1873 83
1615 1874 27
1615 1875 66
1615 1876 92
1615 1877 71
1615 1878 83
1615 1879 64
1615 1880 61
1615 1881 19
1615 1882 22
1615 1883 50
1615 1884 91
1615 1885 30
1615 1886 20
1615 1887 75
1615 1888 8
1615 1889 27
1615 1890 79
1615 1891 41
1615 1892 93
1615 1893 19
1615 1894 99
1615 1895 91
1615 1896 100
1615 1897 95
1615 1898 36
1615 1899 42
1615 1900 45
1615 1901 94
1615 1902 12
1615 1903 93
1615 1904 97
1615 1905 32
1615 1906 4
1615 1907 77
1615 1908 94
1615 1909 5
1615 1910 93
1615 1911 18
1616 1912 62
1616 1913 22
1616 1914 70
1616 1915 58
1616 1916 51
1616 1917 85
1616 1918 3
1616 1919 16
1616 1920 50
1616 1921 71
1616 1922 74
1616 1923 25
1616 1924 15
1616 1925 88
1616 1926 96
1616 1927 25
1616 1928 97
1616 1929 10
1616 1930 15
1616 1931 84
1616 1932 35
1616 1933 31
1616 1934 89
1616 1935 33
1616 1936 6
1616 1937 25
1616 1938 73
1616 1939 94
1616 1940 33
1616 1941 100
1616 1942 78
1616 1943 26
1616 1944 29
1616 1945 44
1616 1946 99
1616 1947 4
1616 1948 32
1616 1949 94
1616 1950 49
1616 1951 38
1616 1952 3
1616 1953 20
1616 1954 24
1616 1955 86
1616 1956 50
1616 1957 77
1616 1958 60
1616 1959 58
1616 1960 30
1616 1961 61
1616 1962 33
1616 1963 79
1616 1964 26
1616 1965 98
1616 1966 5
1616 1967 51
1616 1968 77
1616 1969 96
1616 1970 58
1616 1971 53
1617 1972 53
1617 1973 68
1617 1974 4
1617 1975 34
1617 1976 52
1617 1977 54
1617 1978 27
1617 1979 99
1617 1980 94
1617 1981 98
1617 1982 96
1617 1983 63
1617 1984 98
1617 1985 81
1617 1986 14
1617 1987 31
1617 1988 92
1617 1989 52
1617 1990 27
1617 1991 38
1617 1992 100
1617 1993 29
1617 1994 69
1617 1995 7
1617 1996 23
1617 1997 17
1617 1998 42
1617 1999 22
1617 2000 62
1617 2001 6
1617 2002 6
1617 2003 76
1617 2004 14
1617 2005 26
1617 2006 38
1617 2007 78
1617 2008 10
1617 2009 44
1617 2010 6
1617 2011 29
1617 2012 92
1617 2013 89
1617 2014 88
1617 2015 60
1617 2016 30
1617 2017 43
1617 2018 38
1617 2019 22
1617 2020 4
1617 2021 98
1617 2022 94
1617 2023 43
1617 2024 32
1617 2025 4
1617 2026 80
1617 2027 75
1617 2028 9
1617 2029 98
1617 2030 94
1617 2031 26
1618 2032 21
1618 2033 49
1618 2034 71
1618 2035 18
1618 2036 90
1618 2037 64
1618 2038 71
1618 2039 67
1618 2040 55
1618 2041 80
1618 2042 72
1618 2043 95
1618 2044 56
1618 2045 35
1618 2046 46
1618 2047 57
1618 2048 31
1618 2049 55
1618 2050 55
1618 2051 62
1618 2052 6
1618 2053 63
1618 2054 79
1618 2055 36
1618 2056 53
1618 2057 29
1618 2058 45
1618 2059 57
1618 2060 73
1618 2061 20
1618 2062 74
1618 2063 50
1618 2064 99
1618 2065 80
1618 2066 88
1618 2067 1
1618 2068 52
1618 2069 68
1618 2070 13
1618 2071 33
1618 2072 23
1618 2073 11
1618 2074 56
1618 2075 48
1618 2076 97
1618 2077 95
1618 2078 28
1618 2079 79
1618 2080 41
1618 2081 86
1618 2082 61
1618 2083 92
1618 2084 46
1618 2085 94
1618 2086 42
1618 2087 47
1618 2088 16
1618 2089 87
1618 2090 28
1618 2091 11
1619 2092 99
1619 2093 30
1619 2094 86
1619 2095 20
1619 2096 75
1619 2097 88
1619 2098 46
1619 2099 31
1619 2100 70
1619 2101 17
1619 2102 76
1619 2103 75
1619 2104 52
1619 2105 38
1619 2106 74
1619 2107 20
1619 2108 4
1619 2109 71
1619 2110 64
1619 2111 66
1619 2112 82
1619 2113 17
1619 2114 55
1619 2115 99
1619 2116 20
1619 2117 62
1619 2118 78
1619 2119 31
1619 2120 100
1619 2121 38
1619 2122 98
1619 2123 14
1619 2124 46
1619 2125 91
1619 2126 70
1619 2127 54
1619 2128 90
1619 2129 37
1619 2130 99
1619 2131 17
1619 2132 24
1619 2133 32
1619 2134 70
1619 2135 50
1619 2136 18
1619 2137 8
1619 2138 67
1619 2139 34
1619 2140 78
1619 2141 8
1619 2142 68
1619 2143 31
1619 2144 24
1619 2145 35
1619 2146 73
1619 2147 5
1619 2148 56
1619 2149 83
1619 2150 85
1619 2151 48
1620 2152 92
1620 2153 55
1620 2154 62
1620 2155 99
1620 2156 90
1620 2157 65
1620 2158 97
1620 2159 53
1620 2160 59
1620 2161 29
1620 2162 4
1620 2163 91
1620 2164 90
1620 2165 28
1620 2166 91
1620 2167 43
1620 2168 79
1620 2169 7
1620 2170 16
1620 2171 32
1620 2172 75
1620 2173 42
1620 2174 72
1620 2175 47
1620 2176 26
1620 2177 25
1620 2178 35
1620 2179 71
1620 2180 5
1620 2181 98
1620 2182 69
1620 2183 17
1620 2184 3
1620 2185 9
1620 2186 52
1620 2187 11
1620 2188 6
1620 2189 13
1620 2190 48
1620 2191 14
1620 2192 63
1620 2193 70
1620 2194 68
1620 2195 64
1620 2196 21
1620 2197 60
1620 2198 2
1620 2199 84
1620 2200 61
1620 2201 71
1620 2202 86
1620 2203 4
1620 2204 69
1620 2205 38
1620 2206 3
1620 2207 12
1620 2208 63
1620 2209 75
1620 2210 31
1620 2211 32
1621 2212 3
1621 2213 57
1621 2214 29
1621 2215 13
1621 2216 2
1621 2217 32
1621 2218 46
1621 2219 94
1621 2220 83
1621 2221 16
1621 2222 94
1621 2223 94
1621 2224 89
1621 2225 71
1621 2226 61
1621 2227 72
1621 2228 69
1621 2229 94
1621 2230 99
1621 2231 4
1621 2232 24
1621 2233 5
1621 2234 40
1621 2235 28
1621 2236 57
1621 2237 30
1621 2238 83
1621 2239 58
1621 2240 52
1621 2241 2
1621 2242 76
1621 2243 65
1621 2244 18
1621 2245 32
1621 2246 79
1621 2247 30
1621 2248 76
1621 2249 49
1621 2250 41
1621 2251 42
1621 2252 100
1621 2253 90
1621 2254 91
1621 2255 81
1621 2256 12
1621 2257 42
1621 2258 26
1621 2259 95
1621 2260 90
1621 2261 98
1621 2262 67
1621 2263 48
1621 2264 33
1621 2265 14
1621 2266 64
1621 2267 34
1621 2268 15
1621 2269 91
1621 2270 75
1621 2271 73
1622 2272 46
1622 2273 87
1622 2274 71
1622 2275 46
1622 2276 57
1622 2277 92
1622 2278 49
1622 2279 50
1622 2280 24
1622 2281 12
1622 2282 30
1622 2283 83
1622 2284 88
1622 2285 48
1622 2286 99
1622 2287 87
1622 2288 45
1622 2289 72
1622 2290 6
1622 2291 3
1622 2292 87
1622 2293 58
1622 2294 89
1622 2295 9
1622 2296 4
1622 2297 22
1622 2298 12
1622 2299 97
1622 2300 48
1622 2301 24
1622 2302 53
1622 2303 57
1622 2304 5
1622 2305 13
1622 2306 74
1622 2307 47
1622 2308 70
1622 2309 9
1622 2310 15
1622 2311 76
1622 2312 36
1622 2313 3
1622 2314 17
1622 2315 93
1622 2316 26
1622 2317 84
1622 2318 40
1622 2319 36
1622 2320 72
1622 2321 50
1622 2322 6
1622 2323 8
1622 2324 78
1622 2325 92
1622 2326 40
1622 2327 35
1622 2328 35
1622 2329 38
1622 2330 60
1622 2331 21
1623 2332 60
1623 2333 1
1623 2334 79
1623 2335 47
1623 2336 83
1623 2337 25
1623 2338 52
1623 2339 56
1623 2340 69
1623 2341 24
1623 2342 17
1623 2343 76
1623 2344 55
1623 2345 45
1623 2346 59
1623 2347 57
1623 2348 46
1623 2349 21
1623 2350 33
1623 2351 49
1623 2352 88
1623 2353 15
1623 2354 83
1623 2355 26
1623 2356 52
1623 2357 45
1623 2358 2
1623 2359 13
1623 2360 9
1623 2361 4
1623 2362 46
1623 2363 17
1623 2364 84
1623 2365 4
1623 2366 15
1623 2367 23
1623 2368 1
1623 2369 36
1623 2370 4
1623 2371 83
1623 2372 42
1623 2373 84
1623 2374 74
1623 2375 83
1623 2376 53
1623 2377 8
1623 2378 47
1623 2379 34
1623 2380 86
1623 2381 4
1623 2382 23
1623 2383 73
1623 2384 56
1623 2385 50
1623 2386 30
1623 2387 29
1623 2388 13
1623 2389 51
1623 2390 33
1623 2391 12
1624 2392 44
1624 2393 73
1624 2394 93
1624 2395 23
1624 2396 75
1624 2397 83
1624 2398 27
1624 2399 48
1624 2400 100
1624 2401 14
1624 2402 66
1624 2403 94
1624 2404 85
1624 2405 94
1624 2406 39
1624 2407 2
1624 2408 82
1624 2409 40
1624 2410 6
1624 2411 36
1624 2412 35
1624 2413 15
1624 2414 64
1624 2415 73
1624 2416 74
1624 2417 46
1624 2418 79
1624 2419 82
1624 2420 87
1624 2421 47
1624 2422 94
1624 2423 4
1624 2424 98
1624 2425 95
1624 2426 92
1624 2427 66
1624 2428 81
1624 2429 1
1624 2430 81
1624 2431 6
1624 2432 32
1624 2433 62
1624 2434 11
1624 2435 51
1624 2436 95
1624 2437 78
1624 2438 57
1624 2439 48
1624 2440 45
1624 2441 73
1624 2442 84
1624 2443 66
1624 2444 21
1624 2445 35
1624 2446 45
1624 2447 66
1624 2448 12
1624 2449 17
1624 2450 28
1624 2451 16
1625 2452 72
1625 2453 77
1625 2454 88
1625 2455 95
1625 2456 86
1625 2457 66
1625 2458 62
1625 2459 10
1625 2460 31
1625 2461 7
1625 2462 48
1625 2463 7
1625 2464 97
1625 2465 65
1625 2466 77
1625 2467 54
1625 2468 60
1625 2469 74
1625 2470 18
1625 2471 77
1625 2472 84
1625 2473 20
1625 2474 21
1625 2475 97
1625 2476 16
1625 2477 5
1625 2478 73
1625 2479 96
1625 2480 89
1625 2481 43
1625 2482 47
1625 2483 4
1625 2484 62
1625 2485 95
1625 2486 51
1625 2487 77
1625 2488 56
1625 2489 68
1625 2490 96
1625 2491 14
1625 2492 69
1625 2493 26
1625 2494 17
1625 2495 83
1625 2496 93
1625 2497 28
1625 2498 100
1625 2499 86
1625 2500 82
1625 2501 85
1625 2502 85
1625 2503 3
1625 2504 15
1625 2505 66
1625 2506 40
1625 2507 89
1625 2508 65
1625 2509 41
1625 2510 5
1625 2511 82
1626 2512 28
1626 2513 23
1626 2514 37
1626 2515 35
1626 2516 80
1626 2517 81
1626 2518 26
1626 2519 57
1626 2520 97
1626 2521 45
1626 2522 65
1626 2523 69
1626 2524 60
1626 2525 94
1626 2526 79
1626 2527 100
1626 2528 97
1626 2529 27
1626 2530 65
1626 2531 12
1626 2532 4
1626 2533 5
1626 2534 63
1626 2535 17
1626 2536 80
1626 2537 12
1626 2538 10
1626 2539 29
1626 2540 36
1626 2541 12
1626 2542 71
1626 2543 36
1626 2544 10
1626 2545 14
1626 2546 31
1626 2547 75
1626 2548 50
1626 2549 31
1626 2550 97
1626 2551 82
1626 2552 36
1626 2553 21
1626 2554 61
1626 2555 83
1626 2556 74
1626 2557 79
1626 2558 88
1626 2559 94
1626 2560 1
1626 2561 19
1626 2562 67
1626 2563 83
1626 2564 53
1626 2565 81
1626 2566 44
1626 2567 85
1626 2568 98
1626 2569 40
1626 2570 99
1626 2571 86
1627 2572 63
1627 2573 12
1627 2574 3
1627 2575 95
1627 2576 40
1627 2577 38
1627 2578 46
1627 2579 52
1627 2580 90
1627 2581 56
1627 2582 6
1627 2583 94
1627 2584 49
1627 2585 5
1627 2586 30
1627 2587 41
1627 2588 10
1627 2589 100
1627 2590 40
1627 2591 26
1627 2592 79
1669 2796 56
2593 2594 82
2593 2595 74
2593 2596 64
2593 2597 55
2593 2598 97
2593 2599 27
2593 2600 24
2593 2601 2
2593 2602 48
2593 2603 99
2593 2604 89
2593 2605 45
2593 2606 27
2593 2607 69
2593 2608 81
2593 2609 2
2593 2610 52
2593 2611 31
2593 2612 37
2593 2613 94
2593 2614 56
2593 2615 80
2593 2616 19
2593 2617 83
2593 2618 7
2593 2619 70
2593 2620 95
2593 2621 35
2593 2622 34
2593 2623 24
2593 2624 76
2594 2625 67
2594 2626 50
2594 2627 15
2594 2628 1
2594 2629 17
2594 2630 57
2594 2631 24
2594 2632 81
2594 2633 84
2594 2634 64
2594 2635 59
2594 2636 60
2594 2637 82
2594 2638 3
2594 2639 9
2594 2640 93
2594 2641 79
2594 2642 43
2594 2643 80
2594 2644 60
2594 2645 18
2594 2646 40
2594 2647 47
2594 2648 80
2594 2649 8
2594 2650 56
2594 2651 82
2594 2652 58
2594 2653 83
2594 2654 36
2594 2655 10
2595 2656 57
2595 2657 1
2595 2658 13
2595 2659 92
2595 2660 42
2595 2661 91
2595 2662 24
2595 2663 66
2595 2664 30
2595 2665 35
2595 2666 14
2595 2667 27
2595 2668 40
2595 2669 84
2595 2670 83
2595 2671 47
2595 2672 71
2595 2673 5
2595 2674 42
2595 2675 74
2595 2676 30
2595 2677 93
2595 2678 30
2595 2679 84
2595 2680 68
2595 2681 80
2595 2682 36
2595 2683 62
2595 2684 69
2595 2685 20
2595 2686 26
2596 2687 4
2596 2688 4
2596 2689 55
2596 2690 49
2596 2691 5
2596 2692 3
2596 2693 1
2596 2694 70
2596 2695 74
2596 2696 87
2596 2697 56
2596 2698 21
2596 2699 4
2596 2700 69
2596 2701 46
2596 2702 36
2596 2703 61
2596 2704 33
2596 2705 22
2596 2706 94
2596 2707 1
2596 2708 10
2596 2709 39
2596 2710 16
2596 2711 44
2596 2712 79
2596 2713 25
2596 2714 48
2596 2715 14
2596 2716 21
2596 2717 42
2597 2718 43
2597 2719 5
2597 2720 80
2597 2721 91
2597 2722 26
2597 2723 99
2597 2724 36
2597 2725 3
2597 2726 1
2597 2727 10
2597 2728 95
2597 2729 27
2597 2730 99
2597 2731 98
2597 2732 16
2597 2733 46
2597 2734 50
2597 2735 97
2597 2736 57
2597 2737 5
2597 2738 55
2597 2739 70
2597 2740 20
2597 2741 41
2597 2742 67
2597 2743 62
2597 2744 60
2597 2745 37
2597 2746 94
2597 2747 75
2597 2748 64
2598 2749 8
2598 2750 37
2598 2751 94
2598 2752 85
2598 2753 18
2598 2754 15
2598 2755 59
2598 2756 52
2598 2757 41
2598 2758 24
2598 2759 62
2598 2760 5
2598 2761 40
2598 2762 71
2598 2763 75
2598 2764 3
2598 2765 50
2598 2766 95
2598 2767 52
2598 2768 95
2598 2769 3
2598 2770 58
2598 2771 31
2598 2772 89
2598 2773 98
2598 2774 49
2598 2775 1
2598 2776 83
2598 2777 35
2598 2778 75
2598 2779 4
2599 2780 30
2599 2781 38
2599 2782 69
2599 2783 37
2599 2784 68
2599 2785 100
2599 2786 66
2599 2787 90
2599 2788 74
2599 2789 6
2599 2790 87
2599 2791 96
2599 2792 61
2599 2793 88
2599 2794 33
2599 2795 45
2599 2796 19
2599 2797 58
2599 2798 9
2599 2799 94
2599 2800 87
2599 2801 100
2599 2802 10
2599 2803 99
2599 2804 100
2599 2805 91
2599 2806 36
2599 2807 2
2599 2808 53
2599 2809 42
2599 2810 65
2600 2811 85
2600 2812 54
2600 2813 50
2600 2814 86
2600 2815 30
2600 2816 18
2600 2817 38
2600 2818 79
2600 2819 79
2600 2820 41
2600 2821 67
2600 2822 85
2600 2823 45
2600 2824 26
2600 2825 52
2600 2826 83
2600 2827 86
2600 2828 26
2600 2829 45
2600 2830 24
2600 2831 5
2600 2832 31
2600 2833 13
2600 2834 49
2600 2835 20
2600 2836 2
2600 2837 92
2600 2838 28
2600 2839 62
2600 2840 46
2600 2841 35
2601 2842 35
2601 2843 14
2601 2844 59
2601 2845 31
2601 2846 40
2601 2847 23
2601 2848 58
2601 2849 10
2601 2850 4
2601 2851 87
2601 2852 28
2601 2853 90
2601 2854 99
2601 2855 37
2601 2856 23
2601 2857 13
2601 2858 41
2601 2859 25
2601 2860 42
2601 2861 89
2601 2862 17
2601 2863 83
2601 2864 32
2601 2865 20
2601 2866 73
2601 2867 10
2601 2868 13
2601 2869 37
2601 2870 54
2601 2871 69
2601 2872 39
2602 2873 19
2602 2874 23
2602 2875 3
2602 2876 95
2602 2877 47
2602 2878 94
2602 2879 46
2602 2880 78
2602 2881 24
2602 2882 56
2602 2883 48
2602 2884 75
2602 2885 91
2602 2886 53
2602 2887 28
2602 2888 83
2602 2889 33
2602 2890 84
2602 2891 98
2602 2892 19
2602 2893 25
2602 2894 83
2602 2895 75
2602 2896 8
2602 2897 96
2602 2898 100
2602 2899 18
2602 2900 88
2602 2901 95
2602 2902 73
2602 2903 33
2603 2904 25
2603 2905 88
2603 2906 21
2603 2907 68
2603 2908 76
2603 2909 72
2603 2910 68
2603 2911 63
2603 2912 29
2603 2913 96
2603 2914 78
2603 2915 11
2603 2916 36
2603 2917 51
2603 2918 22
2603 2919 52
2603 2920 77
2603 2921 19
2603 2922 63
2603 2923 35
2603 2924 70
2603 2925 9
2603 2926 45
2603 2927 77
2603 2928 79
2603 2929 78
2603 2930 18
2603 2931 2
2603 2932 96
2603 2933 30
2603 2934 43
2604 2935 29
2604 2936 63
2604 2937 68
2604 2938 9
2604 2939 28
2604 2940 60
2604 2941 84
2604 2942 73
2604 2943 91
2604 2944 31
2604 2945 93
2604 2946 96
2604 2947 6
2604 2948 73
2604 2949 98
2604 2950 94
2604 2951 12
2604 2952 11
2604 2953 80
2604 2954 44
2604 2955 44
2604 2956 57
2604 2957 1
2604 2958 14
2604 2959 15
2604 2960 80
2604 2961 58
2604 2962 27
2604 2963 79
2604 2964 73
2604 2965 100
2605 2966 97
2605 2967 10
2605 2968 51
2605 2969 58
2605 2970 34
2605 2971 84
2605 2972 81
2605 2973 68
2605 2974 33
2605 2975 79
2605 2976 72
2605 2977 28
2605 2978 73
2605 2979 68
2605 2980 34
2605 2981 96
2605 2982 91
2605 2983 93
2605 2984 74
2605 2985 36
2605 2986 1
2605 2987 12
2605 2988 1
2605 2989 66
2605 2990 59
2605 2991 22
2605 2992 86
1272 3686 81
2993 2995 65
2994 2995 73
2995 2996 8
2996 2997 1
2997 2998 19
2998 2999 43
2999 3000 99
3000 3001 76
3001 3002 32
3002 3003 78
3003 3004 19
3004 3005 11
3005 3006 76
3006 3007 44
3007 3008 9
3008 3009 28
3009 3010 43
3010 3011 72
3011 3012 25
3012 3013 27
3013 3014 66
3014 3015 100
3015 3016 46
3016 3017 36
3017 3018 28
3018 3019 87
3019 3020 32
3020 3021 95
3021 3022 61
3022 3023 13
3023 3024 19
3024 3025 39
3025 3026 32
3026 3027 7
3027 3028 61
3028 3029 31
3029 3030 1
3030 3031 66
3031 3032 81
3032 3033 72
3033 3034 37
3034 3035 11
3035 3036 34
3036 3037 47
3037 3038 57
3038 3039 60
3039 3040 17
3040 3041 58
3041 3042 19
3042 3043 37
3043 3044 10
3044 3045 66
3045 3046 69
3046 3047 94
3047 3048 26
3048 3049 52
3049 3050 61
3050 3051 45
3051 3052 66
3052 3053 16
3053 3054 42
3054 3055 6
3055 3056 31
3056 3057 48
3057 3058 36
3058 3059 51
3059 3060 57
3060 3061 96
3061 3062 61
3062 3063 58
3063 3064 29
3064 3065 84
3065 3066 1
3066 3067 85
3067 3068 20
3068 3069 100
3069 3070 31
3070 3071 72
3071 3072 79
3072 3073 10
3073 3074 92
3074 3075 84
3075 3076 67
3076 3077 37
3077 3078 7
3078 3079 55
3079 3080 86
3080 3081 45
3081 3082 83
3082 3083 40
3083 3084 98
3084 3085 17
3085 3086 2
3086 3087 25
3087 3088 27
3088 3089 8
3089 3090 24
3090 3091 81
3091 3092 8
3092 3093 100
3093 3094 71
3094 3095 60
3095 3096 18
3096 3097 57
3097 3098 16
3098 3099 28
3099 3100 49
3100 3101 67
3101 3102 89
3102 3103 32
3103 3104 58
3104 3105 93
3105 3106 60
3106 3107 46
3107 3108 19
3108 3109 70
3109 3110 57
3110 3111 50
3111 3112 66
3112 3113 99
3113 3114 52
3114 3115 54
3115 3116 84
3116 3117 10
3117 3118 78
3118 3119 89
3119 3120 78
3120 3121 98
3121 3122 38
3122 3123 24
3123 3124 44
3124 3125 42
3125 3126 39
3126 3127 26
3127 3128 45
3128 3129 42
3129 3130 78
3130 3131 20
3131 3132 41
3132 3133 89
3133 3134 75
3134 3135 95
3135 3136 54
3136 3137 61
3137 3138 1
3138 3139 12
3139 3140 49
3140 3141 37
3141 3142 36
3142 3143 18
3143 3144 40
3144 3145 96
3145 3146 5
3146 3147 27
3147 3148 35
3148 3149 35
3149 3150 68
3150 3151 87
3151 3152 50
3152 3153 36
3153 3154 49
3154 3155 78
3155 3156 56
3156 3157 1
3157 3158 25
3158 3159 41
3159 3160 36
3160 3161 43
3161 3162 37
3162 3163 68
3163 3164 44
3164 3165 98
3165 3166 69
3166 3167 30
3167 3168 88
3168 3169 33
3169 3170 1
3170 3171 28
3171 3172 64
3172 3173 18
3173 3174 74
3174 3175 58
3175 3176 11
3176 3177 56
3177 3178 68
3178 3179 3
3179 3180 83
3180 3181 59
3181 3182 99
3182 3183 80
3183 3184 11
3184 3185 79
3185 3186 4
3186 3187 62
3187 3188 14
3188 3189 39
3189 3190 15
3190 3191 8
3191 3192 52
3192 3193 13
3193 3194 13
3194 3195 99
3195 3196 62
3196 3197 53
3197 3198 4
3198 3199 56
3199 3200 5
3200 3201 1
3201 3202 66
3202 3203 19
3203 3204 40
3204 3205 72
3205 3206 16
3206 3207 19
3207 3208 100
3208 3209 82
3209 3210 9
3210 3211 21
3211 3212 20
3212 3213 40
3213 3214 81
3214 3215 99
3215 3216 13
3216 3217 35
3217 3218 81
3218 3219 100
3219 3220 12
3220 3221 3
3221 3222 38
3222 3223 88
3223 3224 78
3224 3225 73
3225 3226 3
3226 3227 88
3227 3228 11
3228 3229 76
3229 3230 17
3230 3231 85
3231 3232 56
3232 3233 17
3233 3234 46
3234 3235 77
3235 3236 28
3236 3237 60
3237 3238 16
3238 3239 80
3239 3240 45
3240 3241 62
3241 3242 48
3242 3243 80
3243 3244 68
3244 3245 81
3245 3246 69
3246 3247 43
3247 3248 12
3248 3249 11
3249 3250 56
3250 3251 71
3251 3252 33
3252 3253 100
3253 3254 56
3254 3255 57
3255 3256 44
3256 3257 59
3257 3258 97
3258 3259 69
3259 3260 53
3260 3261 64
3261 3262 12
3262 3263 6
3263 3264 4
3264 3265 14
3265 3266 67
3266 3267 23
3267 3268 50
3268 3269 30
3269 3270 56
3270 3271 84
3271 3272 61
3272 3273 72
3273 3274 27
3274 3275 99
3275 3276 47
3276 3277 69
3277 3278 24
3278 3279 79
3279 3280 96
3280 3281 94
3281 3282 96
3282 3283 13
3283 3284 23
3284 3285 80
3285 3286 80
3286 3287 44
3287 3288 97
3288 3289 30
3289 3290 70
3290 3291 29
3291 3292 9
3292 3293 67
3293 3294 82
3294 3295 34
3295 3296 7
3296 3297 10
3297 3298 5
3298 3299 35
3299 3300 72
3300 3301 8
3301 3302 89
3302 3303 99
3303 3304 40
3304 3305 75
3305 3306 72
3306 3307 35
3307 3308 73
3308 3309 40
3309 3310 59
3310 3311 42
3311 3312 55
3312 3313 86
3313 3314 19
3314 3315 21
3315 3316 51
3316 3317 57
3317 3318 95
3318 3319 6
3319 3320 55
3320 3321 92
3321 3322 62
3322 3323 29
3323 3324 49
3324 3325 86
3325 3326 69
3326 3327 27
3327 3328 57
3328 3329 28
3329 3330 58
3330 3331 59
3331 3332 70
3332 3333 78
3333 3334 30
3334 3335 41
3335 3336 66
3336 3337 29
3337 3338 13
3338 3339 41
3339 3340 62
3340 3341 35
3341 3342 2
3342 3343 16
3343 3344 30
3344 3345 40
3345 3346 21
3346 3347 85
3347 3348 72
3348 3349 33
3349 3350 9
3350 3351 3
3351 3352 50
3352 3353 55
3353 3354 94
3354 3355 21
3355 3356 87
3356 3357 26
3357 3358 59
3358 3359 91
3359 3360 88
3360 3361 8
3361 3362 51
3362 3363 47
3363 3364 30
3364 3365 4
3365 3366 35
3366 3367 59
3367 3368 97
3368 3369 86
3369 3370 58
3370 3371 8
3371 3372 39
3372 3373 94
3373 3374 98
3374 3375 95
3375 3376 21
3376 3377 40
3377 3378 51
3378 3379 8
3379 3380 69
3380 3381 9
3381 3382 64
3382 3383 9
3383 3384 17
3384 3385 79
3385 3386 8
3386 3387 59
3387 3388 95
3388 3389 64
3389 3390 60
3390 3391 85
3391 3392 12
3392 3393 46
3393 3394 83
3394 3395 1
3395 3396 81
3396 3397 14
3397 3398 83
3398 3399 8
3399 3400 43
3400 3401 98
3401 3402 79
3402 3403 33
3403 3404 44
3404 3405 30
3405 3406 16
3406 3407 22
3407 3408 98
3408 3409 57
3409 3410 88
3410 3411 64
3411 3412 72
3412 3413 17
3413 3414 92
3414 3415 9
3415 3416 70
3416 3417 7
3417 3418 99
3418 3419 73
3419 3420 47
3420 3421 7
3421 3422 21
3422 3423 44
3423 3424 97
3424 3425 92
3425 3426 32
3426 3427 76
3427 3428 100
3428 3429 40
3429 3430 66
3430 3431 27
3431 3432 22
3432 3433 53
3433 3434 31
3434 3435 10
3435 3436 5
3436 3437 98
3437 3438 17
3438 3439 2
3439 3440 55
3440 3441 84
3441 3442 42
3442 3443 52
3443 3444 40
3444 3445 62
3445 3446 51
3446 3447 32
3447 3448 14
3448 3449 2
3449 3450 55
3450 3451 42
3451 3452 7
3452 3453 16
3453 3454 47
3454 3455 52
3455 3456 24
3456 3457 50
3457 3458 59
3458 3459 84
3459 3460 44
3460 3461 47
3461 3462 75
3462 3463 14
3463 3464 41
3464 3465 64
3465 3466 27
3466 3467 58
3467 3468 35
3468 3469 95
3469 3470 45
3470 3471 66
3471 3472 64
3472 3473 16
3473 3474 50
3474 3475 12
3475 3476 9
3476 3477 73
3477 3478 57
3478 3479 62
3479 3480 45
3480 3481 34
3481 3482 59
3482 3483 48
3483 3484 32
3484 3485 1
3485 3486 67
3486 3487 24
3487 3488 69
3488 3489 17
3489 3490 23
3490 3491 10
3491 3492 2
3492 3493 35
3493 3494 62
3494 3495 18
3495 3496 64
3496 3497 40
3497 3498 70
3498 3499 37
3499 3500 35
3500 3501 54
3501 3502 87
3502 3503 77
3503 3504 69
3504 3505 46
3505 3506 65
3506 3507 19
3507 3508 98
3508 3509 43
3509 3510 16
3510 3511 43
3511 3512 49
3512 3513 87
3513 3514 40
3514 3515 77
3515 3516 42
3516 3517 42
3517 3518 25
3518 3519 79
3519 3520 44
3520 3521 69
3521 3522 13
3522 3523 31
3523 3524 48
3524 3525 41
3525 3526 69
3526 3527 100
3527 3528 56
3528 3529 88
3529 3530 59
3530 3531 40
3531 3532 37
3532 3533 79
3533 3534 80
3534 3535 5
3535 3536 78
3536 3537 27
3537 3538 63
3538 3539 98
3539 3540 64
3540 3541 69
3541 3542 5
3542 3543 43
3543 3544 75
3544 3545 35
3545 3546 32
3546 3547 9
3547 3548 85
3548 3549 38
3549 3550 74
3550 3551 6
3551 3552 11
3552 3553 84
3553 3554 52
3554 3555 90
3555 3556 14
3556 3557 2
3557 3558 60
3558 3559 70
3559 3560 85
3560 3561 34
3561 3562 58
3562 3563 3
3563 3564 65
3564 3565 37
3565 3566 32
3566 3567 59
3567 3568 64
3568 3569 19
3569 3570 23
3570 3571 86
3571 3572 18
3572 3573 16
3573 3574 39
3574 3575 79
3575 3576 75
3576 3577 76
3577 3578 60
3578 3579 53
3579 3580 50
3580 3581 13
3581 3582 41
3582 3583 50
3583 3584 4
3584 3585 62
3585 3586 86
3586 3587 89
3587 3588 89
3588 3589 30
3589 3590 8
3590 3591 66
3591 3592 66
3592 3593 14
3593 3594 77
3594 3595 93
3595 3596 70
3596 3597 48
3597 3598 5
3598 3599 97
3599 3600 25
3600 3601 50
3601 3602 93
3602 3603 76
3603 3604 8
3604 3605 93
3605 3606 90
3606 3607 89
3607 3608 40
3608 3609 1
3609 3610 94
3610 3611 13
3611 3612 77
3612 3613 5
3613 3614 97
3614 3615 63
3615 3616 12
3616 3617 66
3617 3618 68
3618 3619 85
3619 3620 22
3620 3621 55
3621 3622 7
3622 3623 86
3623 3624 2
3624 3625 44
3625 3626 88
3626 3627 32
3627 3628 73
3628 3629 22
3629 3630 10
3630 3631 34
3631 3632 80
3632 3633 37
3633 3634 48
3634 3635 47
3635 3636 51
3636 3637 44
3637 3638 82
3638 3639 72
3639 3640 15
3640 3641 33
3641 3642 87
3642 3643 27
3643 3644 24
3644 3645 6
3645 3646 33
3646 3647 100
3647 3648 4
3648 3649 14
3649 3650 8
3650 3651 79
3651 3652 40
3652 3653 29
3653 3654 11
3654 3655 35
3655 3656 65
3656 3657 73
3657 3658 100
3658 3659 14
3659 3660 71
3660 3661 74
3661 3662 68
3662 3663 47
3663 3664 93
3664 3665 31
3665 3666 52
3666 3667 95
3667 3668 99
3668 3669 54
3669 3670 83
3670 3671 81
3671 3672 38
3672 3673 13
3673 3674 48
3674 3675 70
3675 3676 90
3676 3677 53
3677 3678 44
3678 3679 32
3679 3680 86
3680 3681 19
3681 3682 52
3682 3683 86
3683 3684 23
3684 3685 12
3685 3686 63
3686 3687 9
3687 3688 78
3688 3689 26
3689 3690 52
3690 3691 67
3691 3692 15
3692 3693 50
3693 3694 76
3694 3695 14
3695 3696 91
3696 3697 93
3697 3698 98
3698 3699 92
3699 3700 42
3700 3701 100
3701 3702 100
3702 3703 87
3703 3704 65
3704 3705 54
3705 3706 44
3706 3707 2
3707 3708 73
3708 3709 61
3709 3710 17
3710 3711 71
3711 3712 17
3712 3713 27
3713 3714 50
3714 3715 97
3715 3716 36
3716 3717 74
3717 3718 15
3718 3719 96
3719 3720 11
3720 3721 60
3721 3722 72
3722 3723 17
3723 3724 68
3724 3725 44
3725 3726 7
3726 3727 18
3727 3728 13
3728 3729 19
3729 3730 56
3730 3731 99
3731 3732 42
3732 3733 56
3733 3734 98
3734 3735 42
3735 3736 47
3736 3737 3
3737 3738 25
3738 3739 7
3739 3740 65
3740 3741 8
3741 3742 51
3742 3743 14
3743 3744 76
3744 3745 97
3745 3746 83
3746 3747 27
3747 3748 22
3748 3749 86
3749 3750 58
3750 3751 21
3751 3752 63
3752 3753 88
3753 3754 27
3754 3755 58
3755 3756 22
3756 3757 12
3757 3758 79
3758 3759 49
3759 3760 47
3760 3761 68
3761 3762 92
3762 3763 54
3763 3764 51
3764 3765 28
3765 3766 29
3766 3767 12
3767 3768 90
3768 3769 27
3769 3770 58
3770 3771 53
3771 3772 48
3772 3773 61
3773 3774 44
3774 3775 65
3775 3776 63
3776 3777 75
3777 3778 86
3778 3779 11
3779 3780 59
3780 3781 57
3781 3782 95
3782 3783 94
3783 3784 79
3784 3785 14
3785 3786 2
3786 3787 56
3787 3788 80
3788 3789 17
3789 3790 35
3790 3791 54
3791 3792 55
3792 3793 5
3793 3794 67
3794 3795 72
3795 3796 2
3796 3797 88
3797 3798 19
3798 3799 45
3799 3800 47
3800 3801 53
3801 3802 94
3802 3803 50
3803 3804 41
3804 3805 47
3805 3806 86
3806 3807 23
3807 3808 3
3808 3809 98
3809 3810 32
3810 3811 25
3811 3812 80
3812 3813 80
3813 3814 88
3814 3815 23
3815 3816 81
3816 3817 19
3817 3818 61
3818 3819 21
3819 3820 80
3820 3821 17
3821 3822 90
3822 3823 75
3823 3824 61
3824 3825 83
3825 3826 70
3826 3827 40
3827 3828 8
3828 3829 29
3829 3830 45
3830 3831 27
3831 3832 35
3832 3833 8
3833 3834 1
3834 3835 89
3835 3836 55
3836 3837 92
3837 3838 18
3838 3839 85
3839 3840 65
3840 3841 13
3841 3842 14
3842 3843 96
3843 3844 99
3844 3845 93
3845 3846 98
3846 3847 52
3847 3848 31
3848 3849 60
3849 3850 8
3850 3851 24
3851 3852 18
3852 3853 64
3853 3854 50
3854 3855 93
3855 3856 13
3856 3857 5
3857 3858 34
3858 3859 5
3859 3860 66
3860 3861 31
3861 3862 73
3862 3863 12
3863 3864 24
3864 3865 6
3865 3866 86
3866 3867 78
3867 3868 67
3868 3869 66
3869 3870 5
3870 3871 31
3871 3872 79
3872 3873 92
3873 3874 86
3874 3875 75
3875 3876 79
3876 3877 53
3877 3878 87
3878 3879 7
3879 3880 98
3880 3881 26
3881 3882 100
3882 3883 90
3883 3884 84
3884 3885 51
3885 3886 46
3886 3887 39
3887 3888 3
3888 3889 53
3889 3890 25
3890 3891 93
3891 3892 67
3892 3893 9
3893 3894 14
3894 3895 4
3895 3896 54
3896 3897 48
3897 3898 12
3898 3899 31
3899 3900 60
3900 3901 81
2995 3901 18
1152 4349 86
3902 3904 8
3903 4222 40
3904 3905 67
3905 3906 22
3906 3907 74
3907 3908 46
3908 3909 16
3909 3910 95
3910 3911 11
3911 3912 98
3912 3913 27
3913 3914 85
3914 3915 93
3915 3916 51
3916 3917 34
3917 3918 39
3918 3919 64
3919 3920 3
3920 3921 17
3921 3922 9
3922 3923 36
3923 3924 47
3924 3925 25
3925 3926 36
3926 3927 82
3927 3928 64
3928 3929 28
3929 3930 7
3930 3931 90
3931 3932 42
3932 3933 40
3933 3934 6
3934 3935 65
3935 3936 67
3936 3937 34
3937 3938 54
3938 3939 10
3939 3940 9
3940 3941 58
3941 3942 16
3942 3943 34
3943 3944 69
3944 3945 54
3945 3946 13
3946 3947 64
3947 3948 91
3948 3949 82
3949 3950 38
3950 3951 8
3951 3952 16
3952 3953 99
3953 3954 27
3954 3955 10
3955 3956 38
3956 3957 62
3957 3958 19
3958 3959 47
3959 3960 43
3960 3961 50
3961 3962 22
3962 3963 65
3963 3964 66
3964 3965 96
3965 3966 38
3966 3967 4
3967 3968 13
3968 3969 47
3969 3970 39
3970 3971 4
3971 3972 36
3972 3973 77
3973 3974 1
3974 3975 81
3975 3976 38
3976 3977 54
3977 3978 12
3978 3979 90
3979 3980 64
3980 3981 62
3981 3982 16
3982 3983 22
3983 3984 58
3984 3985 70
3985 3986 87
3986 3987 85
3987 3988 38
3988 3989 74
3989 3990 78
3990 3991 6
3991 3992 100
3992 3993 35
3993 3994 39
3994 3995 3
3995 3996 43
3996 3997 55
3997 3998 28
3998 3999 85
3999 4000 86
4000 4001 89
4001 4002 64
4002 4003 19
4003 4004 52
4004 4005 46
4005 4006 72
4006 4007 88
4007 4008 94
4008 4009 43
4009 4010 51
4010 4011 92
4011 4012 5
4012 4013 60
4013 4014 37
4014 4015 10
4015 4016 33
4016 4017 30
4017 4018 43
4018 4019 100
4019 4020 40
4020 4021 95
4021 4022 17
4022 4023 97
4023 4024 85
4024 4025 31
4025 4026 95
4026 4027 82
4027 4028 34
4028 4029 14
4029 4030 25
4030 4031 4
4031 4032 32
4032 4033 33
4033 4034 94
4034 4035 63
4035 4036 33
4036 4037 24
4037 4038 9
4038 4039 19
4039 4040 63
4040 4041 67
4041 4042 44
4042 4043 77
4043 4044 53
4044 4045 73
4045 4046 11
4046 4047 22
4047 4048 86
4048 4049 64
4049 4050 27
4050 4051 87
4051 4052 29
4052 4053 21
4053 4054 64
4054 4055 89
4055 4056 44
4056 4057 64
4057 4058 3
4058 4059 31
4059 4060 85
4060 4061 38
4061 4062 64
4062 4063 29
4063 4064 66
4064 4065 41
4065 4066 26
4066 4067 21
4067 4068 1
4068 4069 58
4069 4070 1
4070 4071 100
4071 4072 16
4072 4073 22
4073 4074 97
4074 4075 42
4075 4076 81
4076 4077 82
4077 4078 79
4078 4079 73
4079 4080 69
4080 4081 23
4081 4082 36
4082 4083 75
4083 4084 94
4084 4085 45
4085 4086 56
4086 4087 34
4087 4088 70
4088 4089 92
4089 4090 56
4090 4091 42
4091 4092 30
4092 4093 60
4093 4094 100
4094 4095 27
4095 4096 63
4096 4097 87
4097 4098 50
4098 4099 42
4099 4100 19
4100 4101 50
4101 4102 81
4102 4103 20
4103 4104 30
4104 4105 74
4105 4106 80
4106 4107 98
4107 4108 78
4108 4109 12
4109 4110 83
4110 4111 18
4111 4112 74
4112 4113 44
4113 4114 22
4114 4115 52
4115 4116 65
4116 4117 48
4117 4118 48
4118 4119 46
4119 4120 46
4120 4121 1
4121 4122 91
4122 4123 37
4123 4124 52
4124 4125 12
4125 4126 11
4126 4127 41
4127 4128 91
4128 4129 68
4129 4130 26
4130 4131 28
4131 4132 57
4132 4133 92
4133 4134 54
4134 4135 14
4135 4136 47
4136 4137 78
4137 4138 2
4138 4139 1
4139 4140 50
4140 4141 79
4141 4142 47
4142 4143 79
4143 4144 85
4144 4145 4
4145 4146 22
4146 4147 69
4147 4148 56
4148 4149 31
4149 4150 1
4150 4151 46
4151 4152 38
4152 4153 27
4153 4154 27
4154 4155 36
4155 4156 71
4156 4157 31
4157 4158 1
4158 4159 11
4159 4160 68
4160 4161 2
4161 4162 32
4162 4163 14
4163 4164 42
4164 4165 83
4165 4166 11
4166 4167 5
4167 4168 43
4168 4169 58
4169 4170 25
4170 4171 88
4171 4172 40
4172 4173 33
4173 4174 64
4174 4175 64
4175 4176 94
4176 4177 14
4177 4178 7
4178 4179 29
4179 4180 40
4180 4181 48
4181 4182 5
4182 4183 31
4183 4184 26
4184 4185 52
4185 4186 50
4186 4187 84
4187 4188 63
4188 4189 61
4189 4190 48
4190 4191 33
4191 4192 6
4192 4193 56
4193 4194 7
4194 4195 77
4195 4196 4
4196 4197 67
4197 4198 76
4198 4199 94
4199 4200 47
4200 4201 21
4201 4202 83
4202 4203 35
4203 4204 33
4204 4205 46
4205 4206 60
4206 4207 40
4207 4208 67
4208 4209 85
4209 4210 92
4210 4211 97
4211 4212 95
4212 4213 29
4213 4214 16
4214 4215 60
4215 4216 31
4216 4217 95
4217 4218 25
4218 4219 88
4219 4220 92
4220 4221 67
4221 4222 88
4222 4223 7
4223 4224 37
4224 4225 89
4225 4226 19
4226 4227 34
4227 4228 78
4228 4229 3
4229 4230 52
4230 4231 45
4231 4232 20
4232 4233 12
4233 4234 88
4234 4235 1
4235 4236 52
4236 4237 80
4237 4238 45
4238 4239 14
4239 4240 3
4240 4241 42
4241 4242 34
4242 4243 2
4243 4244 12
4244 4245 87
4245 4246 33
4246 4247 13
4247 4248 86
4248 4249 16
4249 4250 79
4250 4251 9
4251 4252 88
4252 4253 53
4253 4254 92
4254 4255 6
4255 4256 53
4256 4257 27
4257 4258 91
4258 4259 19
4259 4260 85
4260 4261 31
4261 4262 20
4262 4263 50
4263 4264 55
4264 4265 96
4265 4266 71
4266 4267 93
4267 4268 7
4268 4269 23
4269 4270 8
4270 4271 32
4271 4272 98
4272 4273 43
4273 4274 4
4274 4275 31
4275 4276 9
4276 4277 22
4277 4278 3
4278 4279 68
4279 4280 11
4280 4281 64
4281 4282 77
4282 4283 68
4283 4284 78
4284 4285 96
4285 4286 74
4286 4287 79
4287 4288 80
4288 4289 8
4289 4290 32
4290 4291 59
4291 4292 51
4292 4293 7
4293 4294 16
4294 4295 90
4295 4296 24
4296 4297 23
4297 4298 64
4298 4299 95
4299 4300 85
4300 4301 50
4301 4302 2
4302 4303 55
4303 4304 83
4304 4305 16
4305 4306 30
4306 4307 87
4307 4308 64
4308 4309 82
4309 4310 55
4310 4311 45
4311 4312 32
4312 4313 63
4313 4314 44
4314 4315 63
4315 4316 6
4316 4317 69
4317 4318 30
4318 4319 23
4319 4320 43
4320 4321 98
4321 4322 17
4322 4323 4
4323 4324 60
4324 4325 69
4325 4326 96
4326 4327 46
4327 4328 87
4328 4329 44
4329 4330 79
4330 4331 74
4331 4332 50
4332 4333 59
4333 4334 34
4334 4335 9
4335 4336 79
4336 4337 26
4337 4338 70
4338 4339 59
4339 4340 55
4340 4341 80
4341 4342 76
4342 4343 38
4343 4344 56
4344 4345 77
4345 4346 87
4346 4347 11
4347 4348 95
4348 4349 10
4349 4350 66
4350 4351 68
4351 4352 61
4352 4353 20
4353 4354 38
4354 4355 65
4355 4356 86
4356 4357 20
4357 4358 89
4358 4359 41
4359 4360 95
4360 4361 97
4361 4362 66
4362 4363 42
4363 4364 5
4364 4365 88
4365 4366 27
4366 4367 19
4367 4368 46
4368 4369 82
4369 4370 56
4370 4371 54
4371 4372 96
4372 4373 61
4373 4374 41
4374 4375 56
4375 4376 84
4376 4377 5
4377 4378 90
4378 4379 88
4379 4380 100
4380 4381 80
4381 4382 59
4382 4383 6
4383 4384 96
4384 4385 64
4385 4386 56
4386 4387 73
4387 4388 74
4388 4389 72
4389 4390 60
4390 4391 72
4391 4392 53
4392 4393 67
4393 4394 42
4394 4395 16
4395 4396 18
4396 4397 97
4397 4398 80
4398 4399 36
4399 4400 24
4400 4401 63
4401 4402 18
4402 4403 61
4403 4404 37
4404 4405 54
4405 4406 24
4406 4407 33
4407 4408 84
4408 4409 81
4409 4410 24
4410 4411 95
4411 4412 75
4412 4413 78
4413 4414 86
4414 4415 31
4415 4416 81
4416 4417 34
4417 4418 89
4418 4419 6
4419 4420 64
4420 4421 99
4421 4422 97
4422 4423 83
4423 4424 28
4424 4425 92
4425 4426 38
4426 4427 99
4427 4428 85
4428 4429 65
4429 4430 48
4430 4431 10
4431 4432 20
4432 4433 2
4433 4434 83
4434 4435 59
4435 4436 71
4436 4437 19
4437 4438 63
4438 4439 60
4439 4440 56
4440 4441 78
4441 4442 83
4442 4443 61
4443 4444 61
4444 4445 47
4445 4446 34
4446 4447 73
4447 4448 40
4448 4449 54
4449 4450 25
4450 4451 48
4451 4452 84
4452 4453 3
4453 4454 52
4454 4455 20
4455 4456 15
4456 4457 43
4457 4458 46
4458 4459 70
4459 4460 86
4460 4461 92
4461 4462 18
4462 4463 64
4463 4464 83
4464 4465 48
4465 4466 58
4466 4467 77
4467 4468 36
4468 4469 46
4469 4470 61
4470 4471 46
4471 4472 43
4472 4473 30
4473 4474 23
4474 4475 63
4475 4476 16
4476 4477 94
4477 4478 80
4478 4479 19
4479 4480 42
4480 4481 36
4481 4482 52
4482 4483 62
4483 4484 36
4484 4485 84
4485 4486 38
4486 4487 88
4487 4488 34
4488 4489 64
4489 4490 72
4490 4491 39
4491 4492 66
4492 4493 57
4493 4494 82
4494 4495 85
4495 4496 58
4496 4497 77
4497 4498 33
4498 4499 52
4499 4500 22
4500 4501 31
4501 4502 3
4502 4503 52
4503 4504 24
4504 4505 83
4505 4506 20
4506 4507 6
3904 4507 95
889 4604 98
4508 4510 90
4509 5096 36
4510 4511 80
4511 4512 59
4512 4513 22
4513 4514 95
4514 4515 73
4515 4516 86
4516 4517 44
4517 4518 86
4518 4519 1
4519 4520 24
4520 4521 35
4521 4522 87
4522 4523 10
4523 4524 14
4524 4525 44
4525 4526 69
4526 4527 64
4527 4528 100
4528 4529 28
4529 4530 59
4530 4531 22
4531 4532 15
4532 4533 1
4533 4534 83
4534 4535 52
4535 4536 85
4536 4537 79
4537 4538 70
4538 4539 36
4539 4540 91
4540 4541 42
4541 4542 50
4542 4543 49
4543 4544 17
4544 4545 66
4545 4546 64
4546 4547 53
4547 4548 52
4548 4549 91
4549 4550 23
4550 4551 34
4551 4552 32
4552 4553 75
4553 4554 92
4554 4555 28
4555 4556 58
4556 4557 52
4557 4558 27
4558 4559 30
4559 4560 74
4560 4561 90
4561 4562 93
4562 4563 10
4563 4564 40
4564 4565 71
4565 4566 63
4566 4567 27
4567 4568 80
4568 4569 73
4569 4570 31
4570 4571 37
4571 4572 99
4572 4573 54
4573 4574 8
4574 4575 75
4575 4576 33
4576 4577 98
4577 4578 88
4578 4579 66
4579 4580 84
4580 4581 99
4581 4582 10
4582 4583 37
4583 4584 82
4584 4585 62
4585 4586 91
4586 4587 24
4587 4588 73
4588 4589 4
4589 4590 73
4590 4591 51
4591 4592 45
4592 4593 77
4593 4594 93
4594 4595 62
4595 4596 43
4596 4597 54
4597 4598 75
4598 4599 71
4599 4600 6
4600 4601 31
4601 4602 14
4602 4603 4
4603 4604 46
4604 4605 77
4605 4606 31
4606 4607 100
4607 4608 35
4608 4609 29
4609 4610 83
4610 4611 55
4611 4612 33
4612 4613 13
4613 4614 25
4614 4615 21
4615 4616 78
4616 4617 22
4617 4618 16
4618 4619 11
4619 4620 6
4620 4621 72
4621 4622 19
4622 4623 35
4623 4624 48
4624 4625 80
4625 4626 77
4626 4627 28
4627 4628 50
4628 4629 66
4629 4630 2
4630 4631 35
4631 4632 46
4632 4633 64
4633 4634 79
4634 4635 12
4635 4636 56
4636 4637 18
4637 4638 90
4638 4639 89
4639 4640 31
4640 4641 30
4641 4642 9
4642 4643 34
4643 4644 98
4644 4645 17
4645 4646 16
4646 4647 53
4647 4648 26
4648 4649 97
4649 4650 20
4650 4651 86
4651 4652 42
4652 4653 100
4653 4654 66
4654 4655 41
4655 4656 76
4656 4657 10
4657 4658 23
4658 4659 81
4659 4660 63
4660 4661 47
4661 4662 75
4662 4663 75
4663 4664 51
4664 4665 14
4665 4666 56
4666 4667 76
4667 4668 98
4668 4669 65
4669 4670 14
4670 4671 73
4671 4672 64
4672 4673 98
4673 4674 23
4674 4675 5
4675 4676 55
4676 4677 26
4677 4678 78
4678 4679 19
4679 4680 84
4680 4681 27
4681 4682 85
4682 4683 43
4683 4684 48
4684 4685 98
4685 4686 47
4686 4687 94
4687 4688 17
4688 4689 54
4689 4690 61
4690 4691 23
4691 4692 39
4692 4693 99
4693 4694 87
4694 4695 61
4695 4696 68
4696 4697 93
4697 4698 39
4698 4699 94
4699 4700 25
4700 4701 39
4701 4702 55
4702 4703 29
4703 4704 32
4704 4705 7
4705 4706 54
4706 4707 52
4707 4708 75
4708 4709 86
4709 4710 71
4710 4711 15
4711 4712 65
4712 4713 37
4713 4714 73
4714 4715 24
4715 4716 41
4716 4717 55
4717 4718 88
4718 4719 82
4719 4720 49
4720 4721 61
4721 4722 38
4722 4723 69
4723 4724 6
4724 4725 13
4725 4726 97
4726 4727 90
4727 4728 19
4728 4729 68
4729 4730 50
4730 4731 8
4731 4732 2
4732 4733 91
4733 4734 54
4734 4735 90
4735 4736 22
4736 4737 80
4737 4738 37
4738 4739 15
4739 4740 6
4740 4741 21
4741 4742 33
4742 4743 52
4743 4744 13
4744 4745 19
4745 4746 94
4746 4747 78
4747 4748 47
4748 4749 36
4749 4750 31
4750 4751 39
4751 4752 79
4752 4753 38
4753 4754 92
4754 4755 56
4755 4756 26
4756 4757 36
4757 4758 69
4758 4759 45
4759 4760 81
4760 4761 22
4761 4762 4
4762 4763 20
4763 4764 77
4764 4765 74
4765 4766 93
4766 4767 5
4767 4768 38
4768 4769 82
4769 4770 24
4770 4771 11
4771 4772 93
4772 4773 36
4773 4774 65
4774 4775 20
4775 4776 89
4776 4777 26
4777 4778 4
4778 4779 14
4779 4780 9
4780 4781 65
4781 4782 53
4782 4783 27
4783 4784 36
4784 4785 82
4785 4786 71
4786 4787 9
4787 4788 23
4788 4789 61
4789 4790 77
4790 4791 98
4791 4792 6
4792 4793 25
4793 4794 23
4794 4795 66
4795 4796 99
4796 4797 3
4797 4798 9
4798 4799 17
4799 4800 24
4800 4801 77
4801 4802 6
4802 4803 56
4803 4804 24
4804 4805 32
4805 4806 42
4806 4807 52
4807 4808 3
4808 4809 17
4809 4810 17
4810 4811 81
4811 4812 35
4812 4813 13
4813 4814 47
4814 4815 87
4815 4816 23
4816 4817 82
4817 4818 60
4818 4819 90
4819 4820 25
4820 4821 73
4821 4822 51
4822 4823 7
4823 4824 11
4824 4825 50
4825 4826 5
4826 4827 86
4827 4828 65
4828 4829 6
4829 4830 91
4830 4831 77
4831 4832 47
4832 4833 10
4833 4834 62
4834 4835 100
4835 4836 45
4836 4837 46
4837 4838 66
4838 4839 7
4839 4840 14
4840 4841 53
4841 4842 63
4842 4843 22
4843 4844 66
4844 4845 61
4845 4846 60
4846 4847 45
4847 4848 18
4848 4849 36
4849 4850 21
4850 4851 75
4851 4852 12
4852 4853 49
4853 4854 53
4854 4855 45
4855 4856 58
4856 4857 11
4857 4858 65
4858 4859 75
4859 4860 46
4860 4861 74
4861 4862 20
4862 4863 30
4863 4864 46
4864 4865 77
4865 4866 77
4866 4867 76
4867 4868 15
4868 4869 20
4869 4870 86
4870 4871 94
4871 4872 88
4872 4873 70
4873 4874 60
4874 4875 97
4875 4876 81
4876 4877 76
4877 4878 96
4878 4879 2
4879 4880 91
4880 4881 91
4881 4882 23
4882 4883 47
4883 4884 71
4884 4885 17
4885 4886 8
4886 4887 66
4887 4888 97
4888 4889 2
4889 4890 70
4890 4891 21
4891 4892 20
4892 4893 71
4893 4894 94
4894 4895 98
4895 4896 20
4896 4897 73
4897 4898 70
4898 4899 92
4899 4900 81
4900 4901 2
4901 4902 19
4902 4903 34
4903 4904 68
4904 4905 24
4905 4906 32
4906 4907 66
4907 4908 80
4908 4909 97
4909 4910 19
4910 4911 86
4911 4912 88
4912 4913 80
4913 4914 91
4914 4915 77
4915 4916 51
4916 4917 98
4917 4918 27
4918 4919 82
4919 4920 78
4920 4921 87
4921 4922 38
4922 4923 42
4923 4924 46
4924 4925 1
4925 4926 2
4926 4927 12
4927 4928 47
4928 4929 38
4929 4930 38
4930 4931 22
4931 4932 97
4932 4933 26
4933 4934 3
4934 4935 60
4935 4936 16
4936 4937 52
4937 4938 57
4938 4939 46
4939 4940 70
4940 4941 48
4941 4942 81
4942 4943 31
4943 4944 7
4944 4945 93
4945 4946 80
4946 4947 100
4947 4948 96
4948 4949 38
4949 4950 83
4950 4951 47
4951 4952 99
4952 4953 78
4953 4954 14
4954 4955 6
4955 4956 39
4956 4957 78
4957 4958 14
4958 4959 86
4959 4960 86
4960 4961 43
4961 4962 51
4962 4963 79
4963 4964 56
4964 4965 2
4965 4966 4
4966 4967 83
4967 4968 89
4968 4969 80
4969 4970 19
4970 4971 36
4971 4972 98
4972 4973 28
4973 4974 20
4974 4975 70
4975 4976 86
4976 4977 46
4977 4978 1
4978 4979 24
4979 4980 67
4980 4981 7
4981 4982 62
4982 4983 62
4983 4984 17
4984 4985 55
4985 4986 99
4986 4987 100
4987 4988 49
4988 4989 71
4989 4990 49
4990 4991 36
4991 4992 87
4992 4993 73
4993 4994 69
4994 4995 33
4995 4996 4
4996 4997 40
4997 4998 3
4998 4999 54
4999 5000 96
5000 5001 5
5001 5002 2
5002 5003 98
5003 5004 86
5004 5005 60
5005 5006 47
5006 5007 14
5007 5008 48
5008 5009 62
5009 5010 59
5010 5011 95
5011 5012 63
5012 5013 100
5013 5014 9
5014 5015 7
5015 5016 18
5016 5017 2
5017 5018 1
5018 5019 16
5019 5020 38
5020 5021 23
5021 5022 38
5022 5023 52
5023 5024 86
5024 5025 15
5025 5026 17
5026 5027 6
5027 5028 66
5028 5029 55
5029 5030 98
5030 5031 68
5031 5032 17
5032 5033 3
5033 5034 12
5034 5035 41
5035 5036 87
5036 5037 56
5037 5038 72
5038 5039 97
5039 5040 74
5040 5041 65
5041 5042 79
5042 5043 64
5043 5044 64
5044 5045 64
5045 5046 1
5046 5047 77
5047 5048 77
5048 5049 59
5049 5050 45
5050 5051 31
5051 5052 20
5052 5053 5
5053 5054 86
5054 5055 85
5055 5056 68
5056 5057 21
5057 5058 15
5058 5059 62
5059 5060 52
5060 5061 65
5061 5062 49
5062 5063 81
5063 5064 22
5064 5065 87
5065 5066 9
5066 5067 47
5067 5068 81
5068 5069 2
5069 5070 60
5070 5071 64
5071 5072 42
5072 5073 29
5073 5074 29
5074 5075 8
5075 5076 30
5076 5077 56
5077 5078 40
5078 5079 77
5079 5080 97
5080 5081 1
5081 5082 82
5082 5083 59
5083 5084 11
5084 5085 47
5085 5086 100
5086 5087 59
5087 5088 63
5088 5089 98
5089 5090 42
5090 5091 97
5091 5092 29
5092 5093 58
5093 5094 87
5094 5095 12
5095 5096 75
5096 5097 31
5097 5098 99
5098 5099 58
5099 5100 64
5100 5101 19
5101 5102 97
5102 5103 93
5103 5104 79
5104 5105 58
5105 5106 35
5106 5107 20
5107 5108 67
5108 5109 48
5109 5110 61
5110 5111 94
5111 5112 2
5112 5113 78
5113 5114 80
5114 5115 8
5115 5116 98
5116 5117 78
5117 5118 12
5118 5119 64
5119 5120 19
5120 5121 15
5121 5122 9
5122 5123 77
5123 5124 13
5124 5125 11
5125 5126 38
5126 5127 46
5127 5128 8
5128 5129 72
5129 5130 30
5130 5131 23
5131 5132 37
5132 5133 83
5133 5134 22
5134 5135 45
5135 5136 85
5136 5137 62
5137 5138 41
5138 5139 90
5139 5140 56
5140 5141 11
4510 5141 94
3906 5177 13
5142 5143 63
5142 5144 14
5142 5145 20
5142 5146 74
5142 5147 65
5142 5148 5
5142 5149 96
5142 5150 93
5142 5151 90
5142 5152 7
5142 5153 97
5142 5154 70
5142 5155 79
5142 5156 93
5142 5157 3
5142 5158 70
5142 5159 33
5142 5160 20
5142 5161 87
5142 5162 10
5142 5163 44
5142 5164 5
5142 5165 8
5142 5166 12
5142 5167 93
5142 5168 83
5142 5169 7
5142 5170 94
5142 5171 26
5142 5172 87
5142 5173 63
5142 5174 92
5142 5175 31
5142 5176 2
5142 5177 39
5142 5178 61
5142 5179 67
5142 5180 23
5142 5181 2
5142 5182 18
5142 5183 85
5142 5184 58
5142 5185 22
5142 5186 38
5142 5187 55
5142 5188 14
5142 5189 70
5142 5190 72
5143 5191 76
5143 5192 42
5143 5193 89
5143 5194 47
5143 5195 16
5143 5196 22
5143 5197 39
5143 5198 77
5143 5199 82
5143 5200 12
5143 5201 3
5143 5202 51
5143 5203 77
5143 5204 62
5143 5205 63
5143 5206 98
5143 5207 69
5143 5208 54
5143 5209 57
5143 5210 21
5143 5211 73
5143 5212 71
5143 5213 53
5143 5214 37
5143 5215 56
5143 5216 40
5143 5217 78
5143 5218 96
5143 5219 16
5143 5220 36
5143 5221 64
5143 5222 53
5143 5223 94
5143 5224 74
5143 5225 94
5143 5226 84
5143 5227 17
5143 5228 11
5143 5229 61
5143 5230 34
5143 5231 33
5143 5232 31
5143 5233 29
5143 5234 68
5143 5235 17
5143 5236 90
5143 5237 93
5143 5238 81
5144 5239 74
5144 5240 70
5144 5241 27
5144 5242 44
5144 5243 26
5144 5244 76
5144 5245 95
5144 5246 92
5144 5247 4
5144 5248 35
1754 5323 3
5249 5251 100
5250 5251 98
5251 5252 65
5252 5253 59
5253 5254 77
5254 5255 88
5255 5256 35
5256 5257 3
5257 5258 91
5258 5259 59
5259 5260 84
5260 5261 12
5261 5262 45
5262 5263 1
5263 5264 16
5264 5265 53
5265 5266 24
5266 5267 77
5267 5268 14
5268 5269 69
5269 5270 52
5270 5271 20
5271 5272 21
5272 5273 80
5273 5274 90
5274 5275 9
5275 5276 52
5276 5277 7
5277 5278 43
5278 5279 94
5279 5280 95
5280 5281 25
5281 5282 13
5282 5283 32
5283 5284 77
5284 5285 100
5285 5286 36
5286 5287 49
5287 5288 68
5288 5289 63
5289 5290 50
5290 5291 13
5291 5292 91
5292 5293 34
5293 5294 72
5294 5295 4
5295 5296 79
5296 5297 59
5297 5298 98
5298 5299 27
5299 5300 26
5300 5301 2
5301 5302 61
5302 5303 17
5303 5304 22
5304 5305 42
5305 5306 39
5306 5307 84
5307 5308 19
5308 5309 44
5309 5310 24
5310 5311 41
5311 5312 63
5312 5313 69
5313 5314 75
5314 5315 28
5315 5316 7
5316 5317 95
5317 5318 30
5318 5319 58
5319 5320 27
5320 5321 81
5321 5322 16
5322 5323 56
5323 5324 27
5324 5325 31
5325 5326 86
5326 5327 43
5327 5328 45
5328 5329 90
5329 5330 73
5330 5331 59
5331 5332 59
5332 5333 42
5333 5334 24
5334 5335 8
5335 5336 36
5336 5337 30
5337 5338 99
5338 5339 96
5339 5340 49
5340 5341 20
5341 5342 21
5342 5343 74
5343 5344 90
5344 5345 49
5345 5346 30
5346 5347 87
5347 5348 92
5348 5349 21
5349 5350 11
5350 5351 26
5351 5352 86
5352 5353 82
5353 5354 77
5354 5355 54
5355 5356 33
5356 5357 93
5357 5358 54
5358 5359 25
5359 5360 20
5360 5361 27
5361 5362 19
5362 5363 27
5363 5364 6
5364 5365 7
5365 5366 41
5366 5367 28
5367 5368 61
5368 5369 74
5369 5370 48
5370 5371 14
5371 5372 18
5372 5373 46
5373 5374 3
5374 5375 30
5375 5376 65
5376 5377 16
5377 5378 62
5378 5379 5
5379 5380 64
5380 5381 10
5381 5382 49
5382 5383 86
5383 5384 86
5384 5385 66
5385 5386 15
5386 5387 75
5387 5388 26
5388 5389 30
5389 5390 26
5390 5391 18
5391 5392 43
5392 5393 67
5393 5394 88
5394 5395 47
5395 5396 38
5396 5397 63
5397 5398 78
5398 5399 57
5399 5400 13
5400 5401 32
5401 5402 73
5402 5403 38
5403 5404 53
5404 5405 12
5405 5406 62
5406 5407 68
5407 5408 14
5408 5409 26
5409 5410 53
5410 5411 63
5411 5412 40
5412 5413 4
5413 5414 23
5414 5415 95
5415 5416 82
5416 5417 6
5417 5418 28
5418 5419 71
5419 5420 56
5420 5421 85
5421 5422 85
5422 5423 76
5423 5424 57
5424 5425 4
5425 5426 46
5426 5427 46
5427 5428 95
5428 5429 38
5429 5430 34
5430 5431 72
5431 5432 35
5432 5433 41
5433 5434 88
5434 5435 58
5435 5436 46
5436 5437 27
5437 5438 81
5438 5439 42
5439 5440 71
5440 5441 61
5441 5442 68
5442 5443 85
5443 5444 87
5444 5445 48
5445 5446 30
5446 5447 23
5447 5448 21
5448 5449 77
5449 5450 12
5450 5451 49
5451 5452 31
5452 5453 28
5453 5454 24
5454 5455 55
5455 5456 74
5456 5457 34
5457 5458 78
5458 5459 57
5459 5460 45
5460 5461 59
5461 5462 5
5462 5463 86
5463 5464 74
5464 5465 72
5465 5466 56
5466 5467 90
5467 5468 11
5468 5469 6
5469 5470 47
5470 5471 88
5471 5472 73
5472 5473 4
5473 5474 35
5474 5475 6
5475 5476 77
5476 5477 100
5477 5478 70
5478 5479 39
5479 5480 58
5480 5481 92
5481 5482 45
5482 5483 37
5483 5484 75
5484 5485 62
5485 5486 55
5486 5487 65
5487 5488 13
5488 5489 91
5489 5490 74
5490 5491 78
5491 5492 81
5492 5493 64
5493 5494 27
5494 5495 19
5495 5496 52
5496 5497 6
5497 5498 76
5498 5499 38
5499 5500 27
5500 5501 78
5501 5502 90
5502 5503 87
5503 5504 76
5504 5505 100
5505 5506 93
5506 5507 82
5507 5508 61
5508 5509 25
5509 5510 75
5510 5511 21
5511 5512 91
5512 5513 12
5513 5514 80
5514 5515 87
5515 5516 41
5516 5517 6
5517 5518 13
5518 5519 51
5519 5520 52
5520 5521 76
5521 5522 93
5522 5523 91
5523 5524 43
5524 5525 79
5525 5526 86
5526 5527 61
5527 5528 61
5528 5529 60
5529 5530 21
5530 5531 56
5531 5532 40
5532 5533 42
5533 5534 59
5534 5535 45
5535 5536 66
5536 5537 67
5537 5538 63
5538 5539 8
5539 5540 24
5540 5541 96
5541 5542 85
5542 5543 34
5543 5544 48
5544 5545 88
5545 5546 91
5546 5547 56
5547 5548 99
5548 5549 81
5549 5550 9
5550 5551 74
5551 5552 26
5552 5553 1
5553 5554 22
5554 5555 61
5555 5556 65
5556 5557 40
5557 5558 41
5558 5559 49
5559 5560 36
5560 5561 79
5561 5562 33
5562 5563 89
5563 5564 69
5564 5565 64
5565 5566 50
5566 5567 41
5567 5568 7
5568 5569 31
5569 5570 86
5570 5571 82
5571 5572 99
5572 5573 38
5573 5574 91
5574 5575 85
5575 5576 99
5576 5577 69
5577 5578 78
5578 5579 75
5579 5580 31
5580 5581 48
5581 5582 27
5582 5583 47
5583 5584 33
5584 5585 1
5585 5586 63
5586 5587 100
5587 5588 36
5588 5589 78
5589 5590 15
5590 5591 33
5591 5592 6
5592 5593 87
5593 5594 98
5594 5595 61
5595 5596 50
5596 5597 81
5597 5598 7
5598 5599 25
5599 5600 35
5600 5601 74
5601 5602 46
5602 5603 6
5603 5604 28
5604 5605 77
5605 5606 87
5606 5607 23
5607 5608 67
5608 5609 95
5609 5610 26
5610 5611 24
5611 5612 44
5612 5613 97
5613 5614 23
5614 5615 16
5615 5616 98
5616 5617 99
5617 5618 6
5618 5619 46
5619 5620 77
5620 5621 51
5621 5622 83
5622 5623 94
5623 5624 83
5624 5625 70
5625 5626 90
5626 5627 65
5627 5628 89
5628 5629 55
5629 5630 77
5630 5631 67
5631 5632 10
5632 5633 43
5633 5634 61
5634 5635 46
5635 5636 29
5636 5637 73
5637 5638 28
5638 5639 45
5639 5640 9
5640 5641 24
5641 5642 64
5642 5643 87
5643 5644 31
5644 5645 8
5645 5646 78
5646 5647 39
5647 5648 10
5648 5649 56
5649 5650 32
5650 5651 20
5651 5652 83
5652 5653 7
5653 5654 54
5654 5655 3
5655 5656 80
5656 5657 91
5657 5658 47
5658 5659 72
5659 5660 68
5660 5661 92
5661 5662 5
5662 5663 21
5663 5664 82
5664 5665 39
5665 5666 40
5666 5667 9
5667 5668 67
5668 5669 5
5669 5670 1
5670 5671 65
5671 5672 58
5672 5673 55
5673 5674 45
5674 5675 2
5675 5676 3
5676 5677 76
5677 5678 41
5678 5679 72
5679 5680 64
5680 5681 39
5681 5682 67
5682 5683 17
5683 5684 74
5684 5685 62
5685 5686 27
5686 5687 15
5687 5688 18
5688 5689 23
5689 5690 62
5251 5690 27
4635 5758 23
5691 5693 45
5692 5693 23
5693 5694 100
5694 5695 8
5695 5696 24
5696 5697 21
5697 5698 96
5698 5699 65
5699 5700 55
5700 5701 92
5701 5702 41
5702 5703 22
5703 5704 98
5704 5705 48
5705 5706 19
5706 5707 5
5707 5708 47
5708 5709 4
5709 5710 81
5710 5711 96
5711 5712 40
5712 5713 43
5713 5714 32
5714 5715 48
5715 5716 39
5716 5717 41
5717 5718 77
5718 5719 63
5719 5720 98
5720 5721 94
5721 5722 19
5722 5723 42
5723 5724 86
5724 5725 8
5725 5726 84
5726 5727 38
5727 5728 42
5728 5729 21
5729 5730 23
5730 5731 69
5731 5732 30
5732 5733 96
5733 5734 35
5734 5735 83
5735 5736 89
5736 5737 75
5737 5738 12
5738 5739 55
5739 5740 94
5740 5741 100
5741 5742 83
5742 5743 36
5743 5744 53
5744 5745 65
5745 5746 71
5746 5747 37
5747 5748 18
5748 5749 44
5749 5750 68
5750 5751 27
5751 5752 35
5752 5753 31
5753 5754 87
5754 5755 90
5755 5756 45
5756 5757 76
5757 5758 80
5758 5759 13
5759 5760 26
5760 5761 67
5761 5762 5
5762 5763 80
5763 5764 36
5764 5765 48
5765 5766 65
5766 5767 28
5767 5768 2
5768 5769 71
5769 5770 72
5770 5771 19
5771 5772 64
5772 5773 3
5773 5774 51
5774 5775 57
5775 5776 17
5776 5777 36
5777 5778 60
5778 5779 24
5779 5780 76
5780 5781 41
5781 5782 43
5782 5783 51
5783 5784 27
5784 5785 94
5785 5786 7
5786 5787 43
5787 5788 94
5788 5789 7
5789 5790 43
5790 5791 86
5791 5792 32
5792 5793 21
5793 5794 76
5794 5795 52
5795 5796 66
5796 5797 76
5797 5798 5
5798 5799 19
5799 5800 12
5800 5801 34
5801 5802 6
5802 5803 19
5803 5804 54
5804 5805 52
5805 5806 47
5806 5807 82
5807 5808 51
5808 5809 5
5809 5810 85
5810 5811 25
5811 5812 14
5812 5813 31
5813 5814 38
5814 5815 99
5815 5816 18
5816 5817 83
5817 5818 30
5818 5819 80
5819 5820 62
5820 5821 56
5821 5822 4
5822 5823 75
5823 5824 60
5824 5825 67
5825 5826 92
5826 5827 42
5827 5828 67
5828 5829 82
5829 5830 19
5830 5831 84
5831 5832 69
5832 5833 16
5833 5834 80
5834 5835 27
5835 5836 33
5836 5837 48
5837 5838 45
5838 5839 16
5839 5840 26
5840 5841 35
5693 5841 88
94
4572 6488
3461 12031
3651 43690
2158 29709
2043 33811
1929 7825
1556 49422
5765 32485
2048 45962
3458 41407
885 15956
2030 33467
2655 18639
5141 18173
2685 22149
1109 3698
5350 7457
2444 16107
4015 12980
5831 27359
2520 11479
3343 45545
1752 31105
1494 24517
4063 26197
2739 37832
4173 12083
2757 49598
5253 25083
367 39276
3865 47542
442 19915
5502 8406
3960 31139
5623 30576
1860 30271
1249 28728
2508 30803
4110 30154
5109 18348
980 33116
4653 15683
1984 12684
3371 10416
1532 38951
1365 30501
2654 1041
5804 43302
5515 48305
1650 17509
1792 36473
4165 30443
4351 27043
2299 48193
1647 49497
3273 19321
2187 46862
3710 34544
2831 32580
4916 34382
3284 6708
4233 33619
4605 8830
2638 27229
2675 21788
3333 27661
4733 29306
707 35924
5229 17674
3388 23514
958 5402
3692 9468
4565 10857
108 41671
3540 23705
841 22213
4520 38585
2026 3642
923 33468
950 8135
5500 18742
4063 45252
720 2027
5841 45424
2581 22672
2626 32505
801 41037
220 11017
1376 47486
3160 49347
692 44765
3248 6318
5038 30509
4739 5416
