79 86
1 3 1
2 8 1
3 4 3
4 5 3
5 6 5
6 7 1
7 8 3
3 8 4
7 15 53
9 11 4
10 14 2
11 12 3
12 13 1
13 14 1
14 15 1
15 16 4
11 16 3
1 17 37
17 19 4
18 19 1
19 20 5
20 21 1
19 21 4
18 24 23
22 24 3
23 26 3
24 25 4
25 26 2
24 26 4
16 31 50
27 29 1
28 29 3
29 30 5
30 31 3
31 32 4
32 33 1
33 34 3
29 34 1
19 35 4
35 37 2
36 37 5
37 38 5
38 39 1
37 39 1
8 44 65
40 41 5
40 42 4
40 43 2
40 44 5
40 45 4
36 51 70
46 47 3
46 48 3
46 49 2
47 50 2
47 51 1
47 52 5
48 53 2
48 54 5
32 55 3
55 57 1
56 62 4
57 58 5
58 59 3
59 60 3
60 61 5
61 62 3
62 63 5
63 64 4
57 64 3
64 69 46
65 67 3
66 70 3
67 68 1
68 69 1
69 70 2
70 71 4
67 71 2
64 76 30
72 73 3
72 74 1
72 75 3
72 76 4
73 77 5
73 78 2
73 79 2
53
45 38
36 39
43 18
53 25
4 34
61 7
64 25
4 39
20 37
74 10
10 6
76 29
26 34
62 18
57 28
68 36
54 5
3 2
14 35
6 2
62 20
12 13
11 29
29 19
73 19
14 10
33 20
61 10
78 3
46 19
67 37
59 11
71 15
4 25
18 15
60 14
64 18
61 33
14 28
2 12
32 40
7 23
79 9
77 27
73 24
76 14
45 2
69 22
41 30
5 27
66 23
57 1
38 26
