2
1
1
89
2
2
1
1
1
2
1
1
1
1
1
1
1
2
1
31
1
2
1
1
1
1
1
1
1
1
2
1
1
*
1
1
1
1
1
2
1
1
1
2
1
1
1
1
1
1
1
1
1
1
1
1
1
1
2
2
1
1
1
1
2
1
1
1
1
1
2
1
1
1
1
2
1
2
1
1
1
1
1
1
1
2
1
1
1
1
2
2
1
1
1
1
1
1
1
1
1
1
1
1
1
1
1
1
2
1
1
2
1
1
1
1
1
1
1
1
1
1
1
1
1
1
1
2
1
1
1
1
1
1
1
11
41
1
1
1
1
1
1
1
15
*
2
2
2
1
1
1
1
1
1
1
89
1
1
1
1
1
1
1
2
1
1
23
1
1
1
2
1
1
1
1
1
1
1
2
1
1
1
1
1
1
2
1
1
1
1
1
1
2
1
1
1
1
1
1
2
2
1
1
1
1
1
1
1
1
1
1
1
1
1
1
1
2
1
1
2
1
1
1
1
1
1
1
1
1
1
1
1
1
1
1
1
1
*
1
1
1
1
1
1
1
1
1
