2
4
2
12
2
3
3
2
2
2
3
2
2
92
2
2
3
2
2
2
2
5
2
2
2
2
3
12
2
2
12
2
2
2
2
3
2
2
3
2
2
4
2
2
2
3
*
2
2
2
2
2
2
*
3
2
2
2
2
2
2
2
2
*
2
2
12
2
2
2
2
2
2
2
2
2
2
2
2
2
3
3
2
2
2
3
2
3
*
2
2
2
2
3
2
2
2
5
2
2
2
2
*
2
2
2
2
5
2
12
2
2
3
2
2
2
2
*
3
2
2
2
3
2
2
2
3
2
2
2
2
2
2
3
3
2
2
2
2
2
2
2
2
2
2
2
3
2
2
2
2
2
2
2
*
2
2
3
2
3
93
3
2
2
3
2
2
2
2
2
2
2
2
3
2
3
2
2
2
*
2
2
2
2
2
*
*
3
2
2
2
55
3
2
2
2
2
2
3
2
2
2
2
2
3
*
2
2
12
2
2
3
*
2
2
2
3
2
2
2
2
2
2
2
2
2
2
2
2
3
2
2
3
3
2
3
3
2
2
2
3
2
2
2
2
2
2
3
2
2
2
2
2
2
*
