1
1
1
1
1
1
1
1
2
1
1
1
1
1
1
1
1
1
1
2
1
1
1
1
1
2
1
2
1
1
7
1
1
1
1
1
1
1
1
1
1
1
1
1
1
2
1
1
1
2
1
1
1
1
1
1
1
1
1
1
2
1
1
1
1
2
1
1
1
1
1
1
2
1
1
1
7
1
1
1
2
1
1
1
1
1
1
1
1
2
2
2
1
1
1
1
1
1
1
1
2
7
2
1
5
1
1
2
1
1
2
1
1
1
2
1
1
1
1
1
1
1
1
1
1
1
2
1
1
2
2
1
2
1
1
1
1
1
1
1
1
1
1
5
1
1
2
1
1
1
2
2
1
1
1
1
2
2
1
1
1
7
1
2
1
1
1
1
1
1
1
1
1
1
1
1
1
1
1
1
2
3
1
1
1
1
1
1
1
1
1
1
1
1
1
1
1
1
1
1
1
1
1
1
1
1
1
1
1
1
1
1
1
1
1
2
1
1
1
1
2
1
1
1
2
2
1
1
1
1
1
2
2
*
2
1
1
7
1
1
1
1
1
1
1
2
5
1
1
2
1
1
2
1
1
1
1
2
