1
1
1
1
1
1
1
1
1
1
1
1
1
1
1
1
1
1
1
1
1
1
19
19
1
1
19
1
1
1
1
19
1
1
1
1
1
1
1
1
1
1
1
1
19
1
1
1
1
1
1
1
1
1
1
1
1
1
1
1
19
1
1
1
1
1
1
1
1
1
1
1
1
1
1
1
1
1
1
*
1
1
1
1
1
1
1
1
1
1
1
1
1
1
1
1
1
2
2
2
1
2
2
2
2
1
2
2
2
2
1
2
2
4
19
2
2
2
2
2
2
4
2
2
1
2
4
2
2
2
2
2
1
1
1
1
2
2
1
13
2
1
1
2
1
4
2
1
1
2
4
2
2
4
1
1
1
1
1
13
4
1
2
1
4
1
1
4
4
2
1
1
2
1
1
1
2
4
4
1
1
1
1
48
2
2
1
1
1
1
3
2
1
1
2
1
1
1
1
3
13
2
4
1
1
13
2
2
1
2
1
1
1
1
1
2
1
1
1
1
1
1
2
2
4
1
2
1
1
1
2
1
1
4
1
1
2
2
1
1
1
3
1
1
2
1
1
2
2
1
1
1
1
1
1
