17
17 11 16 2 13 4 9 6 5 1 7 8 10 14 15 3 12
16 5 15 11 12 4 3 9 14 6 2 17 1 8 7 13 10
18
13 11 16 9 2 15 18 17 1 8 3 4 7 14 12 5 10 6
9 11 13 6 17 15 10 4 2 16 18 7 5 3 12 8 14 1
21
13 16 3 7 11 1 12 18 20 9 21 10 4 8 2 19 15 17 14 6 5
19 6 8 1 15 4 11 18 2 21 17 13 12 20 16 9 3 14 10 7 5
17
10 5 17 6 1 14 15 2 8 4 11 13 7 16 12 9 3
7 16 9 2 3 4 8 17 1 11 15 13 10 14 12 5 6
17
8 6 16 4 11 2 5 3 9 7 17 10 12 15 13 14 1
2 10 16 8 11 1 6 17 9 5 4 12 15 13 3 7 14
7
6 7 4 3 1 2 5
3 5 4 6 1 2 7
21
4 17 10 20 9 14 2 5 12 21 16 3 11 18 15 7 19 6 13 1 8
10 7 17 6 8 2 9 3 1 15 21 4 14 13 5 11 20 18 19 12 16
23
16 9 21 23 18 17 19 4 1 20 6 12 2 13 7 15 3 22 8 11 14 10 5
19 2 7 3 20 4 16 10 23 5 14 17 18 9 11 21 8 6 15 1 12 13 22
14
1 10 6 8 3 7 5 2 13 4 12 11 14 9
11 10 5 2 12 8 1 4 3 6 13 14 9 7
10
1 2 8 7 9 4 10 5 3 6
5 4 3 8 1 6 7 2 9 10
9
6 8 1 9 3 4 7 5 2
7 4 8 9 1 2 3 6 5
8
8 4 5 2 7 3 1 6
6 2 5 8 7 4 3 1
17
1 10 3 16 14 9 17 12 15 5 13 7 8 4 2 6 11
12 13 4 5 9 7 11 8 6 2 1 15 17 3 16 10 14
13
1 4 8 13 3 2 5 10 6 9 11 7 12
3 5 10 9 4 12 11 13 8 6 1 7 2
18
6 14 17 15 7 18 4 8 16 3 9 10 12 13 11 2 5 1
2 12 9 15 8 18 6 7 1 11 16 14 4 5 10 17 3 13
15
15 2 3 11 10 8 7 13 1 4 14 9 6 5 12
7 9 13 5 1 8 15 4 10 14 3 12 11 2 6
5
1 2 4 5 3
4 3 1 5 2
19
9 2 8 18 5 19 17 13 16 7 12 11 14 1 15 6 3 4 10
12 13 1 6 9 5 2 7 16 8 3 17 4 11 18 14 15 19 10
19
16 17 8 15 18 9 4 14 1 19 11 6 12 7 5 3 10 2 13
5 1 14 16 19 12 13 17 3 7 18 11 8 9 2 6 15 10 4
9
6 3 1 7 2 4 5 8 9
1 4 8 3 7 5 2 6 9
22
14 9 20 11 2 18 8 6 10 4 19 21 17 13 7 15 22 1 12 3 5 16
18 13 9 20 17 16 6 19 5 2 22 11 7 12 14 3 8 10 4 1 15 21
5
4 2 1 5 3
3 5 4 2 1
3
3 1 2
2 3 1
23
1 13 8 23 7 11 12 22 15 2 14 19 21 3 9 6 16 17 10 4 18 5 20
18 19 11 12 22 14 7 4 8 3 15 2 21 9 1 23 10 16 6 17 20 5 13
8
3 2 6 7 5 4 8 1
2 5 7 8 3 1 4 6
4
4 2 1 3
4 3 1 2
6
2 6 1 3 5 4
4 5 6 1 2 3
2
2 1
2 1
2
2 1
1 2
4
1 2 3 4
4 1 3 2
14
11 2 5 7 13 1 3 9 14 4 6 8 12 10
7 8 4 1 11 6 14 10 5 9 3 2 12 13
16
15 11 13 4 5 9 12 7 6 3 1 10 14 16 8 2
2 13 14 16 12 11 9 3 4 5 6 15 1 8 7 10
17
1 12 7 8 5 17 13 10 9 16 11 15 14 6 2 3 4
15 13 8 9 7 17 12 5 6 11 14 10 1 3 2 4 16
8
7 6 1 5 3 2 4 8
4 2 8 6 7 3 1 5
4
2 4 1 3
2 3 4 1
2
2 1
1 2
22
10 21 7 14 20 9 15 11 19 13 8 17 6 4 16 18 22 12 3 2 1 5
14 6 19 4 7 8 11 9 18 21 20 2 1 5 17 10 3 16 22 13 12 15
12
11 9 2 4 3 7 8 1 10 12 5 6
6 5 4 2 9 3 1 12 8 11 7 10
16
10 7 5 14 13 11 15 3 4 2 6 1 8 9 12 16
7 5 11 6 12 8 2 16 1 10 4 3 9 13 15 14
10
8 6 5 10 3 2 1 7 9 4
3 5 10 1 8 4 6 7 2 9
19
9 5 1 19 4 2 18 17 8 3 11 12 15 14 7 6 10 13 16
7 1 12 18 11 19 13 5 14 16 17 8 10 6 9 15 3 4 2
9
7 6 4 1 3 9 8 5 2
2 1 8 7 3 4 9 6 5
10
1 4 5 7 10 6 9 8 3 2
8 2 9 7 6 5 4 10 1 3
6
5 2 4 6 3 1
2 6 5 4 3 1
19
18 4 7 1 8 5 12 6 9 16 14 2 3 13 11 15 17 10 19
12 7 8 1 15 11 19 2 6 9 10 14 17 18 5 3 16 13 4
16
5 14 8 10 16 1 11 6 13 7 12 15 2 3 4 9
8 5 10 12 4 6 7 9 1 15 16 14 3 13 2 11
20
7 5 18 17 8 2 13 16 20 12 10 14 3 11 15 4 6 9 19 1
15 1 6 5 14 7 19 10 18 3 13 20 11 2 9 8 16 4 12 17
14
10 2 7 14 13 6 5 3 1 12 9 8 11 4
5 13 7 3 11 12 8 4 14 10 1 2 6 9
21
8 10 19 9 5 1 14 21 3 11 15 20 7 6 12 13 4 17 16 18 2
14 16 15 1 3 4 19 18 6 20 10 7 21 17 12 8 11 5 13 9 2
13
9 4 1 8 2 12 13 3 11 10 7 6 5
7 9 6 11 10 4 12 13 5 2 3 1 8
2
1 2
2 1
9
4 6 8 3 7 2 1 9 5
2 4 1 6 9 5 8 3 7
12
10 1 6 4 8 7 12 3 2 11 5 9
5 9 10 11 12 4 2 7 8 3 6 1
10
6 8 2 10 7 5 9 1 3 4
9 1 2 6 7 4 5 3 8 10
9
5 7 4 2 8 3 6 9 1
1 3 9 7 5 6 2 4 8
6
4 6 5 3 2 1
5 1 6 4 2 3
9
9 7 2 8 6 5 3 4 1
1 7 4 5 3 6 2 9 8
10
5 10 2 9 8 7 6 1 4 3
10 2 4 5 3 7 1 8 6 9
19
8 18 6 16 2 12 5 1 10 4 11 17 15 3 13 7 9 19 14
16 18 17 12 6 10 19 7 8 15 13 3 11 5 4 9 2 1 14
11
8 1 11 10 6 7 4 9 2 5 3
4 2 9 3 6 11 7 5 10 8 1
18
13 9 2 7 6 14 17 4 8 3 11 12 10 18 1 16 15 5
2 4 17 10 6 7 11 8 9 18 12 14 5 3 13 1 15 16
11
8 1 5 11 2 3 4 7 6 10 9
8 1 9 7 5 2 6 11 3 10 4
21
7 4 6 8 16 12 5 2 13 15 20 19 10 18 9 17 14 1 3 11 21
17 5 8 15 3 11 2 1 19 9 12 10 18 21 16 4 6 7 20 14 13
3
1 3 2
1 2 3
22
7 8 18 5 21 17 19 14 13 4 1 16 10 6 20 11 2 9 3 12 15 22
17 5 13 4 15 3 18 7 6 1 19 20 21 12 11 8 16 2 9 22 14 10
3
2 1 3
1 3 2
23
23 7 18 2 19 20 14 4 11 9 1 16 8 10 22 3 6 17 12 21 13 5 15
6 7 10 20 1 2 18 17 11 14 22 3 15 5 4 13 16 23 21 19 12 9 8
13
11 3 13 8 1 9 4 5 2 7 12 6 10
3 2 11 1 10 7 6 9 13 4 12 8 5
10
3 6 5 8 4 2 7 9 10 1
1 4 7 2 5 6 9 3 10 8
12
5 10 2 6 8 9 4 1 7 12 3 11
9 2 3 7 1 12 10 6 8 4 5 11
19
11 2 16 9 6 10 7 19 8 18 17 4 12 13 3 14 1 15 5
9 7 19 18 13 8 5 10 4 2 17 16 1 3 14 6 15 11 12
22
18 8 2 21 3 17 19 6 4 11 10 9 16 20 15 14 22 5 12 7 1 13
1 19 4 13 18 8 21 17 15 7 20 9 16 5 22 2 6 12 10 11 3 14
23
13 4 7 21 6 15 3 9 20 18 14 17 16 2 5 23 8 19 10 1 22 12 11
14 1 23 11 22 13 3 21 18 15 20 16 9 8 7 17 4 12 10 19 2 5 6
9
9 3 2 7 5 4 8 1 6
9 4 2 8 6 5 1 3 7
3
1 3 2
3 1 2
16
11 15 13 16 14 6 1 7 12 10 8 3 9 5 4 2
5 14 13 15 3 16 4 2 7 9 6 12 8 11 10 1
20
7 3 13 12 8 5 10 9 11 18 15 16 6 2 19 20 1 14 4 17
17 11 10 4 14 20 5 12 9 1 16 8 3 6 15 7 2 13 19 18
21
19 11 10 21 3 1 15 17 2 7 20 4 6 5 18 13 12 16 14 8 9
1 10 18 5 6 3 11 13 7 9 15 17 12 21 20 4 8 2 14 16 19
14
13 5 1 12 2 10 7 9 4 6 3 11 8 14
10 14 13 9 2 12 11 7 3 8 6 5 4 1
3
3 2 1
2 1 3
11
10 6 11 2 7 4 8 9 3 1 5
4 5 7 6 3 9 11 10 8 1 2
18
16 17 18 9 10 7 2 8 6 4 3 12 15 1 14 13 11 5
2 1 13 5 17 14 12 3 6 11 4 10 9 15 7 8 16 18
17
17 14 2 16 11 1 9 4 7 3 8 6 15 5 10 12 13
12 13 8 6 17 5 7 14 4 1 16 3 11 2 15 10 9
10
10 2 3 5 1 7 8 4 6 9
3 7 8 4 9 2 5 10 6 1
7
3 6 2 1 5 4 7
6 5 3 2 7 1 4
14
5 3 14 6 2 11 13 1 4 9 8 7 12 10
12 6 4 5 2 7 3 1 10 11 13 14 8 9
8
5 2 8 4 6 7 3 1
5 7 3 2 6 4 1 8
20
13 9 7 4 11 12 10 5 19 17 14 18 2 6 16 3 8 1 15 20
11 7 2 10 13 9 1 18 8 6 20 19 5 17 4 3 16 12 14 15
5
1 2 5 3 4
3 5 1 2 4
10
5 2 3 1 10 9 4 8 6 7
4 3 7 6 8 1 9 2 5 10
10
8 5 4 3 7 9 2 1 10 6
2 3 1 9 6 4 10 8 7 5
5
3 1 5 4 2
3 1 5 4 2
21
2 21 3 20 18 12 7 5 19 10 1 8 11 13 15 4 9 17 14 6 16
17 11 9 16 15 10 12 13 4 5 3 18 1 20 6 19 21 2 8 14 7
10
6 4 8 2 7 9 10 3 1 5
3 9 6 10 8 2 1 7 5 4
10
4 2 6 9 3 5 7 8 1 10
6 7 5 10 1 2 4 3 8 9
9
6 1 2 5 9 8 4 7 3
2 9 6 8 1 7 4 3 5
20
8 4 19 5 13 3 18 14 2 1 16 12 6 15 20 17 7 9 10 11
16 10 3 11 15 1 14 17 5 19 18 2 9 13 6 12 8 7 20 4
5
2 5 4 3 1
3 2 4 5 1
21
13 2 16 9 5 8 4 18 20 1 14 11 21 12 15 7 6 17 19 10 3
3 21 5 8 18 6 20 9 13 2 7 17 1 11 19 4 10 14 12 15 16
6
4 5 2 3 6 1
4 3 5 2 6 1
2
1 2
1 2
2
1 2
2 1
3
2 3 1
2 3 1
3
2 3 1
3 1 2
5
1 2 3 4 5
3 1 2 5 4
5
3 1 2 5 4
1 2 3 4 5
5
3 1 2 5 4
5 3 2 1 4
