1 1
1
101
14 20
101010000001101101110011001
0
1111
1101110100011010011011100
11001011111000001101100011111010
010010111111101
1011010011000010111001000001001111101
0010100000100111101101001000
1100001111001010
0011010101001110011010100001
000001100000
1100110111110010101010101110100010101
111001
0100001010100001
1111110
11000
1111
001110110100010
0001011010
110101100010010101
0110111111101011111101110
001100101000
11
1
1100010001
0001
0110111110
010111010010011111110101010
00110001001100111
100111010110001001011
10001111101010
0101
110111011001110000001001001011011101110
01101110101001111110011110011101001
4 4
00001010000110
001000011110110100111011101001101100
000001001101111010101110
010001100110000110001
11111000010100101011010001111110
11000001000110100100101
100101010011010000010101100010
11
1 3
1001001011000
0111110011
00001110011111100001000
1010001110111110001111011011110000101
17 1
00010011110000100001001101
0101101011111011111100101000001110001
0110010110
0110110100001
0101001
00111100000000000101001
0000
1
0111100011000101000001000
0011000011000000011111011111111010011000
11100110011100000111110101111110101
11100111101100
001
01100000
011000111000011110
1110101101011110001001100000111010
10011001111
101100110100010101011
12 2
01001110011100011
100100111011000110010001100
10000011111110001101101110
011111001011011111011110111
00100010001101001100
01
1000100011100
01011111011111011011110011001100001011
0101100011110010111
11101101011011111001000001100101111
1010000100
1101010
00000110100111111011011101
011010101111010100010
6 18
0110110000110000001
1
100110000010100000101001000001010111011
10100
010000111
1011000010010000
0001110001100011000100101111100100
10000001010101000111110100111010001
1101011101001001001010000001001101101000
11111011011010000101
010100110
100000100001100100010100010011
001001000011010011
01000010110110101100111
0000110010101110010
1000001111101000010110111010101
010
0111001010011111
01010
11110
0110111111111011100101001101001001110000
11101111111
0011101110011101000
010110100110000011100
14 18
101
110110110110010001011101001100100
1
111010010000000110110000
1110010101
00001111101
10111110111000011101011001001001111001
111100100001011100010111001010100011
101101000001000111101001001010110010000
100001101001110010
1
1111010
1001
011000001010000
0001110101
101111110
100011000010011
100100000100010010011
1001000000100
1000000001101010011101
01010
011001100010011100
011010111101011100
00000100110111011111000101011011001010
1110101111001100000100010
111100000001000110
10111011001001010110011011100
0100110110110110111
000111010110110100001101011
001111010010101001001000001
110110101
10011001101001001
11 9
11100110100000111111111011011100
011000001011000110011101111011
0000001010100111011111100011111001110
11000111111000000111010100101
0110100111
1000010111001011001101001100100
00001111110011011100100111110010010
1000110
1000
1011101100000111000101001101110001000
101110001010100011
0000
10
11110100111111111111000010
1000011111100010110111001011100000
000011100111010111111111110
11011011111
010100010100000111111011100010101
110011011011001000010001001001011100110
0011101010000010100001100011011000
4 18
110011001011100
110010100100011
00111010011
011
0111100110110010000111
0
0110000110101011110010100101
111001100111011100111111001100010
1001011101010100
01110
1011001101000001010100011011011001111010
001100010101011010111110000001
01110000010100100011101101111000
101001001000011011011110101111
10011010110100100
10000110100100101111110110110100101000
000100101010011000100010010011101101110
1001110111011001111100001011
101110110001
01011
01001110010
0000000100110
13 20
00101101000010101101101000111000001110
11000101101111010
01111001011101011
1000
00111001101001001000101
0
11110011001111101
010010111110111111111001010100101000
00011000
1101101110111001011110111101011101100
001000011101111101100001111000111001010
111011100000011101110111001
00100011110001011
0101000011110011111001011110
110000
11111010010
0011011111000101000001011101101001
100101111111100001100110010110110101
10
01101100100101110011
00010110
10011011100
1001010000011111100010010000100000
0
1010100
011111101000001010001100010011101111101
0110110010001001000110010111101110111110
010011000000111011001111111100000111001
0000100111
0000101110010010001000000110111000111011
00101011001010001100100
000100010
000110111000000110011011010100100111100
11 3
01101111010000100000001001111011101
100101100110110011111001010101000
00111100100101110001010111101010000101
01101100101110
100111011010110000011110100000000111
0010010110001000111011001
1011010101011011000000101
010100011011011111110000
101011001001011001101010001111100111
01011
0101111111101000100
10001011101111001011011000110000100101
10100111001
010010100010011
4 2
01000110010001010111110110110101010
0110110101010100110
01011001110000100010100001
11110100
0111
011100011010101010111110011
6 13
1101
1100110011101110
0000101111110101001110000
001110110111100010
011001001
011011
01011011100111011000100101100010
00011010011111000010
000010010010110010101110011011
00011001001110000100001010000000
0100010011101001000101001111110
00111001000110100111111111110
1111010011000111
11100001001000010110
00010101001101001
0111110111111100111
0101001001111000001011000110
00111001001001010100100000
01110100001111101101010001111010
5 17
01001100111
0110001111011001011111111
11000000110011000111011101111010
1101001
01000100110000
1101001001110010110010
1001
11011100
00000100000000001101001111111100000
101011010011000001
10011000110001110111101
0000010011000000010010
001
101001011010111011
011110001010111100100011010010000
010011100101001100110100111001
10010111110001100
1110000110011011101010100
01110000001111100010101011001000111
0110101110101110100001100100101001011
1001111010001101011111110010011
1000000110111101100001110011100011110111
20 12
10110101100
001110111110000001001100010010
10110111011010010011101100000
0000001
1001
11001110011001111011010110111
01001100101110111
0001011
1011000011111100101010001010011100
110011100
10000010101110010110111111101111101101
00111101011111
00100000110110
0000000011
0110110010110100000001100111011100000101
1111001100010101111010101001001
1001000001101110
10110101110101001000010010000010001100
01100010110100111000100010101000110101
11011010001010101011000
000101100101111000110101
00001110000111100011
1110111000100001001001100001110
001010000000010011
10100101001111111111011111011110
00101010110
00100110011011
1001011010011100111011
111000100111001001111
100011101101010110101001000110
1111100101100010011010101010010
00011101111010000001001111000111
18 12
1000100110111111
0001111101000011110101011111000110101
1111011110101000101111111000
111111
01
111110011001000111001100
011011110010001011101010001100000110010
0111101011100111001011
01011010110110011000110011
010011111000001010000
011101011000001111
10111111010111100101
00011100010011100010000100111
110001011110011111010110011110111001111
010111001000101111000001101101010011000
0
011010011010110010011
00110111
101110110111110001000101000
00101001
011101111111100101111110010
01000011000111001011001100
0011111111100001111110110111
101101010101100101101001001000
010100010110101000101100001001010001
1000101100101011000010011000011
00001010100100011
01100001110010001011011
100101101110011011100011011010011100110
10110011111110101100
17 13
0110110001011100000011010101
011000
011000111110101111111111
001001011110100010101110111110000111110
1100110101100010111110111011010011
0000110110010011000
100111100011110110010010001110
00
100011010011110001
10011111011011110101101001011
1110101010011010011
10100001100010000011111100110111111001
00011101
1100111011100
01110011001101111101000110
1111101110001101100001010110010000100
10011010111000110011010110101
010010101111111001111
01001000011100011111010011001001000
00010101001100100010100111100100101
0
11000110011000010001000111101100
110111110110110
0111010111011101011001101100
00
011
010111100010
1110001011110000100000110111000
0000111011010
100011110110011001000110011010001
14 20
010100010101000000001111011001
01100
000110101100101100011101010101010111000
000000010110110100010111000010011
01010011011111001000001001000001011
0010011100101
01011101110000
1101001101001100100000001
01001111011001010
1111000001100011001000101010010101
01001010010100101
00100010000010000000000100001101101010
0100101101000
1001
010000
111010100000
01001001001010110
010010100110000010100010010001000111
11
10100000110011111110010100001100
0101010111000010000011100100001110100
00101001010111111010100
10010110010111110101000001100111001000
0011100001100
010
0
0101
0100011010011001000110100001
0001110100100111101110100011100000
0011100010000100011011111000
01001000010010100011101000010001
0100100001101011111110101110011010
1110100101010101001011110001011100
1110000101110100110100
17 3
01100001001100010111010
1110100001101000
11000011100111000100111110101111
1000000010001
10100001101100010000001010001001101011
1101
1110
00111011100001000
0001111110101010
11110010
101101110111100011001001
1101001101000011100011100011101001100
1
00100010
10001110010100
1100001001110
00001101001110001000101010011001
100010111010100110100
10101111100101001101000
0010110100111110010000110010001001
8 15
001110100100111101
110
101000110000011101100000000010001001
01010101110111000110111000001010000
101101000001011010101
0010000011110010011111111101000
001010000100000010111011111010100101
0001000100111101000111000000011
1101
101011001001110
00101110011
11001110101011110101100001010110011100
1101110010001110011011011100001100011000
0111110000010100101000111010
101101100000011011011001110
10110010001101100100011
0000
10101110101000100
110100001100001001010101001010
1001101001111
1000101101100010100
100000111011
00
11 6
1
111011100010101110100001
0100101010110011011110101000101010101111
001101100111100110011110000
001011100111001011100111
1101110110110101011011000000110010111
00
0111001111011101
100101001001111110011101010011110
0010001100
01110001111
1000011001111101011001111
0101010111101111011110
1100
01000010111
0010111011101101110111111001010111
10
19 14
11101000100010010
001000011101001001
100011111101100110000110111110
0000
10100001111001100
000101111010010111000110100111011101101
010110101100001010000111111111100
1001110010101011101100001111100
1011000111010101101100
1001110001011011000110110
11
00111001010000001010000000100011011
111010100001010111101000001
1100011010
111110001010000011110011
111111100110100110011110
01110
01010101000010
100
11110000
000
1100101110110010000010001100110110
000111110100100010010101101101
0101001
0100011
001111011000
010010011110101100011110111010000110
0110001100100001101110011100011010111
110101000100001111111101101011110111101
00110101
10001001111111010101110
11110111100001111010101101
000110000100110010101100110111
18 20
100
101000001010111000100000
1010
000110
1000010100001001101010001001000
010101101100111
0111011011010000001011110110111011001
11110101011010110011110111100111110000
01100111000101011001
00101001011011011111000111101110110001
000100100000001000001011101
010
0000110100001100001
10101001011011101001000010010010
010
11110110101001101100000
100101001111110111010100111010000
001100000110
1011010
1101101100011101101110
10111101010101110011101000101000100001
1111
011001101
001101010011010101
1000001100
0100011
011001111011110010101000111001
10100
111011011100100000010000110110010010
011010110100000011000101010001011
101000001110111000011101101101111010
1101
10111101111100011
001110111
101
1110010110100100010010000001010
1010110101000101010101111001
0110001000011110100000011
20 14
1010000
01000111000111100100111001111001010
111011000011111111011100100101
11
01
0001011011001011010101
000011111101000000100110100011
0111001000110000
1100011001011
1100111001111100111110111110010000
001001101000001100
0000001111111100110100111110000111
00101010010100000001111010011001111
111101001001001010000000011
0011
001001110011
0100111111011111101100011101110
0100010001101110010101001
101001110111111110011110010
0111100100111110011010001
0101000001110001111000
1100101111010011001
10010101000101
10100000001111011111000000111000
000000001
1101111011110001
0000
001
0001110100011111100010111101111101010100
000100000011011100001100101
11111100111100
101110000
00101101011011110110010001000000001
011000101100100110111111001011
3 13
001101000001100110001110100101000110
100111011011
00100001011110100
00011000110001001001
10110011111000110001011
1
010110101011111010010110001
00111011110001001101100100010
00000101111001110000000101111
011
01010001001
00100011110100
10100010011110111111101100111010
1101011110010100111001101011111001011110
0011011000000000001101110010
110
5 10
0101000000000100001000
1111010011111100010011011111111000
01111110001000000101010010001
101101010000100011100010
11010000010111011101111001000010
1001100000101101
10110111011
1010101011101110
00101
1110011111010010
0010
0
11101000001010110111100110001
10011101011001111011010101011111100011
0101101
5 10
010111000001001010101111001110110
01110100010110101
0011001101111000011111
10111010001101100001000101
001011101011
0000000010001000100100
010110000000001
100000001111011000111010
10001110101001
0000101100000110110110011110100
10110011010111
0001100110000110010001001011011101100100
001101110111101110000011101101001110001
101100011111100101110110001110
0100011011011111101111101100001100110101
18 20
1110100101
000000001010111011100001001110010
110111011101000011100
111100111101010101110000101000010100101
001100101010101100110100011111001010001
0001001
10111011110110
0001001100000011000000011010
0101111001100010111001111111110
10001010110010011100110101011011110100
011
1101101011011100101111111111010110011
110001100110101010000101010101
0000000001
1100000011111001001001101
1101111111101001010010101011001011111011
011000101010000110
010
11100100111100010100111000
00001111011000
00010101110011101110
00110000010110010101001000000110
01110010000001001001
11110111101
0101100000000111111101011010
01010110100100000011101
00100101010000110011100010001100
1001101011001001001101011011101011
011010000001010110010110
001100001100011011001
000101000100010110100011110001000
00000000100101111011011001000010
11010101000110000101100100100011110
1001011011011001000101110001110111010
001110100011100010010001111
0111010010000010110000100000000000
0010011111011101010100001010011110
1101100010101010100
5 9
00101111110
01001111
101111000101111001101110100100000
110011111
0010100111001000110011100
1011110
1010010010111110100110111001100
1111111101001001000110000101
00000110
0100110100010
01100011100110001000
0011110000010000011010010011110001010
11000111000100011111101111011000000000
00100111011100100011000011001101
1 12
101101000001111111011110001100
1010110101001011001101001101000111
0011111000111000110
0111111000111
010100110001111110
100000101100110011100
010111110001100100001
0111001001
00011100110010011110011011010
000110
0110001010011001110011110101
000000111011011
1110100110001100100001000000100001111110
1 8
10110011100101010111111
1001111101111
10101111111001111110011111111011000
00111111110
1000000101011011101
100011010011
0100011001101101101100010011000000011
1011101000
000111100101100
16 9
1
110101010011111101011011011100110
110111011111110100101000111010000000101
0011010001011010100110011
1000001011000001110010100001
111010110100100100100101
0011001110001101111
00011011101111111
0110010001
1001011110111001011011010110011101101101
0100001001101
00
10110
0001111001111010010111111100100
1101110
100110
0000111110111100000000011010001
1001110001000000
000001
11
01110001100100101000011
0001000100010010101
00001010001111100101101100
01111100110100001
1111100000001
13 18
1011011111110100001101011010110000
0010110010010101001100
010110110110000110010111000001
011010101001111
1010000111
0011101101111011010111111110101011001
0101001
11110110101110010110110010
0011001011100011110011100101001101000
101000101
10011100000010111101010010100
001000100110001011101001110
0001100010010011111111001110111100
101110001001000111110011101010
001111101000110111111010111111
111100111101001
010101
11010100010011100101101110000100
001000110100101010001
010011011101
0111110010110001001011
11000111001110111100111100010
0110010001110000100110110100001010100
10100011011010
110011000
101000000010001100010110011111010100
0110001011110110100110011011110001111101
10111011
101101
0001010000010110011101001
1111101100010001011011111
1 10
10000100001011010100111111011001100
010000110010000111110101010110
01101101000
1010
0000
0101111001011111111111100111
0100
0101
111100000
1000
1001101111101100010111010101010
2 9
1111111000101111101
0010110010001001
1111010100100
101101011111
0011010101001
0111101101111010111110
10000101111010
01110
1000111001101011110111101100101001
101
1101101101010010001001
20 3
0010
0010
10000010100010001001110001
11011110110010101110001110100001100
0010100011111001110011101011
10
1000011110001001011011101
1100111011100100101011101111000000111101
111000011010000110111000
101111011101011001
11100110010100100001111111010111
1011101101110101011010100110111
101101
100100101110001010100111111
00100100011111000
000011110
11000101101111100010100101010010010010
010110101000101001001000
000011000100001000101101
01100100010000011101101101111110110
001110011011101000010000011010
0100010110010110000010010100001
011101011
6 10
00000000011111010110110
101111011011
00110011001111110101101110011000001
010110111011111001010111111
00
00011101000101000100101100010100
1011110001010
01000110111000100010011011100
0100110011011111100010010110000
010011011001000001011101111
1110
1001110100010110011110110001010001
11110
0
0101010111101100110000001
1000111010
7 19
11000001
11101100011001101111000
00011100001011111000
000000
0100010101100001
0101101111100100101
1101101101111010011100111011001
1001100100001
10011
0111101011111001010110
11000000000101100111010011100101
1010001001111011101000011
00000010100100100111111111101100111010
01111
101000111001
0100011100111101
0111101010011101
010011001111111101111011
10011101100111010
11111110010000110000001101
110000001001110111101000011000110000010
0111001100111101101001
1010110011011111011000010101010101000
100110000010110011
0101
01100
5 10
00011011111111100
101011
101111111100101110110110010111010
0
01111010100100101111010010011
1001101000100100100110
1101101111001000101010100
11001100
11011111100011010101
0001010100011110010010111100
001011101100111101011010001111001
10001001
01111010011000110001110001111010010
01101010011010100111001101000111001
11011111000100110001
13 8
0100110110011110001100110100101100011
010111000000001010
010111
100000111101010000111100
1110000110001
10101011
111110001000010010000000001111111000001
000100100
0010010110110100001
111111110101011001010110001110100101
111001001000111100100001101
1001100100001000111110
1010000010010101111101011100101000
0010011101010011000110110101001111
1011100001000010011100101000001000100
1111110101000
00100011101011111000000
01
100110110110110000111
001111111111
1001011100000101110
1 19
0110101001011010100000001110010011011
011111110010101011011010100101101
11011101011001011011011001110111001110
0110001000000001101100000110100011101
1000
1110100010110010111000011110001
010101111000100101001001100100110110
1101110
01110111
1111100001
010110000101000001100101010101011011010
0001011100100000000100010100
10010110000011111111101
00000010000001
0001101000100001001111111000001100011100
1
0101101010100000
101011010101111101100001101000010
11000001100000111011001111
010
2 6
11100101111101110111000110010010111
010001011001000110000111010010
011100100001010011101010
110010100
0111010100001
011001110110011
0
011000010001110110011110001101110010101
11 3
1010100011010010101011100110
101010011111011110100010011
1000000011000011101111011011111010001
11011100111110101110010100
1010101010110000010100010
010000011100000100111011111110111001
1000110110110001010011
10011001011110100101110110110
0010
111101111010001010011001001
110000100110010110101101100111
100100100000100100001010
01010001111
1010011111111000011100010
10 15
111
1100000111100101001
0001100001111110101110001001100111
10111011100101000110100111101110011
10111
11101111001111111001001
11000
001111010110101011010100
0001100101011011010
11000110111
010110011
111010011001010001001101111111011010101
1
11000011000001101101101111100
0110001101011010111011101
0010001101100010000101111
11100101
0111000111111
1001100111011100100101001110100000010001
1011001011101011010111100011001011111
100000011100011
011010000010101010100100000001110
011110001101
01100000000011100101111111
10100111001100111010
7 20
11111010100000011
00011111001111011011
000110010011110100
1110
111
1011110000000000111
100001110110010100
11010000101011100
00101001001110000111100000010101111011
101100
01101001000
10000100100100011100100
110001110011011000111000101011110101
110001010101111111010100001110
100110100001101100000101
0111000101101110
101101
111100
0110101000101111011
0101
11001101001110010110010101011100100000
0000111001100101011001000
01
010111110100011111010101
1001
100100011111
1000010010010011001010011
7 18
11110101100010111111011
100001001001110111
00111101100000
0111101100000100010
1110010
1110101000010101
100
01001001011000101
001
0010011100111101101111111101000
111110010011111011011011101
0110101110110100100111
00100010
100110
10011110100000
11001110000001
0010100
000000111000111
1
100
11100
1011
1011101011111110111100100001100101
11111101101000
111111001110
15 16
001001000101100101110
10000001111001000001111001100101
0000100010110001
000100100000110111111
11101100110000110000
10000011101101000000100
1011010101000010001101001011100100110
110101101110010110011110011111
1001000110000101110011101
11110010000001101110110
1111000010000010111011011
010100001111101011010100
11001010000000
0000011111101101111110
010011000
00110100000110101
111101001001011111110101000
010110011000110101111111010010111000010
011110110001
1010010010111010010110101101001010
01011010000111010101010110
111000010001001100011101000
1001010
11100000101101010000110011100111001000
100100011111110110001101111100100011111
011001010111111100110110001000011101000
000111
0001111000111100001101110001
1100001100100001010100
001101101110
011110110
17 7
010000010100111011
011011010111100001101011100111101001
1110000110001011111010100011011
00101010000010101001010001011011100
1
1110111101100000101101110111
101011001111001101100111100
0
00010011011100100011010000000
1110100101001111000011000
010101001
0010110011000010100100101001101010100
101000100000001100
1010101111010101010111101000011111
11100000100110
1011111011010111110
010010010111001000110010011011
00110
1100011
11011100010111100101
110000
01101010101010111100101111011111
1000100001001001001100111101
00
11 15
110001110111110001
11001
00000
0010010101011001011101100011111001
1
111010100011011100001
01000100010
0001100101110000000100110101011000001
0001011101010011000001000110100110001010
11101011101100011011110101100
101111
10001001000110011110000
100011000000100111010011000110100100101
101
1010010100001
11111010
01010001011100100111110111000011110
0010101101011111010100011000010001010
0101101001001011001111100001
1101010011000111
1100000001000011100011100011111000001001
00000
1001101001
000
010010010010101
11101001011011
8 6
111100
011100100000011000111111101101
1101010001010001110
1010101001001000010001111001011100100010
10000
1001101101
100110110011
0100100001101100110011010011010001010
011101011010011111110101111101011
00000110101001
00000101101011
000000010010001001101
1111011110001111101101000100011011111110
110111000100001100110000110100100011
18 8
010010110111011010000111011010
10001110011110101100100011
00111001000000010
010011100110011111010010
0101
110100110010010000001
110111010101101001100110111010
0100001010011010
111011000011000100010010010000001010000
00111011001010011000011000110000001011
0000001
10111110101011011
10100011101001100101111001011
0100101010110000110101101010011
11010
11100
11
00101001001110000010100010010110110
1110111111110000101111101100001001100
010111010111011101110010110000101000110
110000010010000
11110010100001010010111111000111111
0101110100000100011001
10001010000110010000100
110100110000110111110011111101101100
000111000011000101000110101000
5 4
0101011
0000110011011
01011101110010110100011011011011001111
001
00001000110011100
110001100110000100110100010010000
110011101
101100110110001000001100101
000000001101101001110100
14 10
0001110001000111111110101100100110
01
11011110101111100011111
011101100100010101101
11011
0100111011110111110100
1010010010010011010111110001101
00000111
00001100100101100100
10111
0001011001001101001000001011
0110001011000001
1111101011010110
0
011
0111111100010
0000110010100111
100010
000101
1000011100101001010111101011101010010000
100100110111101110110011101
00000011001111101011000011010011001010
11101
10111011111011100101010001
10 16
000101111110000010111110011001000101
010101010010111010011100111
0110010010101001
111011010111010011100100111110100100
00110101111101110111000
01101000101100011000101011011001
1000111000000001001001000111011100
101100010100011001010001
01001110010110010110000100110000101
0010110100110110
101010110110000100001101
0010
10
10001111000000111100011
0100001000011011001100011
110001001011111101010001110
1010
0110010111111101100011000110
111010110011000000
101001111000111
011100111110100010010000011
111110110100000011100
100101110101101100000010001010
0
01010101100100010100
00110011011
17 18
01000100
10000010110000111000111110100
010011000111111
1010000011000001011011011010001
00011100001010110100110000110
0110000100010010
0101000001110111111011001101
1011000111100100110101
011110000
011001110100001
1101011110101101001100110101110
1110011111101110101
0000001111111111
1100100000110110010011
1000110011000011101000000110000010000
001010000111001
10110
0
01001
010100001110110010
00111001
1010111101111100110010101000
01010010
011011101111010000010011
111000000100000011001010
1001010110100
0000101101110111101101000000010001110
001010100001110010010000
001001111110110000100010101101101001100
011001010101100000101000111001
000
0100011011
1000001001011100001101011
01001110011
1010100111101001110101101100010101110010
11 8
00101111011010101011010010100101110100
011000010101110111100000
111000
101100010000110100100101010110
00011001000110010000100111111110011
000101110101111
0100
11100001111110101011
000101000010110111110010011001101100100
0011100110111
0100001100
10
1
100110110
10010
11100010100100111000011111100
100011011011011001101010110000
0001010111
1001100
17 6
110010101010
00000001011
110
11111100101
1000101100101101011101010
01100
010110111000011101111
10001110011
110100101
100110011101000100011010111011001110
110
101001011010110110110010111110100
11001011111011101
000010
1000111010110100111111111001100101
1100101000000100000101011011111110101001
01010001001100
1000111111010011111001
011011010000010001110001001110011101
10011001100000100010001010111110000
010011011011111110
011111000100
1100110010101110111001000100100000111
4 2
0111011010
100101010101100101111001
0110101000100001
110010000111001111010111010001001010
100111000010000101001110100111
00010111111110111100100
6 2
1101
00100010111
1000100000000010111
101111010001011010111011100101
101110101101011010000010000001110
10111100100101001100110100
1100011100011111
0010010111111110110001101100
8 12
1110111101010010100011000101
0
000111
01011001010101101
001101110101010110110110111
100011100010001011010111110
100101010110101001100100110
01101100101101011
00
1111011000101000011
10
100111110111010101010001110001
0101011110001001000100110100100000000
1111011101111101110011
11001100111010001110
1110111010011101101001111
0011111110001111000001
1100111000010111010101000010110011110
10000110011010110101
111111111110011100001011000
11 4
01101101011
000000111100
1011001110000100111001000
111100101
1110110110111
11011101100011010011001110011100101001
010000100000001100001011000000001000111
011110000101011
1101010001
1100011001011100110
10000010100000100001
01111100101
0111111111010111110011
000011111110101
01011011011100
16 7
01000001011011
011110110111000011101001101011010110111
011111100010100001
0101110011010110101100011011101100011110
100101111110000110101100001111111100101
11101101000111010110101100000110001
01
10111000010010000
1110010
00010
11001110100000010001000110111111
111000011111111110110101
1110000001
1001110001011110100
1101
00001101010
01001
00111101011011110111110101011111
011010101
0
100010001110001101101100100101
000011
100011
9 13
0000010000
10011111011
1110101100100000010100
101101
0100110001111
1100011000011011
111
111000110000100011101110
011110000000110
00101110011100100111110
0010101111000111001
11000010101010000101010010111101100010
00110100101110011010010110111010
100010101000000
110110011000110110100100110101010000
100110111
101011100001010010010
010001
01011010011101111111010001101111011001
010110
100001011001110111101101000100100010000
00110011010011001011001111011100011
18 15
11001101000010011110000001
1011001011010100
00011101001101011110111100
100111110101101111010010
01100
0111110001000111100010110101100111101
10011111100101
101111111011101101011000001101011111
10010001100110
0011101101
1011001101000001000111100101
010001110111010000110110100000100
10010000
010011100111001110111
0100011010101100010010110100100
1101
11000110000010011110011111001011
001110010100110001011010111010
1100110111010110011101100100100111111110
1010101100101001001010
1111000011010101
0000011110000010101010100000
10
011
111011010100
01100
0010001101000100010100010011000011
01101111101001010101100010111
0100100
1111011100000101101100110111100
111010100010011000110000111000010111
01011011011000011001
0100
7 16
100000100000001110001111001111101
10110
01110000100111101100100110111000010
000001001111101101000100011101000
0111010101010010110001010100011000000010
100010100011101100110001
00100000110111010011
00010
1000000110110111000010110000001001
000111010001100000000001
010010011110001101100011101100101101
01101000010010010001111001010000010
01011101110
010
00011011100001110111
001011101100000100010100100000
0101010010010000
00011000011111111101100100000
000011101101101111110
01101110011111110010001110110000
10000011
11
0101101111010100010011011000110111
18 16
01
110001100010000111100000100110100
0111001110000000101100
1011011000001001001010101001
10001100111100110010010011110
100011011101110101010011000011111111101
0010101111111101110100100
00101000111101
01101100000001011010111001001
011100011
100101110011111100111001101110
1101111101101110101001
1
000100001011001010111101111110
110100000100010011100111111001
110001001111011001101010011000
011110001110110110
10001001000001001110
01000101110100011111110110110000010
11110
100110000110010100100110010011011
01000
11000
11110101011110011
110001011111111110110
11000000
11110011001011110101001000011010
11110011
1011101001001
110111100100100000
0000001
001101110110100100001011010001000
10
00110
3 15
1
10011100110001101010101
1010111011111001011010
110010000111
010
011110000111111001100101
0011000010101111100000110010000111011
111000111011011000011000010101110
1001111
1100100
000011111110110010110001
101010111011
110000110101101111000001101
00111001
101000
01
11
0
13 4
1100001100100001011011001
00000101110001011101001111011111100100
101
11110001110001111100000001100111
1111011101111001
110111111011001100001
0001110101100011100111001101110110011000
10100001100111011110000011110110
0000000110001110101101100111111011010
001110011010010010001110000
001110001101000111000
100000010110111111
001001100110110010001010010011011010
10000101
000101000100011010100
010000001000010011111
0101110111011100010001100110010000001
18 11
011110001
00101011000111
1000111001011100110100101011110
1010101101111111101001011110111000110011
11001
0110001101
111
0100000110010011110000100101101111110
000001100100000010100
1111010110100001100111101111101
1011101010101111111
00
1111010010100101111010011000111111
101010100111111111100
111010111001110011111001
1110000100100010110111001111
101111010000110011010100001
1011100001000001011101110001000010
011010001010
011011001001100101010001000001
101111001010111
0010
010001001100001000000100011
11
0101100111001001111110100
0
1000110110001111100100101110011110111000
001110011001110010110
0111111001011010111010101
20 17
00000110111111
10011000001101110100111100
100110110000
000010011000100111110111101110000
000001110011100000110010001010
100010110110100011010100000110000010011
010
10101000001
000110001000101111010001011101001010100
1101100101000011011011001011
110001001011
00000110001011011101001
0001001
0101101000111101001010100111110
1110110010000100101110
001010010011011011
0110011110101
0111000111000001010001111
1001011000001101100010110011010101
001111000101010001
010010011
001111100
101110111110100
01001101010110101011
0110011011100001101
110
111001
10011111
11001101010100001111101
1111010101101
11110001011001101010
100000000011110
0110001
110001101011111010001000101001101010001
10011000001100110000101
10101100101100111111011001101
1011111011101000
6 5
011000101100011100000111
1001001001100
1011000110010111100001011100001
1011011
0110010011100
00101011110000100000111011010011111
100100000101000111100011110
0010001110110001011110110010110010011
0100110010010110
1110001110000
1001110010001010111110001100010101111
5 11
01
000010111111010
0010100110
110010101
0110100111000001110101111
000111100111111110011101100101110111011
01111111000000
110000101100100011100000001111
0010110101000
11010000001100011110110010111100011100
1000000
001011010101110010111010110000110111110
001000100010011011
010010100000010101100000100110
0000110011011000000
100011011110110010110010
2 1
11100101101001101
10000100110111001110000111010110
010001101100010100010111011011111111010
3 4
0101110001111011000100000110111
000001001011000101010101010
1001010010111111
11101010010001100010000101110010
0011000
1100010
1110
6 17
0001111100011
00101101111101100100011100110001001110
00000001000001000
00100100001010110010111000110011000
0011011010100000100000011010001100000
1000101010010111101100000001001100011111
110000
100010111101111010000101100101
0000110100
10110011011110001100100011
01100000011111100111010000
0100111111101011100000010111
11010110010001000
010100110100100011001110010100011100101
00001
000001000011011010
1
0100100001000
0011010101110110111001010100
111001010010000010011010
11111100101101101001001101000111100110
0111000010010101110110001000101100101101
1100111101010101110110001
17 3
0101000000001110000011100000001101111110
01001101110110110011101
00100011001111100110
00001000000
101001011100001101011010000001110000
10100011011010000110100100101110100000
1111101100011010
001001000001100001110011011110111
1101010011110101101000011011101001
100010000000010
111010111010110011
000101100011111011011001000
101000010010110110110111001101110100
011110010010001
01000100
110
01101010110010101000
11111111111
00010000001011101
0001011010010
16 6
00101
11001001
1
001101010011101000000
1000101011011101010001001011
010111
0001000101101010000011001111
1100110111111001001110011100101101101
101000111001
0011100000101010010011010011
1101000010
1101001000010001010000110111011000
010011010111100111010
00001000100110100101111
0111010
1001000011100111100000111000100011010
1101110011
011010011010101011101011101010100001000
0010000000101
0001110010110100110110000101
00010111
0100100
14 15
0111110100110110110100100111
11111010100110111011000100000011
111000100001111001011
0000001001110110010010100010111101
110110000110000101010000000111100110
0001
0011
000011110001101000010111010101010000
1110110101100010001111111
0111
1010001100110101010110100100
0000000010000011
00110110011011001100010011
00111001011010110110
10
00100001110010001000111000000101101
1
1000110010110111101011110011000110000100
100000101
1
001
0010100110
10111111000101101000111
11111001100010100000
0011011011000110011001
111011000
0101111011101
000010111101100001010001111
0111001010
13 12
00
0010101000000101111000
1001000111111011011110010001111111011000
1011111101001000100111000100
000001100000010111011000101110001001110
10010010011100010110110010000
001111000011101000100
0001011
111110101110101011100110
010000
1111100100001111001000000001000110011001
101
100010100
10000
011001001010110010101100000
001110000001
110000010100010001
110001101
1010
1110101001001001000010000000101
010101110010010000000
011110010100001100000
01101111000
1100011110001110010111101100001010011100
01101001
14 5
0000010100000010010101001101010011
000000100000
00111011001111101000
01101001000010100101111010110
011110010001011100000100011000001
10010011001011101001111011010111
0110111
1001101
11101101100010110111111100001001011110
10111011000111011001111
011001101000
01
0010001110001000000010110
0001100111010011011101011
001
111011110110110101100101
010000111111000001011111011111111111
11110111101001111110
001011010101101000
20 12
111111101000110111011
0101100011
00011010
000110100010
01110001
1111001111111001110
11010001
101001110110011111101011100010000001101
111111011001110001
111100010010110111000111000001100
1101011100111010110011101
0100001010010000011000001000110111110011
1001100010110100000010010000100
1111101000101101011000001011100001
100
01011011000010101011000010001
11110110110000
000
1111010001110000001111010
110011011010001010000010101001001101000
0110110101001000100000001000110110000011
01000011101011011101
0110101110100101110
00
000010100110001001000100
1100111001111101100011001011
01110110011011100101111100111101101110
11011100010000
1110101100000001011000
000001011111011
1100100100101
10100111000101001101000100111010111101
2 20
11101111101100
0011010011101101
001110
111101000101011011100111111111101100
001011100010011111011101
00010010
01110010001100001
10111100
1100100111010101100010
110101010011111
01111001001001011101001111000
101000000110111
101001010101110011001110111111011100010
001001111100110000101000110111000000
1011100001110100010001001
0001110111101010101011110000100000
10100101
010000100000101011
10000001000011011
001011101000000
11100011111011100100101100
0010101001100000111111010110000
12 11
00000010100100000000101111011
11100001000001010000001001000001110
10101000100010010011111000110100000
00011100000101111100100101
10101001101100
010100000001001011110001111011001110
01000000100
11110110010101
110001111110101000111100
110101011001010110010
1111100
1100011010000111
00101110000101010001101111000110010010
110000001100111111011101
100100011
0000110000100100001000001011011101001001
00000000011111011
0001111110100110110110000
1110100010000101111100001011001011001
0100010000001
111010000
11011111000
01010101101
11 2
111100110000010110
00000010110111011111
11100111111100111111100011110011010
0111000011000011101000011100010
1100111111110011110001001110100111000100
00101
1100
111111101111011011010010011111
1011011010111111
00101111001000111000011000001100000111
001101110100000
0001110111111
01101101000111100001101101
18 14
0101101010000011011110
0110001100000010000100
1110000000011011100101000011100110111011
111100010010000101000011100101111
011111001
111000001010100
01001101010101
1000001100100110
000111101101010
0111110100010111001100000
110100011100011110010010
0
0110000
100001000011101000111101
00001100010101011111110101
1000011110
010111011
000010101
1101100001000001110
000110
0001010100011001110100011
00010000001101001000101010011111110011
1010000110100100100100
101000101110000010101101000110000011
1010110011000001000101011000011100010
101000011010000111101
1101000010011000011
0010101
00111100
10110010111001101
011
1010
15 7
11111010011100110000100
100101011100110101011010011011100110
00010000010110
10000000010111101
0010011010101100010001011
10110110101000000101111100111001
1111000001001
00010100010000001100100
01010011
1100010
01000000001010011100111111
01
0111110000010111
110101110000011100010101
1
110111100101101001000111010101
10101111111000001001
1111000000
01000001010111101000011001
011111111010001010000000000010011101
0011110111101010001010
110011
10 17
0100100111000010100011111001001101010100
1100111101001110010001110001
0100100111000110100001001
010111101
101110110001
100011110001100110110011101101
110000
001011010111101000101110100100
0000010011111011000010
001000001000111110110
00010101100110101101010
00111001
101111000001011000100011101011010111
00
1011011110000
00
001000101010000
01101001001
0101111101110010010111010100101011100100
000
10111001111110001110
10011000010101110100101010100111000101
0011010001100000110111010010010
0011001111101010010101001100100011001001
0010
1001011110111110001001101100111001
011000101111000001010000111101
6 10
1000100100
0011110101010010010101100010110000011
1101111100
011111001111111000100100
11011101
1110000011101000100
11111000111100111111001000110001011111
101100100
0011010111
010011101000010
1010000000111111
101101010100
000011011010
0111001101101000010000010010111010101
0001101110111001001
0011011110010111111111001
18 5
011000
1000010001
0011
1100001000001011100100011111001111001000
0010
10010
1001001000111100000111
001100
010
00011111111100101110010
01
1111110
1001
010011010010
1111000110011010001111110001010111
001100100110101000100010011
111110100001100110001001010
10010000010011
0
01011010010100
10000110011011111
111110111101001100000011110001100001
00111110101100001000
11 5
110010001010100100011111000010
0100101111
1011111001
0001110
11100000110101101001001101110
111110010010
1101011111111000000010010011001
101001110100100100
10
010010000100011000
0
01001100111010011
101111000001000110001
01110
11111100011
01110101101111100111111001111001100001
18 20
0111
1110001011000111001111000100100011011110
010000101011010001110101101100010001
100100100
101110100001000111
11110010101000101100
10010011111111100011001011101100
01111111000110011110000111
0101011001001100101000110001010000001010
001000101111110001001011
0100011001011
0000010000111000010111101
1100001100100000110100110100
0100000100001000001100011100100
011000010101011110100110111000110110
0010010011011000001
101100101001000100010011011
11100011011
01100010110111101001011001101110
01111000110010101001011101110000101000
101100110100000000100
0100010001
111111101110001001000001101011
010111100010001111000001100
11110111111
000101011111001
00101110100011101
01011001110101
101011011110101011111000110100110110
011011110010001011001000100001
00110101001101100101001011110000100
0010010
010101001100000
1000000011
10001100
010101110000
1111011111100110110100
10101000
18 10
01100001011001110110111010110100101010
01001000000000010110001110110000
110010010111110100011110001110101001
01001010
1111000110010101000110100
1100011010100110010110001111010101
100100110110111
1011110101111011011110010
011110011111001
10010000011001110111110010
1001011001011111111000000000001101
01000001000100100
00011000000011011101101001000101
11001010011110101111101101
1011000
110000010111000101
1011100
1111000010010111
0111110110011010101
0100011011011111
10010100011100101101
0000110000001011
010110100110101101000110010001000001
10000110110
101101100010011111
0100001111001010001
00111
001000110101100110010
19 8
001
010000011010001111
001000010110111011101011111
00011010110100111010
10
1010011
1100111010011
11111011000
11001001100100001110110101111111110
10100110
0110000
01000101101110011100001001100011
1110110011111011100001011011
1100100011100110010011100111110100101
1011
0100000
111110001111
01
01100011010
110
00
01000110000100
00110011011011
0101001100110111001010100000
0010111000110000100101010111011100010001
101001110100100110010001001
1100010101010101
13 13
110110100010101000000110101010111101
00101101010100000110000000101111
000000001101011011011001100001000011001
00101100100100
101001101011001010100010
100111110000011
1011110110110101100111
001000011011011010001111111110110011
110111000110111110011001001011011010
0101001101100
0110010001111011000111010
10111000101011
0001001101011110
1100110101010001110110001
1010000000000100101011011100
01110001010111001
010101000010000110110011100001111101100
0011111110100111000011101111011011000001
0100100011101011101001010100011001111
1100001101001
101101000010
0110111110
11101
1101000110110111111
0101
00001101000
7 19
0001101100000
10110110001111111110101101110100110111
1
100000010010
0101000011100001110001001
01010011100000111001101
1111001011011110011111001100001101101010
100100010011
110110010111100101
10001010100011
010110100000011001111001010100110001
0010010010010
01000001001000011111110001010010100
10
111011011001000110000
101111000001011100010010100001011000
010101101111111111000101000001100101
001111010001000011100111100000
1111011
000
110011100000110111011000
1000011101100011110100010010111
11100010
1001110111
1
0111100000
8 20
1101000001110100110111100
10111100001010111110111
10111100110101011011000010101
010000101100100
1001
001010001010000000000000101
01000
0110110010110100101111010000000
10111111
010001101101111000010
01001000101101010100
0001011110101110000001000101
10010001000001010100100110100
00000110111111100011110010
11
110111110010100011100000110000101
11110100011011010111010101111101100
00111001011011111101001001
11101110
000010001110110111101
1101110
1
0
100110000110001101111
110111011111010111111111001101011
1010011001001011001011000101110100
1001110100
110100101010011101110001
16 10
110111101010100
11100001110000100010111000010010
000011111
10110111001101011100111000000001100010
11100010
111001
1001101100110
100110000111100111000
1000011100111000100010100111011100
0110001011011101011111100100
000001011101110011000101011000011
001001111110
1110000010
0001000110000110100111011001110
0101100101101
1011110011010
011110
1101101110111100010000001
0
1010001101111
0010101111011010110
01101001100110110101100001
11101011
0101101
011
1011111001001101001011100100011101100010
19 20
01100101110
11110
1101110000001110000000011
1000
01001010011011110
0000110111
1011111000
101110110001111
000
110011001100100110101010100011111101101
0001010110000010110111111
111010
00
0
00000111011101101110
011000
0110111100000101000
01101000000100101011111100001010000011
11101111100101
0001101000101110101110
11
111100010110010101010101110000100010
111101000000000110010
011010
011101100110
001101101110101101
001011010000010011101110
101110
100101010001000101000010100100001010
01000100
10001111000100001010001011001
0
110100001001101
1001
101010101101011000110100011000100
010
01011100111000010010110110011110001
10101110000
01111011101010110000001100111
13 15
011110011000100001010001000
11
11011110
01101111110
0100
101101100011101000111001000110011
0011011010
1101100110010100011110101101
1011
00000010011100011011011111011
100110011101000011110011100011011
0110110100101000
1001111010010100100100
0011100110010000001010
1011010000010000
11010100011011100101110
1011110111010110110110
11110001000110
10
011100111111101110101011011001010101
100001110111011010001
10110111001000110101100011100100000
1
1110100000101100000110101001100111001110
011000000101011000011100001
1010100111
110101101100101111101101000010101
10110110010
9 9
0010010001010001
00001011001011111010110001
01000010000000011011001001
10010010001010010011101010110110011
1011000011110001
111010110101011001001000000000110100010
101101000110011111
11001101101100101111011
10001000000101111010100101101011110100
000110101100
100010011011000101001001101110100100101
0111000100011100110010101110100101101
1111010101111001101000010110000001
00001001110001001101001110101
01
001011101001
000111
0111
2 2
010
11
0
101
3 1
1
00
000
01
1 1
00
000
