56891
82869
17113
14124
6066
42401
30583
67277
42890
4548
42890
16222
25387
70899
4548
26735
10078
60520
69200
53870
23744
1409
53366
35723
53870
40013
36130
40131
5521
45925
20081
28589
92153
22790
35169
17113
47457
596
25813
54302
25387
47013
72239
49982
42476
65499
25813
22790
46210
51870
51425
22790
4548
42495
16861
8617
16222
61952
16222
18785
73513
4058
75129
26735
8617
20081
14124
16861
53870
1409
13751
43776
24589
14124
43776
46210
72983
36948
38931
63041
35791
38931
19776
53182
17113
4548
34228
47602
51425
24360
10817
16861
4058
40285
4058
2568
49982
42495
6817
16222
