17527
3559
20940
27864
7761
36665
4137
42705
10704
6764
60471
20295
90347
12879
50283
42705
73695
81437
598
18519
71312
14599
598
2133
7761
18478
13184
63828
64097
15126
5738
5950
41047
20705
7129
57518
20651
52240
46582
4132
24694
17527
13613
21812
11222
82813
32542
88445
8759
42647
488
21746
69733
6806
48617
15506
54057
13975
38466
7733
44211
20705
82258
9028
35993
48617
15126
42377
73629
4967
37235
16844
39549
8515
210
40376
90347
210
46148
56018
89355
12578
82321
8912
44868
20470
7129
38690
36603
28018
3585
44211
39039
2863
5212
6806
31367
33647
73987
81402
