62094
31005
34410
3199
83504
26921
49828
59686
32701
9632
13387
14937
1453
55742
15671
44099
48111
69020
28307
22534
35884
75266
35794
13206
9558
22901
91317
67635
6016
9953
59589
23300
46378
6824
7901
69233
21444
49078
59701
93566
47362
32094
80487
85391
16960
46743
15673
20039
87042
63633
35697
67561
25455
38936
86877
13284
66313
5835
46067
4202
17497
62052
35697
83494
58711
24892
7329
90197
10721
47279
75321
13398
22896
40874
9361
28774
26637
23672
12054
35939
11808
5298
45983
62800
1410
36965
65633
72383
1669
653
17281
1285
29047
43737
7894
45148
53773
47050
49461
631
45178
35268
59370
27077
68766
8701
73428
13533
54389
38321
25040
16773
39878
8483
55764
31910
36745
82499
26798
15429
39053
26021
24873
6400
6707
24098
20131
3570
62959
38236
29715
33009
13206
9856
9916
13587
4715
51608
12959
13638
28928
62191
30135
78347
49002
73790
25904
2325
11376
6671
8021
12072
24120
57281
41638
27830
1328
2361
656
47729
33615
1180
36740
29057
32509
6803
13283
23880
30033
41834
20530
76256
3342
17593
57232
42461
29787
20648
13729
84402
6016
39461
48508
4720
13642
50804
44975
13267
29294
72368
94552
10404
26053
19959
53970
16071
6956
34770
38051
6519
22317
67923
31005
21699
44879
507
21594
44502
39229
32193
51734
28670
46007
6259
3370
40352
56594
72716
24108
21699
41308
12746
10650
76820
29253
716
13578
52778
82886
32050
60651
32249
49473
6358
14553
38283
8873
904
81868
28848
79780
58623
39908
872
12897
6079
4251
55046
28575
33177
25935
31153
74541
28138
17880
12860
84393
7971
45823
31914
60536
83675
16683
22113
48436
31619
65399
47842
64728
1988
36306
44975
88448
34756
28939
32984
22042
20963
23673
1670
34908
51064
7435
13004
8463
57156
17516
30056
61266
10252
53220
3260
8531
32526
30942
35200
60497
68675
50637
67370
43421
38076
18065
12485
27423
48469
36538
65960
31443
79646
68160
5803
39998
38423
23283
22256
45504
59112
19596
61124
80923
17862
15892
59663
50669
654
11556
16327
17395
35576
57951
31443
54989
95434
65246
4133
10551
17281
20434
7971
58984
32544
18708
745
63050
38402
3495
9182
55679
24118
250
32749
20034
5568
7390
73031
75730
18178
1470
28928
60145
14121
47736
8754
67198
43126
12452
38802
15130
44364
57152
20698
2602
22320
23113
46831
35734
48660
9545
18941
63775
46219
10261
3063
3570
41595
7808
13527
49737
59237
5933
43449
17983
68166
73361
33171
47413
23897
37656
23806
21722
64193
11808
4046
2313
63003
2215
11306
36868
24860
33418
30814
3688
10908
31741
30256
36722
43126
61981
1328
33770
35531
46579
5846
24497
24860
34009
3999
23581
60303
86305
41329
10684
71055
27754
59665
32838
22016
1285
21485
67264
31850
25897
66011
78393
40173
64228
47421
5575
60364
21636
41334
2624
61084
46839
17862
11007
40609
38389
293
17826
12592
10316
23101
26839
87267
31764
40527
28512
53078
23922
68961
60366
31228
49515
74022
19343
15956
28696
59467
17737
79949
80280
68958
14748
34577
58759
79479
13677
65982
57852
1671
40226
6566
27709
80566
34955
34985
18871
97176
58373
68526
25078
90152
30921
4689
7187
60645
4763
47044
49608
43828
22543
33770
19761
54602
3063
43878
32106
5407
56594
87941
16900
45639
19855
89341
11731
68945
67275
37635
30344
12978
53325
24777
14862
45693
64870
85230
43288
12860
31054
38849
17712
58303
76904
4857
53773
21410
8003
59231
15183
68605
43902
22538
90837
1096
39209
36339
31585
23249
76320
36345
26259
35043
37740
33154
72420
37523
42153
60106
8086
1888
45693
92071
54740
618
58227
27034
8738
19484
39300
35513
2947
54607
11498
13729
51228
79528
16336
8189
17593
55651
6086
5742
20515
67790
28961
378
24436
60351
19348
3116
9658
36166
36283
22573
17118
92071
50573
35031
43384
13179
62804
56563
352
43761
27831
33293
5591
60523
64304
27519
12613
9950
29678
36571
9658
19594
86224
53620
21228
35686
11918
6671
54487
16122
45639
15749
40586
2486
940
82709
34009
44515
54989
16928
19892
67777
18556
36688
32231
49735
1988
5039
4671
7447
19062
45728
69656
21284
22594
50782
12552
19855
13387
39910
3267
8628
28154
51040
59467
82046
42335
60432
14499
73232
2017
6234
8088
76474
79488
28891
56320
21178
17903
20620
20938
76313
48892
59982
19024
17460
50763
35159
65921
57944
39572
41834
22016
15183
14197
11599
87806
21228
18301
3115
77915
68753
70446
6461
86141
37331
18871
15876
51672
5591
28893
12347
42133
22866
20503
317
50079
6363
352
6776
51273
11696
7248
19003
26599
80542
81234
21228
28748
58767
22728
6134
13642
31917
24733
17712
13004
2254
48686
30405
35773
29592
34037
21940
49561
4668
3805
73344
17903
26481
21638
64840
65982
3342
30799
252
23405
44128
28372
19823
51399
15367
300
23831
1498
10565
35461
9080
29678
25575
8427
21607
50685
44883
1278
8087
3131
9980
50819
66400
32831
44522
66473
25207
20657
19306
44453
46440
38236
39221
69695
15171
51413
69053
56502
31700
56536
3489
31644
26919
18138
62640
43287
20317
5039
27079
8497
3805
17737
28961
10655
23949
44980
48398
28519
44639
8063
38878
43361
19744
13179
45902
56135
19303
4982
35760
63633
60964
69818
51064
65637
69667
34037
16314
8497
24718
44087
31440
5221
50110
26765
13050
95569
81075
14377
93314
78112
11105
45124
47380
22234
22170
77145
68608
16495
8063
24120
51064
11344
21411
33536
7900
2001
42074
10068
25455
50007
43783
46011
31758
10252
47820
94549
32409
4252
23317
7248
69068
66011
25345
18303
10048
34520
18734
67574
26719
2215
20620
32984
4539
46712
42660
66400
85070
10918
58107
43434
45693
34210
17388
84273
37182
83633
17283
2624
6358
42513
45461
1143
8063
690
6211
21849
20686
46941
35298
20960
1250
5568
27359
22998
25247
44323
22155
12348
293
19900
5672
38076
57161
26623
66159
73578
19173
28301
743
57390
12552
26490
1181
12035
11667
57188
43986
11376
60964
72220
45956
73063
7003
94477
6165
4780
15027
23949
760
23363
40226
57925
17457
78829
37963
45504
20963
1415
31888
23933
40826
86943
1879
18138
12269
4075
5846
21987
6530
52535
66820
14142
33171
37673
65832
2255
38942
38720
5407
250
15497
86299
10909
18924
41287
32797
5013
