21723
47778
54547
21322
67656
9229
31134
23752
34697
48157
28003
29349
61381
64042
59115
22926
8869
16957
68932
54773
49548
60957
40506
5931
55893
31914
1298
25325
17277
23966
43471
67480
67884
24013
82762
26894
54096
78974
1062
4988
20062
41936
39511
11242
5931
24663
51971
12683
13686
5976
33912
4000
11812
41468
518
7757
49659
45893
7754
16355
45939
51613
13327
48224
23702
17775
22380
73922
20062
25642
8589
20661
8720
83898
35514
18049
21964
10995
85823
48424
31134
20915
55179
55560
11706
67563
74430
24693
62934
29794
45018
29290
5032
67073
45664
34758
45506
55868
2700
27559
29402
58101
29726
63340
20213
29682
85303
18486
37158
34758
78285
16687
8720
35351
65141
19816
26279
36110
80319
47901
3322
46901
14752
54633
8847
8678
31736
48049
17581
49226
15180
6882
51503
65805
12079
53902
25839
69302
7840
42915
26993
15506
13720
65414
58928
30180
43604
10449
12412
1959
13850
2960
35411
34858
16585
40659
56148
33272
34344
9899
18583
33026
73922
34579
26816
63777
20276
40037
8031
28823
6996
27727
56981
34107
39429
12178
1262
2305
37298
13199
26417
5946
35752
22603
7395
36437
67665
40474
17036
13897
72941
10156
39795
43158
51269
10283
11658
37525
20183
15054
58642
66903
69889
8903
88598
23679
2141
67424
10382
6839
82086
10465
9509
15654
38623
75087
1164
42803
36814
60420
46400
24276
18193
19121
14632
35610
17621
81905
12316
59372
38928
78270
3009
2932
3525
39010
73054
71503
29647
9551
38801
12178
80058
5902
40023
31444
6738
1317
43657
16042
67900
78925
67944
52372
5112
16131
19423
8262
1462
14666
27727
2305
15187
952
32243
104
1555
16453
38729
71560
2062
32430
38188
38028
29154
86766
63940
5604
83989
69094
4432
18993
16008
70652
27260
74950
49987
31444
20257
26570
52625
24000
42113
13822
25914
62744
3054
1276
39221
30058
47167
68832
39661
10388
40023
64849
35994
4666
26699
9502
54338
11850
10679
84599
28701
1577
2976
5467
7165
6738
45997
38917
34150
1577
94160
44340
27418
61274
4845
13470
81743
78091
6807
9751
3087
66046
72329
22622
23688
58349
12339
25395
55347
41465
34344
18285
66375
18811
31149
15391
65222
59062
7510
2652
8847
31606
63104
44987
65234
22290
35044
18676
69202
59443
3384
11497
68777
34276
54041
17113
41936
70065
29043
2955
72201
68111
41655
18442
76403
65567
61298
53507
19492
23963
20461
37559
78868
25147
10382
846
33801
8764
518
1529
31736
30409
12648
1106
40242
65533
13118
17707
2256
43540
29863
74882
3224
11373
41918
19374
8678
301
24326
30396
7519
53349
52071
20443
14803
28843
37077
69008
44728
55868
86233
20041
63364
1386
41785
18065
41754
30546
43198
66951
36190
3054
13910
58560
47698
35984
19816
48901
30100
91723
11604
20662
5634
74699
53309
43325
69028
71265
4722
97649
91787
28757
5548
12339
23667
27741
3925
51158
31462
3017
12004
3322
9355
56337
28129
49395
76604
34858
19786
15428
33317
53394
38585
1317
54096
83370
4364
42326
1959
29887
42812
53462
32367
26133
94602
5122
72853
33040
2368
67642
7840
41185
53111
12141
7540
35564
2561
25416
14923
79465
19817
5548
18917
7073
35225
59165
52677
25825
1957
37489
75541
2874
32430
30536
53182
17473
48600
49749
48600
30315
34107
73295
34756
75051
21988
58766
17321
9636
44801
77522
4393
51898
57861
33680
46554
13014
17772
16872
84472
55579
66495
42716
63063
62412
49449
2841
17353
482
62408
37269
67639
58863
27927
68405
34579
22264
59472
10283
74706
6732
67400
7481
52170
66301
47175
32227
86621
73325
51021
5591
21182
30650
19184
14722
32810
35198
36762
30806
87400
57912
7588
6732
33136
9899
2141
64162
18583
22174
18619
24927
18236
42980
41315
52711
8313
82139
51459
35024
38261
2650
56917
20158
83636
54454
55465
19922
10548
30610
28823
51580
11034
66134
22708
55114
25396
17621
422
59751
24956
43604
35752
80069
44798
31943
15187
18763
34344
66482
39629
18162
7778
9986
18486
48135
8739
34572
3855
1300
18811
22512
16920
31869
82857
21938
18811
51624
21026
76279
17556
36256
66379
21188
33002
16131
34780
62444
39820
36571
1602
28939
20105
40372
1276
49744
6201
10387
73892
28648
57221
9502
16648
7073
1106
40304
39972
29779
104
15499
13118
28823
28282
2874
56160
49526
104
66379
1510
31347
1959
24400
70502
25396
2366
45867
11781
15187
14444
14513
57357
45841
31149
10851
60444
23185
53620
10283
26786
33041
58188
141
15090
8330
43198
9468
81020
38472
30978
23745
71976
6748
13192
25147
23176
19817
41175
34756
7474
18993
19742
5493
2120
11115
69178
21026
10530
61072
27609
1025
22281
89217
80228
19019
26591
61432
9283
26133
22085
80148
10455
17191
48600
32129
67759
21463
19786
18811
35752
29715
19922
29887
35176
664
682
2932
47428
73079
6403
60526
80853
49942
5946
10387
60929
4417
94030
70534
32132
28003
52466
29285
60155
31347
20843
17418
18384
41396
24491
22579
2362
65231
7846
22052
60262
43002
65887
51580
12024
61976
84485
34108
19497
3561
57912
84057
51580
54323
6975
4609
44499
2652
41287
32836
77742
70177
49033
63340
59068
3886
291
50600
36188
34344
58615
22360
44669
87899
18993
35822
15180
41175
61929
71930
84195
62694
9751
61828
4779
28139
77226
41185
9827
59596
51487
13199
25396
10156
14513
55198
71565
32672
40242
46685
5337
4776
21322
62746
66951
23679
35351
58851
27807
20029
69516
46685
37441
13014
53604
72260
83584
51058
30396
14722
23658
22281
15133
9001
66046
17624
89176
30812
17321
10206
27851
58238
3855
36551
17201
47540
1127
42299
34068
42599
30761
49770
15187
1025
47648
63552
13530
16621
61847
9502
33678
59512
29519
2520
7590
41547
7510
54338
6945
4374
74805
17696
22608
66192
62797
518
28060
49414
1309
45511
47540
11976
21272
50461
68111
18384
15397
75430
25448
44887
9001
47623
64864
8671
46693
33680
61120
26699
38836
2874
13347
12002
8441
50360
27727
16663
3789
35225
21579
17113
4263
7302
12880
38173
28207
7562
48662
31869
23939
4609
36188
3525
65174
64300
45660
19423
50719
23963
29907
11780
7023
19492
37158
14666
18049
73675
8441
85012
98439
39221
68506
22281
83396
16696
39795
85747
68742
7840
14906
15957
49057
68109
14444
4263
