41020
32830
37369
31866
21571
25053
33543
47664
29897
34462
31543
60018
40536
1801
47446
56647
8456
23224
21563
30931
32057
20315
52250
36278
39598
30004
66017
27211
7043
10767
5180
33691
46210
30693
22174
16712
50159
56665
21871
8901
15979
42703
7996
67531
46956
31514
15922
84980
9719
26933
44863
35888
41894
25383
57560
17083
57857
22071
77545
5456
65635
49050
8644
6035
50116
74033
27328
24044
10821
55122
6041
9719
38816
36313
77440
3890
24044
55773
58123
19718
83111
67268
10441
53144
6450
5526
85079
33749
6848
19561
15505
3103
27027
33283
6848
35507
17072
29956
11448
285
13909
72731
10592
1137
25736
4125
38719
93056
7943
77567
55456
25752
2647
42322
15774
7807
20990
33387
11605
39969
14954
44185
41871
33226
51507
12957
39985
3163
36986
37036
55988
28088
30656
40168
27890
29586
1292
38635
3167
77311
15107
54172
11368
13765
48178
57560
52632
57500
5180
14257
40452
59107
14524
30290
25993
54695
34460
58349
73366
34577
46658
13606
47171
32578
72219
73466
73790
35773
21258
3597
76191
39871
17044
42703
73273
1395
3248
40332
15326
13731
58988
72448
28080
70789
27978
67207
57560
10767
32379
41141
18719
43955
1163
83015
12920
2378
48413
48938
14878
52613
30290
9041
45244
29980
46043
13269
12273
6871
19325
45516
58712
34411
11031
79061
63940
13992
19930
63725
84980
64909
25184
46137
9556
12538
49786
8171
3197
13545
11630
26006
25676
32693
7701
25736
23459
46256
48883
59509
12982
31866
28014
65497
66455
42224
2194
3291
12862
49349
21972
12231
13314
4125
11033
42949
71624
57251
50669
2230
15546
11772
9877
26631
3239
33984
14655
10344
31521
17044
969
9994
6770
42703
48947
75346
22384
48826
20584
36164
14967
7529
42060
36423
7798
24629
29914
27302
34723
9556
36638
32693
46064
63957
37231
29129
60008
14491
3314
10446
65390
32489
14911
4956
29452
35150
32662
33753
31898
42409
39704
75299
3314
4070
16875
30851
5114
20791
49066
6467
75194
49494
14878
58712
56629
25007
50116
42565
31746
60018
17836
45618
53049
18515
7477
34172
14189
14967
79061
9041
15524
58123
27592
50522
3076
34597
1426
53917
52015
7529
65097
2770
12445
80003
31419
58376
60473
7685
93443
31432
42770
9475
46956
87817
10525
77545
76816
22972
13737
35287
17845
35231
81190
76266
35607
72931
7820
50613
20256
397
29367
15033
19566
50471
39820
9063
6959
62233
19475
49652
33209
1163
21197
12957
56899
3248
23200
12862
5365
12957
75299
63055
24256
706
19325
21258
31555
56544
28974
13086
82846
65212
55553
48544
26580
15650
19475
39223
46294
85323
38272
13147
20791
67564
51203
63119
58843
22990
23663
1586
69917
10994
6770
19402
17191
36943
47457
6777
12477
76943
19475
47308
11885
41020
4999
23200
2544
22354
9090
62333
25350
54700
52839
34411
21972
1802
80983
35084
61065
76692
4197
41712
34277
900
30663
9747
59283
27993
49190
22731
59637
28080
3103
39836
60589
11361
14321
72500
33945
34411
40933
28280
79832
3149
19560
9235
39836
31377
1363
38734
89794
21163
2718
48606
73991
44867
55718
33386
52371
2360
32116
31432
6871
3700
87624
30728
22765
21871
138
42740
66543
51507
14710
48375
58746
13731
38327
46051
383
10536
22476
1757
14238
14219
18895
3167
53185
31914
9875
86674
13147
43318
38920
42491
4001
56155
62989
45503
46110
47717
7477
40010
53290
12920
32781
41935
73491
33688
17763
40872
3291
64378
138
26354
27310
36604
12591
11567
28061
37362
16778
343
39894
59653
19475
29703
11541
49069
27953
32905
65384
22354
36624
12032
61272
33288
331
267
36596
55449
4307
8669
9556
32852
62334
42695
2133
51082
3076
56262
58837
81341
433
42060
46530
31390
73252
51917
9358
54871
36209
5677
14816
26656
43318
22895
58349
21184
5180
2758
2479
74653
33984
31898
5456
69310
53182
23998
65140
16382
28178
11646
42409
63219
59292
87647
39462
12035
72816
28080
65140
58376
74997
22319
2806
46515
75886
27306
42409
66788
33288
25790
11885
41004
71024
9090
68230
12585
46525
29109
2378
8293
92697
24064
26510
76090
30210
11123
21304
4429
43513
62702
1691
14911
22354
343
32905
29138
45022
46878
11069
11031
26897
42740
6344
52716
22765
88517
28859
65301
16712
50577
80445
72731
56447
28614
43085
54450
33688
70656
47412
23200
17221
28328
7820
54425
73133
74933
52250
84160
1586
63183
46957
23757
32194
590
4166
32993
20147
72961
28178
68781
29469
48336
8293
9235
21859
39863
57164
53878
21840
84983
5100
16349
19416
26580
34563
24064
3603
44170
19474
41220
35702
30693
2360
59960
10557
34874
18624
77567
20097
57767
10677
16299
32706
63231
63231
97268
1339
19505
5064
52839
57918
23974
22476
59680
40332
26922
46051
10118
46956
19781
48460
22431
20305
11013
42236
15835
26953
42691
53182
1092
6315
5479
3018
40207
26711
34823
11799
43318
56325
19611
11176
37155
11031
2378
33283
28773
52753
5726
26043
15093
7226
30539
59523
11123
64487
24629
12538
36542
24710
6467
2770
37796
69917
27890
71027
43157
1662
67032
6732
75278
5518
5634
87549
16695
38862
25350
56519
18699
20791
5726
5934
45516
9235
5675
55170
1662
14406
79280
19474
65790
57164
41141
52289
1106
4197
15742
44835
51759
5150
4956
13243
15979
17083
14641
14954
185
9222
48826
6833
16387
71624
50613
70104
19333
11799
5180
49820
39814
63346
12934
44757
10005
91926
4705
14887
22082
25383
24487
44863
37929
590
19551
74856
61272
24363
31859
7820
3199
9994
56869
48938
57857
54139
1128
52692
26460
4166
63217
21067
19566
64187
37231
10630
81079
44813
68315
69354
7820
28772
52447
48338
80896
47496
70691
32374
50031
23929
34972
78947
23929
50203
6835
60580
32379
10257
2004
76957
30843
1065
5001
59399
59523
8228
16031
56257
34460
6732
60873
4705
32501
42900
32641
19718
39177
52916
32719
73174
32116
5780
10250
4522
36821
59893
56516
27328
27121
44835
9994
84830
73928
29345
29586
3149
24368
36542
26878
46515
2392
4516
61675
73104
9063
45217
15763
53290
3928
969
77449
47828
38740
20305
26897
47450
55442
53553
46525
16111
32600
70370
26878
4596
76030
3263
28489
48980
8856
5365
9340
2041
28656
49805
19930
56519
66235
38594
49006
1461
50376
28525
13126
