19161
4942
34796
19704
39296
54341
53277
32342
20196
2028
68339
6293
56207
32705
49934
532
27044
14656
28662
60806
38891
15468
15728
45056
5264
60913
35711
23865
38339
8537
35144
15995
53102
1777
50947
24676
1315
43647
17895
12528
81697
41572
21959
14810
69111
39010
13041
7257
62613
52531
6293
21035
19498
39881
47459
21463
690
46275
17091
58937
60098
1959
1646
17658
35940
42102
27384
25131
36079
3578
31088
58007
25338
78235
35828
25321
53092
71937
35487
46408
87105
1959
36122
38369
9053
5926
36059
74752
17209
51857
32612
73992
64770
30924
17574
23924
45767
27471
66545
7397
30349
68924
56263
13680
25821
40049
176
11418
2049
35487
85927
42531
35081
3960
29102
1860
16395
39495
29419
35940
52039
34793
42275
64351
15739
6293
3332
71685
78322
15660
13264
69307
65956
2838
58420
1513
28460
37640
77710
33839
14239
48561
48898
89467
23496
70724
41916
37656
27330
34553
78106
81851
58905
48303
3102
33885
44473
33026
44097
65996
21518
60499
21689
23766
72699
4267
3752
53222
38961
5607
1867
46329
46927
1860
8328
7802
74437
75239
67646
11457
10790
3872
30787
62505
26857
23263
41515
61572
29901
20396
68739
16293
32264
9846
16125
542
58013
14275
20977
52239
12840
31088
6737
40952
22252
16869
4081
26765
16092
10786
72699
20704
12351
30433
55706
22019
38490
7446
72741
21035
38221
72911
15241
44290
31125
57468
54891
71168
16342
5061
47380
45989
74752
29616
9666
53587
61643
74539
25229
38843
77007
87460
63123
21689
49826
93856
43134
36227
64928
10750
31944
28860
60122
19733
78263
25086
25226
80311
129
31130
40013
22019
21518
15813
63828
49015
28255
53867
8846
36256
44528
52300
65476
11513
14772
86930
23354
31944
41611
57494
4422
4938
51288
15833
10452
39266
63537
18967
65545
76777
55807
43408
78047
72611
53022
16834
67285
95510
56215
27299
8537
64270
45986
35761
45681
5519
44886
89316
42189
27603
31057
10668
39366
17310
25156
23562
30597
68936
19733
13909
76743
47626
47461
86289
7564
84023
29479
71451
36893
18428
6951
27999
74352
15739
8328
27016
83009
39780
19857
59582
41096
21927
41468
42860
92449
59186
16158
12614
44633
46819
58772
1129
10658
6434
82925
35083
42043
27591
24224
62553
31256
31015
42083
12579
63229
26966
22895
1838
24041
60143
9890
32820
4552
19274
7012
59107
60739
65214
22519
41857
11824
31636
10537
444
57831
18396
9333
54675
11266
26615
69320
78307
13234
47475
29745
4235
17895
19388
53317
29419
62310
28591
30318
38961
50768
36841
3399
37984
20405
17189
4614
32874
6778
14830
57309
58155
57381
11513
2306
74077
73546
17512
54041
37824
357
33365
59935
26652
35654
4705
32235
66713
27856
53470
65896
40467
27712
4566
13550
31018
9902
19739
21944
71976
27828
13751
1362
277
55701
13674
1867
44777
53522
29272
86221
54161
40034
17291
75794
12840
42262
29143
50455
57523
84576
58522
3133
21557
5935
59761
65653
24572
27532
21149
5264
45196
26857
68042
78204
18848
11131
52295
3917
45719
29821
50429
11730
20468
73368
35898
56260
25236
36810
11716
3093
49204
36229
15222
31587
47974
19033
29373
11204
65715
9254
28787
51285
28768
357
72788
21205
9153
4413
18445
19671
7038
18265
11707
68039
38348
21002
38101
53795
28662
27476
41515
64935
33874
12095
55215
219
79821
12130
20233
73042
3138
59986
14807
2395
39464
47746
9246
9559
6965
23000
36681
40067
46528
59732
54929
49255
34768
33055
44097
11254
54979
50265
55667
21917
33478
67349
33385
39444
48261
26391
9170
7325
39479
49789
13434
4137
14625
37595
49831
74000
17095
66434
7954
17642
49411
18682
11703
3875
9846
72416
47242
77917
33906
8684
1636
16640
14275
6535
29097
38682
24231
82104
21959
17446
4033
49466
37792
65127
57358
49466
17562
6812
35310
11160
38999
43706
28731
72286
36892
71237
38312
6755
48434
65849
59807
6390
48120
32999
50548
10457
5754
30884
15222
24231
8021
37595
36400
54356
670
46801
65140
45285
2914
2945
17446
12158
17220
7397
67243
73753
6778
15875
10158
15175
12595
63144
63454
8286
15966
41209
87430
18890
59181
3592
66205
48618
6671
98044
5803
78341
48502
17804
55421
44479
13445
46827
57867
44249
70398
20890
44099
23943
28187
35546
54929
11865
70493
41151
13409
46163
14129
48303
1931
65998
56306
52616
39266
31125
38505
37629
17109
25626
33300
15338
56043
20019
34223
11563
34586
79553
6737
41915
1987
1931
1933
8305
60493
63181
47724
50981
29488
19809
63923
3535
33321
11832
18592
49917
26357
16412
65696
92341
7841
3196
53604
23437
55215
3114
12203
95423
48995
16194
10116
63053
20866
3538
12101
85687
57712
59183
54967
1774
19064
45940
88011
71672
38356
12503
91029
24337
19342
3653
44607
82404
34164
9502
34746
8616
44261
62067
5387
11164
16540
44767
51581
5556
60631
47479
16900
35915
40517
5927
1912
82063
29745
39450
5191
46086
47524
15037
34357
53601
76407
1838
36187
17677
54949
36686
28860
42677
55022
1959
19027
81419
18532
11095
66346
34869
2306
22342
47974
383
32292
54666
20310
60723
21810
38913
2371
3639
41915
59109
44585
13821
3496
59079
2914
44723
30433
39575
81520
56544
22357
65028
79682
20631
61931
9120
28878
14625
36375
1833
25523
25252
33940
29379
75023
1833
12431
43111
16293
47357
38394
77492
49789
47948
8288
43457
12571
44094
44802
61643
41924
48303
36710
54429
30974
17670
36817
34553
24626
84113
10736
30486
36699
9676
19657
24326
87044
55422
47319
37089
49743
7184
34700
36308
25353
12647
39898
44309
23952
8556
9048
63695
59890
47948
35338
78853
53527
44749
27016
31880
35338
50645
3592
15938
38710
22937
7852
33528
18750
17192
38846
22903
66350
72347
13234
51276
13589
12535
83282
5247
33478
60631
25199
32500
55313
2760
12260
8747
46614
33069
49744
32809
16900
21927
18390
12346
31465
33745
60587
54347
76067
76193
21035
16075
10452
14810
49744
72699
24898
12360
21255
29550
40882
45923
5422
128
9502
48779
47475
15605
45531
48264
22647
11865
41072
49513
11580
26579
37408
8286
12315
26406
23204
30030
20983
17891
41906
4946
16180
80151
23865
19498
13409
11824
11436
26414
69752
23582
1552
28956
70929
2733
41056
29452
27257
31154
47737
43802
54647
52271
50798
24008
79861
