73379
28959
42530
2690
20065
1513
33922
37395
16650
59056
18202
29023
63192
22891
46319
58731
27054
31389
29437
45549
6409
69459
20227
1516
75
39190
74982
64789
28959
38838
66406
31063
3597
41163
16721
74623
3038
78590
12538
66406
49407
10714
75
64789
22152
32663
51187
11562
5517
10469
32377
25475
68645
19787
5932
63777
23722
14755
29560
1161
13665
61268
2861
38574
23844
29437
14249
19643
14249
16004
29322
16004
2118
58309
83689
22891
4754
72246
14249
8493
35764
75807
26888
8046
73901
14349
42530
27054
34532
23844
16721
29127
11562
59056
68582
26888
58731
63981
89383
40240
