*
1
1
1
3
1
9
1
1
1
1
*
1
1
1
1
*
*
1
1
*
1
1
1
1
*
1
1
1
1
9
*
1
1
1
1
1
1
1
1
1
1
1
1
1
1
1
*
1
1
1
1
1
1
1
3
1
1
1
1
1
1
1
1
*
1
1
1
1
*
1
1
1
1
1
*
1
*
1
1
1
1
1
*
1
1
1
1
3
1
1
1
1
1
1
1
1
1
1
1
1
1
1
9
1
1
1
1
1
1
1
1
1
1
1
1
1
1
1
18
1
*
1
1
1
1
1
1
1
1
1
1
1
1
1
1
1
1
*
1
1
1
1
1
1
1
1
1
1
1
1
1
1
1
1
1
3
1
1
1
1
9
1
1
1
1
1
1
*
1
1
1
1
1
1
1
1
1
1
1
1
1
1
1
1
1
1
1
16
1
1
1
1
1
1
1
1
1
1
1
1
1
1
1
1
1
1
1
*
1
1
1
1
1
1
1
*
1
1
3
1
1
1
1
1
1
1
16
1
1
1
1
1
1
1
2
3
2
2
2
2
2
3
2
2
2
3
2
3
3
3
2
2
3
3
2
2
2
3
3
16
2
