3
*
1
1
1
1
3
1
*
3
11
1
1
31
1
1
1
2
*
1
1
1
1
*
1
2
*
1
1
*
1
*
1
63
1
2
1
1
1
1
33
16
1
1
1
1
1
1
1
1
1
1
63
1
65
23
1
1
1
1
*
1
1
1
1
1
30
1
1
1
13
1
1
1
1
1
3
*
20
1
1
1
*
12
*
1
3
23
1
1
3
3
1
1
1
11
*
1
4
1
1
1
16
3
1
1
7
1
*
1
1
1
1
1
3
1
*
1
55
3
1
1
1
1
*
1
1
1
1
1
1
1
1
1
1
1
55
3
1
13
1
1
1
1
1
1
*
4
1
65
3
1
1
1
3
1
3
1
11
1
*
3
*
1
1
3
1
1
1
14
*
1
*
*
1
1
1
1
1
1
1
*
1
1
*
1
1
1
1
3
*
1
1
1
14
1
1
36
*
1
1
1
1
1
1
1
1
1
36
65
1
1
*
11
1
1
*
*
63
1
1
1
1
1
*
7
1
1
1
1
1
1
11
1
1
1
1
1
14
1
1
7
*
11
11
1
*
1
1
1
*
2
4
1
3
8
4
14
1
11
