20 10
498 718 530 618 939 541 142 23 736 857 191 619 348 716 999 166 804 727 375 103
189 578 662 450 375 787 299 224 678 350 845 648 958 889 525 440 359 129 279 118
883 54 561 539 789 645 575 720 673 821 748 210 218 150 852 393 471 335 274 380
786 145 901 445 787 457 648 82 621 533 43 715 219 458 293 674 392 471 821 9
280 253 997 978 746 892 235 241 340 961 858 415 633 653 671 517 519 756 397 63
325 256 827 981 525 976 7 181 351 583 292 914 95 700 177 452 850 247 882 665
919 175 573 921 863 575 792 944 388 646 698 751 462 953 507 814 458 658 384 851
270 205 592 366 565 645 527 655 506 764 389 118 440 76 56 504 73 375 651 485
343 675 83 633 584 68 314 348 79 142 192 975 167 638 661 733 973 357 527 522
340 251 323 479 248 278 341 363 248 416 45 77 659 125 692 260 72 549 731 311
942 201 346 205 476 163 768 300 726 134 228 36 188 678 489 979 117 706 782 268
271 129 37 946 803 394 379 153 22 688 114 912 586 569 195 103 409 189 901 405
477 31 702 443 70 908 90 288 602 336 37 725 928 151 292 505 997 830 735 908
345 751 709 634 778 34 112 520 775 262 915 939 899 101 650 403 926 201 614 843
549 577 533 821 673 581 237 648 665 231 610 907 768 513 888 109 157 76 637 72
787 609 973 909 32 363 819 608 539 554 25 168 141 749 30 267 21 235 195 275
588 464 368 813 748 654 667 419 905 840 142 34 790 748 818 375 556 924 957 708
703 355 443 106 561 526 265 377 224 739 179 216 531 401 712 263 938 220 6 983
563 887 289 799 391 183 646 726 475 761 920 439 109 644 910 487 121 385 180 352
44 705 858 343 509 839 162 912 29 940 188 404 227 61 667 934 931 960 800 107
