20 10
11 288 30 226 248 285 500 714 841 466 124 705 464 507 612 957 765 287 152 8
106 248 162 486 679 647 438 810 940 117 512 948 738 467 173 181 977 520 287 8
130 93 706 710 134 30 395 477 957 366 809 249 822 686 313 984 770 757 442 772
204 960 445 826 694 751 407 158 107 279 991 626 275 478 701 883 474 908 863 378
429 208 327 275 620 93 98 181 591 328 365 781 705 213 969 358 277 914 912 301
450 592 722 192 434 91 859 212 593 312 95 389 58 416 1 441 831 734 543 902
102 863 98 888 583 166 321 861 212 655 33 423 544 850 497 118 732 85 788 54
199 474 118 934 654 509 612 300 530 103 440 58 505 272 45 732 46 904 630 240
599 350 521 512 223 55 401 941 974 443 583 124 121 781 13 998 798 244 138 824
58 678 498 619 678 797 684 543 821 293 699 185 511 263 332 824 217 838 273 104
545 241 472 276 654 21 713 570 128 858 871 129 282 392 674 978 532 464 111 388
285 426 286 567 164 760 578 240 545 499 603 246 223 526 967 406 802 643 286 700
76 298 945 304 189 931 106 785 126 868 416 726 72 834 31 35 648 297 612 58
963 419 955 583 289 452 260 435 801 900 866 357 932 844 518 3 894 535 310 669
295 438 827 488 887 115 976 576 487 52 855 132 469 57 191 68 582 741 232 619
655 436 418 847 381 746 792 783 635 177 858 41 696 65 131 578 422 919 337 913
336 571 813 552 501 225 933 593 148 279 589 296 367 100 801 610 690 722 708 24
775 139 197 900 516 882 787 39 633 787 455 899 446 197 218 451 706 918 592 86
785 621 404 188 752 482 780 354 87 518 811 368 808 772 427 787 954 78 371 818
850 363 44 877 568 96 769 528 534 137 502 429 553 205 913 354 533 6 201 194
