30 10
260 779 56 54 392 496 783 386 457 930 680 503 79 846 1 954 707 262 730 274 553 978 540 804 654 709 597 215 192 908
994 29 430 129 151 836 269 784 242 520 954 654 425 614 143 73 754 114 299 313 864 600 325 231 274 166 175 830 867 996
911 380 86 459 649 626 589 995 742 844 933 167 514 601 1 867 335 607 846 97 135 726 914 11 300 11 825 650 788 47
692 663 107 350 647 323 434 907 142 932 593 232 593 85 510 201 250 582 120 568 373 148 51 915 920 726 89 588 28 290
506 382 645 280 33 115 190 222 692 276 756 408 933 977 656 706 408 128 712 374 112 608 646 244 360 539 772 906 403 421
945 243 241 979 494 757 974 900 104 894 381 891 869 934 153 713 320 93 558 62 848 733 450 114 884 629 314 652 224 135
781 875 331 780 954 442 920 672 966 239 494 858 613 946 41 19 899 379 635 537 60 637 631 670 633 271 399 469 769 907
695 678 71 932 409 620 196 808 899 822 325 697 918 951 510 364 431 501 127 741 696 707 471 622 334 486 370 438 916 642
432 769 15 56 634 63 454 889 904 187 270 162 336 939 63 325 719 928 782 935 959 975 266 683 778 234 257 649 709 363
114 800 782 165 548 551 495 394 987 388 61 985 479 390 571 41 522 674 47 334 861 523 636 681 799 294 579 830 19 529
407 168 999 52 442 518 873 85 261 643 161 736 368 286 455 616 856 835 214 521 986 543 594 62 380 488 424 996 51 490
589 692 405 964 890 285 84 268 393 210 908 682 110 964 914 233 216 467 338 337 501 822 946 821 943 243 636 972 956 235
351 76 563 158 868 62 256 488 691 475 49 783 207 809 21 689 528 181 470 277 72 296 993 746 887 71 295 680 509 699
770 579 254 451 318 397 104 387 970 970 645 689 889 100 954 226 52 705 340 222 282 924 214 531 738 195 729 933 461 838
691 743 159 590 63 985 968 417 226 908 525 211 741 61 526 443 587 73 949 409 142 113 568 610 475 94 568 274 544 264
106 793 232 357 839 42 423 233 150 34 587 90 770 991 419 609 914 281 401 551 737 780 713 265 640 545 958 558 278 560
289 97 753 994 473 129 900 251 823 1000 42 589 863 931 81 467 636 119 36 6 28 907 492 288 511 367 485 192 991 300
898 938 301 301 585 383 513 599 406 181 75 216 458 418 710 148 777 333 806 580 137 963 778 377 138 352 730 608 903 615
37 882 275 553 344 774 214 306 680 637 423 477 58 777 270 559 634 927 292 558 715 879 748 669 995 279 609 371 788 665
814 557 345 730 29 574 168 307 394 235 739 534 656 335 646 276 425 860 845 684 715 37 495 955 580 592 650 582 792 597
682 991 46 929 267 604 869 147 250 652 813 24 626 236 550 768 264 357 683 290 938 916 734 94 249 646 785 301 402 949
176 889 615 1000 292 480 724 228 412 500 824 851 622 131 285 885 468 944 642 948 932 673 810 569 675 146 331 309 202 565
310 525 132 132 215 708 267 379 981 930 8 517 738 242 140 551 808 667 877 162 570 170 527 727 555 321 484 308 163 919
255 443 598 245 372 509 962 389 787 139 191 494 115 130 316 532 236 574 864 622 871 500 295 649 815 165 961 212 976 697
229 175 207 770 361 807 802 210 334 168 109 954 335 383 426 271 531 450 189 13 781 872 895 112 949 779 126 473 54 364
987 244 33 52 785 889 351 293 115 784 604 891 957 653 837 662 49 891 672 598 131 205 686 5 553 820 529 988 65 177
579 202 472 766 366 578 777 716 56 20 660 156 923 909 467 994 108 420 276 487 701 660 147 652 992 983 185 469 825 730
442 781 797 6 802 150 883 93 989 10 629 703 940 511 970 865 266 869 640 600 975 633 449 898 374 31 53 101 425 116
593 657 523 423 351 470 885 638 295 779 187 77 989 488 616 62 1 987 111 901 495 170 645 23 630 798 615 118 363 992
337 925 513 851 797 627 161 278 676 694 885 741 693 103 846 719 365 692 155 546 386 262 409 334 870 339 651 476 506 200
