40 1
545 614 862 792 919 715 11 311 155 267 546 899 958 37 368 873 740 777 375 375 331 888 509 384 631 317 364 29 980 550 772 409 469 883 741 517 9 283 87 101
163 807 175 850 929 128 714 744 516 525 49 89 236 504 507 389 41 203 598 935 87 551 369 969 921 449 822 648 987 238 132 151 164 216 262 556 122 237 930 245
388 709 701 742 844 847 883 278 605 588 386 160 506 584 756 221 826 400 469 110 418 376 576 163 230 98 326 210 628 301 188 45 872 523 216 6 831 122 502 308
946 49 602 249 930 460 402 936 634 976 735 272 254 64 822 990 364 707 158 642 674 693 780 794 693 137 263 93 812 243 986 838 344 27 531 594 161 967 677 30
562 635 856 674 457 740 199 943 583 45 117 425 357 863 476 11 568 945 582 814 932 436 689 174 510 812 980 456 629 38 628 204 361 708 111 593 912 615 887 358
640 837 35 269 664 282 426 428 985 180 403 624 303 790 818 387 796 909 492 380 72 133 325 947 320 252 435 31 371 350 590 503 568 101 584 1000 362 581 15 519
972 685 511 487 22 977 827 779 271 194 76 158 646 72 29 262 275 323 267 690 773 770 372 668 74 93 174 770 840 310 967 256 782 261 251 181 941 241 615 207
674 338 966 701 836 685 897 220 938 588 263 309 250 814 398 749 743 168 373 601 328 707 438 299 177 102 884 8 610 832 321 58 176 491 937 332 700 529 75 523
376 504 400 561 636 669 899 302 157 961 797 587 82 614 618 755 808 31 225 858 870 864 416 77 675 961 944 814 899 514 8 692 632 546 151 852 272 842 273 969
279 931 226 958 957 565 268 699 670 412 462 234 238 448 595 589 666 947 230 408 497 568 785 785 20 11 805 975 447 974 568 515 936 3 730 437 405 340 986 171
924 281 368 761 20 18 499 822 154 899 781 49 339 383 340 366 704 116 134 542 81 366 924 535 53 436 101 595 227 101 377 121 992 80 543 593 990 542 630 717
570 718 498 104 753 171 551 976 980 506 129 338 987 548 372 334 716 41 277 386 578 285 255 455 443 298 956 992 161 9 804 848 243 10 767 918 681 609 982 582
926 556 941 26 466 290 355 419 782 940 562 36 240 819 805 802 165 508 467 230 412 158 814 14 441 198 973 81 877 196 607 42 501 274 820 180 459 233 519 758
553 197 587 446 363 192 541 229 771 402 320 331 965 186 719 396 530 256 243 146 550 721 669 38 121 13 977 401 417 88 241 18 777 549 448 785 790 183 56 461
748 952 187 415 562 816 487 400 774 55 250 72 709 941 138 383 565 333 187 276 485 926 36 526 512 680 144 503 313 175 918 584 889 70 685 486 972 881 867 852
261 525 818 929 495 459 794 891 451 157 472 712 502 517 81 763 509 215 346 228 562 279 181 427 405 561 596 464 258 697 160 745 954 147 343 791 945 909 988 647
506 67 445 548 561 256 282 12 76 791 679 153 672 139 305 747 786 961 896 544 752 567 914 451 945 900 274 182 856 851 342 799 879 748 638 834 500 878 459 826
395 804 142 645 457 933 432 396 708 480 147 479 423 530 549 1000 431 376 456 877 16 134 354 477 38 480 362 587 307 155 5 821 901 133 234 70 303 486 616 231
188 814 395 892 955 518 157 628 346 864 621 505 385 483 257 200 40 911 176 789 357 47 338 693 378 916 698 246 503 41 625 580 423 526 788 855 626 471 27 131
677 695 497 157 965 775 930 73 803 220 329 33 686 348 672 785 356 395 656 962 227 412 922 330 459 605 81 683 836 781 672 587 334 756 580 142 254 921 644 655
725 636 598 216 323 760 648 148 656 739 370 115 269 989 448 444 276 655 827 266 636 18 544 633 730 767 113 981 596 29 309 233 700 74 307 326 113 116 54 733
357 26 812 614 872 936 643 273 987 781 101 841 608 641 237 509 53 766 846 159 363 589 609 734 18 928 598 736 302 461 11 778 358 239 198 670 964 892 652 398
203 217 745 445 532 498 262 188 152 904 701 759 446 467 775 406 291 468 157 571 129 261 726 461 370 129 562 123 205 845 145 727 294 872 722 559 889 302 631 187
364 556 718 250 703 505 766 888 912 85 176 907 808 662 659 260 166 543 674 690 698 721 741 162 336 450 321 688 812 511 851 654 524 441 832 501 631 459 515 191
523 84 724 452 900 721 164 709 741 757 209 265 746 368 423 596 55 925 133 880 367 1 347 642 509 572 10 529 611 969 499 222 841 463 801 298 993 411 88 759
676 401 315 530 618 747 56 129 532 279 48 290 445 174 952 852 923 708 262 192 414 764 436 404 214 227 335 76 691 269 562 995 702 38 283 662 8 406 122 835
53 475 74 344 665 144 86 313 49 818 466 244 149 908 407 620 847 666 955 150 131 174 463 131 782 387 798 158 320 209 382 483 440 945 530 177 871 75 623 640
781 804 221 704 244 127 641 149 991 597 454 112 144 720 818 465 158 888 574 637 122 789 346 501 684 813 828 95 288 446 331 675 773 125 162 475 236 379 423 976
978 341 62 636 958 264 47 844 941 515 80 627 338 392 383 622 663 447 470 62 921 241 800 289 576 643 501 164 891 949 533 113 82 251 565 312 12 523 165 807
184 797 737 897 610 489 290 289 230 213 948 533 226 810 158 462 936 695 871 132 882 780 631 30 417 592 63 740 697 224 16 672 284 283 368 907 936 256 737 11
183 398 6 962 680 855 650 301 765 1000 746 911 956 212 599 384 137 495 121 864 217 11 777 170 926 124 908 139 748 727 509 252 492 148 428 197 851 200 763 747
221 778 970 966 646 168 244 63 560 646 536 659 223 82 301 718 882 22 725 925 345 761 490 511 816 225 672 564 376 308 554 464 692 734 677 90 920 605 127 227
32 320 264 748 486 988 738 370 115 448 560 163 120 840 603 331 516 390 941 127 748 328 122 572 851 602 786 31 503 447 284 897 985 111 140 675 675 901 33 24
998 920 85 118 366 187 159 114 241 743 882 341 523 890 653 387 857 218 234 517 226 957 258 772 583 777 766 654 585 205 461 484 936 847 200 935 429 972 719 7
864 964 738 183 628 325 767 797 454 264 852 955 2 516 791 711 491 771 404 69 368 52 227 70 116 328 744 358 136 340 635 683 943 401 65 957 492 533 332 271
744 110 689 68 878 854 978 717 361 106 38 666 231 734 357 345 77 641 309 667 31 523 749 561 33 99 492 80 428 412 479 970 595 879 810 916 788 922 489 429
969 142 563 215 878 549 788 915 364 929 647 934 936 867 926 984 437 998 647 295 303 283 825 82 913 464 515 254 956 707 618 990 268 294 146 288 992 314 329 595
87 629 16 882 831 987 648 920 775 924 991 203 935 523 446 575 602 817 271 750 344 490 272 136 165 518 896 960 886 833 44 391 741 733 917 284 612 131 649 718
619 84 284 701 66 277 154 236 804 10 29 317 693 454 189 259 456 287 864 742 565 437 813 244 185 444 818 56 779 416 431 213 932 776 482 944 548 234 9 17
212 265 602 589 340 476 19 957 104 627 228 755 909 749 508 288 665 509 821 352 928 106 867 160 25 165 118 975 445 290 168 364 83 354 477 348 139 248 298 225
