40 10
22 959 866 342 506 45 597 1 27 673 367 759 115 266 126 180 363 453 580 378 51 324 187 887 670 646 952 455 182 292 807 686 161 38 486 194 26 972 65 62
693 927 152 931 773 823 882 285 925 900 684 99 219 381 643 277 169 851 355 556 979 289 449 869 339 445 854 389 933 211 257 687 87 331 288 492 26 141 541 121
382 594 323 75 873 482 548 281 366 890 294 707 381 623 392 842 553 370 968 43 406 50 285 535 256 885 972 464 146 568 783 737 144 687 59 854 602 317 944 268
841 497 434 172 242 816 26 267 980 93 308 248 290 929 289 254 610 998 202 211 802 749 417 787 620 88 157 100 992 282 167 990 158 893 711 735 710 914 94 67
347 448 862 526 155 766 374 171 360 876 58 733 251 513 731 494 318 242 936 390 948 210 609 409 644 332 397 732 575 305 566 943 885 293 968 879 462 31 714 58
718 320 703 155 97 613 293 710 996 528 857 761 342 442 595 573 652 190 4 291 816 327 185 855 219 493 373 633 978 590 579 156 852 846 684 764 478 799 142 314
452 407 346 853 687 426 561 109 798 502 834 199 572 2 973 323 271 602 405 11 472 966 376 104 952 45 749 976 767 732 754 88 896 43 468 971 426 327 226 378
817 127 238 919 198 226 953 306 635 547 100 805 538 327 738 431 563 623 218 788 64 857 582 755 269 317 22 808 355 322 959 37 356 678 258 311 96 635 791 476
227 895 908 680 134 658 921 700 298 182 540 776 86 510 38 456 660 780 481 762 77 558 857 288 62 682 443 112 981 109 735 40 361 268 659 660 679 175 569 392
746 636 451 635 98 467 507 937 734 349 361 67 530 998 355 78 145 486 424 267 33 408 721 4 661 899 911 583 528 972 316 15 539 999 925 108 114 900 669 664
724 946 93 239 115 635 274 639 629 64 213 254 652 399 937 872 405 457 934 988 917 691 841 287 847 854 503 743 227 668 642 348 763 870 507 661 450 786 505 208
738 133 569 952 705 45 19 529 992 649 248 231 996 198 776 788 855 300 477 17 400 483 410 719 440 67 307 603 350 847 710 351 988 820 267 982 185 619 850 240
507 952 382 224 286 23 987 34 653 443 516 443 991 882 865 940 897 486 895 811 115 213 596 347 937 770 771 86 398 776 273 516 251 221 206 230 228 921 553 525
579 732 76 191 709 659 383 503 699 181 495 994 664 343 468 697 567 319 792 762 457 579 206 395 999 583 687 576 717 200 210 678 987 48 74 739 47 446 110 132
62 241 333 483 544 452 882 134 779 914 664 208 344 501 357 744 380 886 309 276 794 255 628 892 661 675 92 310 88 87 961 517 136 58 288 657 255 843 543 845
341 645 15 362 33 749 284 950 412 256 18 881 648 603 322 663 270 379 940 674 610 347 527 19 180 654 841 806 536 439 392 411 436 614 220 869 226 575 386 654
248 668 37 668 810 834 9 614 344 189 604 469 709 439 524 929 428 173 952 227 970 212 50 727 807 436 355 490 958 692 733 81 462 543 586 497 238 526 330 644
38 233 568 317 615 38 166 834 320 3 597 835 508 651 34 485 493 702 256 731 417 372 85 200 200 458 42 772 54 94 206 445 943 458 246 917 811 999 988 920
471 116 28 25 95 215 669 373 550 444 940 247 668 332 836 40 192 422 123 572 469 667 266 600 625 789 207 987 145 925 26 534 15 771 994 989 223 451 226 327
6 117 764 849 767 967 364 163 182 380 349 6 222 611 838 422 390 395 143 691 29 694 388 438 404 300 64 278 911 495 77 975 817 142 377 627 750 125 214 288
460 786 714 168 839 291 225 504 591 507 406 785 777 11 220 285 538 658 277 254 717 793 992 694 673 392 375 216 22 126 552 854 4 134 287 591 755 617 487 461
881 382 871 708 341 849 34 154 197 103 996 209 44 544 615 604 808 996 881 922 24 300 748 398 190 73 343 521 103 690 166 267 1 663 875 572 150 296 166 349
718 275 512 884 968 566 180 903 216 421 830 554 853 81 974 580 808 388 618 246 448 522 76 529 695 795 855 401 287 659 279 860 297 613 129 11 272 420 743 180
674 906 359 901 678 606 606 92 606 815 272 96 643 122 451 235 299 5 994 166 867 354 489 556 164 944 711 73 836 642 514 850 834 617 981 599 103 766 718 75
662 176 687 403 337 83 441 329 288 853 983 207 499 795 401 58 470 994 207 803 423 11 984 988 194 805 445 654 173 457 530 443 736 956 875 531 905 667 523 107
428 26 65 159 34 429 680 543 753 391 460 521 260 120 770 955 602 360 519 786 458 233 836 439 668 341 405 124 931 183 86 427 112 351 674 844 177 277 263 293
525 194 803 729 907 229 256 484 371 21 861 476 404 915 252 435 128 947 988 634 494 664 309 326 382 385 68 329 638 18 822 999 959 282 935 373 144 450 463 27
589 469 310 344 103 393 573 273 451 419 534 238 263 583 468 658 309 770 505 628 451 841 615 1000 736 429 50 1 451 934 216 776 448 636 813 236 895 826 536 617
56 574 237 579 722 134 788 555 74 906 62 791 679 561 3 736 228 512 554 668 177 386 122 39 376 810 233 257 908 634 576 460 445 285 768 110 380 180 100 474
342 949 331 560 645 280 624 695 108 853 7 881 595 906 942 180 14 259 478 942 977 233 444 986 781 948 295 205 322 200 740 846 946 337 531 945 799 249 47 420
953 379 596 604 803 406 827 274 539 711 35 776 707 326 659 96 172 152 274 658 108 606 168 859 731 376 169 935 289 825 740 450 413 572 944 917 759 397 203 712
704 905 945 330 781 822 870 560 265 376 873 427 766 891 593 670 774 244 869 928 272 187 402 333 399 955 226 240 667 6 661 215 393 239 600 939 184 672 480 991
299 67 202 483 247 449 903 654 850 450 56 587 814 292 760 91 5 838 192 602 734 795 95 374 50 704 19 458 450 884 300 100 143 979 894 179 496 747 163 283
483 122 667 797 701 448 767 405 40 419 949 762 778 404 139 549 320 889 118 861 31 815 339 129 134 541 886 25 103 487 267 881 765 171 583 690 1 339 668 806
761 476 344 893 857 806 429 780 52 970 835 671 11 661 489 340 911 679 673 416 456 749 961 86 828 98 984 482 259 460 113 85 195 490 116 922 244 237 640 937
100 812 71 458 13 382 243 513 447 716 37 247 316 813 260 973 331 848 320 589 957 626 33 926 764 691 124 959 864 824 882 874 151 70 64 542 102 909 462 1
456 179 163 936 254 467 180 501 935 105 706 431 226 25 762 84 355 815 305 493 261 292 655 586 296 661 373 248 470 783 155 730 887 881 408 129 693 13 824 348
397 932 552 749 841 22 248 80 959 182 559 665 800 623 73 714 834 450 888 305 377 49 192 95 685 136 86 781 341 509 865 778 41 820 959 442 546 412 405 600
695 153 343 756 719 847 598 584 713 46 594 21 759 376 134 688 42 852 421 807 945 187 509 200 491 637 584 688 576 181 163 122 550 855 391 450 82 735 682 395
40 69 204 467 229 141 903 41 106 599 29 672 344 352 63 536 562 65 180 723 612 444 628 985 886 38 670 817 265 46 734 1 156 764 4 911 914 175 309 419
