40 10
557 693 656 30 134 222 295 301 227 282 717 720 49 468 200 174 468 168 199 718 509 717 553 507 22 554 990 306 268 255 406 301 490 363 117 14 520 816 474 94
251 677 497 413 865 129 682 23 108 775 561 164 943 728 561 894 692 781 732 14 350 509 995 26 99 643 353 768 464 770 444 595 315 435 936 875 659 459 490 850
540 521 415 221 901 564 371 993 12 388 531 293 668 775 266 528 115 861 947 143 838 916 17 140 282 565 709 644 152 594 591 165 81 391 966 297 633 777 546 698
556 781 802 724 466 697 260 691 906 357 174 102 767 948 202 769 373 48 832 688 817 751 687 339 799 90 395 256 132 402 14 823 299 998 382 850 281 565 101 725
770 758 391 980 15 21 282 759 265 884 123 616 710 620 795 277 728 486 753 287 220 599 616 341 750 189 283 26 940 705 941 264 455 811 10 671 536 52 685 932
829 334 171 807 731 115 920 107 492 652 682 950 505 492 651 896 872 34 36 883 480 285 695 396 134 635 29 984 366 900 602 975 253 825 31 899 460 848 931 690
606 202 676 588 287 523 17 675 35 92 124 755 217 301 473 333 590 943 747 102 5 70 716 995 860 816 335 901 510 166 266 247 409 679 299 871 645 641 311 589
924 302 997 658 976 886 47 536 46 35 567 336 297 99 41 913 443 468 302 806 282 698 471 515 659 989 809 146 155 721 926 649 301 210 53 642 300 790 912 248
221 541 290 704 47 471 130 600 495 713 844 729 48 952 749 796 64 294 303 588 924 688 974 763 628 220 192 33 421 96 483 412 178 47 493 484 135 991 64 775
224 377 207 433 805 994 303 812 623 782 977 25 480 400 784 101 154 547 165 64 102 560 561 70 267 150 308 248 933 187 364 456 937 165 715 712 667 999 760 174
137 754 737 243 811 777 695 134 585 219 611 81 543 14 487 413 622 489 961 24 793 598 559 815 939 291 632 24 248 42 424 387 282 203 119 40 494 23 856 276
354 474 751 991 373 463 178 580 799 410 987 951 728 963 495 925 303 616 715 174 18 137 997 935 78 658 145 230 44 850 685 680 90 239 855 282 292 716 481 583
34 654 806 468 689 354 93 435 975 582 176 760 18 108 78 355 43 460 332 655 1000 576 133 378 763 68 913 854 451 366 566 317 415 758 304 441 849 738 530 373
419 342 395 341 166 271 273 224 785 663 143 164 240 635 779 227 359 155 510 328 338 378 797 391 434 255 489 825 111 144 799 458 506 86 167 948 718 925 995 471
8 124 527 820 146 53 707 554 747 470 212 196 327 565 202 554 100 207 216 966 319 431 588 19 517 281 431 102 234 20 842 341 753 804 238 896 417 737 398 274
64 335 413 183 300 252 100 465 488 698 37 637 524 577 157 851 55 97 451 685 64 887 7 92 579 974 844 843 813 299 840 521 719 783 207 880 34 696 180 342
524 423 15 137 150 690 842 1 772 975 189 761 793 155 370 883 293 932 129 307 412 15 283 927 173 643 298 733 624 323 993 801 397 471 708 730 831 297 694 885
209 421 662 877 77 508 714 97 948 654 411 305 614 466 763 941 803 425 199 109 693 372 672 376 547 168 740 473 809 176 231 923 907 109 150 669 853 243 502 159
765 322 825 710 48 436 43 192 332 62 216 266 802 932 651 111 160 861 630 418 349 857 186 753 467 570 204 401 52 669 900 350 373 542 113 642 854 198 354 72
487 435 666 443 650 954 560 255 683 697 893 762 952 273 457 590 677 670 859 392 816 695 46 271 455 561 760 855 350 237 849 571 691 47 720 340 377 970 405 571
749 278 180 481 917 963 5 953 194 926 619 834 584 799 524 397 894 342 718 602 676 427 113 29 654 519 304 672 131 195 903 506 138 973 315 484 99 704 143 935
300 178 462 362 665 532 193 306 260 281 835 221 830 993 230 671 617 388 753 36 871 667 253 450 936 101 909 812 206 187 328 843 562 793 32 367 809 21 111 12
860 233 55 988 759 398 625 465 692 788 234 603 40 993 291 81 551 936 119 976 981 431 845 789 788 526 790 152 559 244 866 101 490 826 130 896 460 829 810 669
913 934 347 678 706 28 946 354 8 352 453 315 823 924 878 678 923 580 664 445 793 365 442 433 576 832 951 57 596 158 294 584 673 247 997 254 25 593 641 426
963 342 247 136 176 282 375 278 991 794 815 924 895 222 21 784 863 370 825 283 986 126 235 757 975 349 109 775 730 516 452 512 156 649 160 370 544 69 49 248
778 31 744 215 400 154 670 921 629 517 572 50 755 477 176 493 680 447 499 866 360 284 317 198 58 25 274 935 839 824 654 790 478 587 880 451 432 954 569 783
282 685 827 200 6 442 252 734 329 678 293 752 568 309 132 371 836 681 466 400 646 572 467 187 21 867 642 257 7 220 417 345 747 317 895 164 390 761 255 908
368 602 841 547 861 930 936 546 136 62 294 713 652 730 749 379 48 722 909 852 698 83 484 862 197 877 470 520 274 392 510 984 122 534 157 491 764 496 361 969
213 75 197 210 85 688 910 314 289 948 153 946 438 97 970 423 149 855 457 765 799 20 497 821 497 533 753 422 555 822 199 556 522 612 669 937 431 7 943 165
140 202 163 181 119 818 766 392 903 197 781 786 30 666 210 51 718 458 238 191 958 205 141 314 212 537 294 257 463 733 925 930 55 993 911 537 696 32 705 319
519 27 17 245 865 286 944 371 708 499 409 882 112 170 460 396 344 492 9 338 184 171 382 335 995 852 154 89 282 667 674 248 419 528 358 953 414 911 981 881
392 544 6 705 501 780 490 727 429 350 627 227 494 783 402 832 623 353 667 88 35 774 583 689 143 577 382 18 573 286 414 757 2 348 134 929 829 248 435 636
194 213 528 842 963 826 236 426 388 51 489 248 514 457 158 811 124 140 406 940 485 662 759 466 982 649 77 894 495 204 15 284 763 391 569 807 165 788 148 885
991 52 982 750 53 295 152 841 599 906 47 41 265 975 981 277 424 951 805 869 9 842 681 496 430 323 386 319 458 931 316 173 302 712 630 874 609 168 669 642
446 944 905 22 110 44 4 219 415 224 705 172 137 861 627 958 103 258 892 457 269 58 236 619 971 717 336 775 591 451 870 168 732 911 118 661 585 509 580 533
16 829 535 772 275 115 371 538 16 610 377 965 199 924 394 380 717 12 577 849 397 34 500 198 573 259 448 84 919 564 431 680 287 76 153 662 309 261 287 718
210 615 479 924 959 268 396 401 163 949 196 662 203 325 349 54 125 427 219 726 237 482 327 43 810 959 89 600 229 919 510 40 318 378 311 49 433 61 938 470
185 992 47 593 201 305 517 113 126 17 155 624 214 599 872 634 594 335 55 934 57 458 257 624 540 804 758 49 999 862 472 233 629 204 66 744 202 437 669 191
542 612 186 500 999 779 129 197 914 114 555 320 947 205 130 590 909 541 714 772 566 269 135 362 610 966 873 788 192 346 506 366 336 206 687 794 866 447 277 377
468 99 66 388 488 397 319 375 436 67 932 175 931 416 851 863 224 622 817 418 310 622 475 190 455 307 510 110 580 306 567 853 691 214 482 775 518 722 948 571
