50 1
275 700 890 735 908 571 442 495 315 545 76 973 831 834 568 741 297 218 345 593 449 873 120 573 347 40 77 584 137 284 396 840 744 368 121 572 529 534 418 957 720 69 786 652 427 221 600 555 251 33
809 572 667 822 174 599 105 318 759 928 578 168 46 208 873 429 196 725 675 445 549 140 955 843 326 220 514 648 415 363 196 967 480 323 689 81 777 951 773 226 404 194 644 813 167 442 673 733 489 653
611 75 396 87 496 539 387 28 869 621 223 751 241 663 62 84 461 100 563 42 394 769 965 111 229 263 465 445 193 214 426 63 79 949 230 313 90 46 471 70 251 879 198 374 880 74 145 990 821 805
113 100 739 905 413 78 217 712 768 668 414 403 26 239 552 525 802 235 329 209 429 278 862 598 645 60 799 197 94 310 37 785 709 736 179 330 764 929 657 407 929 149 136 759 741 810 907 509 965 195
19 299 785 728 20 510 819 37 840 191 924 418 158 344 806 882 334 246 289 960 533 522 787 688 663 715 33 540 813 802 691 475 69 53 540 923 935 165 177 846 942 629 563 510 338 565 554 806 209 529
305 324 465 288 631 827 702 445 791 4 287 928 76 232 141 335 113 88 889 921 378 159 733 36 956 839 212 796 13 644 14 822 872 26 617 977 148 57 404 779 839 680 132 743 71 625 990 395 565 697
319 904 96 441 220 86 454 765 947 495 581 997 360 342 276 873 857 330 647 223 390 143 639 692 408 268 484 172 704 683 827 493 318 274 144 299 381 159 956 963 406 366 621 223 535 538 861 400 344 1000
782 919 855 251 60 84 76 628 282 127 618 551 717 353 599 284 294 671 577 895 164 871 366 898 639 915 645 123 734 938 269 935 931 847 762 102 243 846 281 40 404 132 479 434 761 354 885 754 151 590
180 248 387 525 926 74 486 646 420 295 157 115 329 157 905 820 442 924 788 256 824 366 571 987 154 378 762 989 824 452 392 140 509 607 227 875 427 640 238 451 856 536 503 842 655 763 878 207 279 392
958 635 770 894 228 593 948 78 736 627 264 117 961 456 436 57 156 217 427 203 474 161 268 930 619 858 576 259 152 486 423 81 745 581 297 771 524 619 642 104 226 84 922 61 308 172 90 913 323 510
908 158 406 967 32 483 554 636 411 207 604 289 260 824 238 731 32 942 479 593 535 903 227 36 621 824 689 727 660 703 602 872 118 54 303 22 410 199 71 54 441 769 1000 436 186 410 248 635 617 957
464 237 979 466 51 687 882 732 528 846 211 401 304 291 419 904 160 164 723 550 666 765 231 130 99 130 71 894 435 687 600 785 796 646 673 495 699 496 425 46 754 395 473 687 30 465 739 982 811 341
891 604 740 599 940 599 384 48 773 456 842 847 143 294 284 666 115 80 605 445 890 207 431 590 514 647 343 372 462 177 724 669 108 175 20 647 284 943 511 265 730 511 203 201 824 870 718 957 537 841
329 141 568 196 613 126 657 398 769 783 156 134 473 781 8 972 464 477 600 674 204 692 579 362 159 310 535 665 341 534 311 666 27 651 791 898 698 348 934 636 596 609 761 726 563 299 983 607 536 647
668 542 120 880 639 314 386 387 313 742 893 979 859 401 364 234 995 65 403 174 580 670 30 917 574 417 352 838 63 927 341 664 466 695 580 153 362 759 460 342 711 985 233 724 324 95 980 899 88 525
662 988 136 551 164 81 297 432 285 733 521 625 2 27 1 913 445 716 336 575 553 348 767 989 855 843 147 422 440 831 959 588 765 259 237 925 261 756 62 491 177 510 994 814 704 100 548 249 942 510
105 377 508 597 158 689 772 753 508 810 892 430 572 855 293 154 746 988 464 147 831 433 359 277 282 230 12 641 122 303 435 997 64 814 17 969 226 431 212 627 912 366 743 485 34 964 102 407 581 141
952 180 918 973 698 970 650 39 868 236 973 361 629 284 430 322 78 222 654 418 120 425 234 173 320 151 694 142 410 175 631 739 852 48 313 31 989 503 958 644 262 774 447 55 9 973 353 706 333 159
502 657 766 213 820 989 167 982 865 167 824 452 816 950 608 834 914 25 537 344 123 712 855 94 191 957 907 357 948 423 888 438 125 135 441 87 167 686 54 875 874 499 878 72 848 889 260 861 195 308
198 471 311 931 723 948 285 254 601 791 82 111 282 244 160 67 247 354 684 278 559 967 353 767 446 956 186 316 252 290 518 876 44 716 369 612 929 308 942 295 907 462 235 702 152 72 422 348 164 964
42 665 174 640 835 245 654 313 40 485 68 143 167 659 777 599 411 805 532 133 927 97 301 491 233 140 275 616 336 761 263 489 661 695 407 801 393 379 797 73 316 248 822 80 207 914 9 866 560 937
84 128 481 219 247 997 274 782 656 78 453 425 768 304 621 40 321 685 701 853 496 963 273 559 821 185 593 219 347 656 480 325 254 600 202 78 265 930 49 628 321 645 538 806 174 298 974 831 598 770
744 257 821 311 941 491 958 626 474 386 388 632 197 333 6 553 55 798 77 814 646 51 499 501 211 112 983 332 237 7 888 476 686 325 210 580 72 106 426 364 814 87 31 278 491 504 108 526 384 42
742 900 456 860 347 299 75 604 445 574 697 660 308 945 982 643 946 804 695 170 951 279 890 596 66 473 230 153 849 721 843 674 751 516 27 488 706 404 173 46 808 700 585 918 38 401 510 815 841 571
245 428 582 441 299 493 986 383 862 791 560 166 798 584 793 712 536 717 611 898 590 455 450 260 488 5 136 696 126 210 189 78 912 111 998 711 729 24 412 504 530 235 981 2 967 544 9 843 691 67
870 255 292 993 973 160 873 92 647 158 618 10 108 11 751 139 164 956 669 753 211 148 610 622 101 745 295 638 317 178 305 778 342 471 661 121 175 42 938 895 317 998 139 44 553 300 404 404 64 380
460 864 173 571 189 564 789 515 652 858 162 559 975 116 263 954 482 570 727 531 426 401 415 938 152 348 60 862 17 870 893 970 185 517 120 43 327 555 158 89 315 857 435 607 364 496 3 36 908 962
257 534 860 316 450 823 605 320 811 876 38 354 157 514 997 834 205 58 770 707 652 471 495 144 805 125 379 923 734 836 587 420 326 615 78 479 979 353 816 143 63 168 406 106 982 651 220 977 781 47
835 559 415 47 353 675 64 800 725 503 660 436 52 585 775 413 444 109 837 439 949 464 303 53 687 928 911 611 187 604 115 941 515 174 32 622 81 676 932 494 959 675 19 843 717 501 672 793 832 126
157 134 30 603 346 126 166 321 346 46 89 212 9 8 883 604 857 104 465 968 342 507 574 44 769 451 742 918 751 445 366 712 597 183 962 336 183 820 689 948 476 649 408 580 20 434 281 98 876 7
442 289 8 533 893 55 30 591 852 455 479 573 735 519 552 416 214 983 387 184 471 494 926 809 586 344 206 520 150 200 372 448 76 537 881 58 772 12 604 822 562 553 170 679 989 526 282 437 953 822
620 256 433 980 887 379 613 199 44 419 855 50 192 830 802 510 489 149 924 411 39 177 604 962 395 808 305 780 523 491 801 950 523 597 805 530 767 830 742 621 431 387 427 872 39 13 741 729 435 504
493 465 622 362 26 151 452 466 747 251 438 246 111 262 524 437 990 289 425 211 550 757 998 54 268 809 763 468 215 702 606 348 961 952 290 162 455 580 758 707 212 769 975 483 13 515 225 885 127 303
444 465 9 322 309 977 589 324 333 673 828 188 852 497 431 615 13 108 574 114 363 606 538 210 846 627 173 982 876 762 833 864 609 518 203 611 690 176 30 497 111 335 911 245 263 996 235 407 887 675
866 570 230 466 3 344 227 588 588 906 965 309 488 462 981 2 554 333 512 874 28 201 156 377 678 88 432 910 227 444 659 141 177 926 229 751 112 358 743 315 527 253 292 333 264 979 357 987 142 433
435 885 811 709 738 396 709 494 62 632 353 537 44 562 788 768 771 843 262 93 31 276 573 972 243 653 482 502 112 701 643 847 137 887 112 818 786 361 383 762 902 182 266 599 896 979 571 895 164 470
773 390 631 953 230 96 184 835 321 687 904 625 326 131 592 258 477 452 989 47 788 882 998 200 484 747 651 416 649 381 92 743 595 772 613 887 604 497 289 741 158 839 356 939 908 261 497 831 38 25
581 320 995 850 737 58 238 756 647 656 602 63 638 474 317 130 367 183 485 167 146 201 557 919 82 632 349 541 599 430 365 43 898 441 435 558 216 244 999 472 141 260 809 428 292 673 53 881 36 290
893 356 112 90 854 551 383 353 712 720 609 967 1 108 272 310 399 218 417 948 463 330 109 122 400 983 372 733 750 701 356 625 230 38 299 209 459 872 334 749 398 635 195 608 164 723 340 607 497 79
707 868 654 700 467 113 481 292 538 400 795 606 230 191 791 704 677 621 709 892 355 304 763 233 927 553 131 215 515 498 439 725 667 337 937 73 894 860 137 854 302 582 60 627 807 751 567 798 774 830
95 110 705 986 288 749 988 737 634 933 166 49 704 767 396 693 618 586 858 721 583 614 75 721 286 288 934 60 755 476 82 745 410 640 982 92 775 397 989 207 220 442 631 91 174 160 264 558 70 134
378 305 674 735 806 253 615 167 554 46 44 699 353 781 100 512 708 879 272 69 470 417 193 546 110 91 81 450 761 642 624 557 443 324 87 601 56 134 451 512 46 419 548 694 764 947 390 958 354 31
735 169 520 692 46 896 928 403 280 317 218 229 67 654 449 296 546 525 261 415 275 754 589 546 944 418 214 975 241 783 218 388 292 663 885 138 11 408 850 567 184 811 954 241 948 800 385 182 836 182
358 527 435 693 432 916 974 857 103 766 683 492 490 843 599 936 466 817 823 713 100 395 835 861 580 416 4 19 172 538 547 448 944 518 144 398 459 702 233 190 627 879 660 420 436 97 135 83 214 53
506 97 807 521 707 308 290 416 18 220 222 20 388 380 506 831 400 593 966 233 409 721 386 296 742 847 360 903 977 530 517 849 732 776 982 190 994 335 704 862 964 92 139 473 254 407 597 720 201 406
163 409 175 284 579 956 102 767 263 162 746 218 1000 48 211 561 669 702 226 10 878 870 506 985 480 748 205 646 510 475 621 324 720 776 500 831 416 970 170 239 715 335 157 759 233 268 296 100 612 37
854 483 269 122 667 124 619 576 300 896 534 753 370 730 43 122 504 604 516 121 138 77 587 281 654 819 544 507 719 120 150 755 370 721 960 75 27 482 668 488 490 305 750 138 574 386 244 472 458 935
50 572 435 204 595 662 410 792 736 287 332 580 935 911 201 45 360 897 676 149 907 218 421 437 512 932 687 481 42 788 116 405 607 63 261 123 474 30 774 979 800 254 578 226 338 461 48 799 445 319
94 602 952 57 376 982 157 707 521 300 707 232 988 883 877 810 268 7 363 3 162 482 110 174 841 262 257 910 81 76 102 214 580 4 129 412 100 554 347 280 127 172 103 453 683 495 854 110 826 824
71 364 242 697 912 265 196 913 497 859 553 137 674 581 475 543 132 181 152 248 597 742 754 589 789 639 251 970 405 765 412 329 22 161 13 46 29 103 199 362 148 415 873 867 55 668 944 959 57 740
