50 10
944 302 163 929 973 262 897 301 699 732 594 356 537 26 673 212 564 567 553 454 25 573 696 444 229 19 430 424 843 195 875 350 471 89 558 23 179 827 950 475 599 178 544 859 281 270 378 59 257 376
288 6 249 110 224 741 12 319 162 336 635 594 950 885 870 770 545 487 254 400 318 601 243 664 489 376 849 750 23 354 925 721 668 125 448 874 14 596 568 157 338 351 472 186 639 121 722 789 340 471
149 660 251 765 246 928 890 673 958 414 273 686 412 190 684 135 640 17 456 951 541 628 961 183 459 245 279 803 904 761 136 159 530 679 225 351 199 114 649 988 736 582 353 172 860 218 676 703 401 443
689 410 601 42 387 934 106 709 842 763 40 421 186 248 815 302 464 852 566 874 588 345 961 569 519 811 596 253 359 973 278 473 764 412 30 158 429 893 296 959 925 491 899 275 91 750 792 468 336 72
625 358 640 618 42 470 533 855 288 123 759 82 532 546 894 600 98 958 847 37 58 78 421 328 749 379 524 937 284 430 592 477 671 592 638 819 434 587 473 903 441 736 188 926 720 54 231 407 161 720
215 676 875 401 127 101 545 145 137 203 795 192 472 602 993 821 464 583 971 680 436 991 375 33 440 447 725 734 520 629 748 716 776 878 405 532 153 409 580 490 984 176 342 160 489 345 112 82 714 842
666 519 117 368 799 907 741 283 398 274 593 313 14 440 333 894 337 277 776 582 903 7 576 319 394 526 293 255 526 91 96 505 982 876 790 10 520 558 197 497 526 782 863 554 211 261 781 929 258 143
245 675 300 886 586 604 789 236 553 360 543 607 80 691 420 435 969 748 17 100 708 799 3 776 20 106 980 658 709 796 528 706 990 931 368 388 217 281 828 212 151 669 157 271 263 792 527 707 167 395
716 476 958 178 909 261 630 213 429 176 677 11 393 572 726 749 291 453 870 654 105 241 88 28 763 595 127 168 211 30 388 874 269 822 61 537 959 464 394 410 584 525 560 933 693 367 317 257 521 968
698 296 818 544 946 614 838 339 259 868 446 303 583 329 423 938 320 589 520 848 729 124 491 93 518 467 362 517 308 940 584 924 691 277 565 801 837 647 927 856 49 463 628 626 544 883 294 460 430 56
917 185 835 137 53 952 141 455 156 365 86 98 21 392 548 310 471 333 376 149 832 152 175 208 806 255 726 804 851 258 523 5 748 574 101 312 658 7 275 754 236 149 450 518 678 568 952 569 269 418
670 494 816 305 638 810 115 941 223 792 980 961 902 837 155 505 63 634 536 910 660 833 997 217 294 681 978 324 719 294 422 592 604 395 505 81 145 884 231 699 860 263 595 966 868 971 181 800 128 798
434 869 660 635 737 568 409 711 596 212 529 934 174 667 347 785 796 249 801 692 89 152 265 847 206 979 772 145 38 696 990 494 899 687 443 851 879 635 496 727 426 317 362 636 442 437 746 146 651 109
273 502 602 77 717 705 798 273 863 110 798 34 498 380 647 604 353 207 833 997 571 881 474 889 931 956 970 231 990 843 906 387 10 882 953 35 400 409 247 708 246 124 200 892 970 795 468 789 642 25
381 960 63 179 233 223 953 225 760 746 374 959 31 331 542 632 533 603 370 993 686 837 402 708 481 630 99 899 729 652 793 782 997 220 270 773 15 655 46 628 875 992 411 738 21 479 914 294 106 670
192 63 696 779 443 297 401 586 683 557 444 842 222 964 631 313 861 710 379 571 588 911 782 407 824 330 809 611 258 681 841 386 883 552 99 138 843 526 476 788 528 132 751 699 688 263 166 457 865 103
710 171 517 897 228 322 649 67 179 570 471 756 11 660 602 100 36 438 117 645 559 696 253 499 159 622 804 468 560 478 990 195 272 174 828 807 8 853 769 656 98 280 892 412 172 81 236 99 692 891
149 54 998 42 664 177 342 668 507 118 837 620 336 643 849 577 993 883 727 312 695 420 829 893 531 314 961 478 252 439 983 368 2 325 807 972 226 487 555 823 190 546 899 397 354 842 367 286 323 775
742 704 940 252 981 589 918 374 692 895 704 678 26 69 836 256 911 517 831 154 450 494 798 58 720 124 816 486 997 375 710 119 443 135 854 642 713 575 358 429 254 101 879 361 308 354 399 439 835 502
206 275 175 613 752 701 580 81 930 915 267 792 109 846 810 886 55 63 734 946 585 177 397 264 262 745 875 486 569 925 267 107 284 26 149 308 103 445 574 808 49 831 275 592 121 507 680 462 332 498
385 882 886 126 761 466 126 338 970 98 654 892 442 70 87 670 8 490 513 261 955 215 538 883 235 214 211 453 200 507 983 13 400 405 441 656 327 164 67 205 4 375 601 279 720 494 462 929 855 880
554 682 665 931 864 734 951 878 799 370 127 77 429 740 221 629 434 747 370 115 85 95 811 86 385 806 603 486 18 594 300 371 905 522 873 504 248 608 561 159 433 390 931 263 177 322 406 624 492 393
988 887 290 947 73 719 762 837 163 663 779 939 135 947 637 676 414 151 643 865 398 451 198 654 426 525 392 908 100 574 662 197 153 256 326 756 904 918 791 36 520 35 144 838 307 225 225 220 297 804
282 224 37 787 757 334 499 46 917 242 186 328 849 462 784 818 649 438 575 674 523 761 445 555 733 965 435 187 432 338 89 638 111 69 149 158 243 452 727 974 706 456 65 276 344 126 691 862 792 193
894 394 984 182 336 145 689 56 559 685 285 794 948 246 550 393 929 251 220 353 41 592 184 50 989 468 358 623 664 222 276 383 595 737 468 616 293 490 678 870 785 608 229 808 279 209 827 560 918 488
766 826 586 16 818 707 291 687 209 595 733 383 43 790 533 832 527 889 847 607 118 918 608 305 546 244 346 670 801 914 28 852 524 86 127 11 591 455 719 821 622 180 789 775 683 35 955 22 882 815
284 316 120 802 680 706 841 22 269 195 296 87 549 180 85 980 270 658 99 618 692 750 363 707 966 758 262 802 690 400 579 195 110 286 705 272 108 104 408 809 853 803 359 23 148 799 666 795 637 216
757 115 890 44 381 40 944 528 767 230 657 977 810 548 293 62 198 721 266 213 33 116 963 609 310 241 876 771 536 112 126 547 498 443 313 691 513 68 153 537 449 582 101 212 177 766 839 106 372 828
835 451 379 202 217 164 523 146 395 263 992 976 526 287 749 528 652 812 837 415 327 896 391 5 92 435 537 905 125 32 131 832 728 301 84 115 632 409 83 666 224 112 729 359 225 270 940 751 156 160
249 779 253 614 444 898 919 778 247 52 137 557 329 600 174 612 71 38 891 341 262 398 864 23 327 63 647 790 428 18 462 807 931 447 528 367 790 591 121 700 29 16 834 999 530 778 709 824 832 654
719 142 230 381 744 512 660 26 288 718 370 761 273 761 500 762 642 893 642 588 192 346 698 737 782 159 693 819 953 163 321 330 992 942 961 417 435 127 162 998 9 963 263 843 219 511 177 975 23 539
353 363 200 264 726 41 179 905 428 728 847 379 563 56 80 126 463 452 233 881 936 548 269 877 263 73 329 373 654 283 952 266 454 191 902 160 371 127 371 632 806 640 298 694 550 133 63 94 562 445
666 782 921 711 640 328 324 298 799 122 448 90 898 420 877 643 425 979 486 863 309 438 250 984 415 202 476 342 56 546 643 222 197 413 629 677 942 313 645 5 627 698 954 103 259 230 808 448 9 415
397 495 383 179 211 916 621 97 449 821 105 874 252 652 120 574 452 756 616 603 547 879 98 180 169 42 500 998 261 777 251 711 108 167 338 385 537 575 995 25 560 799 612 542 233 148 914 19 454 592
372 61 236 429 449 881 50 397 56 362 954 123 167 225 5 304 944 457 772 786 188 171 713 192 969 717 341 864 400 712 917 601 674 706 848 409 87 225 188 658 953 786 706 785 773 566 703 885 321 577
564 269 284 617 996 31 750 786 961 760 622 165 269 612 695 220 243 784 334 289 331 433 633 893 81 912 369 684 858 673 240 19 406 875 772 343 949 782 617 732 485 521 356 511 536 415 290 92 161 84
640 154 345 414 97 323 802 791 59 727 193 431 711 385 945 39 126 103 895 18 889 207 98 819 192 772 471 239 515 347 682 446 669 240 142 303 149 919 784 981 674 355 461 21 84 270 746 936 390 795
979 37 986 275 851 763 336 753 557 196 986 31 898 304 821 397 748 705 768 675 659 445 483 312 905 923 710 68 762 421 459 148 1 321 306 574 941 585 16 610 99 327 500 27 356 266 39 340 135 133
314 324 907 19 561 863 895 463 114 908 74 594 410 619 983 876 664 524 533 527 953 953 186 630 511 570 997 159 45 117 180 270 253 137 103 44 741 172 587 847 332 463 335 329 90 901 842 359 180 743
73 786 31 549 4 346 721 742 687 85 652 685 557 780 77 844 328 269 102 589 523 998 94 523 321 744 339 594 324 479 405 376 475 122 252 706 851 359 701 797 48 542 445 152 564 756 840 561 215 804
222 166 37 346 93 159 852 770 672 577 357 378 312 655 152 67 7 2 601 950 404 150 975 3 147 377 152 339 61 556 252 175 135 344 777 719 702 452 166 598 483 56 366 998 65 901 914 686 140 100
864 24 476 149 291 947 849 98 288 661 271 372 93 890 97 293 572 798 896 511 784 512 249 159 806 742 919 999 214 575 888 982 365 732 813 73 393 633 850 539 442 919 84 936 148 757 408 116 661 118
313 833 46 849 247 950 853 952 741 394 593 622 233 635 679 466 411 125 224 898 142 582 830 359 609 497 194 203 394 849 218 861 594 483 561 865 716 777 165 680 216 943 156 776 443 450 184 947 903 540
347 328 421 679 673 414 829 500 399 371 42 328 127 244 32 48 74 412 887 534 491 779 150 651 441 834 455 642 557 210 597 137 129 889 233 319 338 275 359 966 689 944 427 8 619 915 396 885 531 833
910 378 691 128 922 661 741 541 155 804 312 284 86 304 309 42 838 300 548 998 234 407 771 744 269 910 92 961 775 9 768 718 172 541 646 790 710 793 377 620 675 239 694 83 250 529 664 216 552 315
12 493 709 62 1 699 887 354 137 68 704 301 600 821 489 641 490 687 653 576 244 239 259 577 551 94 33 136 652 579 165 922 238 210 47 95 693 676 753 388 425 488 787 733 22 154 724 862 822 735
891 403 400 998 369 401 942 81 568 194 801 285 722 183 593 74 600 117 761 581 816 652 402 436 202 962 214 679 177 922 915 763 781 862 115 86 761 281 661 5 655 589 430 777 534 551 79 315 443 175
738 265 568 27 89 194 385 412 545 177 415 377 740 102 862 206 724 571 818 52 663 428 105 535 148 709 412 699 361 47 270 775 953 686 633 541 52 951 655 268 73 735 569 58 271 657 730 937 718 610
950 642 565 400 987 782 127 500 135 601 658 804 977 289 511 169 843 25 632 207 176 996 410 662 39 451 438 860 924 35 471 865 489 932 898 347 403 124 333 386 559 391 100 892 970 498 924 399 535 911
346 863 841 845 709 545 181 39 989 928 364 790 108 419 179 809 269 732 826 161 603 973 739 697 95 879 837 41 216 528 848 232 808 820 75 308 734 384 105 151 614 139 306 819 372 773 958 905 724 517
