299 57
1816 1781 1771 1809 1815 1776 1793 1772 1820 1791 1819 1808 1789 1811 1778 1779 1795 1798 1799 1812 1775 1824 1800 1773 1801 1794 1821 1805 1797 1790 1774 1823 1770 1802 1769 1782 1768 1792 1804 1806 1788 1814 1777 1818 1785 1807 1810 1780 1784 1796 1783 1813 1803 1787 1817 1822 1786
9739 9704 9694 9732 9738 9699 9716 9695 9743 9714 9742 9731 9712 9734 9701 9702 9718 9721 9722 9735 9698 9747 9723 9696 9724 9717 9744 9728 9720 9713 9697 9746 9693 9725 9692 9705 9691 9715 9727 9729 9711 9737 9700 9741 9708 9730 9733 9703 9707 9719 9706 9736 9726 9710 9740 9745 9709
4267 4232 4222 4260 4266 4227 4244 4223 4271 4242 4270 4259 4240 4262 4229 4230 4246 4249 4250 4263 4226 4275 4251 4224 4252 4245 4272 4256 4248 4241 4225 4274 4221 4253 4220 4233 4219 4243 4255 4257 4239 4265 4228 4269 4236 4258 4261 4231 4235 4247 4234 4264 4254 4238 4268 4273 4237
13843 13808 13798 13836 13842 13803 13820 13799 13847 13818 13846 13835 13816 13838 13805 13806 13822 13825 13826 13839 13802 13851 13827 13800 13828 13821 13848 13832 13824 13817 13801 13850 13797 13829 13796 13809 13795 13819 13831 13833 13815 13841 13804 13845 13812 13834 13837 13807 13811 13823 13810 13840 13830 13814 13844 13849 13813
4210 4175 4165 4203 4209 4170 4187 4166 4214 4185 4213 4202 4183 4205 4172 4173 4189 4192 4193 4206 4169 4218 4194 4167 4195 4188 4215 4199 4191 4184 4168 4217 4164 4196 4163 4176 4162 4186 4198 4200 4182 4208 4171 4212 4179 4201 4204 4174 4178 4190 4177 4207 4197 4181 4211 4216 4180
7003 6968 6958 6996 7002 6963 6980 6959 7007 6978 7006 6995 6976 6998 6965 6966 6982 6985 6986 6999 6962 7011 6987 6960 6988 6981 7008 6992 6984 6977 6961 7010 6957 6989 6956 6969 6955 6979 6991 6993 6975 7001 6964 7005 6972 6994 6997 6967 6971 6983 6970 7000 6990 6974 7004 7009 6973
3355 3320 3310 3348 3354 3315 3332 3311 3359 3330 3358 3347 3328 3350 3317 3318 3334 3337 3338 3351 3314 3363 3339 3312 3340 3333 3360 3344 3336 3329 3313 3362 3309 3341 3308 3321 3307 3331 3343 3345 3327 3353 3316 3357 3324 3346 3349 3319 3323 3335 3322 3352 3342 3326 3356 3361 3325
3070 3035 3025 3063 3069 3030 3047 3026 3074 3045 3073 3062 3043 3065 3032 3033 3049 3052 3053 3066 3029 3078 3054 3027 3055 3048 3075 3059 3051 3044 3028 3077 3024 3056 3023 3036 3022 3046 3058 3060 3042 3068 3031 3072 3039 3061 3064 3034 3038 3050 3037 3067 3057 3041 3071 3076 3040
10252 10217 10207 10245 10251 10212 10229 10208 10256 10227 10255 10244 10225 10247 10214 10215 10231 10234 10235 10248 10211 10260 10236 10209 10237 10230 10257 10241 10233 10226 10210 10259 10206 10238 10205 10218 10204 10228 10240 10242 10224 10250 10213 10254 10221 10243 10246 10216 10220 10232 10219 10249 10239 10223 10253 10258 10222
11734 11699 11689 11727 11733 11694 11711 11690 11738 11709 11737 11726 11707 11729 11696 11697 11713 11716 11717 11730 11693 11742 11718 11691 11719 11712 11739 11723 11715 11708 11692 11741 11688 11720 11687 11700 11686 11710 11722 11724 11706 11732 11695 11736 11703 11725 11728 11698 11702 11714 11701 11731 11721 11705 11735 11740 11704
106 71 61 99 105 66 83 62 110 81 109 98 79 101 68 69 85 88 89 102 65 114 90 63 91 84 111 95 87 80 64 113 60 92 59 72 58 82 94 96 78 104 67 108 75 97 100 70 74 86 73 103 93 77 107 112 76
9169 9134 9124 9162 9168 9129 9146 9125 9173 9144 9172 9161 9142 9164 9131 9132 9148 9151 9152 9165 9128 9177 9153 9126 9154 9147 9174 9158 9150 9143 9127 9176 9123 9155 9122 9135 9121 9145 9157 9159 9141 9167 9130 9171 9138 9160 9163 9133 9137 9149 9136 9166 9156 9140 9170 9175 9139
16636 16601 16591 16629 16635 16596 16613 16592 16640 16611 16639 16628 16609 16631 16598 16599 16615 16618 16619 16632 16595 16644 16620 16593 16621 16614 16641 16625 16617 16610 16594 16643 16590 16622 16589 16602 16588 16612 16624 16626 16608 16634 16597 16638 16605 16627 16630 16600 16604 16616 16603 16633 16623 16607 16637 16642 16606
11278 11243 11233 11271 11277 11238 11255 11234 11282 11253 11281 11270 11251 11273 11240 11241 11257 11260 11261 11274 11237 11286 11262 11235 11263 11256 11283 11267 11259 11252 11236 11285 11232 11264 11231 11244 11230 11254 11266 11268 11250 11276 11239 11280 11247 11269 11272 11242 11246 11258 11245 11275 11265 11249 11279 11284 11248
12988 12953 12943 12981 12987 12948 12965 12944 12992 12963 12991 12980 12961 12983 12950 12951 12967 12970 12971 12984 12947 12996 12972 12945 12973 12966 12993 12977 12969 12962 12946 12995 12942 12974 12941 12954 12940 12964 12976 12978 12960 12986 12949 12990 12957 12979 12982 12952 12956 12968 12955 12985 12975 12959 12989 12994 12958
619 584 574 612 618 579 596 575 623 594 622 611 592 614 581 582 598 601 602 615 578 627 603 576 604 597 624 608 600 593 577 626 573 605 572 585 571 595 607 609 591 617 580 621 588 610 613 583 587 599 586 616 606 590 620 625 589
14071 14036 14026 14064 14070 14031 14048 14027 14075 14046 14074 14063 14044 14066 14033 14034 14050 14053 14054 14067 14030 14079 14055 14028 14056 14049 14076 14060 14052 14045 14029 14078 14025 14057 14024 14037 14023 14047 14059 14061 14043 14069 14032 14073 14040 14062 14065 14035 14039 14051 14038 14068 14058 14042 14072 14077 14041
5350 5315 5305 5343 5349 5310 5327 5306 5354 5325 5353 5342 5323 5345 5312 5313 5329 5332 5333 5346 5309 5358 5334 5307 5335 5328 5355 5339 5331 5324 5308 5357 5304 5336 5303 5316 5302 5326 5338 5340 5322 5348 5311 5352 5319 5341 5344 5314 5318 5330 5317 5347 5337 5321 5351 5356 5320
8770 8735 8725 8763 8769 8730 8747 8726 8774 8745 8773 8762 8743 8765 8732 8733 8749 8752 8753 8766 8729 8778 8754 8727 8755 8748 8775 8759 8751 8744 8728 8777 8724 8756 8723 8736 8722 8746 8758 8760 8742 8768 8731 8772 8739 8761 8764 8734 8738 8750 8737 8767 8757 8741 8771 8776 8740
1588 1553 1543 1581 1587 1548 1565 1544 1592 1563 1591 1580 1561 1583 1550 1551 1567 1570 1571 1584 1547 1596 1572 1545 1573 1566 1593 1577 1569 1562 1546 1595 1542 1574 1541 1554 1540 1564 1576 1578 1560 1586 1549 1590 1557 1579 1582 1552 1556 1568 1555 1585 1575 1559 1589 1594 1558
1018 983 973 1011 1017 978 995 974 1022 993 1021 1010 991 1013 980 981 997 1000 1001 1014 977 1026 1002 975 1003 996 1023 1007 999 992 976 1025 972 1004 971 984 970 994 1006 1008 990 1016 979 1020 987 1009 1012 982 986 998 985 1015 1005 989 1019 1024 988
9283 9248 9238 9276 9282 9243 9260 9239 9287 9258 9286 9275 9256 9278 9245 9246 9262 9265 9266 9279 9242 9291 9267 9240 9268 9261 9288 9272 9264 9257 9241 9290 9237 9269 9236 9249 9235 9259 9271 9273 9255 9281 9244 9285 9252 9274 9277 9247 9251 9263 9250 9280 9270 9254 9284 9289 9253
13729 13694 13684 13722 13728 13689 13706 13685 13733 13704 13732 13721 13702 13724 13691 13692 13708 13711 13712 13725 13688 13737 13713 13686 13714 13707 13734 13718 13710 13703 13687 13736 13683 13715 13682 13695 13681 13705 13717 13719 13701 13727 13690 13731 13698 13720 13723 13693 13697 13709 13696 13726 13716 13700 13730 13735 13699
10138 10103 10093 10131 10137 10098 10115 10094 10142 10113 10141 10130 10111 10133 10100 10101 10117 10120 10121 10134 10097 10146 10122 10095 10123 10116 10143 10127 10119 10112 10096 10145 10092 10124 10091 10104 10090 10114 10126 10128 10110 10136 10099 10140 10107 10129 10132 10102 10106 10118 10105 10135 10125 10109 10139 10144 10108
15895 15860 15850 15888 15894 15855 15872 15851 15899 15870 15898 15887 15868 15890 15857 15858 15874 15877 15878 15891 15854 15903 15879 15852 15880 15873 15900 15884 15876 15869 15853 15902 15849 15881 15848 15861 15847 15871 15883 15885 15867 15893 15856 15897 15864 15886 15889 15859 15863 15875 15862 15892 15882 15866 15896 15901 15865
4495 4460 4450 4488 4494 4455 4472 4451 4499 4470 4498 4487 4468 4490 4457 4458 4474 4477 4478 4491 4454 4503 4479 4452 4480 4473 4500 4484 4476 4469 4453 4502 4449 4481 4448 4461 4447 4471 4483 4485 4467 4493 4456 4497 4464 4486 4489 4459 4463 4475 4462 4492 4482 4466 4496 4501 4465
3469 3434 3424 3462 3468 3429 3446 3425 3473 3444 3472 3461 3442 3464 3431 3432 3448 3451 3452 3465 3428 3477 3453 3426 3454 3447 3474 3458 3450 3443 3427 3476 3423 3455 3422 3435 3421 3445 3457 3459 3441 3467 3430 3471 3438 3460 3463 3433 3437 3449 3436 3466 3456 3440 3470 3475 3439
14128 14093 14083 14121 14127 14088 14105 14084 14132 14103 14131 14120 14101 14123 14090 14091 14107 14110 14111 14124 14087 14136 14112 14085 14113 14106 14133 14117 14109 14102 14086 14135 14082 14114 14081 14094 14080 14104 14116 14118 14100 14126 14089 14130 14097 14119 14122 14092 14096 14108 14095 14125 14115 14099 14129 14134 14098
3925 3890 3880 3918 3924 3885 3902 3881 3929 3900 3928 3917 3898 3920 3887 3888 3904 3907 3908 3921 3884 3933 3909 3882 3910 3903 3930 3914 3906 3899 3883 3932 3879 3911 3878 3891 3877 3901 3913 3915 3897 3923 3886 3927 3894 3916 3919 3889 3893 3905 3892 3922 3912 3896 3926 3931 3895
7801 7766 7756 7794 7800 7761 7778 7757 7805 7776 7804 7793 7774 7796 7763 7764 7780 7783 7784 7797 7760 7809 7785 7758 7786 7779 7806 7790 7782 7775 7759 7808 7755 7787 7754 7767 7753 7777 7789 7791 7773 7799 7762 7803 7770 7792 7795 7765 7769 7781 7768 7798 7788 7772 7802 7807 7771
10309 10274 10264 10302 10308 10269 10286 10265 10313 10284 10312 10301 10282 10304 10271 10272 10288 10291 10292 10305 10268 10317 10293 10266 10294 10287 10314 10298 10290 10283 10267 10316 10263 10295 10262 10275 10261 10285 10297 10299 10281 10307 10270 10311 10278 10300 10303 10273 10277 10289 10276 10306 10296 10280 10310 10315 10279
6319 6284 6274 6312 6318 6279 6296 6275 6323 6294 6322 6311 6292 6314 6281 6282 6298 6301 6302 6315 6278 6327 6303 6276 6304 6297 6324 6308 6300 6293 6277 6326 6273 6305 6272 6285 6271 6295 6307 6309 6291 6317 6280 6321 6288 6310 6313 6283 6287 6299 6286 6316 6306 6290 6320 6325 6289
8941 8906 8896 8934 8940 8901 8918 8897 8945 8916 8944 8933 8914 8936 8903 8904 8920 8923 8924 8937 8900 8949 8925 8898 8926 8919 8946 8930 8922 8915 8899 8948 8895 8927 8894 8907 8893 8917 8929 8931 8913 8939 8902 8943 8910 8932 8935 8905 8909 8921 8908 8938 8928 8912 8942 8947 8911
3982 3947 3937 3975 3981 3942 3959 3938 3986 3957 3985 3974 3955 3977 3944 3945 3961 3964 3965 3978 3941 3990 3966 3939 3967 3960 3987 3971 3963 3956 3940 3989 3936 3968 3935 3948 3934 3958 3970 3972 3954 3980 3943 3984 3951 3973 3976 3946 3950 3962 3949 3979 3969 3953 3983 3988 3952
16750 16715 16705 16743 16749 16710 16727 16706 16754 16725 16753 16742 16723 16745 16712 16713 16729 16732 16733 16746 16709 16758 16734 16707 16735 16728 16755 16739 16731 16724 16708 16757 16704 16736 16703 16716 16702 16726 16738 16740 16722 16748 16711 16752 16719 16741 16744 16714 16718 16730 16717 16747 16737 16721 16751 16756 16720
7402 7367 7357 7395 7401 7362 7379 7358 7406 7377 7405 7394 7375 7397 7364 7365 7381 7384 7385 7398 7361 7410 7386 7359 7387 7380 7407 7391 7383 7376 7360 7409 7356 7388 7355 7368 7354 7378 7390 7392 7374 7400 7363 7404 7371 7393 7396 7366 7370 7382 7369 7399 7389 7373 7403 7408 7372
10024 9989 9979 10017 10023 9984 10001 9980 10028 9999 10027 10016 9997 10019 9986 9987 10003 10006 10007 10020 9983 10032 10008 9981 10009 10002 10029 10013 10005 9998 9982 10031 9978 10010 9977 9990 9976 10000 10012 10014 9996 10022 9985 10026 9993 10015 10018 9988 9992 10004 9991 10021 10011 9995 10025 10030 9994
6775 6740 6730 6768 6774 6735 6752 6731 6779 6750 6778 6767 6748 6770 6737 6738 6754 6757 6758 6771 6734 6783 6759 6732 6760 6753 6780 6764 6756 6749 6733 6782 6729 6761 6728 6741 6727 6751 6763 6765 6747 6773 6736 6777 6744 6766 6769 6739 6743 6755 6742 6772 6762 6746 6776 6781 6745
2101 2066 2056 2094 2100 2061 2078 2057 2105 2076 2104 2093 2074 2096 2063 2064 2080 2083 2084 2097 2060 2109 2085 2058 2086 2079 2106 2090 2082 2075 2059 2108 2055 2087 2054 2067 2053 2077 2089 2091 2073 2099 2062 2103 2070 2092 2095 2065 2069 2081 2068 2098 2088 2072 2102 2107 2071
3640 3605 3595 3633 3639 3600 3617 3596 3644 3615 3643 3632 3613 3635 3602 3603 3619 3622 3623 3636 3599 3648 3624 3597 3625 3618 3645 3629 3621 3614 3598 3647 3594 3626 3593 3606 3592 3616 3628 3630 3612 3638 3601 3642 3609 3631 3634 3604 3608 3620 3607 3637 3627 3611 3641 3646 3610
15154 15119 15109 15147 15153 15114 15131 15110 15158 15129 15157 15146 15127 15149 15116 15117 15133 15136 15137 15150 15113 15162 15138 15111 15139 15132 15159 15143 15135 15128 15112 15161 15108 15140 15107 15120 15106 15130 15142 15144 15126 15152 15115 15156 15123 15145 15148 15118 15122 15134 15121 15151 15141 15125 15155 15160 15124
13273 13238 13228 13266 13272 13233 13250 13229 13277 13248 13276 13265 13246 13268 13235 13236 13252 13255 13256 13269 13232 13281 13257 13230 13258 13251 13278 13262 13254 13247 13231 13280 13227 13259 13226 13239 13225 13249 13261 13263 13245 13271 13234 13275 13242 13264 13267 13237 13241 13253 13240 13270 13260 13244 13274 13279 13243
5806 5771 5761 5799 5805 5766 5783 5762 5810 5781 5809 5798 5779 5801 5768 5769 5785 5788 5789 5802 5765 5814 5790 5763 5791 5784 5811 5795 5787 5780 5764 5813 5760 5792 5759 5772 5758 5782 5794 5796 5778 5804 5767 5808 5775 5797 5800 5770 5774 5786 5773 5803 5793 5777 5807 5812 5776
10936 10901 10891 10929 10935 10896 10913 10892 10940 10911 10939 10928 10909 10931 10898 10899 10915 10918 10919 10932 10895 10944 10920 10893 10921 10914 10941 10925 10917 10910 10894 10943 10890 10922 10889 10902 10888 10912 10924 10926 10908 10934 10897 10938 10905 10927 10930 10900 10904 10916 10903 10933 10923 10907 10937 10942 10906
12190 12155 12145 12183 12189 12150 12167 12146 12194 12165 12193 12182 12163 12185 12152 12153 12169 12172 12173 12186 12149 12198 12174 12147 12175 12168 12195 12179 12171 12164 12148 12197 12144 12176 12143 12156 12142 12166 12178 12180 12162 12188 12151 12192 12159 12181 12184 12154 12158 12170 12157 12187 12177 12161 12191 12196 12160
3811 3776 3766 3804 3810 3771 3788 3767 3815 3786 3814 3803 3784 3806 3773 3774 3790 3793 3794 3807 3770 3819 3795 3768 3796 3789 3816 3800 3792 3785 3769 3818 3765 3797 3764 3777 3763 3787 3799 3801 3783 3809 3772 3813 3780 3802 3805 3775 3779 3791 3778 3808 3798 3782 3812 3817 3781
3526 3491 3481 3519 3525 3486 3503 3482 3530 3501 3529 3518 3499 3521 3488 3489 3505 3508 3509 3522 3485 3534 3510 3483 3511 3504 3531 3515 3507 3500 3484 3533 3480 3512 3479 3492 3478 3502 3514 3516 3498 3524 3487 3528 3495 3517 3520 3490 3494 3506 3493 3523 3513 3497 3527 3532 3496
448 413 403 441 447 408 425 404 452 423 451 440 421 443 410 411 427 430 431 444 407 456 432 405 433 426 453 437 429 422 406 455 402 434 401 414 400 424 436 438 420 446 409 450 417 439 442 412 416 428 415 445 435 419 449 454 418
14413 14378 14368 14406 14412 14373 14390 14369 14417 14388 14416 14405 14386 14408 14375 14376 14392 14395 14396 14409 14372 14421 14397 14370 14398 14391 14418 14402 14394 14387 14371 14420 14367 14399 14366 14379 14365 14389 14401 14403 14385 14411 14374 14415 14382 14404 14407 14377 14381 14393 14380 14410 14400 14384 14414 14419 14383
16180 16145 16135 16173 16179 16140 16157 16136 16184 16155 16183 16172 16153 16175 16142 16143 16159 16162 16163 16176 16139 16188 16164 16137 16165 16158 16185 16169 16161 16154 16138 16187 16134 16166 16133 16146 16132 16156 16168 16170 16152 16178 16141 16182 16149 16171 16174 16144 16148 16160 16147 16177 16167 16151 16181 16186 16150
16009 15974 15964 16002 16008 15969 15986 15965 16013 15984 16012 16001 15982 16004 15971 15972 15988 15991 15992 16005 15968 16017 15993 15966 15994 15987 16014 15998 15990 15983 15967 16016 15963 15995 15962 15975 15961 15985 15997 15999 15981 16007 15970 16011 15978 16000 16003 15973 15977 15989 15976 16006 15996 15980 16010 16015 15979
4951 4916 4906 4944 4950 4911 4928 4907 4955 4926 4954 4943 4924 4946 4913 4914 4930 4933 4934 4947 4910 4959 4935 4908 4936 4929 4956 4940 4932 4925 4909 4958 4905 4937 4904 4917 4903 4927 4939 4941 4923 4949 4912 4953 4920 4942 4945 4915 4919 4931 4918 4948 4938 4922 4952 4957 4921
7174 7139 7129 7167 7173 7134 7151 7130 7178 7149 7177 7166 7147 7169 7136 7137 7153 7156 7157 7170 7133 7182 7158 7131 7159 7152 7179 7163 7155 7148 7132 7181 7128 7160 7127 7140 7126 7150 7162 7164 7146 7172 7135 7176 7143 7165 7168 7138 7142 7154 7141 7171 7161 7145 7175 7180 7144
15268 15233 15223 15261 15267 15228 15245 15224 15272 15243 15271 15260 15241 15263 15230 15231 15247 15250 15251 15264 15227 15276 15252 15225 15253 15246 15273 15257 15249 15242 15226 15275 15222 15254 15221 15234 15220 15244 15256 15258 15240 15266 15229 15270 15237 15259 15262 15232 15236 15248 15235 15265 15255 15239 15269 15274 15238
5692 5657 5647 5685 5691 5652 5669 5648 5696 5667 5695 5684 5665 5687 5654 5655 5671 5674 5675 5688 5651 5700 5676 5649 5677 5670 5697 5681 5673 5666 5650 5699 5646 5678 5645 5658 5644 5668 5680 5682 5664 5690 5653 5694 5661 5683 5686 5656 5660 5672 5659 5689 5679 5663 5693 5698 5662
12817 12782 12772 12810 12816 12777 12794 12773 12821 12792 12820 12809 12790 12812 12779 12780 12796 12799 12800 12813 12776 12825 12801 12774 12802 12795 12822 12806 12798 12791 12775 12824 12771 12803 12770 12783 12769 12793 12805 12807 12789 12815 12778 12819 12786 12808 12811 12781 12785 12797 12784 12814 12804 12788 12818 12823 12787
8086 8051 8041 8079 8085 8046 8063 8042 8090 8061 8089 8078 8059 8081 8048 8049 8065 8068 8069 8082 8045 8094 8070 8043 8071 8064 8091 8075 8067 8060 8044 8093 8040 8072 8039 8052 8038 8062 8074 8076 8058 8084 8047 8088 8055 8077 8080 8050 8054 8066 8053 8083 8073 8057 8087 8092 8056
13045 13010 13000 13038 13044 13005 13022 13001 13049 13020 13048 13037 13018 13040 13007 13008 13024 13027 13028 13041 13004 13053 13029 13002 13030 13023 13050 13034 13026 13019 13003 13052 12999 13031 12998 13011 12997 13021 13033 13035 13017 13043 13006 13047 13014 13036 13039 13009 13013 13025 13012 13042 13032 13016 13046 13051 13015
3583 3548 3538 3576 3582 3543 3560 3539 3587 3558 3586 3575 3556 3578 3545 3546 3562 3565 3566 3579 3542 3591 3567 3540 3568 3561 3588 3572 3564 3557 3541 3590 3537 3569 3536 3549 3535 3559 3571 3573 3555 3581 3544 3585 3552 3574 3577 3547 3551 3563 3550 3580 3570 3554 3584 3589 3553
1759 1724 1714 1752 1758 1719 1736 1715 1763 1734 1762 1751 1732 1754 1721 1722 1738 1741 1742 1755 1718 1767 1743 1716 1744 1737 1764 1748 1740 1733 1717 1766 1713 1745 1712 1725 1711 1735 1747 1749 1731 1757 1720 1761 1728 1750 1753 1723 1727 1739 1726 1756 1746 1730 1760 1765 1729
12532 12497 12487 12525 12531 12492 12509 12488 12536 12507 12535 12524 12505 12527 12494 12495 12511 12514 12515 12528 12491 12540 12516 12489 12517 12510 12537 12521 12513 12506 12490 12539 12486 12518 12485 12498 12484 12508 12520 12522 12504 12530 12493 12534 12501 12523 12526 12496 12500 12512 12499 12529 12519 12503 12533 12538 12502
14812 14777 14767 14805 14811 14772 14789 14768 14816 14787 14815 14804 14785 14807 14774 14775 14791 14794 14795 14808 14771 14820 14796 14769 14797 14790 14817 14801 14793 14786 14770 14819 14766 14798 14765 14778 14764 14788 14800 14802 14784 14810 14773 14814 14781 14803 14806 14776 14780 14792 14779 14809 14799 14783 14813 14818 14782
2386 2351 2341 2379 2385 2346 2363 2342 2390 2361 2389 2378 2359 2381 2348 2349 2365 2368 2369 2382 2345 2394 2370 2343 2371 2364 2391 2375 2367 2360 2344 2393 2340 2372 2339 2352 2338 2362 2374 2376 2358 2384 2347 2388 2355 2377 2380 2350 2354 2366 2353 2383 2373 2357 2387 2392 2356
13786 13751 13741 13779 13785 13746 13763 13742 13790 13761 13789 13778 13759 13781 13748 13749 13765 13768 13769 13782 13745 13794 13770 13743 13771 13764 13791 13775 13767 13760 13744 13793 13740 13772 13739 13752 13738 13762 13774 13776 13758 13784 13747 13788 13755 13777 13780 13750 13754 13766 13753 13783 13773 13757 13787 13792 13756
5293 5258 5248 5286 5292 5253 5270 5249 5297 5268 5296 5285 5266 5288 5255 5256 5272 5275 5276 5289 5252 5301 5277 5250 5278 5271 5298 5282 5274 5267 5251 5300 5247 5279 5246 5259 5245 5269 5281 5283 5265 5291 5254 5295 5262 5284 5287 5257 5261 5273 5260 5290 5280 5264 5294 5299 5263
8713 8678 8668 8706 8712 8673 8690 8669 8717 8688 8716 8705 8686 8708 8675 8676 8692 8695 8696 8709 8672 8721 8697 8670 8698 8691 8718 8702 8694 8687 8671 8720 8667 8699 8666 8679 8665 8689 8701 8703 8685 8711 8674 8715 8682 8704 8707 8677 8681 8693 8680 8710 8700 8684 8714 8719 8683
12589 12554 12544 12582 12588 12549 12566 12545 12593 12564 12592 12581 12562 12584 12551 12552 12568 12571 12572 12585 12548 12597 12573 12546 12574 12567 12594 12578 12570 12563 12547 12596 12543 12575 12542 12555 12541 12565 12577 12579 12561 12587 12550 12591 12558 12580 12583 12553 12557 12569 12556 12586 12576 12560 12590 12595 12559
13330 13295 13285 13323 13329 13290 13307 13286 13334 13305 13333 13322 13303 13325 13292 13293 13309 13312 13313 13326 13289 13338 13314 13287 13315 13308 13335 13319 13311 13304 13288 13337 13284 13316 13283 13296 13282 13306 13318 13320 13302 13328 13291 13332 13299 13321 13324 13294 13298 13310 13297 13327 13317 13301 13331 13336 13300
16465 16430 16420 16458 16464 16425 16442 16421 16469 16440 16468 16457 16438 16460 16427 16428 16444 16447 16448 16461 16424 16473 16449 16422 16450 16443 16470 16454 16446 16439 16423 16472 16419 16451 16418 16431 16417 16441 16453 16455 16437 16463 16426 16467 16434 16456 16459 16429 16433 16445 16432 16462 16452 16436 16466 16471 16435
15610 15575 15565 15603 15609 15570 15587 15566 15614 15585 15613 15602 15583 15605 15572 15573 15589 15592 15593 15606 15569 15618 15594 15567 15595 15588 15615 15599 15591 15584 15568 15617 15564 15596 15563 15576 15562 15586 15598 15600 15582 15608 15571 15612 15579 15601 15604 15574 15578 15590 15577 15607 15597 15581 15611 15616 15580
13216 13181 13171 13209 13215 13176 13193 13172 13220 13191 13219 13208 13189 13211 13178 13179 13195 13198 13199 13212 13175 13224 13200 13173 13201 13194 13221 13205 13197 13190 13174 13223 13170 13202 13169 13182 13168 13192 13204 13206 13188 13214 13177 13218 13185 13207 13210 13180 13184 13196 13183 13213 13203 13187 13217 13222 13186
3184 3149 3139 3177 3183 3144 3161 3140 3188 3159 3187 3176 3157 3179 3146 3147 3163 3166 3167 3180 3143 3192 3168 3141 3169 3162 3189 3173 3165 3158 3142 3191 3138 3170 3137 3150 3136 3160 3172 3174 3156 3182 3145 3186 3153 3175 3178 3148 3152 3164 3151 3181 3171 3155 3185 3190 3154
12247 12212 12202 12240 12246 12207 12224 12203 12251 12222 12250 12239 12220 12242 12209 12210 12226 12229 12230 12243 12206 12255 12231 12204 12232 12225 12252 12236 12228 12221 12205 12254 12201 12233 12200 12213 12199 12223 12235 12237 12219 12245 12208 12249 12216 12238 12241 12211 12215 12227 12214 12244 12234 12218 12248 12253 12217
5236 5201 5191 5229 5235 5196 5213 5192 5240 5211 5239 5228 5209 5231 5198 5199 5215 5218 5219 5232 5195 5244 5220 5193 5221 5214 5241 5225 5217 5210 5194 5243 5190 5222 5189 5202 5188 5212 5224 5226 5208 5234 5197 5238 5205 5227 5230 5200 5204 5216 5203 5233 5223 5207 5237 5242 5206
9796 9761 9751 9789 9795 9756 9773 9752 9800 9771 9799 9788 9769 9791 9758 9759 9775 9778 9779 9792 9755 9804 9780 9753 9781 9774 9801 9785 9777 9770 9754 9803 9750 9782 9749 9762 9748 9772 9784 9786 9768 9794 9757 9798 9765 9787 9790 9760 9764 9776 9763 9793 9783 9767 9797 9802 9766
11677 11642 11632 11670 11676 11637 11654 11633 11681 11652 11680 11669 11650 11672 11639 11640 11656 11659 11660 11673 11636 11685 11661 11634 11662 11655 11682 11666 11658 11651 11635 11684 11631 11663 11630 11643 11629 11653 11665 11667 11649 11675 11638 11679 11646 11668 11671 11641 11645 11657 11644 11674 11664 11648 11678 11683 11647
5863 5828 5818 5856 5862 5823 5840 5819 5867 5838 5866 5855 5836 5858 5825 5826 5842 5845 5846 5859 5822 5871 5847 5820 5848 5841 5868 5852 5844 5837 5821 5870 5817 5849 5816 5829 5815 5839 5851 5853 5835 5861 5824 5865 5832 5854 5857 5827 5831 5843 5830 5860 5850 5834 5864 5869 5833
13159 13124 13114 13152 13158 13119 13136 13115 13163 13134 13162 13151 13132 13154 13121 13122 13138 13141 13142 13155 13118 13167 13143 13116 13144 13137 13164 13148 13140 13133 13117 13166 13113 13145 13112 13125 13111 13135 13147 13149 13131 13157 13120 13161 13128 13150 13153 13123 13127 13139 13126 13156 13146 13130 13160 13165 13129
16921 16886 16876 16914 16920 16881 16898 16877 16925 16896 16924 16913 16894 16916 16883 16884 16900 16903 16904 16917 16880 16929 16905 16878 16906 16899 16926 16910 16902 16895 16879 16928 16875 16907 16874 16887 16873 16897 16909 16911 16893 16919 16882 16923 16890 16912 16915 16885 16889 16901 16888 16918 16908 16892 16922 16927 16891
15325 15290 15280 15318 15324 15285 15302 15281 15329 15300 15328 15317 15298 15320 15287 15288 15304 15307 15308 15321 15284 15333 15309 15282 15310 15303 15330 15314 15306 15299 15283 15332 15279 15311 15278 15291 15277 15301 15313 15315 15297 15323 15286 15327 15294 15316 15319 15289 15293 15305 15292 15322 15312 15296 15326 15331 15295
10537 10502 10492 10530 10536 10497 10514 10493 10541 10512 10540 10529 10510 10532 10499 10500 10516 10519 10520 10533 10496 10545 10521 10494 10522 10515 10542 10526 10518 10511 10495 10544 10491 10523 10490 10503 10489 10513 10525 10527 10509 10535 10498 10539 10506 10528 10531 10501 10505 10517 10504 10534 10524 10508 10538 10543 10507
6205 6170 6160 6198 6204 6165 6182 6161 6209 6180 6208 6197 6178 6200 6167 6168 6184 6187 6188 6201 6164 6213 6189 6162 6190 6183 6210 6194 6186 6179 6163 6212 6159 6191 6158 6171 6157 6181 6193 6195 6177 6203 6166 6207 6174 6196 6199 6169 6173 6185 6172 6202 6192 6176 6206 6211 6175
4438 4403 4393 4431 4437 4398 4415 4394 4442 4413 4441 4430 4411 4433 4400 4401 4417 4420 4421 4434 4397 4446 4422 4395 4423 4416 4443 4427 4419 4412 4396 4445 4392 4424 4391 4404 4390 4414 4426 4428 4410 4436 4399 4440 4407 4429 4432 4402 4406 4418 4405 4435 4425 4409 4439 4444 4408
7231 7196 7186 7224 7230 7191 7208 7187 7235 7206 7234 7223 7204 7226 7193 7194 7210 7213 7214 7227 7190 7239 7215 7188 7216 7209 7236 7220 7212 7205 7189 7238 7185 7217 7184 7197 7183 7207 7219 7221 7203 7229 7192 7233 7200 7222 7225 7195 7199 7211 7198 7228 7218 7202 7232 7237 7201
676 641 631 669 675 636 653 632 680 651 679 668 649 671 638 639 655 658 659 672 635 684 660 633 661 654 681 665 657 650 634 683 630 662 629 642 628 652 664 666 648 674 637 678 645 667 670 640 644 656 643 673 663 647 677 682 646
13102 13067 13057 13095 13101 13062 13079 13058 13106 13077 13105 13094 13075 13097 13064 13065 13081 13084 13085 13098 13061 13110 13086 13059 13087 13080 13107 13091 13083 13076 13060 13109 13056 13088 13055 13068 13054 13078 13090 13092 13074 13100 13063 13104 13071 13093 13096 13066 13070 13082 13069 13099 13089 13073 13103 13108 13072
2557 2522 2512 2550 2556 2517 2534 2513 2561 2532 2560 2549 2530 2552 2519 2520 2536 2539 2540 2553 2516 2565 2541 2514 2542 2535 2562 2546 2538 2531 2515 2564 2511 2543 2510 2523 2509 2533 2545 2547 2529 2555 2518 2559 2526 2548 2551 2521 2525 2537 2524 2554 2544 2528 2558 2563 2527
2443 2408 2398 2436 2442 2403 2420 2399 2447 2418 2446 2435 2416 2438 2405 2406 2422 2425 2426 2439 2402 2451 2427 2400 2428 2421 2448 2432 2424 2417 2401 2450 2397 2429 2396 2409 2395 2419 2431 2433 2415 2441 2404 2445 2412 2434 2437 2407 2411 2423 2410 2440 2430 2414 2444 2449 2413
5521 5486 5476 5514 5520 5481 5498 5477 5525 5496 5524 5513 5494 5516 5483 5484 5500 5503 5504 5517 5480 5529 5505 5478 5506 5499 5526 5510 5502 5495 5479 5528 5475 5507 5474 5487 5473 5497 5509 5511 5493 5519 5482 5523 5490 5512 5515 5485 5489 5501 5488 5518 5508 5492 5522 5527 5491
11848 11813 11803 11841 11847 11808 11825 11804 11852 11823 11851 11840 11821 11843 11810 11811 11827 11830 11831 11844 11807 11856 11832 11805 11833 11826 11853 11837 11829 11822 11806 11855 11802 11834 11801 11814 11800 11824 11836 11838 11820 11846 11809 11850 11817 11839 11842 11812 11816 11828 11815 11845 11835 11819 11849 11854 11818
14242 14207 14197 14235 14241 14202 14219 14198 14246 14217 14245 14234 14215 14237 14204 14205 14221 14224 14225 14238 14201 14250 14226 14199 14227 14220 14247 14231 14223 14216 14200 14249 14196 14228 14195 14208 14194 14218 14230 14232 14214 14240 14203 14244 14211 14233 14236 14206 14210 14222 14209 14239 14229 14213 14243 14248 14212
1132 1097 1087 1125 1131 1092 1109 1088 1136 1107 1135 1124 1105 1127 1094 1095 1111 1114 1115 1128 1091 1140 1116 1089 1117 1110 1137 1121 1113 1106 1090 1139 1086 1118 1085 1098 1084 1108 1120 1122 1104 1130 1093 1134 1101 1123 1126 1096 1100 1112 1099 1129 1119 1103 1133 1138 1102
5578 5543 5533 5571 5577 5538 5555 5534 5582 5553 5581 5570 5551 5573 5540 5541 5557 5560 5561 5574 5537 5586 5562 5535 5563 5556 5583 5567 5559 5552 5536 5585 5532 5564 5531 5544 5530 5554 5566 5568 5550 5576 5539 5580 5547 5569 5572 5542 5546 5558 5545 5575 5565 5549 5579 5584 5548
15211 15176 15166 15204 15210 15171 15188 15167 15215 15186 15214 15203 15184 15206 15173 15174 15190 15193 15194 15207 15170 15219 15195 15168 15196 15189 15216 15200 15192 15185 15169 15218 15165 15197 15164 15177 15163 15187 15199 15201 15183 15209 15172 15213 15180 15202 15205 15175 15179 15191 15178 15208 15198 15182 15212 15217 15181
2785 2750 2740 2778 2784 2745 2762 2741 2789 2760 2788 2777 2758 2780 2747 2748 2764 2767 2768 2781 2744 2793 2769 2742 2770 2763 2790 2774 2766 2759 2743 2792 2739 2771 2738 2751 2737 2761 2773 2775 2757 2783 2746 2787 2754 2776 2779 2749 2753 2765 2752 2782 2772 2756 2786 2791 2755
6832 6797 6787 6825 6831 6792 6809 6788 6836 6807 6835 6824 6805 6827 6794 6795 6811 6814 6815 6828 6791 6840 6816 6789 6817 6810 6837 6821 6813 6806 6790 6839 6786 6818 6785 6798 6784 6808 6820 6822 6804 6830 6793 6834 6801 6823 6826 6796 6800 6812 6799 6829 6819 6803 6833 6838 6802
16522 16487 16477 16515 16521 16482 16499 16478 16526 16497 16525 16514 16495 16517 16484 16485 16501 16504 16505 16518 16481 16530 16506 16479 16507 16500 16527 16511 16503 16496 16480 16529 16476 16508 16475 16488 16474 16498 16510 16512 16494 16520 16483 16524 16491 16513 16516 16486 16490 16502 16489 16519 16509 16493 16523 16528 16492
8599 8564 8554 8592 8598 8559 8576 8555 8603 8574 8602 8591 8572 8594 8561 8562 8578 8581 8582 8595 8558 8607 8583 8556 8584 8577 8604 8588 8580 8573 8557 8606 8553 8585 8552 8565 8551 8575 8587 8589 8571 8597 8560 8601 8568 8590 8593 8563 8567 8579 8566 8596 8586 8570 8600 8605 8569
10708 10673 10663 10701 10707 10668 10685 10664 10712 10683 10711 10700 10681 10703 10670 10671 10687 10690 10691 10704 10667 10716 10692 10665 10693 10686 10713 10697 10689 10682 10666 10715 10662 10694 10661 10674 10660 10684 10696 10698 10680 10706 10669 10710 10677 10699 10702 10672 10676 10688 10675 10705 10695 10679 10709 10714 10678
8371 8336 8326 8364 8370 8331 8348 8327 8375 8346 8374 8363 8344 8366 8333 8334 8350 8353 8354 8367 8330 8379 8355 8328 8356 8349 8376 8360 8352 8345 8329 8378 8325 8357 8324 8337 8323 8347 8359 8361 8343 8369 8332 8373 8340 8362 8365 8335 8339 8351 8338 8368 8358 8342 8372 8377 8341
562 527 517 555 561 522 539 518 566 537 565 554 535 557 524 525 541 544 545 558 521 570 546 519 547 540 567 551 543 536 520 569 516 548 515 528 514 538 550 552 534 560 523 564 531 553 556 526 530 542 529 559 549 533 563 568 532
5977 5942 5932 5970 5976 5937 5954 5933 5981 5952 5980 5969 5950 5972 5939 5940 5956 5959 5960 5973 5936 5985 5961 5934 5962 5955 5982 5966 5958 5951 5935 5984 5931 5963 5930 5943 5929 5953 5965 5967 5949 5975 5938 5979 5946 5968 5971 5941 5945 5957 5944 5974 5964 5948 5978 5983 5947
3127 3092 3082 3120 3126 3087 3104 3083 3131 3102 3130 3119 3100 3122 3089 3090 3106 3109 3110 3123 3086 3135 3111 3084 3112 3105 3132 3116 3108 3101 3085 3134 3081 3113 3080 3093 3079 3103 3115 3117 3099 3125 3088 3129 3096 3118 3121 3091 3095 3107 3094 3124 3114 3098 3128 3133 3097
13900 13865 13855 13893 13899 13860 13877 13856 13904 13875 13903 13892 13873 13895 13862 13863 13879 13882 13883 13896 13859 13908 13884 13857 13885 13878 13905 13889 13881 13874 13858 13907 13854 13886 13853 13866 13852 13876 13888 13890 13872 13898 13861 13902 13869 13891 13894 13864 13868 13880 13867 13897 13887 13871 13901 13906 13870
7573 7538 7528 7566 7572 7533 7550 7529 7577 7548 7576 7565 7546 7568 7535 7536 7552 7555 7556 7569 7532 7581 7557 7530 7558 7551 7578 7562 7554 7547 7531 7580 7527 7559 7526 7539 7525 7549 7561 7563 7545 7571 7534 7575 7542 7564 7567 7537 7541 7553 7540 7570 7560 7544 7574 7579 7543
1189 1154 1144 1182 1188 1149 1166 1145 1193 1164 1192 1181 1162 1184 1151 1152 1168 1171 1172 1185 1148 1197 1173 1146 1174 1167 1194 1178 1170 1163 1147 1196 1143 1175 1142 1155 1141 1165 1177 1179 1161 1187 1150 1191 1158 1180 1183 1153 1157 1169 1156 1186 1176 1160 1190 1195 1159
12874 12839 12829 12867 12873 12834 12851 12830 12878 12849 12877 12866 12847 12869 12836 12837 12853 12856 12857 12870 12833 12882 12858 12831 12859 12852 12879 12863 12855 12848 12832 12881 12828 12860 12827 12840 12826 12850 12862 12864 12846 12872 12835 12876 12843 12865 12868 12838 12842 12854 12841 12871 12861 12845 12875 12880 12844
1987 1952 1942 1980 1986 1947 1964 1943 1991 1962 1990 1979 1960 1982 1949 1950 1966 1969 1970 1983 1946 1995 1971 1944 1972 1965 1992 1976 1968 1961 1945 1994 1941 1973 1940 1953 1939 1963 1975 1977 1959 1985 1948 1989 1956 1978 1981 1951 1955 1967 1954 1984 1974 1958 1988 1993 1957
8143 8108 8098 8136 8142 8103 8120 8099 8147 8118 8146 8135 8116 8138 8105 8106 8122 8125 8126 8139 8102 8151 8127 8100 8128 8121 8148 8132 8124 8117 8101 8150 8097 8129 8096 8109 8095 8119 8131 8133 8115 8141 8104 8145 8112 8134 8137 8107 8111 8123 8110 8140 8130 8114 8144 8149 8113
49 14 4 42 48 9 26 5 53 24 52 41 22 44 11 12 28 31 32 45 8 57 33 6 34 27 54 38 30 23 7 56 3 35 2 15 1 25 37 39 21 47 10 51 18 40 43 13 17 29 16 46 36 20 50 55 19
15040 15005 14995 15033 15039 15000 15017 14996 15044 15015 15043 15032 15013 15035 15002 15003 15019 15022 15023 15036 14999 15048 15024 14997 15025 15018 15045 15029 15021 15014 14998 15047 14994 15026 14993 15006 14992 15016 15028 15030 15012 15038 15001 15042 15009 15031 15034 15004 15008 15020 15007 15037 15027 15011 15041 15046 15010
11563 11528 11518 11556 11562 11523 11540 11519 11567 11538 11566 11555 11536 11558 11525 11526 11542 11545 11546 11559 11522 11571 11547 11520 11548 11541 11568 11552 11544 11537 11521 11570 11517 11549 11516 11529 11515 11539 11551 11553 11535 11561 11524 11565 11532 11554 11557 11527 11531 11543 11530 11560 11550 11534 11564 11569 11533
14470 14435 14425 14463 14469 14430 14447 14426 14474 14445 14473 14462 14443 14465 14432 14433 14449 14452 14453 14466 14429 14478 14454 14427 14455 14448 14475 14459 14451 14444 14428 14477 14424 14456 14423 14436 14422 14446 14458 14460 14442 14468 14431 14472 14439 14461 14464 14434 14438 14450 14437 14467 14457 14441 14471 14476 14440
10879 10844 10834 10872 10878 10839 10856 10835 10883 10854 10882 10871 10852 10874 10841 10842 10858 10861 10862 10875 10838 10887 10863 10836 10864 10857 10884 10868 10860 10853 10837 10886 10833 10865 10832 10845 10831 10855 10867 10869 10851 10877 10840 10881 10848 10870 10873 10843 10847 10859 10846 10876 10866 10850 10880 10885 10849
11392 11357 11347 11385 11391 11352 11369 11348 11396 11367 11395 11384 11365 11387 11354 11355 11371 11374 11375 11388 11351 11400 11376 11349 11377 11370 11397 11381 11373 11366 11350 11399 11346 11378 11345 11358 11344 11368 11380 11382 11364 11390 11353 11394 11361 11383 11386 11356 11360 11372 11359 11389 11379 11363 11393 11398 11362
220 185 175 213 219 180 197 176 224 195 223 212 193 215 182 183 199 202 203 216 179 228 204 177 205 198 225 209 201 194 178 227 174 206 173 186 172 196 208 210 192 218 181 222 189 211 214 184 188 200 187 217 207 191 221 226 190
2158 2123 2113 2151 2157 2118 2135 2114 2162 2133 2161 2150 2131 2153 2120 2121 2137 2140 2141 2154 2117 2166 2142 2115 2143 2136 2163 2147 2139 2132 2116 2165 2112 2144 2111 2124 2110 2134 2146 2148 2130 2156 2119 2160 2127 2149 2152 2122 2126 2138 2125 2155 2145 2129 2159 2164 2128
1930 1895 1885 1923 1929 1890 1907 1886 1934 1905 1933 1922 1903 1925 1892 1893 1909 1912 1913 1926 1889 1938 1914 1887 1915 1908 1935 1919 1911 1904 1888 1937 1884 1916 1883 1896 1882 1906 1918 1920 1902 1928 1891 1932 1899 1921 1924 1894 1898 1910 1897 1927 1917 1901 1931 1936 1900
14299 14264 14254 14292 14298 14259 14276 14255 14303 14274 14302 14291 14272 14294 14261 14262 14278 14281 14282 14295 14258 14307 14283 14256 14284 14277 14304 14288 14280 14273 14257 14306 14253 14285 14252 14265 14251 14275 14287 14289 14271 14297 14260 14301 14268 14290 14293 14263 14267 14279 14266 14296 14286 14270 14300 14305 14269
16408 16373 16363 16401 16407 16368 16385 16364 16412 16383 16411 16400 16381 16403 16370 16371 16387 16390 16391 16404 16367 16416 16392 16365 16393 16386 16413 16397 16389 16382 16366 16415 16362 16394 16361 16374 16360 16384 16396 16398 16380 16406 16369 16410 16377 16399 16402 16372 16376 16388 16375 16405 16395 16379 16409 16414 16378
904 869 859 897 903 864 881 860 908 879 907 896 877 899 866 867 883 886 887 900 863 912 888 861 889 882 909 893 885 878 862 911 858 890 857 870 856 880 892 894 876 902 865 906 873 895 898 868 872 884 871 901 891 875 905 910 874
14755 14720 14710 14748 14754 14715 14732 14711 14759 14730 14758 14747 14728 14750 14717 14718 14734 14737 14738 14751 14714 14763 14739 14712 14740 14733 14760 14744 14736 14729 14713 14762 14709 14741 14708 14721 14707 14731 14743 14745 14727 14753 14716 14757 14724 14746 14749 14719 14723 14735 14722 14752 14742 14726 14756 14761 14725
16978 16943 16933 16971 16977 16938 16955 16934 16982 16953 16981 16970 16951 16973 16940 16941 16957 16960 16961 16974 16937 16986 16962 16935 16963 16956 16983 16967 16959 16952 16936 16985 16932 16964 16931 16944 16930 16954 16966 16968 16950 16976 16939 16980 16947 16969 16972 16942 16946 16958 16945 16975 16965 16949 16979 16984 16948
7345 7310 7300 7338 7344 7305 7322 7301 7349 7320 7348 7337 7318 7340 7307 7308 7324 7327 7328 7341 7304 7353 7329 7302 7330 7323 7350 7334 7326 7319 7303 7352 7299 7331 7298 7311 7297 7321 7333 7335 7317 7343 7306 7347 7314 7336 7339 7309 7313 7325 7312 7342 7332 7316 7346 7351 7315
4837 4802 4792 4830 4836 4797 4814 4793 4841 4812 4840 4829 4810 4832 4799 4800 4816 4819 4820 4833 4796 4845 4821 4794 4822 4815 4842 4826 4818 4811 4795 4844 4791 4823 4790 4803 4789 4813 4825 4827 4809 4835 4798 4839 4806 4828 4831 4801 4805 4817 4804 4834 4824 4808 4838 4843 4807
2272 2237 2227 2265 2271 2232 2249 2228 2276 2247 2275 2264 2245 2267 2234 2235 2251 2254 2255 2268 2231 2280 2256 2229 2257 2250 2277 2261 2253 2246 2230 2279 2226 2258 2225 2238 2224 2248 2260 2262 2244 2270 2233 2274 2241 2263 2266 2236 2240 2252 2239 2269 2259 2243 2273 2278 2242
13615 13580 13570 13608 13614 13575 13592 13571 13619 13590 13618 13607 13588 13610 13577 13578 13594 13597 13598 13611 13574 13623 13599 13572 13600 13593 13620 13604 13596 13589 13573 13622 13569 13601 13568 13581 13567 13591 13603 13605 13587 13613 13576 13617 13584 13606 13609 13579 13583 13595 13582 13612 13602 13586 13616 13621 13585
15553 15518 15508 15546 15552 15513 15530 15509 15557 15528 15556 15545 15526 15548 15515 15516 15532 15535 15536 15549 15512 15561 15537 15510 15538 15531 15558 15542 15534 15527 15511 15560 15507 15539 15506 15519 15505 15529 15541 15543 15525 15551 15514 15555 15522 15544 15547 15517 15521 15533 15520 15550 15540 15524 15554 15559 15523
11107 11072 11062 11100 11106 11067 11084 11063 11111 11082 11110 11099 11080 11102 11069 11070 11086 11089 11090 11103 11066 11115 11091 11064 11092 11085 11112 11096 11088 11081 11065 11114 11061 11093 11060 11073 11059 11083 11095 11097 11079 11105 11068 11109 11076 11098 11101 11071 11075 11087 11074 11104 11094 11078 11108 11113 11077
3868 3833 3823 3861 3867 3828 3845 3824 3872 3843 3871 3860 3841 3863 3830 3831 3847 3850 3851 3864 3827 3876 3852 3825 3853 3846 3873 3857 3849 3842 3826 3875 3822 3854 3821 3834 3820 3844 3856 3858 3840 3866 3829 3870 3837 3859 3862 3832 3836 3848 3835 3865 3855 3839 3869 3874 3838
4096 4061 4051 4089 4095 4056 4073 4052 4100 4071 4099 4088 4069 4091 4058 4059 4075 4078 4079 4092 4055 4104 4080 4053 4081 4074 4101 4085 4077 4070 4054 4103 4050 4082 4049 4062 4048 4072 4084 4086 4068 4094 4057 4098 4065 4087 4090 4060 4064 4076 4063 4093 4083 4067 4097 4102 4066
5407 5372 5362 5400 5406 5367 5384 5363 5411 5382 5410 5399 5380 5402 5369 5370 5386 5389 5390 5403 5366 5415 5391 5364 5392 5385 5412 5396 5388 5381 5365 5414 5361 5393 5360 5373 5359 5383 5395 5397 5379 5405 5368 5409 5376 5398 5401 5371 5375 5387 5374 5404 5394 5378 5408 5413 5377
10081 10046 10036 10074 10080 10041 10058 10037 10085 10056 10084 10073 10054 10076 10043 10044 10060 10063 10064 10077 10040 10089 10065 10038 10066 10059 10086 10070 10062 10055 10039 10088 10035 10067 10034 10047 10033 10057 10069 10071 10053 10079 10042 10083 10050 10072 10075 10045 10049 10061 10048 10078 10068 10052 10082 10087 10051
9397 9362 9352 9390 9396 9357 9374 9353 9401 9372 9400 9389 9370 9392 9359 9360 9376 9379 9380 9393 9356 9405 9381 9354 9382 9375 9402 9386 9378 9371 9355 9404 9351 9383 9350 9363 9349 9373 9385 9387 9369 9395 9358 9399 9366 9388 9391 9361 9365 9377 9364 9394 9384 9368 9398 9403 9367
7060 7025 7015 7053 7059 7020 7037 7016 7064 7035 7063 7052 7033 7055 7022 7023 7039 7042 7043 7056 7019 7068 7044 7017 7045 7038 7065 7049 7041 7034 7018 7067 7014 7046 7013 7026 7012 7036 7048 7050 7032 7058 7021 7062 7029 7051 7054 7024 7028 7040 7027 7057 7047 7031 7061 7066 7030
11620 11585 11575 11613 11619 11580 11597 11576 11624 11595 11623 11612 11593 11615 11582 11583 11599 11602 11603 11616 11579 11628 11604 11577 11605 11598 11625 11609 11601 11594 11578 11627 11574 11606 11573 11586 11572 11596 11608 11610 11592 11618 11581 11622 11589 11611 11614 11584 11588 11600 11587 11617 11607 11591 11621 11626 11590
4723 4688 4678 4716 4722 4683 4700 4679 4727 4698 4726 4715 4696 4718 4685 4686 4702 4705 4706 4719 4682 4731 4707 4680 4708 4701 4728 4712 4704 4697 4681 4730 4677 4709 4676 4689 4675 4699 4711 4713 4695 4721 4684 4725 4692 4714 4717 4687 4691 4703 4690 4720 4710 4694 4724 4729 4693
10480 10445 10435 10473 10479 10440 10457 10436 10484 10455 10483 10472 10453 10475 10442 10443 10459 10462 10463 10476 10439 10488 10464 10437 10465 10458 10485 10469 10461 10454 10438 10487 10434 10466 10433 10446 10432 10456 10468 10470 10452 10478 10441 10482 10449 10471 10474 10444 10448 10460 10447 10477 10467 10451 10481 10486 10450
5008 4973 4963 5001 5007 4968 4985 4964 5012 4983 5011 5000 4981 5003 4970 4971 4987 4990 4991 5004 4967 5016 4992 4965 4993 4986 5013 4997 4989 4982 4966 5015 4962 4994 4961 4974 4960 4984 4996 4998 4980 5006 4969 5010 4977 4999 5002 4972 4976 4988 4975 5005 4995 4979 5009 5014 4978
1474 1439 1429 1467 1473 1434 1451 1430 1478 1449 1477 1466 1447 1469 1436 1437 1453 1456 1457 1470 1433 1482 1458 1431 1459 1452 1479 1463 1455 1448 1432 1481 1428 1460 1427 1440 1426 1450 1462 1464 1446 1472 1435 1476 1443 1465 1468 1438 1442 1454 1441 1471 1461 1445 1475 1480 1444
9853 9818 9808 9846 9852 9813 9830 9809 9857 9828 9856 9845 9826 9848 9815 9816 9832 9835 9836 9849 9812 9861 9837 9810 9838 9831 9858 9842 9834 9827 9811 9860 9807 9839 9806 9819 9805 9829 9841 9843 9825 9851 9814 9855 9822 9844 9847 9817 9821 9833 9820 9850 9840 9824 9854 9859 9823
6091 6056 6046 6084 6090 6051 6068 6047 6095 6066 6094 6083 6064 6086 6053 6054 6070 6073 6074 6087 6050 6099 6075 6048 6076 6069 6096 6080 6072 6065 6049 6098 6045 6077 6044 6057 6043 6067 6079 6081 6063 6089 6052 6093 6060 6082 6085 6055 6059 6071 6058 6088 6078 6062 6092 6097 6061
15952 15917 15907 15945 15951 15912 15929 15908 15956 15927 15955 15944 15925 15947 15914 15915 15931 15934 15935 15948 15911 15960 15936 15909 15937 15930 15957 15941 15933 15926 15910 15959 15906 15938 15905 15918 15904 15928 15940 15942 15924 15950 15913 15954 15921 15943 15946 15916 15920 15932 15919 15949 15939 15923 15953 15958 15922
2842 2807 2797 2835 2841 2802 2819 2798 2846 2817 2845 2834 2815 2837 2804 2805 2821 2824 2825 2838 2801 2850 2826 2799 2827 2820 2847 2831 2823 2816 2800 2849 2796 2828 2795 2808 2794 2818 2830 2832 2814 2840 2803 2844 2811 2833 2836 2806 2810 2822 2809 2839 2829 2813 2843 2848 2812
17035 17000 16990 17028 17034 16995 17012 16991 17039 17010 17038 17027 17008 17030 16997 16998 17014 17017 17018 17031 16994 17043 17019 16992 17020 17013 17040 17024 17016 17009 16993 17042 16989 17021 16988 17001 16987 17011 17023 17025 17007 17033 16996 17037 17004 17026 17029 16999 17003 17015 17002 17032 17022 17006 17036 17041 17005
1873 1838 1828 1866 1872 1833 1850 1829 1877 1848 1876 1865 1846 1868 1835 1836 1852 1855 1856 1869 1832 1881 1857 1830 1858 1851 1878 1862 1854 1847 1831 1880 1827 1859 1826 1839 1825 1849 1861 1863 1845 1871 1834 1875 1842 1864 1867 1837 1841 1853 1840 1870 1860 1844 1874 1879 1843
14926 14891 14881 14919 14925 14886 14903 14882 14930 14901 14929 14918 14899 14921 14888 14889 14905 14908 14909 14922 14885 14934 14910 14883 14911 14904 14931 14915 14907 14900 14884 14933 14880 14912 14879 14892 14878 14902 14914 14916 14898 14924 14887 14928 14895 14917 14920 14890 14894 14906 14893 14923 14913 14897 14927 14932 14896
11221 11186 11176 11214 11220 11181 11198 11177 11225 11196 11224 11213 11194 11216 11183 11184 11200 11203 11204 11217 11180 11229 11205 11178 11206 11199 11226 11210 11202 11195 11179 11228 11175 11207 11174 11187 11173 11197 11209 11211 11193 11219 11182 11223 11190 11212 11215 11185 11189 11201 11188 11218 11208 11192 11222 11227 11191
16237 16202 16192 16230 16236 16197 16214 16193 16241 16212 16240 16229 16210 16232 16199 16200 16216 16219 16220 16233 16196 16245 16221 16194 16222 16215 16242 16226 16218 16211 16195 16244 16191 16223 16190 16203 16189 16213 16225 16227 16209 16235 16198 16239 16206 16228 16231 16201 16205 16217 16204 16234 16224 16208 16238 16243 16207
5179 5144 5134 5172 5178 5139 5156 5135 5183 5154 5182 5171 5152 5174 5141 5142 5158 5161 5162 5175 5138 5187 5163 5136 5164 5157 5184 5168 5160 5153 5137 5186 5133 5165 5132 5145 5131 5155 5167 5169 5151 5177 5140 5181 5148 5170 5173 5143 5147 5159 5146 5176 5166 5150 5180 5185 5149
16066 16031 16021 16059 16065 16026 16043 16022 16070 16041 16069 16058 16039 16061 16028 16029 16045 16048 16049 16062 16025 16074 16050 16023 16051 16044 16071 16055 16047 16040 16024 16073 16020 16052 16019 16032 16018 16042 16054 16056 16038 16064 16027 16068 16035 16057 16060 16030 16034 16046 16033 16063 16053 16037 16067 16072 16036
10651 10616 10606 10644 10650 10611 10628 10607 10655 10626 10654 10643 10624 10646 10613 10614 10630 10633 10634 10647 10610 10659 10635 10608 10636 10629 10656 10640 10632 10625 10609 10658 10605 10637 10604 10617 10603 10627 10639 10641 10623 10649 10612 10653 10620 10642 10645 10615 10619 10631 10618 10648 10638 10622 10652 10657 10621
14527 14492 14482 14520 14526 14487 14504 14483 14531 14502 14530 14519 14500 14522 14489 14490 14506 14509 14510 14523 14486 14535 14511 14484 14512 14505 14532 14516 14508 14501 14485 14534 14481 14513 14480 14493 14479 14503 14515 14517 14499 14525 14488 14529 14496 14518 14521 14491 14495 14507 14494 14524 14514 14498 14528 14533 14497
14584 14549 14539 14577 14583 14544 14561 14540 14588 14559 14587 14576 14557 14579 14546 14547 14563 14566 14567 14580 14543 14592 14568 14541 14569 14562 14589 14573 14565 14558 14542 14591 14538 14570 14537 14550 14536 14560 14572 14574 14556 14582 14545 14586 14553 14575 14578 14548 14552 14564 14551 14581 14571 14555 14585 14590 14554
8314 8279 8269 8307 8313 8274 8291 8270 8318 8289 8317 8306 8287 8309 8276 8277 8293 8296 8297 8310 8273 8322 8298 8271 8299 8292 8319 8303 8295 8288 8272 8321 8268 8300 8267 8280 8266 8290 8302 8304 8286 8312 8275 8316 8283 8305 8308 8278 8282 8294 8281 8311 8301 8285 8315 8320 8284
4666 4631 4621 4659 4665 4626 4643 4622 4670 4641 4669 4658 4639 4661 4628 4629 4645 4648 4649 4662 4625 4674 4650 4623 4651 4644 4671 4655 4647 4640 4624 4673 4620 4652 4619 4632 4618 4642 4654 4656 4638 4664 4627 4668 4635 4657 4660 4630 4634 4646 4633 4663 4653 4637 4667 4672 4636
13444 13409 13399 13437 13443 13404 13421 13400 13448 13419 13447 13436 13417 13439 13406 13407 13423 13426 13427 13440 13403 13452 13428 13401 13429 13422 13449 13433 13425 13418 13402 13451 13398 13430 13397 13410 13396 13420 13432 13434 13416 13442 13405 13446 13413 13435 13438 13408 13412 13424 13411 13441 13431 13415 13445 13450 13414
9226 9191 9181 9219 9225 9186 9203 9182 9230 9201 9229 9218 9199 9221 9188 9189 9205 9208 9209 9222 9185 9234 9210 9183 9211 9204 9231 9215 9207 9200 9184 9233 9180 9212 9179 9192 9178 9202 9214 9216 9198 9224 9187 9228 9195 9217 9220 9190 9194 9206 9193 9223 9213 9197 9227 9232 9196
9625 9590 9580 9618 9624 9585 9602 9581 9629 9600 9628 9617 9598 9620 9587 9588 9604 9607 9608 9621 9584 9633 9609 9582 9610 9603 9630 9614 9606 9599 9583 9632 9579 9611 9578 9591 9577 9601 9613 9615 9597 9623 9586 9627 9594 9616 9619 9589 9593 9605 9592 9622 9612 9596 9626 9631 9595
4381 4346 4336 4374 4380 4341 4358 4337 4385 4356 4384 4373 4354 4376 4343 4344 4360 4363 4364 4377 4340 4389 4365 4338 4366 4359 4386 4370 4362 4355 4339 4388 4335 4367 4334 4347 4333 4357 4369 4371 4353 4379 4342 4383 4350 4372 4375 4345 4349 4361 4348 4378 4368 4352 4382 4387 4351
14983 14948 14938 14976 14982 14943 14960 14939 14987 14958 14986 14975 14956 14978 14945 14946 14962 14965 14966 14979 14942 14991 14967 14940 14968 14961 14988 14972 14964 14957 14941 14990 14937 14969 14936 14949 14935 14959 14971 14973 14955 14981 14944 14985 14952 14974 14977 14947 14951 14963 14950 14980 14970 14954 14984 14989 14953
391 356 346 384 390 351 368 347 395 366 394 383 364 386 353 354 370 373 374 387 350 399 375 348 376 369 396 380 372 365 349 398 345 377 344 357 343 367 379 381 363 389 352 393 360 382 385 355 359 371 358 388 378 362 392 397 361
11962 11927 11917 11955 11961 11922 11939 11918 11966 11937 11965 11954 11935 11957 11924 11925 11941 11944 11945 11958 11921 11970 11946 11919 11947 11940 11967 11951 11943 11936 11920 11969 11916 11948 11915 11928 11914 11938 11950 11952 11934 11960 11923 11964 11931 11953 11956 11926 11930 11942 11929 11959 11949 11933 11963 11968 11932
7117 7082 7072 7110 7116 7077 7094 7073 7121 7092 7120 7109 7090 7112 7079 7080 7096 7099 7100 7113 7076 7125 7101 7074 7102 7095 7122 7106 7098 7091 7075 7124 7071 7103 7070 7083 7069 7093 7105 7107 7089 7115 7078 7119 7086 7108 7111 7081 7085 7097 7084 7114 7104 7088 7118 7123 7087
8200 8165 8155 8193 8199 8160 8177 8156 8204 8175 8203 8192 8173 8195 8162 8163 8179 8182 8183 8196 8159 8208 8184 8157 8185 8178 8205 8189 8181 8174 8158 8207 8154 8186 8153 8166 8152 8176 8188 8190 8172 8198 8161 8202 8169 8191 8194 8164 8168 8180 8167 8197 8187 8171 8201 8206 8170
2671 2636 2626 2664 2670 2631 2648 2627 2675 2646 2674 2663 2644 2666 2633 2634 2650 2653 2654 2667 2630 2679 2655 2628 2656 2649 2676 2660 2652 2645 2629 2678 2625 2657 2624 2637 2623 2647 2659 2661 2643 2669 2632 2673 2640 2662 2665 2635 2639 2651 2638 2668 2658 2642 2672 2677 2641
7858 7823 7813 7851 7857 7818 7835 7814 7862 7833 7861 7850 7831 7853 7820 7821 7837 7840 7841 7854 7817 7866 7842 7815 7843 7836 7863 7847 7839 7832 7816 7865 7812 7844 7811 7824 7810 7834 7846 7848 7830 7856 7819 7860 7827 7849 7852 7822 7826 7838 7825 7855 7845 7829 7859 7864 7828
4894 4859 4849 4887 4893 4854 4871 4850 4898 4869 4897 4886 4867 4889 4856 4857 4873 4876 4877 4890 4853 4902 4878 4851 4879 4872 4899 4883 4875 4868 4852 4901 4848 4880 4847 4860 4846 4870 4882 4884 4866 4892 4855 4896 4863 4885 4888 4858 4862 4874 4861 4891 4881 4865 4895 4900 4864
961 926 916 954 960 921 938 917 965 936 964 953 934 956 923 924 940 943 944 957 920 969 945 918 946 939 966 950 942 935 919 968 915 947 914 927 913 937 949 951 933 959 922 963 930 952 955 925 929 941 928 958 948 932 962 967 931
13558 13523 13513 13551 13557 13518 13535 13514 13562 13533 13561 13550 13531 13553 13520 13521 13537 13540 13541 13554 13517 13566 13542 13515 13543 13536 13563 13547 13539 13532 13516 13565 13512 13544 13511 13524 13510 13534 13546 13548 13530 13556 13519 13560 13527 13549 13552 13522 13526 13538 13525 13555 13545 13529 13559 13564 13528
9682 9647 9637 9675 9681 9642 9659 9638 9686 9657 9685 9674 9655 9677 9644 9645 9661 9664 9665 9678 9641 9690 9666 9639 9667 9660 9687 9671 9663 9656 9640 9689 9636 9668 9635 9648 9634 9658 9670 9672 9654 9680 9643 9684 9651 9673 9676 9646 9650 9662 9649 9679 9669 9653 9683 9688 9652
4780 4745 4735 4773 4779 4740 4757 4736 4784 4755 4783 4772 4753 4775 4742 4743 4759 4762 4763 4776 4739 4788 4764 4737 4765 4758 4785 4769 4761 4754 4738 4787 4734 4766 4733 4746 4732 4756 4768 4770 4752 4778 4741 4782 4749 4771 4774 4744 4748 4760 4747 4777 4767 4751 4781 4786 4750
12760 12725 12715 12753 12759 12720 12737 12716 12764 12735 12763 12752 12733 12755 12722 12723 12739 12742 12743 12756 12719 12768 12744 12717 12745 12738 12765 12749 12741 12734 12718 12767 12714 12746 12713 12726 12712 12736 12748 12750 12732 12758 12721 12762 12729 12751 12754 12724 12728 12740 12727 12757 12747 12731 12761 12766 12730
12646 12611 12601 12639 12645 12606 12623 12602 12650 12621 12649 12638 12619 12641 12608 12609 12625 12628 12629 12642 12605 12654 12630 12603 12631 12624 12651 12635 12627 12620 12604 12653 12600 12632 12599 12612 12598 12622 12634 12636 12618 12644 12607 12648 12615 12637 12640 12610 12614 12626 12613 12643 12633 12617 12647 12652 12616
10195 10160 10150 10188 10194 10155 10172 10151 10199 10170 10198 10187 10168 10190 10157 10158 10174 10177 10178 10191 10154 10203 10179 10152 10180 10173 10200 10184 10176 10169 10153 10202 10149 10181 10148 10161 10147 10171 10183 10185 10167 10193 10156 10197 10164 10186 10189 10159 10163 10175 10162 10192 10182 10166 10196 10201 10165
14356 14321 14311 14349 14355 14316 14333 14312 14360 14331 14359 14348 14329 14351 14318 14319 14335 14338 14339 14352 14315 14364 14340 14313 14341 14334 14361 14345 14337 14330 14314 14363 14310 14342 14309 14322 14308 14332 14344 14346 14328 14354 14317 14358 14325 14347 14350 14320 14324 14336 14323 14353 14343 14327 14357 14362 14326
3241 3206 3196 3234 3240 3201 3218 3197 3245 3216 3244 3233 3214 3236 3203 3204 3220 3223 3224 3237 3200 3249 3225 3198 3226 3219 3246 3230 3222 3215 3199 3248 3195 3227 3194 3207 3193 3217 3229 3231 3213 3239 3202 3243 3210 3232 3235 3205 3209 3221 3208 3238 3228 3212 3242 3247 3211
15838 15803 15793 15831 15837 15798 15815 15794 15842 15813 15841 15830 15811 15833 15800 15801 15817 15820 15821 15834 15797 15846 15822 15795 15823 15816 15843 15827 15819 15812 15796 15845 15792 15824 15791 15804 15790 15814 15826 15828 15810 15836 15799 15840 15807 15829 15832 15802 15806 15818 15805 15835 15825 15809 15839 15844 15808
8656 8621 8611 8649 8655 8616 8633 8612 8660 8631 8659 8648 8629 8651 8618 8619 8635 8638 8639 8652 8615 8664 8640 8613 8641 8634 8661 8645 8637 8630 8614 8663 8610 8642 8609 8622 8608 8632 8644 8646 8628 8654 8617 8658 8625 8647 8650 8620 8624 8636 8623 8653 8643 8627 8657 8662 8626
5065 5030 5020 5058 5064 5025 5042 5021 5069 5040 5068 5057 5038 5060 5027 5028 5044 5047 5048 5061 5024 5073 5049 5022 5050 5043 5070 5054 5046 5039 5023 5072 5019 5051 5018 5031 5017 5041 5053 5055 5037 5063 5026 5067 5034 5056 5059 5029 5033 5045 5032 5062 5052 5036 5066 5071 5035
1645 1610 1600 1638 1644 1605 1622 1601 1649 1620 1648 1637 1618 1640 1607 1608 1624 1627 1628 1641 1604 1653 1629 1602 1630 1623 1650 1634 1626 1619 1603 1652 1599 1631 1598 1611 1597 1621 1633 1635 1617 1643 1606 1647 1614 1636 1639 1609 1613 1625 1612 1642 1632 1616 1646 1651 1615
7630 7595 7585 7623 7629 7590 7607 7586 7634 7605 7633 7622 7603 7625 7592 7593 7609 7612 7613 7626 7589 7638 7614 7587 7615 7608 7635 7619 7611 7604 7588 7637 7584 7616 7583 7596 7582 7606 7618 7620 7602 7628 7591 7632 7599 7621 7624 7594 7598 7610 7597 7627 7617 7601 7631 7636 7600
9454 9419 9409 9447 9453 9414 9431 9410 9458 9429 9457 9446 9427 9449 9416 9417 9433 9436 9437 9450 9413 9462 9438 9411 9439 9432 9459 9443 9435 9428 9412 9461 9408 9440 9407 9420 9406 9430 9442 9444 9426 9452 9415 9456 9423 9445 9448 9418 9422 9434 9421 9451 9441 9425 9455 9460 9424
12133 12098 12088 12126 12132 12093 12110 12089 12137 12108 12136 12125 12106 12128 12095 12096 12112 12115 12116 12129 12092 12141 12117 12090 12118 12111 12138 12122 12114 12107 12091 12140 12087 12119 12086 12099 12085 12109 12121 12123 12105 12131 12094 12135 12102 12124 12127 12097 12101 12113 12100 12130 12120 12104 12134 12139 12103
6433 6398 6388 6426 6432 6393 6410 6389 6437 6408 6436 6425 6406 6428 6395 6396 6412 6415 6416 6429 6392 6441 6417 6390 6418 6411 6438 6422 6414 6407 6391 6440 6387 6419 6386 6399 6385 6409 6421 6423 6405 6431 6394 6435 6402 6424 6427 6397 6401 6413 6400 6430 6420 6404 6434 6439 6403
16294 16259 16249 16287 16293 16254 16271 16250 16298 16269 16297 16286 16267 16289 16256 16257 16273 16276 16277 16290 16253 16302 16278 16251 16279 16272 16299 16283 16275 16268 16252 16301 16248 16280 16247 16260 16246 16270 16282 16284 16266 16292 16255 16296 16263 16285 16288 16258 16262 16274 16261 16291 16281 16265 16295 16300 16264
8428 8393 8383 8421 8427 8388 8405 8384 8432 8403 8431 8420 8401 8423 8390 8391 8407 8410 8411 8424 8387 8436 8412 8385 8413 8406 8433 8417 8409 8402 8386 8435 8382 8414 8381 8394 8380 8404 8416 8418 8400 8426 8389 8430 8397 8419 8422 8392 8396 8408 8395 8425 8415 8399 8429 8434 8398
15667 15632 15622 15660 15666 15627 15644 15623 15671 15642 15670 15659 15640 15662 15629 15630 15646 15649 15650 15663 15626 15675 15651 15624 15652 15645 15672 15656 15648 15641 15625 15674 15621 15653 15620 15633 15619 15643 15655 15657 15639 15665 15628 15669 15636 15658 15661 15631 15635 15647 15634 15664 15654 15638 15668 15673 15637
3754 3719 3709 3747 3753 3714 3731 3710 3758 3729 3757 3746 3727 3749 3716 3717 3733 3736 3737 3750 3713 3762 3738 3711 3739 3732 3759 3743 3735 3728 3712 3761 3708 3740 3707 3720 3706 3730 3742 3744 3726 3752 3715 3756 3723 3745 3748 3718 3722 3734 3721 3751 3741 3725 3755 3760 3724
13672 13637 13627 13665 13671 13632 13649 13628 13676 13647 13675 13664 13645 13667 13634 13635 13651 13654 13655 13668 13631 13680 13656 13629 13657 13650 13677 13661 13653 13646 13630 13679 13626 13658 13625 13638 13624 13648 13660 13662 13644 13670 13633 13674 13641 13663 13666 13636 13640 13652 13639 13669 13659 13643 13673 13678 13642
12361 12326 12316 12354 12360 12321 12338 12317 12365 12336 12364 12353 12334 12356 12323 12324 12340 12343 12344 12357 12320 12369 12345 12318 12346 12339 12366 12350 12342 12335 12319 12368 12315 12347 12314 12327 12313 12337 12349 12351 12333 12359 12322 12363 12330 12352 12355 12325 12329 12341 12328 12358 12348 12332 12362 12367 12331
334 299 289 327 333 294 311 290 338 309 337 326 307 329 296 297 313 316 317 330 293 342 318 291 319 312 339 323 315 308 292 341 288 320 287 300 286 310 322 324 306 332 295 336 303 325 328 298 302 314 301 331 321 305 335 340 304
12703 12668 12658 12696 12702 12663 12680 12659 12707 12678 12706 12695 12676 12698 12665 12666 12682 12685 12686 12699 12662 12711 12687 12660 12688 12681 12708 12692 12684 12677 12661 12710 12657 12689 12656 12669 12655 12679 12691 12693 12675 12701 12664 12705 12672 12694 12697 12667 12671 12683 12670 12700 12690 12674 12704 12709 12673
6262 6227 6217 6255 6261 6222 6239 6218 6266 6237 6265 6254 6235 6257 6224 6225 6241 6244 6245 6258 6221 6270 6246 6219 6247 6240 6267 6251 6243 6236 6220 6269 6216 6248 6215 6228 6214 6238 6250 6252 6234 6260 6223 6264 6231 6253 6256 6226 6230 6242 6229 6259 6249 6233 6263 6268 6232
11335 11300 11290 11328 11334 11295 11312 11291 11339 11310 11338 11327 11308 11330 11297 11298 11314 11317 11318 11331 11294 11343 11319 11292 11320 11313 11340 11324 11316 11309 11293 11342 11289 11321 11288 11301 11287 11311 11323 11325 11307 11333 11296 11337 11304 11326 11329 11299 11303 11315 11302 11332 11322 11306 11336 11341 11305
12019 11984 11974 12012 12018 11979 11996 11975 12023 11994 12022 12011 11992 12014 11981 11982 11998 12001 12002 12015 11978 12027 12003 11976 12004 11997 12024 12008 12000 11993 11977 12026 11973 12005 11972 11985 11971 11995 12007 12009 11991 12017 11980 12021 11988 12010 12013 11983 11987 11999 11986 12016 12006 11990 12020 12025 11989
11905 11870 11860 11898 11904 11865 11882 11861 11909 11880 11908 11897 11878 11900 11867 11868 11884 11887 11888 11901 11864 11913 11889 11862 11890 11883 11910 11894 11886 11879 11863 11912 11859 11891 11858 11871 11857 11881 11893 11895 11877 11903 11866 11907 11874 11896 11899 11869 11873 11885 11872 11902 11892 11876 11906 11911 11875
7459 7424 7414 7452 7458 7419 7436 7415 7463 7434 7462 7451 7432 7454 7421 7422 7438 7441 7442 7455 7418 7467 7443 7416 7444 7437 7464 7448 7440 7433 7417 7466 7413 7445 7412 7425 7411 7435 7447 7449 7431 7457 7420 7461 7428 7450 7453 7423 7427 7439 7426 7456 7446 7430 7460 7465 7429
11449 11414 11404 11442 11448 11409 11426 11405 11453 11424 11452 11441 11422 11444 11411 11412 11428 11431 11432 11445 11408 11457 11433 11406 11434 11427 11454 11438 11430 11423 11407 11456 11403 11435 11402 11415 11401 11425 11437 11439 11421 11447 11410 11451 11418 11440 11443 11413 11417 11429 11416 11446 11436 11420 11450 11455 11419
3298 3263 3253 3291 3297 3258 3275 3254 3302 3273 3301 3290 3271 3293 3260 3261 3277 3280 3281 3294 3257 3306 3282 3255 3283 3276 3303 3287 3279 3272 3256 3305 3252 3284 3251 3264 3250 3274 3286 3288 3270 3296 3259 3300 3267 3289 3292 3262 3266 3278 3265 3295 3285 3269 3299 3304 3268
12475 12440 12430 12468 12474 12435 12452 12431 12479 12450 12478 12467 12448 12470 12437 12438 12454 12457 12458 12471 12434 12483 12459 12432 12460 12453 12480 12464 12456 12449 12433 12482 12429 12461 12428 12441 12427 12451 12463 12465 12447 12473 12436 12477 12444 12466 12469 12439 12443 12455 12442 12472 12462 12446 12476 12481 12445
10366 10331 10321 10359 10365 10326 10343 10322 10370 10341 10369 10358 10339 10361 10328 10329 10345 10348 10349 10362 10325 10374 10350 10323 10351 10344 10371 10355 10347 10340 10324 10373 10320 10352 10319 10332 10318 10342 10354 10356 10338 10364 10327 10368 10335 10357 10360 10330 10334 10346 10333 10363 10353 10337 10367 10372 10336
16579 16544 16534 16572 16578 16539 16556 16535 16583 16554 16582 16571 16552 16574 16541 16542 16558 16561 16562 16575 16538 16587 16563 16536 16564 16557 16584 16568 16560 16553 16537 16586 16533 16565 16532 16545 16531 16555 16567 16569 16551 16577 16540 16581 16548 16570 16573 16543 16547 16559 16546 16576 16566 16550 16580 16585 16549
10993 10958 10948 10986 10992 10953 10970 10949 10997 10968 10996 10985 10966 10988 10955 10956 10972 10975 10976 10989 10952 11001 10977 10950 10978 10971 10998 10982 10974 10967 10951 11000 10947 10979 10946 10959 10945 10969 10981 10983 10965 10991 10954 10995 10962 10984 10987 10957 10961 10973 10960 10990 10980 10964 10994 10999 10963
6034 5999 5989 6027 6033 5994 6011 5990 6038 6009 6037 6026 6007 6029 5996 5997 6013 6016 6017 6030 5993 6042 6018 5991 6019 6012 6039 6023 6015 6008 5992 6041 5988 6020 5987 6000 5986 6010 6022 6024 6006 6032 5995 6036 6003 6025 6028 5998 6002 6014 6001 6031 6021 6005 6035 6040 6004
4324 4289 4279 4317 4323 4284 4301 4280 4328 4299 4327 4316 4297 4319 4286 4287 4303 4306 4307 4320 4283 4332 4308 4281 4309 4302 4329 4313 4305 4298 4282 4331 4278 4310 4277 4290 4276 4300 4312 4314 4296 4322 4285 4326 4293 4315 4318 4288 4292 4304 4291 4321 4311 4295 4325 4330 4294
1360 1325 1315 1353 1359 1320 1337 1316 1364 1335 1363 1352 1333 1355 1322 1323 1339 1342 1343 1356 1319 1368 1344 1317 1345 1338 1365 1349 1341 1334 1318 1367 1314 1346 1313 1326 1312 1336 1348 1350 1332 1358 1321 1362 1329 1351 1354 1324 1328 1340 1327 1357 1347 1331 1361 1366 1330
16123 16088 16078 16116 16122 16083 16100 16079 16127 16098 16126 16115 16096 16118 16085 16086 16102 16105 16106 16119 16082 16131 16107 16080 16108 16101 16128 16112 16104 16097 16081 16130 16077 16109 16076 16089 16075 16099 16111 16113 16095 16121 16084 16125 16092 16114 16117 16087 16091 16103 16090 16120 16110 16094 16124 16129 16093
1531 1496 1486 1524 1530 1491 1508 1487 1535 1506 1534 1523 1504 1526 1493 1494 1510 1513 1514 1527 1490 1539 1515 1488 1516 1509 1536 1520 1512 1505 1489 1538 1485 1517 1484 1497 1483 1507 1519 1521 1503 1529 1492 1533 1500 1522 1525 1495 1499 1511 1498 1528 1518 1502 1532 1537 1501
14869 14834 14824 14862 14868 14829 14846 14825 14873 14844 14872 14861 14842 14864 14831 14832 14848 14851 14852 14865 14828 14877 14853 14826 14854 14847 14874 14858 14850 14843 14827 14876 14823 14855 14822 14835 14821 14845 14857 14859 14841 14867 14830 14871 14838 14860 14863 14833 14837 14849 14836 14866 14856 14840 14870 14875 14839
733 698 688 726 732 693 710 689 737 708 736 725 706 728 695 696 712 715 716 729 692 741 717 690 718 711 738 722 714 707 691 740 687 719 686 699 685 709 721 723 705 731 694 735 702 724 727 697 701 713 700 730 720 704 734 739 703
14014 13979 13969 14007 14013 13974 13991 13970 14018 13989 14017 14006 13987 14009 13976 13977 13993 13996 13997 14010 13973 14022 13998 13971 13999 13992 14019 14003 13995 13988 13972 14021 13968 14000 13967 13980 13966 13990 14002 14004 13986 14012 13975 14016 13983 14005 14008 13978 13982 13994 13981 14011 14001 13985 14015 14020 13984
5635 5600 5590 5628 5634 5595 5612 5591 5639 5610 5638 5627 5608 5630 5597 5598 5614 5617 5618 5631 5594 5643 5619 5592 5620 5613 5640 5624 5616 5609 5593 5642 5589 5621 5588 5601 5587 5611 5623 5625 5607 5633 5596 5637 5604 5626 5629 5599 5603 5615 5602 5632 5622 5606 5636 5641 5605
5920 5885 5875 5913 5919 5880 5897 5876 5924 5895 5923 5912 5893 5915 5882 5883 5899 5902 5903 5916 5879 5928 5904 5877 5905 5898 5925 5909 5901 5894 5878 5927 5874 5906 5873 5886 5872 5896 5908 5910 5892 5918 5881 5922 5889 5911 5914 5884 5888 5900 5887 5917 5907 5891 5921 5926 5890
8485 8450 8440 8478 8484 8445 8462 8441 8489 8460 8488 8477 8458 8480 8447 8448 8464 8467 8468 8481 8444 8493 8469 8442 8470 8463 8490 8474 8466 8459 8443 8492 8439 8471 8438 8451 8437 8461 8473 8475 8457 8483 8446 8487 8454 8476 8479 8449 8453 8465 8452 8482 8472 8456 8486 8491 8455
13501 13466 13456 13494 13500 13461 13478 13457 13505 13476 13504 13493 13474 13496 13463 13464 13480 13483 13484 13497 13460 13509 13485 13458 13486 13479 13506 13490 13482 13475 13459 13508 13455 13487 13454 13467 13453 13477 13489 13491 13473 13499 13462 13503 13470 13492 13495 13465 13469 13481 13468 13498 13488 13472 13502 13507 13471
7744 7709 7699 7737 7743 7704 7721 7700 7748 7719 7747 7736 7717 7739 7706 7707 7723 7726 7727 7740 7703 7752 7728 7701 7729 7722 7749 7733 7725 7718 7702 7751 7698 7730 7697 7710 7696 7720 7732 7734 7716 7742 7705 7746 7713 7735 7738 7708 7712 7724 7711 7741 7731 7715 7745 7750 7714
10594 10559 10549 10587 10593 10554 10571 10550 10598 10569 10597 10586 10567 10589 10556 10557 10573 10576 10577 10590 10553 10602 10578 10551 10579 10572 10599 10583 10575 10568 10552 10601 10548 10580 10547 10560 10546 10570 10582 10584 10566 10592 10555 10596 10563 10585 10588 10558 10562 10574 10561 10591 10581 10565 10595 10600 10564
4552 4517 4507 4545 4551 4512 4529 4508 4556 4527 4555 4544 4525 4547 4514 4515 4531 4534 4535 4548 4511 4560 4536 4509 4537 4530 4557 4541 4533 4526 4510 4559 4506 4538 4505 4518 4504 4528 4540 4542 4524 4550 4513 4554 4521 4543 4546 4516 4520 4532 4519 4549 4539 4523 4553 4558 4522
10765 10730 10720 10758 10764 10725 10742 10721 10769 10740 10768 10757 10738 10760 10727 10728 10744 10747 10748 10761 10724 10773 10749 10722 10750 10743 10770 10754 10746 10739 10723 10772 10719 10751 10718 10731 10717 10741 10753 10755 10737 10763 10726 10767 10734 10756 10759 10729 10733 10745 10732 10762 10752 10736 10766 10771 10735
11506 11471 11461 11499 11505 11466 11483 11462 11510 11481 11509 11498 11479 11501 11468 11469 11485 11488 11489 11502 11465 11514 11490 11463 11491 11484 11511 11495 11487 11480 11464 11513 11460 11492 11459 11472 11458 11482 11494 11496 11478 11504 11467 11508 11475 11497 11500 11470 11474 11486 11473 11503 11493 11477 11507 11512 11476
6718 6683 6673 6711 6717 6678 6695 6674 6722 6693 6721 6710 6691 6713 6680 6681 6697 6700 6701 6714 6677 6726 6702 6675 6703 6696 6723 6707 6699 6692 6676 6725 6672 6704 6671 6684 6670 6694 6706 6708 6690 6716 6679 6720 6687 6709 6712 6682 6686 6698 6685 6715 6705 6689 6719 6724 6688
5122 5087 5077 5115 5121 5082 5099 5078 5126 5097 5125 5114 5095 5117 5084 5085 5101 5104 5105 5118 5081 5130 5106 5079 5107 5100 5127 5111 5103 5096 5080 5129 5076 5108 5075 5088 5074 5098 5110 5112 5094 5120 5083 5124 5091 5113 5116 5086 5090 5102 5089 5119 5109 5093 5123 5128 5092
7516 7481 7471 7509 7515 7476 7493 7472 7520 7491 7519 7508 7489 7511 7478 7479 7495 7498 7499 7512 7475 7524 7500 7473 7501 7494 7521 7505 7497 7490 7474 7523 7470 7502 7469 7482 7468 7492 7504 7506 7488 7514 7477 7518 7485 7507 7510 7480 7484 7496 7483 7513 7503 7487 7517 7522 7486
2614 2579 2569 2607 2613 2574 2591 2570 2618 2589 2617 2606 2587 2609 2576 2577 2593 2596 2597 2610 2573 2622 2598 2571 2599 2592 2619 2603 2595 2588 2572 2621 2568 2600 2567 2580 2566 2590 2602 2604 2586 2612 2575 2616 2583 2605 2608 2578 2582 2594 2581 2611 2601 2585 2615 2620 2584
11164 11129 11119 11157 11163 11124 11141 11120 11168 11139 11167 11156 11137 11159 11126 11127 11143 11146 11147 11160 11123 11172 11148 11121 11149 11142 11169 11153 11145 11138 11122 11171 11118 11150 11117 11130 11116 11140 11152 11154 11136 11162 11125 11166 11133 11155 11158 11128 11132 11144 11131 11161 11151 11135 11165 11170 11134
16864 16829 16819 16857 16863 16824 16841 16820 16868 16839 16867 16856 16837 16859 16826 16827 16843 16846 16847 16860 16823 16872 16848 16821 16849 16842 16869 16853 16845 16838 16822 16871 16818 16850 16817 16830 16816 16840 16852 16854 16836 16862 16825 16866 16833 16855 16858 16828 16832 16844 16831 16861 16851 16835 16865 16870 16834
15382 15347 15337 15375 15381 15342 15359 15338 15386 15357 15385 15374 15355 15377 15344 15345 15361 15364 15365 15378 15341 15390 15366 15339 15367 15360 15387 15371 15363 15356 15340 15389 15336 15368 15335 15348 15334 15358 15370 15372 15354 15380 15343 15384 15351 15373 15376 15346 15350 15362 15349 15379 15369 15353 15383 15388 15352
6490 6455 6445 6483 6489 6450 6467 6446 6494 6465 6493 6482 6463 6485 6452 6453 6469 6472 6473 6486 6449 6498 6474 6447 6475 6468 6495 6479 6471 6464 6448 6497 6444 6476 6443 6456 6442 6466 6478 6480 6462 6488 6451 6492 6459 6481 6484 6454 6458 6470 6457 6487 6477 6461 6491 6496 6460
16807 16772 16762 16800 16806 16767 16784 16763 16811 16782 16810 16799 16780 16802 16769 16770 16786 16789 16790 16803 16766 16815 16791 16764 16792 16785 16812 16796 16788 16781 16765 16814 16761 16793 16760 16773 16759 16783 16795 16797 16779 16805 16768 16809 16776 16798 16801 16771 16775 16787 16774 16804 16794 16778 16808 16813 16777
14698 14663 14653 14691 14697 14658 14675 14654 14702 14673 14701 14690 14671 14693 14660 14661 14677 14680 14681 14694 14657 14706 14682 14655 14683 14676 14703 14687 14679 14672 14656 14705 14652 14684 14651 14664 14650 14674 14686 14688 14670 14696 14659 14700 14667 14689 14692 14662 14666 14678 14665 14695 14685 14669 14699 14704 14668
505 470 460 498 504 465 482 461 509 480 508 497 478 500 467 468 484 487 488 501 464 513 489 462 490 483 510 494 486 479 463 512 459 491 458 471 457 481 493 495 477 503 466 507 474 496 499 469 473 485 472 502 492 476 506 511 475
9340 9305 9295 9333 9339 9300 9317 9296 9344 9315 9343 9332 9313 9335 9302 9303 9319 9322 9323 9336 9299 9348 9324 9297 9325 9318 9345 9329 9321 9314 9298 9347 9294 9326 9293 9306 9292 9316 9328 9330 9312 9338 9301 9342 9309 9331 9334 9304 9308 9320 9307 9337 9327 9311 9341 9346 9310
1303 1268 1258 1296 1302 1263 1280 1259 1307 1278 1306 1295 1276 1298 1265 1266 1282 1285 1286 1299 1262 1311 1287 1260 1288 1281 1308 1292 1284 1277 1261 1310 1257 1289 1256 1269 1255 1279 1291 1293 1275 1301 1264 1305 1272 1294 1297 1267 1271 1283 1270 1300 1290 1274 1304 1309 1273
16351 16316 16306 16344 16350 16311 16328 16307 16355 16326 16354 16343 16324 16346 16313 16314 16330 16333 16334 16347 16310 16359 16335 16308 16336 16329 16356 16340 16332 16325 16309 16358 16305 16337 16304 16317 16303 16327 16339 16341 16323 16349 16312 16353 16320 16342 16345 16315 16319 16331 16318 16348 16338 16322 16352 16357 16321
11791 11756 11746 11784 11790 11751 11768 11747 11795 11766 11794 11783 11764 11786 11753 11754 11770 11773 11774 11787 11750 11799 11775 11748 11776 11769 11796 11780 11772 11765 11749 11798 11745 11777 11744 11757 11743 11767 11779 11781 11763 11789 11752 11793 11760 11782 11785 11755 11759 11771 11758 11788 11778 11762 11792 11797 11761
6661 6626 6616 6654 6660 6621 6638 6617 6665 6636 6664 6653 6634 6656 6623 6624 6640 6643 6644 6657 6620 6669 6645 6618 6646 6639 6666 6650 6642 6635 6619 6668 6615 6647 6614 6627 6613 6637 6649 6651 6633 6659 6622 6663 6630 6652 6655 6625 6629 6641 6628 6658 6648 6632 6662 6667 6631
2728 2693 2683 2721 2727 2688 2705 2684 2732 2703 2731 2720 2701 2723 2690 2691 2707 2710 2711 2724 2687 2736 2712 2685 2713 2706 2733 2717 2709 2702 2686 2735 2682 2714 2681 2694 2680 2704 2716 2718 2700 2726 2689 2730 2697 2719 2722 2692 2696 2708 2695 2725 2715 2699 2729 2734 2698
8998 8963 8953 8991 8997 8958 8975 8954 9002 8973 9001 8990 8971 8993 8960 8961 8977 8980 8981 8994 8957 9006 8982 8955 8983 8976 9003 8987 8979 8972 8956 9005 8952 8984 8951 8964 8950 8974 8986 8988 8970 8996 8959 9000 8967 8989 8992 8962 8966 8978 8965 8995 8985 8969 8999 9004 8968
13957 13922 13912 13950 13956 13917 13934 13913 13961 13932 13960 13949 13930 13952 13919 13920 13936 13939 13940 13953 13916 13965 13941 13914 13942 13935 13962 13946 13938 13931 13915 13964 13911 13943 13910 13923 13909 13933 13945 13947 13929 13955 13918 13959 13926 13948 13951 13921 13925 13937 13924 13954 13944 13928 13958 13963 13927
3697 3662 3652 3690 3696 3657 3674 3653 3701 3672 3700 3689 3670 3692 3659 3660 3676 3679 3680 3693 3656 3705 3681 3654 3682 3675 3702 3686 3678 3671 3655 3704 3651 3683 3650 3663 3649 3673 3685 3687 3669 3695 3658 3699 3666 3688 3691 3661 3665 3677 3664 3694 3684 3668 3698 3703 3667
2044 2009 1999 2037 2043 2004 2021 2000 2048 2019 2047 2036 2017 2039 2006 2007 2023 2026 2027 2040 2003 2052 2028 2001 2029 2022 2049 2033 2025 2018 2002 2051 1998 2030 1997 2010 1996 2020 2032 2034 2016 2042 2005 2046 2013 2035 2038 2008 2012 2024 2011 2041 2031 2015 2045 2050 2014
6148 6113 6103 6141 6147 6108 6125 6104 6152 6123 6151 6140 6121 6143 6110 6111 6127 6130 6131 6144 6107 6156 6132 6105 6133 6126 6153 6137 6129 6122 6106 6155 6102 6134 6101 6114 6100 6124 6136 6138 6120 6146 6109 6150 6117 6139 6142 6112 6116 6128 6115 6145 6135 6119 6149 6154 6118
1075 1040 1030 1068 1074 1035 1052 1031 1079 1050 1078 1067 1048 1070 1037 1038 1054 1057 1058 1071 1034 1083 1059 1032 1060 1053 1080 1064 1056 1049 1033 1082 1029 1061 1028 1041 1027 1051 1063 1065 1047 1073 1036 1077 1044 1066 1069 1039 1043 1055 1042 1072 1062 1046 1076 1081 1045
9967 9932 9922 9960 9966 9927 9944 9923 9971 9942 9970 9959 9940 9962 9929 9930 9946 9949 9950 9963 9926 9975 9951 9924 9952 9945 9972 9956 9948 9941 9925 9974 9921 9953 9920 9933 9919 9943 9955 9957 9939 9965 9928 9969 9936 9958 9961 9931 9935 9947 9934 9964 9954 9938 9968 9973 9937
12076 12041 12031 12069 12075 12036 12053 12032 12080 12051 12079 12068 12049 12071 12038 12039 12055 12058 12059 12072 12035 12084 12060 12033 12061 12054 12081 12065 12057 12050 12034 12083 12030 12062 12029 12042 12028 12052 12064 12066 12048 12074 12037 12078 12045 12067 12070 12040 12044 12056 12043 12073 12063 12047 12077 12082 12046
4609 4574 4564 4602 4608 4569 4586 4565 4613 4584 4612 4601 4582 4604 4571 4572 4588 4591 4592 4605 4568 4617 4593 4566 4594 4587 4614 4598 4590 4583 4567 4616 4563 4595 4562 4575 4561 4585 4597 4599 4581 4607 4570 4611 4578 4600 4603 4573 4577 4589 4576 4606 4596 4580 4610 4615 4579
2899 2864 2854 2892 2898 2859 2876 2855 2903 2874 2902 2891 2872 2894 2861 2862 2878 2881 2882 2895 2858 2907 2883 2856 2884 2877 2904 2888 2880 2873 2857 2906 2853 2885 2852 2865 2851 2875 2887 2889 2871 2897 2860 2901 2868 2890 2893 2863 2867 2879 2866 2896 2886 2870 2900 2905 2869
9055 9020 9010 9048 9054 9015 9032 9011 9059 9030 9058 9047 9028 9050 9017 9018 9034 9037 9038 9051 9014 9063 9039 9012 9040 9033 9060 9044 9036 9029 9013 9062 9009 9041 9008 9021 9007 9031 9043 9045 9027 9053 9016 9057 9024 9046 9049 9019 9023 9035 9022 9052 9042 9026 9056 9061 9025
8827 8792 8782 8820 8826 8787 8804 8783 8831 8802 8830 8819 8800 8822 8789 8790 8806 8809 8810 8823 8786 8835 8811 8784 8812 8805 8832 8816 8808 8801 8785 8834 8781 8813 8780 8793 8779 8803 8815 8817 8799 8825 8788 8829 8796 8818 8821 8791 8795 8807 8794 8824 8814 8798 8828 8833 8797
4153 4118 4108 4146 4152 4113 4130 4109 4157 4128 4156 4145 4126 4148 4115 4116 4132 4135 4136 4149 4112 4161 4137 4110 4138 4131 4158 4142 4134 4127 4111 4160 4107 4139 4106 4119 4105 4129 4141 4143 4125 4151 4114 4155 4122 4144 4147 4117 4121 4133 4120 4150 4140 4124 4154 4159 4123
8884 8849 8839 8877 8883 8844 8861 8840 8888 8859 8887 8876 8857 8879 8846 8847 8863 8866 8867 8880 8843 8892 8868 8841 8869 8862 8889 8873 8865 8858 8842 8891 8838 8870 8837 8850 8836 8860 8872 8874 8856 8882 8845 8886 8853 8875 8878 8848 8852 8864 8851 8881 8871 8855 8885 8890 8854
9910 9875 9865 9903 9909 9870 9887 9866 9914 9885 9913 9902 9883 9905 9872 9873 9889 9892 9893 9906 9869 9918 9894 9867 9895 9888 9915 9899 9891 9884 9868 9917 9864 9896 9863 9876 9862 9886 9898 9900 9882 9908 9871 9912 9879 9901 9904 9874 9878 9890 9877 9907 9897 9881 9911 9916 9880
2215 2180 2170 2208 2214 2175 2192 2171 2219 2190 2218 2207 2188 2210 2177 2178 2194 2197 2198 2211 2174 2223 2199 2172 2200 2193 2220 2204 2196 2189 2173 2222 2169 2201 2168 2181 2167 2191 2203 2205 2187 2213 2176 2217 2184 2206 2209 2179 2183 2195 2182 2212 2202 2186 2216 2221 2185
1702 1667 1657 1695 1701 1662 1679 1658 1706 1677 1705 1694 1675 1697 1664 1665 1681 1684 1685 1698 1661 1710 1686 1659 1687 1680 1707 1691 1683 1676 1660 1709 1656 1688 1655 1668 1654 1678 1690 1692 1674 1700 1663 1704 1671 1693 1696 1666 1670 1682 1669 1699 1689 1673 1703 1708 1672
13387 13352 13342 13380 13386 13347 13364 13343 13391 13362 13390 13379 13360 13382 13349 13350 13366 13369 13370 13383 13346 13395 13371 13344 13372 13365 13392 13376 13368 13361 13345 13394 13341 13373 13340 13353 13339 13363 13375 13377 13359 13385 13348 13389 13356 13378 13381 13351 13355 13367 13354 13384 13374 13358 13388 13393 13357
847 812 802 840 846 807 824 803 851 822 850 839 820 842 809 810 826 829 830 843 806 855 831 804 832 825 852 836 828 821 805 854 801 833 800 813 799 823 835 837 819 845 808 849 816 838 841 811 815 827 814 844 834 818 848 853 817
3013 2978 2968 3006 3012 2973 2990 2969 3017 2988 3016 3005 2986 3008 2975 2976 2992 2995 2996 3009 2972 3021 2997 2970 2998 2991 3018 3002 2994 2987 2971 3020 2967 2999 2966 2979 2965 2989 3001 3003 2985 3011 2974 3015 2982 3004 3007 2977 2981 2993 2980 3010 3000 2984 3014 3019 2983
14185 14150 14140 14178 14184 14145 14162 14141 14189 14160 14188 14177 14158 14180 14147 14148 14164 14167 14168 14181 14144 14193 14169 14142 14170 14163 14190 14174 14166 14159 14143 14192 14139 14171 14138 14151 14137 14161 14173 14175 14157 14183 14146 14187 14154 14176 14179 14149 14153 14165 14152 14182 14172 14156 14186 14191 14155
10423 10388 10378 10416 10422 10383 10400 10379 10427 10398 10426 10415 10396 10418 10385 10386 10402 10405 10406 10419 10382 10431 10407 10380 10408 10401 10428 10412 10404 10397 10381 10430 10377 10409 10376 10389 10375 10399 10411 10413 10395 10421 10384 10425 10392 10414 10417 10387 10391 10403 10390 10420 10410 10394 10424 10429 10393
10822 10787 10777 10815 10821 10782 10799 10778 10826 10797 10825 10814 10795 10817 10784 10785 10801 10804 10805 10818 10781 10830 10806 10779 10807 10800 10827 10811 10803 10796 10780 10829 10776 10808 10775 10788 10774 10798 10810 10812 10794 10820 10783 10824 10791 10813 10816 10786 10790 10802 10789 10819 10809 10793 10823 10828 10792
15724 15689 15679 15717 15723 15684 15701 15680 15728 15699 15727 15716 15697 15719 15686 15687 15703 15706 15707 15720 15683 15732 15708 15681 15709 15702 15729 15713 15705 15698 15682 15731 15678 15710 15677 15690 15676 15700 15712 15714 15696 15722 15685 15726 15693 15715 15718 15688 15692 15704 15691 15721 15711 15695 15725 15730 15694
7915 7880 7870 7908 7914 7875 7892 7871 7919 7890 7918 7907 7888 7910 7877 7878 7894 7897 7898 7911 7874 7923 7899 7872 7900 7893 7920 7904 7896 7889 7873 7922 7869 7901 7868 7881 7867 7891 7903 7905 7887 7913 7876 7917 7884 7906 7909 7879 7883 7895 7882 7912 7902 7886 7916 7921 7885
15097 15062 15052 15090 15096 15057 15074 15053 15101 15072 15100 15089 15070 15092 15059 15060 15076 15079 15080 15093 15056 15105 15081 15054 15082 15075 15102 15086 15078 15071 15055 15104 15051 15083 15050 15063 15049 15073 15085 15087 15069 15095 15058 15099 15066 15088 15091 15061 15065 15077 15064 15094 15084 15068 15098 15103 15067
8029 7994 7984 8022 8028 7989 8006 7985 8033 8004 8032 8021 8002 8024 7991 7992 8008 8011 8012 8025 7988 8037 8013 7986 8014 8007 8034 8018 8010 8003 7987 8036 7983 8015 7982 7995 7981 8005 8017 8019 8001 8027 7990 8031 7998 8020 8023 7993 7997 8009 7996 8026 8016 8000 8030 8035 7999
2329 2294 2284 2322 2328 2289 2306 2285 2333 2304 2332 2321 2302 2324 2291 2292 2308 2311 2312 2325 2288 2337 2313 2286 2314 2307 2334 2318 2310 2303 2287 2336 2283 2315 2282 2295 2281 2305 2317 2319 2301 2327 2290 2331 2298 2320 2323 2293 2297 2309 2296 2326 2316 2300 2330 2335 2299
9511 9476 9466 9504 9510 9471 9488 9467 9515 9486 9514 9503 9484 9506 9473 9474 9490 9493 9494 9507 9470 9519 9495 9468 9496 9489 9516 9500 9492 9485 9469 9518 9465 9497 9464 9477 9463 9487 9499 9501 9483 9509 9472 9513 9480 9502 9505 9475 9479 9491 9478 9508 9498 9482 9512 9517 9481
8257 8222 8212 8250 8256 8217 8234 8213 8261 8232 8260 8249 8230 8252 8219 8220 8236 8239 8240 8253 8216 8265 8241 8214 8242 8235 8262 8246 8238 8231 8215 8264 8211 8243 8210 8223 8209 8233 8245 8247 8229 8255 8218 8259 8226 8248 8251 8221 8225 8237 8224 8254 8244 8228 8258 8263 8227
3412 3377 3367 3405 3411 3372 3389 3368 3416 3387 3415 3404 3385 3407 3374 3375 3391 3394 3395 3408 3371 3420 3396 3369 3397 3390 3417 3401 3393 3386 3370 3419 3366 3398 3365 3378 3364 3388 3400 3402 3384 3410 3373 3414 3381 3403 3406 3376 3380 3392 3379 3409 3399 3383 3413 3418 3382
7687 7652 7642 7680 7686 7647 7664 7643 7691 7662 7690 7679 7660 7682 7649 7650 7666 7669 7670 7683 7646 7695 7671 7644 7672 7665 7692 7676 7668 7661 7645 7694 7641 7673 7640 7653 7639 7663 7675 7677 7659 7685 7648 7689 7656 7678 7681 7651 7655 7667 7654 7684 7674 7658 7688 7693 7657
12418 12383 12373 12411 12417 12378 12395 12374 12422 12393 12421 12410 12391 12413 12380 12381 12397 12400 12401 12414 12377 12426 12402 12375 12403 12396 12423 12407 12399 12392 12376 12425 12372 12404 12371 12384 12370 12394 12406 12408 12390 12416 12379 12420 12387 12409 12412 12382 12386 12398 12385 12415 12405 12389 12419 12424 12388
6889 6854 6844 6882 6888 6849 6866 6845 6893 6864 6892 6881 6862 6884 6851 6852 6868 6871 6872 6885 6848 6897 6873 6846 6874 6867 6894 6878 6870 6863 6847 6896 6843 6875 6842 6855 6841 6865 6877 6879 6861 6887 6850 6891 6858 6880 6883 6853 6857 6869 6856 6886 6876 6860 6890 6895 6859
15496 15461 15451 15489 15495 15456 15473 15452 15500 15471 15499 15488 15469 15491 15458 15459 15475 15478 15479 15492 15455 15504 15480 15453 15481 15474 15501 15485 15477 15470 15454 15503 15450 15482 15449 15462 15448 15472 15484 15486 15468 15494 15457 15498 15465 15487 15490 15460 15464 15476 15463 15493 15483 15467 15497 15502 15466
16693 16658 16648 16686 16692 16653 16670 16649 16697 16668 16696 16685 16666 16688 16655 16656 16672 16675 16676 16689 16652 16701 16677 16650 16678 16671 16698 16682 16674 16667 16651 16700 16647 16679 16646 16659 16645 16669 16681 16683 16665 16691 16654 16695 16662 16684 16687 16657 16661 16673 16660 16690 16680 16664 16694 16699 16663
6604 6569 6559 6597 6603 6564 6581 6560 6608 6579 6607 6596 6577 6599 6566 6567 6583 6586 6587 6600 6563 6612 6588 6561 6589 6582 6609 6593 6585 6578 6562 6611 6558 6590 6557 6570 6556 6580 6592 6594 6576 6602 6565 6606 6573 6595 6598 6568 6572 6584 6571 6601 6591 6575 6605 6610 6574
6376 6341 6331 6369 6375 6336 6353 6332 6380 6351 6379 6368 6349 6371 6338 6339 6355 6358 6359 6372 6335 6384 6360 6333 6361 6354 6381 6365 6357 6350 6334 6383 6330 6362 6329 6342 6328 6352 6364 6366 6348 6374 6337 6378 6345 6367 6370 6340 6344 6356 6343 6373 6363 6347 6377 6382 6346
14641 14606 14596 14634 14640 14601 14618 14597 14645 14616 14644 14633 14614 14636 14603 14604 14620 14623 14624 14637 14600 14649 14625 14598 14626 14619 14646 14630 14622 14615 14599 14648 14595 14627 14594 14607 14593 14617 14629 14631 14613 14639 14602 14643 14610 14632 14635 14605 14609 14621 14608 14638 14628 14612 14642 14647 14611
6547 6512 6502 6540 6546 6507 6524 6503 6551 6522 6550 6539 6520 6542 6509 6510 6526 6529 6530 6543 6506 6555 6531 6504 6532 6525 6552 6536 6528 6521 6505 6554 6501 6533 6500 6513 6499 6523 6535 6537 6519 6545 6508 6549 6516 6538 6541 6511 6515 6527 6514 6544 6534 6518 6548 6553 6517
790 755 745 783 789 750 767 746 794 765 793 782 763 785 752 753 769 772 773 786 749 798 774 747 775 768 795 779 771 764 748 797 744 776 743 756 742 766 778 780 762 788 751 792 759 781 784 754 758 770 757 787 777 761 791 796 760
163 128 118 156 162 123 140 119 167 138 166 155 136 158 125 126 142 145 146 159 122 171 147 120 148 141 168 152 144 137 121 170 117 149 116 129 115 139 151 153 135 161 124 165 132 154 157 127 131 143 130 160 150 134 164 169 133
9568 9533 9523 9561 9567 9528 9545 9524 9572 9543 9571 9560 9541 9563 9530 9531 9547 9550 9551 9564 9527 9576 9552 9525 9553 9546 9573 9557 9549 9542 9526 9575 9522 9554 9521 9534 9520 9544 9556 9558 9540 9566 9529 9570 9537 9559 9562 9532 9536 9548 9535 9565 9555 9539 9569 9574 9538
7972 7937 7927 7965 7971 7932 7949 7928 7976 7947 7975 7964 7945 7967 7934 7935 7951 7954 7955 7968 7931 7980 7956 7929 7957 7950 7977 7961 7953 7946 7930 7979 7926 7958 7925 7938 7924 7948 7960 7962 7944 7970 7933 7974 7941 7963 7966 7936 7940 7952 7939 7969 7959 7943 7973 7978 7942
12304 12269 12259 12297 12303 12264 12281 12260 12308 12279 12307 12296 12277 12299 12266 12267 12283 12286 12287 12300 12263 12312 12288 12261 12289 12282 12309 12293 12285 12278 12262 12311 12258 12290 12257 12270 12256 12280 12292 12294 12276 12302 12265 12306 12273 12295 12298 12268 12272 12284 12271 12301 12291 12275 12305 12310 12274
1417 1382 1372 1410 1416 1377 1394 1373 1421 1392 1420 1409 1390 1412 1379 1380 1396 1399 1400 1413 1376 1425 1401 1374 1402 1395 1422 1406 1398 1391 1375 1424 1371 1403 1370 1383 1369 1393 1405 1407 1389 1415 1378 1419 1386 1408 1411 1381 1385 1397 1384 1414 1404 1388 1418 1423 1387
8542 8507 8497 8535 8541 8502 8519 8498 8546 8517 8545 8534 8515 8537 8504 8505 8521 8524 8525 8538 8501 8550 8526 8499 8527 8520 8547 8531 8523 8516 8500 8549 8496 8528 8495 8508 8494 8518 8530 8532 8514 8540 8503 8544 8511 8533 8536 8506 8510 8522 8509 8539 8529 8513 8543 8548 8512
1246 1211 1201 1239 1245 1206 1223 1202 1250 1221 1249 1238 1219 1241 1208 1209 1225 1228 1229 1242 1205 1254 1230 1203 1231 1224 1251 1235 1227 1220 1204 1253 1200 1232 1199 1212 1198 1222 1234 1236 1218 1244 1207 1248 1215 1237 1240 1210 1214 1226 1213 1243 1233 1217 1247 1252 1216
11050 11015 11005 11043 11049 11010 11027 11006 11054 11025 11053 11042 11023 11045 11012 11013 11029 11032 11033 11046 11009 11058 11034 11007 11035 11028 11055 11039 11031 11024 11008 11057 11004 11036 11003 11016 11002 11026 11038 11040 11022 11048 11011 11052 11019 11041 11044 11014 11018 11030 11017 11047 11037 11021 11051 11056 11020
4039 4004 3994 4032 4038 3999 4016 3995 4043 4014 4042 4031 4012 4034 4001 4002 4018 4021 4022 4035 3998 4047 4023 3996 4024 4017 4044 4028 4020 4013 3997 4046 3993 4025 3992 4005 3991 4015 4027 4029 4011 4037 4000 4041 4008 4030 4033 4003 4007 4019 4006 4036 4026 4010 4040 4045 4009
2500 2465 2455 2493 2499 2460 2477 2456 2504 2475 2503 2492 2473 2495 2462 2463 2479 2482 2483 2496 2459 2508 2484 2457 2485 2478 2505 2489 2481 2474 2458 2507 2454 2486 2453 2466 2452 2476 2488 2490 2472 2498 2461 2502 2469 2491 2494 2464 2468 2480 2467 2497 2487 2471 2501 2506 2470
15781 15746 15736 15774 15780 15741 15758 15737 15785 15756 15784 15773 15754 15776 15743 15744 15760 15763 15764 15777 15740 15789 15765 15738 15766 15759 15786 15770 15762 15755 15739 15788 15735 15767 15734 15747 15733 15757 15769 15771 15753 15779 15742 15783 15750 15772 15775 15745 15749 15761 15748 15778 15768 15752 15782 15787 15751
5749 5714 5704 5742 5748 5709 5726 5705 5753 5724 5752 5741 5722 5744 5711 5712 5728 5731 5732 5745 5708 5757 5733 5706 5734 5727 5754 5738 5730 5723 5707 5756 5703 5735 5702 5715 5701 5725 5737 5739 5721 5747 5710 5751 5718 5740 5743 5713 5717 5729 5716 5746 5736 5720 5750 5755 5719
2956 2921 2911 2949 2955 2916 2933 2912 2960 2931 2959 2948 2929 2951 2918 2919 2935 2938 2939 2952 2915 2964 2940 2913 2941 2934 2961 2945 2937 2930 2914 2963 2910 2942 2909 2922 2908 2932 2944 2946 2928 2954 2917 2958 2925 2947 2950 2920 2924 2936 2923 2953 2943 2927 2957 2962 2926
9112 9077 9067 9105 9111 9072 9089 9068 9116 9087 9115 9104 9085 9107 9074 9075 9091 9094 9095 9108 9071 9120 9096 9069 9097 9090 9117 9101 9093 9086 9070 9119 9066 9098 9065 9078 9064 9088 9100 9102 9084 9110 9073 9114 9081 9103 9106 9076 9080 9092 9079 9109 9099 9083 9113 9118 9082
15439 15404 15394 15432 15438 15399 15416 15395 15443 15414 15442 15431 15412 15434 15401 15402 15418 15421 15422 15435 15398 15447 15423 15396 15424 15417 15444 15428 15420 15413 15397 15446 15393 15425 15392 15405 15391 15415 15427 15429 15411 15437 15400 15441 15408 15430 15433 15403 15407 15419 15406 15436 15426 15410 15440 15445 15409
7288 7253 7243 7281 7287 7248 7265 7244 7292 7263 7291 7280 7261 7283 7250 7251 7267 7270 7271 7284 7247 7296 7272 7245 7273 7266 7293 7277 7269 7262 7246 7295 7242 7274 7241 7254 7240 7264 7276 7278 7260 7286 7249 7290 7257 7279 7282 7252 7256 7268 7255 7285 7275 7259 7289 7294 7258
6946 6911 6901 6939 6945 6906 6923 6902 6950 6921 6949 6938 6919 6941 6908 6909 6925 6928 6929 6942 6905 6954 6930 6903 6931 6924 6951 6935 6927 6920 6904 6953 6900 6932 6899 6912 6898 6922 6934 6936 6918 6944 6907 6948 6915 6937 6940 6910 6914 6926 6913 6943 6933 6917 6947 6952 6916
12931 12896 12886 12924 12930 12891 12908 12887 12935 12906 12934 12923 12904 12926 12893 12894 12910 12913 12914 12927 12890 12939 12915 12888 12916 12909 12936 12920 12912 12905 12889 12938 12885 12917 12884 12897 12883 12907 12919 12921 12903 12929 12892 12933 12900 12922 12925 12895 12899 12911 12898 12928 12918 12902 12932 12937 12901
5464 5429 5419 5457 5463 5424 5441 5420 5468 5439 5467 5456 5437 5459 5426 5427 5443 5446 5447 5460 5423 5472 5448 5421 5449 5442 5469 5453 5445 5438 5422 5471 5418 5450 5417 5430 5416 5440 5452 5454 5436 5462 5425 5466 5433 5455 5458 5428 5432 5444 5431 5461 5451 5435 5465 5470 5434
277 242 232 270 276 237 254 233 281 252 280 269 250 272 239 240 256 259 260 273 236 285 261 234 262 255 282 266 258 251 235 284 231 263 230 243 229 253 265 267 249 275 238 279 246 268 271 241 245 257 244 274 264 248 278 283 247
