100 100
2586 2501 2527 2567 2537 2539 2580 2511 2584 2522 2571 2505 2563 2568 2573 2583 2507 2575 2564 2553 2591 2547 2588 2515 2595 2529 2555 2579 2582 2590 2554 2566 2502 2526 2530 2517 2592 2504 2503 2535 2556 2593 2559 2536 2569 2519 2585 2510 2577 2540 2581 2596 2597 2518 2600 2561 2544 2560 2532 2531 2523 2552 2509 2528 2599 2562 2513 2565 2549 2546 2550 2512 2524 2557 2543 2506 2533 2548 2508 2598 2545 2521 2589 2520 2534 2538 2558 2570 2516 2572 2514 2525 2574 2578 2587 2541 2542 2576 2551 2594
486 401 427 467 437 439 480 411 484 422 471 405 463 468 473 483 407 475 464 453 491 447 488 415 495 429 455 479 482 490 454 466 402 426 430 417 492 404 403 435 456 493 459 436 469 419 485 410 477 440 481 496 497 418 500 461 444 460 432 431 423 452 409 428 499 462 413 465 449 446 450 412 424 457 443 406 433 448 408 498 445 421 489 420 434 438 458 470 416 472 414 425 474 478 487 441 442 476 451 494
7486 7401 7427 7467 7437 7439 7480 7411 7484 7422 7471 7405 7463 7468 7473 7483 7407 7475 7464 7453 7491 7447 7488 7415 7495 7429 7455 7479 7482 7490 7454 7466 7402 7426 7430 7417 7492 7404 7403 7435 7456 7493 7459 7436 7469 7419 7485 7410 7477 7440 7481 7496 7497 7418 7500 7461 7444 7460 7432 7431 7423 7452 7409 7428 7499 7462 7413 7465 7449 7446 7450 7412 7424 7457 7443 7406 7433 7448 7408 7498 7445 7421 7489 7420 7434 7438 7458 7470 7416 7472 7414 7425 7474 7478 7487 7441 7442 7476 7451 7494
7586 7501 7527 7567 7537 7539 7580 7511 7584 7522 7571 7505 7563 7568 7573 7583 7507 7575 7564 7553 7591 7547 7588 7515 7595 7529 7555 7579 7582 7590 7554 7566 7502 7526 7530 7517 7592 7504 7503 7535 7556 7593 7559 7536 7569 7519 7585 7510 7577 7540 7581 7596 7597 7518 7600 7561 7544 7560 7532 7531 7523 7552 7509 7528 7599 7562 7513 7565 7549 7546 7550 7512 7524 7557 7543 7506 7533 7548 7508 7598 7545 7521 7589 7520 7534 7538 7558 7570 7516 7572 7514 7525 7574 7578 7587 7541 7542 7576 7551 7594
5386 5301 5327 5367 5337 5339 5380 5311 5384 5322 5371 5305 5363 5368 5373 5383 5307 5375 5364 5353 5391 5347 5388 5315 5395 5329 5355 5379 5382 5390 5354 5366 5302 5326 5330 5317 5392 5304 5303 5335 5356 5393 5359 5336 5369 5319 5385 5310 5377 5340 5381 5396 5397 5318 5400 5361 5344 5360 5332 5331 5323 5352 5309 5328 5399 5362 5313 5365 5349 5346 5350 5312 5324 5357 5343 5306 5333 5348 5308 5398 5345 5321 5389 5320 5334 5338 5358 5370 5316 5372 5314 5325 5374 5378 5387 5341 5342 5376 5351 5394
2186 2101 2127 2167 2137 2139 2180 2111 2184 2122 2171 2105 2163 2168 2173 2183 2107 2175 2164 2153 2191 2147 2188 2115 2195 2129 2155 2179 2182 2190 2154 2166 2102 2126 2130 2117 2192 2104 2103 2135 2156 2193 2159 2136 2169 2119 2185 2110 2177 2140 2181 2196 2197 2118 2200 2161 2144 2160 2132 2131 2123 2152 2109 2128 2199 2162 2113 2165 2149 2146 2150 2112 2124 2157 2143 2106 2133 2148 2108 2198 2145 2121 2189 2120 2134 2138 2158 2170 2116 2172 2114 2125 2174 2178 2187 2141 2142 2176 2151 2194
686 601 627 667 637 639 680 611 684 622 671 605 663 668 673 683 607 675 664 653 691 647 688 615 695 629 655 679 682 690 654 666 602 626 630 617 692 604 603 635 656 693 659 636 669 619 685 610 677 640 681 696 697 618 700 661 644 660 632 631 623 652 609 628 699 662 613 665 649 646 650 612 624 657 643 606 633 648 608 698 645 621 689 620 634 638 658 670 616 672 614 625 674 678 687 641 642 676 651 694
8586 8501 8527 8567 8537 8539 8580 8511 8584 8522 8571 8505 8563 8568 8573 8583 8507 8575 8564 8553 8591 8547 8588 8515 8595 8529 8555 8579 8582 8590 8554 8566 8502 8526 8530 8517 8592 8504 8503 8535 8556 8593 8559 8536 8569 8519 8585 8510 8577 8540 8581 8596 8597 8518 8600 8561 8544 8560 8532 8531 8523 8552 8509 8528 8599 8562 8513 8565 8549 8546 8550 8512 8524 8557 8543 8506 8533 8548 8508 8598 8545 8521 8589 8520 8534 8538 8558 8570 8516 8572 8514 8525 8574 8578 8587 8541 8542 8576 8551 8594
4786 4701 4727 4767 4737 4739 4780 4711 4784 4722 4771 4705 4763 4768 4773 4783 4707 4775 4764 4753 4791 4747 4788 4715 4795 4729 4755 4779 4782 4790 4754 4766 4702 4726 4730 4717 4792 4704 4703 4735 4756 4793 4759 4736 4769 4719 4785 4710 4777 4740 4781 4796 4797 4718 4800 4761 4744 4760 4732 4731 4723 4752 4709 4728 4799 4762 4713 4765 4749 4746 4750 4712 4724 4757 4743 4706 4733 4748 4708 4798 4745 4721 4789 4720 4734 4738 4758 4770 4716 4772 4714 4725 4774 4778 4787 4741 4742 4776 4751 4794
1686 1601 1627 1667 1637 1639 1680 1611 1684 1622 1671 1605 1663 1668 1673 1683 1607 1675 1664 1653 1691 1647 1688 1615 1695 1629 1655 1679 1682 1690 1654 1666 1602 1626 1630 1617 1692 1604 1603 1635 1656 1693 1659 1636 1669 1619 1685 1610 1677 1640 1681 1696 1697 1618 1700 1661 1644 1660 1632 1631 1623 1652 1609 1628 1699 1662 1613 1665 1649 1646 1650 1612 1624 1657 1643 1606 1633 1648 1608 1698 1645 1621 1689 1620 1634 1638 1658 1670 1616 1672 1614 1625 1674 1678 1687 1641 1642 1676 1651 1694
9786 9701 9727 9767 9737 9739 9780 9711 9784 9722 9771 9705 9763 9768 9773 9783 9707 9775 9764 9753 9791 9747 9788 9715 9795 9729 9755 9779 9782 9790 9754 9766 9702 9726 9730 9717 9792 9704 9703 9735 9756 9793 9759 9736 9769 9719 9785 9710 9777 9740 9781 9796 9797 9718 9800 9761 9744 9760 9732 9731 9723 9752 9709 9728 9799 9762 9713 9765 9749 9746 9750 9712 9724 9757 9743 9706 9733 9748 9708 9798 9745 9721 9789 9720 9734 9738 9758 9770 9716 9772 9714 9725 9774 9778 9787 9741 9742 9776 9751 9794
1286 1201 1227 1267 1237 1239 1280 1211 1284 1222 1271 1205 1263 1268 1273 1283 1207 1275 1264 1253 1291 1247 1288 1215 1295 1229 1255 1279 1282 1290 1254 1266 1202 1226 1230 1217 1292 1204 1203 1235 1256 1293 1259 1236 1269 1219 1285 1210 1277 1240 1281 1296 1297 1218 1300 1261 1244 1260 1232 1231 1223 1252 1209 1228 1299 1262 1213 1265 1249 1246 1250 1212 1224 1257 1243 1206 1233 1248 1208 1298 1245 1221 1289 1220 1234 1238 1258 1270 1216 1272 1214 1225 1274 1278 1287 1241 1242 1276 1251 1294
4886 4801 4827 4867 4837 4839 4880 4811 4884 4822 4871 4805 4863 4868 4873 4883 4807 4875 4864 4853 4891 4847 4888 4815 4895 4829 4855 4879 4882 4890 4854 4866 4802 4826 4830 4817 4892 4804 4803 4835 4856 4893 4859 4836 4869 4819 4885 4810 4877 4840 4881 4896 4897 4818 4900 4861 4844 4860 4832 4831 4823 4852 4809 4828 4899 4862 4813 4865 4849 4846 4850 4812 4824 4857 4843 4806 4833 4848 4808 4898 4845 4821 4889 4820 4834 4838 4858 4870 4816 4872 4814 4825 4874 4878 4887 4841 4842 4876 4851 4894
1386 1301 1327 1367 1337 1339 1380 1311 1384 1322 1371 1305 1363 1368 1373 1383 1307 1375 1364 1353 1391 1347 1388 1315 1395 1329 1355 1379 1382 1390 1354 1366 1302 1326 1330 1317 1392 1304 1303 1335 1356 1393 1359 1336 1369 1319 1385 1310 1377 1340 1381 1396 1397 1318 1400 1361 1344 1360 1332 1331 1323 1352 1309 1328 1399 1362 1313 1365 1349 1346 1350 1312 1324 1357 1343 1306 1333 1348 1308 1398 1345 1321 1389 1320 1334 1338 1358 1370 1316 1372 1314 1325 1374 1378 1387 1341 1342 1376 1351 1394
2986 2901 2927 2967 2937 2939 2980 2911 2984 2922 2971 2905 2963 2968 2973 2983 2907 2975 2964 2953 2991 2947 2988 2915 2995 2929 2955 2979 2982 2990 2954 2966 2902 2926 2930 2917 2992 2904 2903 2935 2956 2993 2959 2936 2969 2919 2985 2910 2977 2940 2981 2996 2997 2918 3000 2961 2944 2960 2932 2931 2923 2952 2909 2928 2999 2962 2913 2965 2949 2946 2950 2912 2924 2957 2943 2906 2933 2948 2908 2998 2945 2921 2989 2920 2934 2938 2958 2970 2916 2972 2914 2925 2974 2978 2987 2941 2942 2976 2951 2994
8386 8301 8327 8367 8337 8339 8380 8311 8384 8322 8371 8305 8363 8368 8373 8383 8307 8375 8364 8353 8391 8347 8388 8315 8395 8329 8355 8379 8382 8390 8354 8366 8302 8326 8330 8317 8392 8304 8303 8335 8356 8393 8359 8336 8369 8319 8385 8310 8377 8340 8381 8396 8397 8318 8400 8361 8344 8360 8332 8331 8323 8352 8309 8328 8399 8362 8313 8365 8349 8346 8350 8312 8324 8357 8343 8306 8333 8348 8308 8398 8345 8321 8389 8320 8334 8338 8358 8370 8316 8372 8314 8325 8374 8378 8387 8341 8342 8376 8351 8394
4486 4401 4427 4467 4437 4439 4480 4411 4484 4422 4471 4405 4463 4468 4473 4483 4407 4475 4464 4453 4491 4447 4488 4415 4495 4429 4455 4479 4482 4490 4454 4466 4402 4426 4430 4417 4492 4404 4403 4435 4456 4493 4459 4436 4469 4419 4485 4410 4477 4440 4481 4496 4497 4418 4500 4461 4444 4460 4432 4431 4423 4452 4409 4428 4499 4462 4413 4465 4449 4446 4450 4412 4424 4457 4443 4406 4433 4448 4408 4498 4445 4421 4489 4420 4434 4438 4458 4470 4416 4472 4414 4425 4474 4478 4487 4441 4442 4476 4451 4494
7086 7001 7027 7067 7037 7039 7080 7011 7084 7022 7071 7005 7063 7068 7073 7083 7007 7075 7064 7053 7091 7047 7088 7015 7095 7029 7055 7079 7082 7090 7054 7066 7002 7026 7030 7017 7092 7004 7003 7035 7056 7093 7059 7036 7069 7019 7085 7010 7077 7040 7081 7096 7097 7018 7100 7061 7044 7060 7032 7031 7023 7052 7009 7028 7099 7062 7013 7065 7049 7046 7050 7012 7024 7057 7043 7006 7033 7048 7008 7098 7045 7021 7089 7020 7034 7038 7058 7070 7016 7072 7014 7025 7074 7078 7087 7041 7042 7076 7051 7094
5986 5901 5927 5967 5937 5939 5980 5911 5984 5922 5971 5905 5963 5968 5973 5983 5907 5975 5964 5953 5991 5947 5988 5915 5995 5929 5955 5979 5982 5990 5954 5966 5902 5926 5930 5917 5992 5904 5903 5935 5956 5993 5959 5936 5969 5919 5985 5910 5977 5940 5981 5996 5997 5918 6000 5961 5944 5960 5932 5931 5923 5952 5909 5928 5999 5962 5913 5965 5949 5946 5950 5912 5924 5957 5943 5906 5933 5948 5908 5998 5945 5921 5989 5920 5934 5938 5958 5970 5916 5972 5914 5925 5974 5978 5987 5941 5942 5976 5951 5994
3986 3901 3927 3967 3937 3939 3980 3911 3984 3922 3971 3905 3963 3968 3973 3983 3907 3975 3964 3953 3991 3947 3988 3915 3995 3929 3955 3979 3982 3990 3954 3966 3902 3926 3930 3917 3992 3904 3903 3935 3956 3993 3959 3936 3969 3919 3985 3910 3977 3940 3981 3996 3997 3918 4000 3961 3944 3960 3932 3931 3923 3952 3909 3928 3999 3962 3913 3965 3949 3946 3950 3912 3924 3957 3943 3906 3933 3948 3908 3998 3945 3921 3989 3920 3934 3938 3958 3970 3916 3972 3914 3925 3974 3978 3987 3941 3942 3976 3951 3994
3686 3601 3627 3667 3637 3639 3680 3611 3684 3622 3671 3605 3663 3668 3673 3683 3607 3675 3664 3653 3691 3647 3688 3615 3695 3629 3655 3679 3682 3690 3654 3666 3602 3626 3630 3617 3692 3604 3603 3635 3656 3693 3659 3636 3669 3619 3685 3610 3677 3640 3681 3696 3697 3618 3700 3661 3644 3660 3632 3631 3623 3652 3609 3628 3699 3662 3613 3665 3649 3646 3650 3612 3624 3657 3643 3606 3633 3648 3608 3698 3645 3621 3689 3620 3634 3638 3658 3670 3616 3672 3614 3625 3674 3678 3687 3641 3642 3676 3651 3694
6586 6501 6527 6567 6537 6539 6580 6511 6584 6522 6571 6505 6563 6568 6573 6583 6507 6575 6564 6553 6591 6547 6588 6515 6595 6529 6555 6579 6582 6590 6554 6566 6502 6526 6530 6517 6592 6504 6503 6535 6556 6593 6559 6536 6569 6519 6585 6510 6577 6540 6581 6596 6597 6518 6600 6561 6544 6560 6532 6531 6523 6552 6509 6528 6599 6562 6513 6565 6549 6546 6550 6512 6524 6557 6543 6506 6533 6548 6508 6598 6545 6521 6589 6520 6534 6538 6558 6570 6516 6572 6514 6525 6574 6578 6587 6541 6542 6576 6551 6594
886 801 827 867 837 839 880 811 884 822 871 805 863 868 873 883 807 875 864 853 891 847 888 815 895 829 855 879 882 890 854 866 802 826 830 817 892 804 803 835 856 893 859 836 869 819 885 810 877 840 881 896 897 818 900 861 844 860 832 831 823 852 809 828 899 862 813 865 849 846 850 812 824 857 843 806 833 848 808 898 845 821 889 820 834 838 858 870 816 872 814 825 874 878 887 841 842 876 851 894
6686 6601 6627 6667 6637 6639 6680 6611 6684 6622 6671 6605 6663 6668 6673 6683 6607 6675 6664 6653 6691 6647 6688 6615 6695 6629 6655 6679 6682 6690 6654 6666 6602 6626 6630 6617 6692 6604 6603 6635 6656 6693 6659 6636 6669 6619 6685 6610 6677 6640 6681 6696 6697 6618 6700 6661 6644 6660 6632 6631 6623 6652 6609 6628 6699 6662 6613 6665 6649 6646 6650 6612 6624 6657 6643 6606 6633 6648 6608 6698 6645 6621 6689 6620 6634 6638 6658 6670 6616 6672 6614 6625 6674 6678 6687 6641 6642 6676 6651 6694
286 201 227 267 237 239 280 211 284 222 271 205 263 268 273 283 207 275 264 253 291 247 288 215 295 229 255 279 282 290 254 266 202 226 230 217 292 204 203 235 256 293 259 236 269 219 285 210 277 240 281 296 297 218 300 261 244 260 232 231 223 252 209 228 299 262 213 265 249 246 250 212 224 257 243 206 233 248 208 298 245 221 289 220 234 238 258 270 216 272 214 225 274 278 287 241 242 276 251 294
4286 4201 4227 4267 4237 4239 4280 4211 4284 4222 4271 4205 4263 4268 4273 4283 4207 4275 4264 4253 4291 4247 4288 4215 4295 4229 4255 4279 4282 4290 4254 4266 4202 4226 4230 4217 4292 4204 4203 4235 4256 4293 4259 4236 4269 4219 4285 4210 4277 4240 4281 4296 4297 4218 4300 4261 4244 4260 4232 4231 4223 4252 4209 4228 4299 4262 4213 4265 4249 4246 4250 4212 4224 4257 4243 4206 4233 4248 4208 4298 4245 4221 4289 4220 4234 4238 4258 4270 4216 4272 4214 4225 4274 4278 4287 4241 4242 4276 4251 4294
9386 9301 9327 9367 9337 9339 9380 9311 9384 9322 9371 9305 9363 9368 9373 9383 9307 9375 9364 9353 9391 9347 9388 9315 9395 9329 9355 9379 9382 9390 9354 9366 9302 9326 9330 9317 9392 9304 9303 9335 9356 9393 9359 9336 9369 9319 9385 9310 9377 9340 9381 9396 9397 9318 9400 9361 9344 9360 9332 9331 9323 9352 9309 9328 9399 9362 9313 9365 9349 9346 9350 9312 9324 9357 9343 9306 9333 9348 9308 9398 9345 9321 9389 9320 9334 9338 9358 9370 9316 9372 9314 9325 9374 9378 9387 9341 9342 9376 9351 9394
6886 6801 6827 6867 6837 6839 6880 6811 6884 6822 6871 6805 6863 6868 6873 6883 6807 6875 6864 6853 6891 6847 6888 6815 6895 6829 6855 6879 6882 6890 6854 6866 6802 6826 6830 6817 6892 6804 6803 6835 6856 6893 6859 6836 6869 6819 6885 6810 6877 6840 6881 6896 6897 6818 6900 6861 6844 6860 6832 6831 6823 6852 6809 6828 6899 6862 6813 6865 6849 6846 6850 6812 6824 6857 6843 6806 6833 6848 6808 6898 6845 6821 6889 6820 6834 6838 6858 6870 6816 6872 6814 6825 6874 6878 6887 6841 6842 6876 6851 6894
8486 8401 8427 8467 8437 8439 8480 8411 8484 8422 8471 8405 8463 8468 8473 8483 8407 8475 8464 8453 8491 8447 8488 8415 8495 8429 8455 8479 8482 8490 8454 8466 8402 8426 8430 8417 8492 8404 8403 8435 8456 8493 8459 8436 8469 8419 8485 8410 8477 8440 8481 8496 8497 8418 8500 8461 8444 8460 8432 8431 8423 8452 8409 8428 8499 8462 8413 8465 8449 8446 8450 8412 8424 8457 8443 8406 8433 8448 8408 8498 8445 8421 8489 8420 8434 8438 8458 8470 8416 8472 8414 8425 8474 8478 8487 8441 8442 8476 8451 8494
1086 1001 1027 1067 1037 1039 1080 1011 1084 1022 1071 1005 1063 1068 1073 1083 1007 1075 1064 1053 1091 1047 1088 1015 1095 1029 1055 1079 1082 1090 1054 1066 1002 1026 1030 1017 1092 1004 1003 1035 1056 1093 1059 1036 1069 1019 1085 1010 1077 1040 1081 1096 1097 1018 1100 1061 1044 1060 1032 1031 1023 1052 1009 1028 1099 1062 1013 1065 1049 1046 1050 1012 1024 1057 1043 1006 1033 1048 1008 1098 1045 1021 1089 1020 1034 1038 1058 1070 1016 1072 1014 1025 1074 1078 1087 1041 1042 1076 1051 1094
4986 4901 4927 4967 4937 4939 4980 4911 4984 4922 4971 4905 4963 4968 4973 4983 4907 4975 4964 4953 4991 4947 4988 4915 4995 4929 4955 4979 4982 4990 4954 4966 4902 4926 4930 4917 4992 4904 4903 4935 4956 4993 4959 4936 4969 4919 4985 4910 4977 4940 4981 4996 4997 4918 5000 4961 4944 4960 4932 4931 4923 4952 4909 4928 4999 4962 4913 4965 4949 4946 4950 4912 4924 4957 4943 4906 4933 4948 4908 4998 4945 4921 4989 4920 4934 4938 4958 4970 4916 4972 4914 4925 4974 4978 4987 4941 4942 4976 4951 4994
3886 3801 3827 3867 3837 3839 3880 3811 3884 3822 3871 3805 3863 3868 3873 3883 3807 3875 3864 3853 3891 3847 3888 3815 3895 3829 3855 3879 3882 3890 3854 3866 3802 3826 3830 3817 3892 3804 3803 3835 3856 3893 3859 3836 3869 3819 3885 3810 3877 3840 3881 3896 3897 3818 3900 3861 3844 3860 3832 3831 3823 3852 3809 3828 3899 3862 3813 3865 3849 3846 3850 3812 3824 3857 3843 3806 3833 3848 3808 3898 3845 3821 3889 3820 3834 3838 3858 3870 3816 3872 3814 3825 3874 3878 3887 3841 3842 3876 3851 3894
2386 2301 2327 2367 2337 2339 2380 2311 2384 2322 2371 2305 2363 2368 2373 2383 2307 2375 2364 2353 2391 2347 2388 2315 2395 2329 2355 2379 2382 2390 2354 2366 2302 2326 2330 2317 2392 2304 2303 2335 2356 2393 2359 2336 2369 2319 2385 2310 2377 2340 2381 2396 2397 2318 2400 2361 2344 2360 2332 2331 2323 2352 2309 2328 2399 2362 2313 2365 2349 2346 2350 2312 2324 2357 2343 2306 2333 2348 2308 2398 2345 2321 2389 2320 2334 2338 2358 2370 2316 2372 2314 2325 2374 2378 2387 2341 2342 2376 2351 2394
5086 5001 5027 5067 5037 5039 5080 5011 5084 5022 5071 5005 5063 5068 5073 5083 5007 5075 5064 5053 5091 5047 5088 5015 5095 5029 5055 5079 5082 5090 5054 5066 5002 5026 5030 5017 5092 5004 5003 5035 5056 5093 5059 5036 5069 5019 5085 5010 5077 5040 5081 5096 5097 5018 5100 5061 5044 5060 5032 5031 5023 5052 5009 5028 5099 5062 5013 5065 5049 5046 5050 5012 5024 5057 5043 5006 5033 5048 5008 5098 5045 5021 5089 5020 5034 5038 5058 5070 5016 5072 5014 5025 5074 5078 5087 5041 5042 5076 5051 5094
7886 7801 7827 7867 7837 7839 7880 7811 7884 7822 7871 7805 7863 7868 7873 7883 7807 7875 7864 7853 7891 7847 7888 7815 7895 7829 7855 7879 7882 7890 7854 7866 7802 7826 7830 7817 7892 7804 7803 7835 7856 7893 7859 7836 7869 7819 7885 7810 7877 7840 7881 7896 7897 7818 7900 7861 7844 7860 7832 7831 7823 7852 7809 7828 7899 7862 7813 7865 7849 7846 7850 7812 7824 7857 7843 7806 7833 7848 7808 7898 7845 7821 7889 7820 7834 7838 7858 7870 7816 7872 7814 7825 7874 7878 7887 7841 7842 7876 7851 7894
2486 2401 2427 2467 2437 2439 2480 2411 2484 2422 2471 2405 2463 2468 2473 2483 2407 2475 2464 2453 2491 2447 2488 2415 2495 2429 2455 2479 2482 2490 2454 2466 2402 2426 2430 2417 2492 2404 2403 2435 2456 2493 2459 2436 2469 2419 2485 2410 2477 2440 2481 2496 2497 2418 2500 2461 2444 2460 2432 2431 2423 2452 2409 2428 2499 2462 2413 2465 2449 2446 2450 2412 2424 2457 2443 2406 2433 2448 2408 2498 2445 2421 2489 2420 2434 2438 2458 2470 2416 2472 2414 2425 2474 2478 2487 2441 2442 2476 2451 2494
1586 1501 1527 1567 1537 1539 1580 1511 1584 1522 1571 1505 1563 1568 1573 1583 1507 1575 1564 1553 1591 1547 1588 1515 1595 1529 1555 1579 1582 1590 1554 1566 1502 1526 1530 1517 1592 1504 1503 1535 1556 1593 1559 1536 1569 1519 1585 1510 1577 1540 1581 1596 1597 1518 1600 1561 1544 1560 1532 1531 1523 1552 1509 1528 1599 1562 1513 1565 1549 1546 1550 1512 1524 1557 1543 1506 1533 1548 1508 1598 1545 1521 1589 1520 1534 1538 1558 1570 1516 1572 1514 1525 1574 1578 1587 1541 1542 1576 1551 1594
5886 5801 5827 5867 5837 5839 5880 5811 5884 5822 5871 5805 5863 5868 5873 5883 5807 5875 5864 5853 5891 5847 5888 5815 5895 5829 5855 5879 5882 5890 5854 5866 5802 5826 5830 5817 5892 5804 5803 5835 5856 5893 5859 5836 5869 5819 5885 5810 5877 5840 5881 5896 5897 5818 5900 5861 3044 5860 5832 5831 5823 5852 5809 5828 5899 5862 5813 5865 5849 5846 5850 5812 5824 5857 5843 5806 5833 5848 5808 5898 5845 5821 5889 5820 5834 5838 5858 5870 5816 5872 5814 5825 5874 5878 5887 5841 5842 5876 5851 5894
3586 3501 3527 3567 3537 3539 3580 3511 3584 3522 3571 3505 3563 3568 3573 3583 3507 3575 3564 3553 3591 3547 3588 3515 3595 3529 3555 3579 3582 3590 3554 3566 3502 3526 3530 3517 3592 3504 3503 3535 3556 3593 3559 3536 3569 3519 3585 3510 3577 3540 3581 3596 3597 3518 3600 3561 3544 3560 3532 3531 3523 3552 3509 3528 3599 3562 3513 3565 3549 3546 3550 3512 3524 3557 3543 3506 3533 3548 3508 3598 3545 3521 3589 3520 3534 3538 3558 3570 3516 3572 3514 3525 3574 3578 3587 3541 3542 3576 3551 3594
9086 9001 9027 9067 9037 9039 9080 9011 9084 9022 9071 9005 9063 9068 9073 9083 9007 9075 9064 9053 9091 9047 9088 9015 9095 9029 9055 9079 9082 9090 9054 9066 9002 9026 9030 9017 9092 9004 9003 9035 9056 9093 9059 9036 9069 9019 9085 9010 9077 9040 9081 9096 9097 9018 9100 9061 9044 9060 9032 9031 9023 9052 9009 9028 9099 9062 9013 9065 9049 9046 9050 9012 9024 9057 9043 9006 9033 9048 9008 9098 9045 9021 9089 9020 9034 9038 9058 9070 9016 9072 9014 9025 9074 9078 9087 9041 9042 9076 9051 9094
5286 5201 5227 5267 5237 5239 5280 5211 5284 5222 5271 5205 5263 5268 5273 5283 5207 5275 5264 5253 5291 5247 5288 5215 5295 5229 5255 5279 5282 5290 5254 5266 5202 5226 5230 5217 5292 5204 5203 5235 5256 5293 5259 5236 5269 5219 5285 5210 5277 5240 5281 5296 5297 5218 5300 5261 5244 5260 5232 5231 5223 5252 5209 5228 5299 5262 5213 5265 5249 5246 5250 5212 5224 5257 5243 5206 5233 5248 5208 5298 5245 5221 5289 5220 5234 5238 5258 5270 5216 5272 5214 5225 5274 5278 5287 5241 5242 5276 5251 5294
5786 5701 5727 5767 5737 5739 5780 5711 5784 5722 5771 5705 5763 5768 5773 5783 5707 5775 5764 5753 5791 5747 5788 5715 5795 5729 5755 5779 5782 5790 5754 5766 5702 5726 5730 5717 5792 5704 5703 5735 5756 5793 5759 5736 5769 5719 5785 5710 5777 5740 5781 5796 5797 5718 5800 5761 5744 5760 5732 5731 5723 5752 5709 5728 5799 5762 5713 5765 5749 5746 5750 5712 5724 5757 5743 5706 5733 5748 5708 5798 5745 5721 5789 5720 5734 5738 5758 5770 5716 5772 5714 5725 5774 5778 5787 5741 5742 5776 5751 5794
7686 7601 7627 7667 7637 7639 7680 7611 7684 7622 7671 7605 7663 7668 7673 7683 7607 7675 7664 7653 7691 7647 7688 7615 7695 7629 7655 7679 7682 7690 7654 7666 7602 7626 7630 7617 7692 7604 7603 7635 7656 7693 7659 7636 7669 7619 7685 7610 7677 7640 7681 7696 7697 7618 7700 7661 7644 7660 7632 7631 7623 7652 7609 7628 7699 7662 7613 7665 7649 7646 7650 7612 7624 7657 7643 7606 7633 7648 7608 7698 7645 7621 7689 7620 7634 7638 7658 7670 7616 7672 7614 7625 7674 7678 7687 7641 7642 7676 7651 7694
9886 9801 9827 9867 9837 9839 9880 9811 9884 9822 9871 9805 9863 9868 9873 9883 9807 9875 9864 9853 9891 9847 9888 9815 9895 9829 9855 9879 9882 9890 9854 9866 9802 9826 9830 9817 9892 9804 9803 9835 9856 9893 9859 9836 9869 9819 9885 9810 9877 9840 9881 9896 9897 9818 9900 9861 9844 9860 9832 9831 9823 9852 9809 9828 9899 9862 9813 9865 9849 9846 9850 9812 9824 9857 9843 9806 9833 9848 9808 9898 9845 9821 9889 9820 9834 9838 9858 9870 9816 9872 9814 9825 9874 9878 9887 9841 9842 9876 9851 9894
6486 6401 6427 6467 6437 6439 6480 6411 6484 6422 6471 6405 6463 6468 6473 6483 6407 6475 6464 6453 6491 6447 6488 6415 6495 6429 6455 6479 6482 6490 6454 6466 6402 6426 6430 6417 6492 6404 6403 6435 6456 6493 6459 6436 6469 6419 6485 6410 6477 6440 6481 6496 6497 6418 6500 6461 6444 6460 6432 6431 6423 6452 6409 6428 6499 6462 6413 6465 6449 6446 6450 6412 6424 6457 6443 6406 6433 6448 6408 6498 6445 6421 6489 6420 6434 6438 6458 6470 6416 6472 6414 6425 6474 6478 6487 6441 6442 6476 6451 6494
8086 8001 8027 8067 8037 8039 8080 8011 8084 8022 8071 8005 8063 8068 8073 8083 8007 8075 8064 8053 8091 8047 8088 8015 8095 8029 8055 8079 8082 8090 8054 8066 8002 8026 8030 8017 8092 8004 8003 8035 8056 8093 8059 8036 8069 8019 8085 8010 8077 8040 8081 8096 8097 8018 8100 8061 8044 8060 8032 8031 8023 8052 8009 8028 8099 8062 8013 8065 8049 8046 8050 8012 8024 8057 8043 8006 8033 8048 8008 8098 8045 8021 8089 8020 8034 8038 8058 8070 8016 8072 8014 8025 8074 8078 8087 8041 8042 8076 8051 8094
6086 6001 6027 6067 6037 6039 6080 6011 6084 6022 6071 6005 6063 6068 6073 6083 6007 6075 6064 6053 6091 6047 6088 6015 6095 6029 6055 6079 6082 6090 6054 6066 6002 6026 6030 6017 6092 6004 6003 6035 6056 6093 6059 6036 6069 6019 6085 6010 6077 6040 6081 6096 6097 6018 6100 6061 6044 6060 6032 6031 6023 6052 6009 6028 6099 6062 6013 6065 6049 6046 6050 6012 6024 6057 6043 6006 6033 6048 6008 6098 6045 6021 6089 6020 6034 6038 6058 6070 6016 6072 6014 6025 6074 6078 6087 6041 6042 6076 6051 6094
4186 4101 4127 4167 4137 4139 4180 4111 4184 4122 4171 4105 4163 4168 4173 4183 4107 4175 4164 4153 4191 4147 4188 4115 4195 4129 4155 4179 4182 4190 4154 4166 4102 4126 4130 4117 4192 4104 4103 4135 4156 4193 4159 4136 4169 4119 4185 4110 4177 4140 4181 4196 4197 4118 4200 4161 4144 4160 4132 4131 4123 4152 4109 4128 4199 4162 4113 4165 4149 4146 4150 4112 4124 4157 4143 4106 4133 4148 4108 4198 4145 4121 4189 4120 4134 4138 4158 4170 4116 4172 4114 4125 4174 4178 4187 4141 4142 4176 4151 4194
8286 8201 8227 8267 8237 8239 8280 8211 8284 8222 8271 8205 8263 8268 8273 8283 8207 8275 8264 8253 8291 8247 8288 8215 8295 8229 8255 8279 8282 8290 8254 8266 8202 8226 8230 8217 8292 8204 8203 8235 8256 8293 8259 8236 8269 8219 8285 8210 8277 8240 8281 8296 8297 8218 8300 8261 8244 8260 8232 8231 8223 8252 8209 8228 8299 8262 8213 8265 8249 8246 8250 8212 8224 8257 8243 8206 8233 8248 8208 8298 8245 8221 8289 8220 8234 8238 8258 8270 8216 8272 8214 8225 8274 8278 8287 8241 8242 8276 8251 8294
8686 8601 8627 8667 8637 8639 8680 8611 8684 8622 8671 8605 8663 8668 8673 8683 8607 8675 8664 8653 8691 8647 8688 8615 8695 8629 8655 8679 8682 8690 8654 8666 8602 8626 8630 8617 8692 8604 8603 8635 8656 8693 8659 8636 8669 8619 8685 8610 8677 8640 8681 8696 8697 8618 8700 8661 8644 8660 8632 8631 8623 8652 8609 8628 8699 8662 8613 8665 8649 8646 8650 8612 8624 8657 8643 8606 8633 8648 8608 8698 8645 8621 8689 8620 8634 8638 8658 8670 8616 8672 8614 8625 8674 8678 8687 8641 8642 8676 8651 8694
6386 6301 6327 6367 6337 6339 6380 6311 6384 6322 6371 6305 6363 6368 6373 6383 6307 6375 6364 6353 6391 6347 6388 6315 6395 6329 6355 6379 6382 6390 6354 6366 6302 6326 6330 6317 6392 6304 6303 6335 6356 6393 6359 6336 6369 6319 6385 6310 6377 6340 6381 6396 6397 6318 6400 6361 6344 6360 6332 6331 6323 6352 6309 6328 6399 6362 6313 6365 6349 6346 6350 6312 6324 6357 6343 6306 6333 6348 6308 6398 6345 6321 6389 6320 6334 6338 6358 6370 6316 6372 6314 6325 6374 6378 6387 6341 6342 6376 6351 6394
3186 3101 3127 3167 3137 3139 3180 3111 3184 3122 3171 3105 3163 3168 3173 3183 3107 3175 3164 3153 3191 3147 3188 3115 3195 3129 3155 3179 3182 3190 3154 3166 3102 3126 3130 3117 3192 3104 3103 3135 3156 3193 3159 3136 3169 3119 3185 3110 3177 3140 3181 3196 3197 3118 3200 3161 3144 3160 3132 3131 3123 3152 3109 3128 3199 3162 3113 3165 3149 3146 3150 3112 3124 3157 3143 3106 3133 3148 3108 3198 3145 3121 3189 3120 3134 3138 3158 3170 3116 3172 3114 3125 3174 3178 3187 3141 3142 3176 3151 3194
3286 3201 3227 3267 3237 3239 3280 3211 3284 3222 3271 3205 3263 3268 3273 3283 3207 3275 3264 3253 3291 3247 3288 3215 3295 3229 3255 3279 3282 3290 3254 3266 3202 3226 3230 3217 3292 3204 3203 3235 3256 3293 3259 3236 3269 3219 3285 3210 3277 3240 3281 3296 3297 3218 3300 3261 3244 3260 3232 3231 3223 3252 3209 3228 3299 3262 3213 3265 3249 3246 3250 3212 3224 3257 3243 3206 3233 3248 3208 3298 3245 3221 3289 3220 3234 3238 3258 3270 3216 3272 3214 3225 3274 3278 3287 3241 3242 3276 3251 3294
2886 2801 2827 2867 2837 2839 2880 2811 2884 2822 2871 2805 2863 2868 2873 2883 2807 2875 2864 2853 2891 2847 2888 2815 2895 2829 2855 2879 2882 2890 2854 2866 2802 2826 2830 2817 2892 2804 2803 2835 2856 2893 2859 2836 2869 2819 2885 2810 2877 2840 2881 2896 2897 2818 2900 2861 2844 2860 2832 2831 2823 2852 2809 2828 2899 2862 2813 2865 2849 2846 2850 2812 2824 2857 2843 2806 2833 2848 2808 2898 2845 2821 2889 2820 2834 2838 2858 2870 2816 2872 2814 2825 2874 2878 2887 2841 2842 2876 2851 2894
3086 3001 3027 3067 3037 3039 3080 3011 3084 3022 3071 3005 3063 3068 3073 3083 3007 3075 3064 3053 3091 3047 3088 3015 3095 3029 3055 3079 3082 3090 3054 3066 3002 3026 3030 3017 3092 3004 3003 3035 3056 3093 3059 3036 3069 3019 3085 3010 3077 3040 3081 3096 3097 3018 3100 3061 5844 3060 3032 3031 3023 3052 3009 3028 3099 3062 3013 3065 3049 3046 3050 3012 3024 3057 3043 3006 3033 3048 3008 3098 3045 3021 3089 3020 3034 3038 3058 3070 3016 3072 3014 3025 3074 3078 3087 3041 3042 3076 3051 3094
8886 8801 8827 8867 8837 8839 8880 8811 8884 8822 8871 8805 8863 8868 8873 8883 8807 8875 8864 8853 8891 8847 8888 8815 8895 8829 8855 8879 8882 8890 8854 8866 8802 8826 8830 8817 8892 8804 8803 8835 8856 8893 8859 8836 8869 8819 8885 8810 8877 8840 8881 8896 8897 8818 8900 8861 8844 8860 8832 8831 8823 8852 8809 8828 8899 8862 8813 8865 8849 8846 8850 8812 8824 8857 8843 8806 8833 8848 8808 8898 8845 8821 8889 8820 8834 8838 8858 8870 8816 8872 8814 8825 8874 8878 8887 8841 8842 8876 8851 8894
1186 1101 1127 1167 1137 1139 1180 1111 1184 1122 1171 1105 1163 1168 1173 1183 1107 1175 1164 1153 1191 1147 1188 1115 1195 1129 1155 1179 1182 1190 1154 1166 1102 1126 1130 1117 1192 1104 1103 1135 1156 1193 1159 1136 1169 1119 1185 1110 1177 1140 1181 1196 1197 1118 1200 1161 1144 1160 1132 1131 1123 1152 1109 1128 1199 1162 1113 1165 1149 1146 1150 1112 1124 1157 1143 1106 1133 1148 1108 1198 1145 1121 1189 1120 1134 1138 1158 1170 1116 1172 1114 1125 1174 1178 1187 1141 1142 1176 1151 1194
5686 5601 5627 5667 5637 5639 5680 5611 5684 5622 5671 5605 5663 5668 5673 5683 5607 5675 5664 5653 5691 5647 5688 5615 5695 5629 5655 5679 5682 5690 5654 5666 5602 5626 5630 5617 5692 5604 5603 5635 5656 5693 5659 5636 5669 5619 5685 5610 5677 5640 5681 5696 5697 5618 5700 5661 5644 5660 5632 5631 5623 5652 5609 5628 5699 5662 5613 5665 5649 5646 5650 5612 5624 5657 5643 5606 5633 5648 5608 5698 5645 5621 5689 5620 5634 5638 5658 5670 5616 5672 5614 5625 5674 5678 5687 5641 5642 5676 5651 5694
1786 1701 1727 1767 1737 1739 1780 1711 1784 1722 1771 1705 1763 1768 1773 1783 1707 1775 1764 1753 1791 1747 1788 1715 1795 1729 1755 1779 1782 1790 1754 1766 1702 1726 1730 1717 1792 1704 1703 1735 1756 1793 1759 1736 1769 1719 1785 1710 1777 1740 1781 1796 1797 1718 1800 1761 1744 1760 1732 1731 1723 1752 1709 1728 1799 1762 1713 1765 1749 1746 1750 1712 1724 1757 1743 1706 1733 1748 1708 1798 1745 1721 1789 1720 1734 1738 1758 1770 1716 1772 1714 1725 1774 1778 1787 1741 1742 1776 1751 1794
9186 9101 9127 9167 9137 9139 9180 9111 9184 9122 9171 9105 9163 9168 9173 9183 9107 9175 9164 9153 9191 9147 9188 9115 9195 9129 9155 9179 9182 9190 9154 9166 9102 9126 9130 9117 9192 9104 9103 9135 9156 9193 9159 9136 9169 9119 9185 9110 9177 9140 9181 9196 9197 9118 9200 9161 9144 9160 9132 9131 9123 9152 9109 9128 9199 9162 9113 9165 9149 9146 9150 9112 9124 9157 9143 9106 9133 9148 9108 9198 9145 9121 9189 9120 9134 9138 9158 9170 9116 9172 9114 9125 9174 9178 9187 9141 9142 9176 9151 9194
9686 9601 9627 9667 9637 9639 9680 9611 9684 9622 9671 9605 9663 9668 9673 9683 9607 9675 9664 9653 9691 9647 9688 9615 9695 9629 9655 9679 9682 9690 9654 9666 9602 9626 9630 9617 9692 9604 9603 9635 9656 9693 9659 9636 9669 9619 9685 9610 9677 9640 9681 9696 9697 9618 9700 9661 9644 9660 9632 9631 9623 9652 9609 9628 9699 9662 9613 9665 9649 9646 9650 9612 9624 9657 9643 9606 9633 9648 9608 9698 9645 9621 9689 9620 9634 9638 9658 9670 9616 9672 9614 9625 9674 9678 9687 9641 9642 9676 9651 9694
6186 6101 6127 6167 6137 6139 6180 6111 6184 6122 6171 6105 6163 6168 6173 6183 6107 6175 6164 6153 6191 6147 6188 6115 6195 6129 6155 6179 6182 6190 6154 6166 6102 6126 6130 6117 6192 6104 6103 6135 6156 6193 6159 6136 6169 6119 6185 6110 6177 6140 6181 6196 6197 6118 6200 6161 6144 6160 6132 6131 6123 6152 6109 6128 6199 6162 6113 6165 6149 6146 6150 6112 6124 6157 6143 6106 6133 6148 6108 6198 6145 6121 6189 6120 6134 6138 6158 6170 6116 6172 6114 6125 6174 6178 6187 6141 6142 6176 6151 6194
7786 7701 7727 7767 7737 7739 7780 7711 7784 7722 7771 7705 7763 7768 7773 7783 7707 7775 7764 7753 7791 7747 7788 7715 7795 7729 7755 7779 7782 7790 7754 7766 7702 7726 7730 7717 7792 7704 7703 7735 7756 7793 7759 7736 7769 7719 7785 7710 7777 7740 7781 7796 7797 7718 7800 7761 7744 7760 7732 7731 7723 7752 7709 7728 7799 7762 7713 7765 7749 7746 7750 7712 7724 7757 7743 7706 7733 7748 7708 7798 7745 7721 7789 7720 7734 7738 7758 7770 7716 7772 7714 7725 7774 7778 7787 7741 7742 7776 7751 7794
6286 6201 6227 6267 6237 6239 6280 6211 6284 6222 6271 6205 6263 6268 6273 6283 6207 6275 6264 6253 6291 6247 6288 6215 6295 6229 6255 6279 6282 6290 6254 6266 6202 6226 6230 6217 6292 6204 6203 6235 6256 6293 6259 6236 6269 6219 6285 6210 6277 6240 6281 6296 6297 6218 6300 6261 6244 6260 6232 6231 6223 6252 6209 6228 6299 6262 6213 6265 6249 6246 6250 6212 6224 6257 6243 6206 6233 6248 6208 6298 6245 6221 6289 6220 6234 6238 6258 6270 6216 6272 6214 6225 6274 6278 6287 6241 6242 6276 6251 6294
6786 6701 6727 6767 6737 6739 6780 6711 6784 6722 6771 6705 6763 6768 6773 6783 6707 6775 6764 6753 6791 6747 6788 6715 6795 6729 6755 6779 6782 6790 6754 6766 6702 6726 6730 6717 6792 6704 6703 6735 6756 6793 6759 6736 6769 6719 6785 6710 6777 6740 6781 6796 6797 6718 6800 6761 6744 6760 6732 6731 6723 6752 6709 6728 6799 6762 6713 6765 6749 6746 6750 6712 6724 6757 6743 6706 6733 6748 6708 6798 6745 6721 6789 6720 6734 6738 6758 6770 6716 6772 6714 6725 6774 6778 6787 6741 6742 6776 6751 6794
9586 9501 9527 9567 9537 9539 9580 9511 9584 9522 9571 9505 9563 9568 9573 9583 9507 9575 9564 9553 9591 9547 9588 9515 9595 9529 9555 9579 9582 9590 9554 9566 9502 9526 9530 9517 9592 9504 9503 9535 9556 9593 9559 9536 9569 9519 9585 9510 9577 9540 9581 9596 9597 9518 9600 9561 9544 9560 9532 9531 9523 9552 9509 9528 9599 9562 9513 9565 9549 9546 9550 9512 9524 9557 9543 9506 9533 9548 9508 9598 9545 9521 9589 9520 9534 9538 9558 9570 9516 9572 9514 9525 9574 9578 9587 9541 9542 9576 9551 9594
4686 4601 4627 4667 4637 4639 4680 4611 4684 4622 4671 4605 4663 4668 4673 4683 4607 4675 4664 4653 4691 4647 4688 4615 4695 4629 4655 4679 4682 4690 4654 4666 4602 4626 4630 4617 4692 4604 4603 4635 4656 4693 4659 4636 4669 4619 4685 4610 4677 4640 4681 4696 4697 4618 4700 4661 4644 4660 4632 4631 4623 4652 4609 4628 4699 4662 4613 4665 4649 4646 4650 4612 4624 4657 4643 4606 4633 4648 4608 4698 4645 4621 4689 4620 4634 4638 4658 4670 4616 4672 4614 4625 4674 4678 4687 4641 4642 4676 4651 4694
2086 2001 2027 2067 2037 2039 2080 2011 2084 2022 2071 2005 2063 2068 2073 2083 2007 2075 2064 2053 2091 2047 2088 2015 2095 2029 2055 2079 2082 2090 2054 2066 2002 2026 2030 2017 2092 2004 2003 2035 2056 2093 2059 2036 2069 2019 2085 2010 2077 2040 2081 2096 2097 2018 2100 2061 2044 2060 2032 2031 2023 2052 2009 2028 2099 2062 2013 2065 2049 2046 2050 2012 2024 2057 2043 2006 2033 2048 2008 2098 2045 2021 2089 2020 2034 2038 2058 2070 2016 2072 2014 2025 2074 2078 2087 2041 2042 2076 2051 2094
7386 7301 7327 7367 7337 7339 7380 7311 7384 7322 7371 7305 7363 7368 7373 7383 7307 7375 7364 7353 7391 7347 7388 7315 7395 7329 7355 7379 7382 7390 7354 7366 7302 7326 7330 7317 7392 7304 7303 7335 7356 7393 7359 7336 7369 7319 7385 7310 7377 7340 7381 7396 7397 7318 7400 7361 7344 7360 7332 7331 7323 7352 7309 7328 7399 7362 7313 7365 7349 7346 7350 7312 7324 7357 7343 7306 7333 7348 7308 7398 7345 7321 7389 7320 7334 7338 7358 7370 7316 7372 7314 7325 7374 7378 7387 7341 7342 7376 7351 7394
8186 8101 8127 8167 8137 8139 8180 8111 8184 8122 8171 8105 8163 8168 8173 8183 8107 8175 8164 8153 8191 8147 8188 8115 8195 8129 8155 8179 8182 8190 8154 8166 8102 8126 8130 8117 8192 8104 8103 8135 8156 8193 8159 8136 8169 8119 8185 8110 8177 8140 8181 8196 8197 8118 8200 8161 8144 8160 8132 8131 8123 8152 8109 8128 8199 8162 8113 8165 8149 8146 8150 8112 8124 8157 8143 8106 8133 8148 8108 8198 8145 8121 8189 8120 8134 8138 8158 8170 8116 8172 8114 8125 8174 8178 8187 8141 8142 8176 8151 8194
586 501 527 567 537 539 580 511 584 522 571 505 563 568 573 583 507 575 564 553 591 547 588 515 595 529 555 579 582 590 554 566 502 526 530 517 592 504 503 535 556 593 559 536 569 519 585 510 577 540 581 596 597 518 600 561 544 560 532 531 523 552 509 528 599 562 513 565 549 546 550 512 524 557 543 506 533 548 508 598 545 521 589 520 534 538 558 570 516 572 514 525 574 578 587 541 542 576 551 594
786 701 727 767 737 739 780 711 784 722 771 705 763 768 773 783 707 775 764 753 791 747 788 715 795 729 755 779 782 790 754 766 702 726 730 717 792 704 703 735 756 793 759 736 769 719 785 710 777 740 781 796 797 718 800 761 744 760 732 731 723 752 709 728 799 762 713 765 749 746 750 712 724 757 743 706 733 748 708 798 745 721 789 720 734 738 758 770 716 772 714 725 774 778 787 741 742 776 751 794
2286 2201 2227 2267 2237 2239 2280 2211 2284 2222 2271 2205 2263 2268 2273 2283 2207 2275 2264 2253 2291 2247 2288 2215 2295 2229 2255 2279 2282 2290 2254 2266 2202 2226 2230 2217 2292 2204 2203 2235 2256 2293 2259 2236 2269 2219 2285 2210 2277 2240 2281 2296 2297 2218 2300 2261 2244 2260 2232 2231 2223 2252 2209 2228 2299 2262 2213 2265 2249 2246 2250 2212 2224 2257 2243 2206 2233 2248 2208 2298 2245 2221 2289 2220 2234 2238 2258 2270 2216 2272 2214 2225 2274 2278 2287 2241 2242 2276 2251 2294
3486 3401 3427 3467 3437 3439 3480 3411 3484 3422 3471 3405 3463 3468 3473 3483 3407 3475 3464 3453 3491 3447 3488 3415 3495 3429 3455 3479 3482 3490 3454 3466 3402 3426 3430 3417 3492 3404 3403 3435 3456 3493 3459 3436 3469 3419 3485 3410 3477 3440 3481 3496 3497 3418 3500 3461 3444 3460 3432 3431 3423 3452 3409 3428 3499 3462 3413 3465 3449 3446 3450 3412 3424 3457 3443 3406 3433 3448 3408 3498 3445 3421 3489 3420 3434 3438 3458 3470 3416 3472 3414 3425 3474 3478 3487 3441 3442 3476 3451 3494
186 101 127 167 137 139 180 111 184 122 171 105 163 168 173 183 107 175 164 153 191 147 188 115 195 129 155 179 182 190 154 166 102 126 130 117 192 104 103 135 156 193 159 136 169 119 185 110 177 140 181 196 197 118 200 161 144 160 132 131 123 152 109 128 199 162 113 165 149 146 150 112 124 157 143 106 133 148 108 198 145 121 189 120 134 138 158 170 116 172 114 125 174 178 187 141 142 176 151 194
386 301 327 367 337 339 380 311 384 322 371 305 363 368 373 383 307 375 364 353 391 347 388 315 395 329 355 379 382 390 354 366 302 326 330 317 392 304 303 335 356 393 359 336 369 319 385 310 377 340 381 396 397 318 400 361 344 360 332 331 323 352 309 328 399 362 313 365 349 346 350 312 324 357 343 306 333 348 308 398 345 321 389 320 334 338 358 370 316 372 314 325 374 378 387 341 342 376 351 394
1986 1901 1927 1967 1937 1939 1980 1911 1984 1922 1971 1905 1963 1968 1973 1983 1907 1975 1964 1953 1991 1947 1988 1915 1995 1929 1955 1979 1982 1990 1954 1966 1902 1926 1930 1917 1992 1904 1903 1935 1956 1993 1959 1936 1969 1919 1985 1910 1977 1940 1981 1996 1997 1918 2000 1961 1944 1960 1932 1931 1923 1952 1909 1928 1999 1962 1913 1965 1949 1946 1950 1912 1924 1957 1943 1906 1933 1948 1908 1998 1945 1921 1989 1920 1934 1938 1958 1970 1916 1972 1914 1925 1974 1978 1987 1941 1942 1976 1951 1994
3786 3701 3727 3767 3737 3739 3780 3711 3784 3722 3771 3705 3763 3768 3773 3783 3707 3775 3764 3753 3791 3747 3788 3715 3795 3729 3755 3779 3782 3790 3754 3766 3702 3726 3730 3717 3792 3704 3703 3735 3756 3793 3759 3736 3769 3719 3785 3710 3777 3740 3781 3796 3797 3718 3800 3761 3744 3760 3732 3731 3723 3752 3709 3728 3799 3762 3713 3765 3749 3746 3750 3712 3724 3757 3743 3706 3733 3748 3708 3798 3745 3721 3789 3720 3734 3738 3758 3770 3716 3772 3714 3725 3774 3778 3787 3741 3742 3776 3751 3794
1886 1801 1827 1867 1837 1839 1880 1811 1884 1822 1871 1805 1863 1868 1873 1883 1807 1875 1864 1853 1891 1847 1888 1815 1895 1829 1855 1879 1882 1890 1854 1866 1802 1826 1830 1817 1892 1804 1803 1835 1856 1893 1859 1836 1869 1819 1885 1810 1877 1840 1881 1896 1897 1818 1900 1861 1844 1860 1832 1831 1823 1852 1809 1828 1899 1862 1813 1865 1849 1846 1850 1812 1824 1857 1843 1806 1833 1848 1808 1898 1845 1821 1889 1820 1834 1838 1858 1870 1816 1872 1814 1825 1874 1878 1887 1841 1842 1876 1851 1894
5586 5501 5527 5567 5537 5539 5580 5511 5584 5522 5571 5505 5563 5568 5573 5583 5507 5575 5564 5553 5591 5547 5588 5515 5595 5529 5555 5579 5582 5590 5554 5566 5502 5526 5530 5517 5592 5504 5503 5535 5556 5593 5559 5536 5569 5519 5585 5510 5577 5540 5581 5596 5597 5518 5600 5561 5544 5560 5532 5531 5523 5552 5509 5528 5599 5562 5513 5565 5549 5546 5550 5512 5524 5557 5543 5506 5533 5548 5508 5598 5545 5521 5589 5520 5534 5538 5558 5570 5516 5572 5514 5525 5574 5578 5587 5541 5542 5576 5551 5594
7286 7201 7227 7267 7237 7239 7280 7211 7284 7222 7271 7205 7263 7268 7273 7283 7207 7275 7264 7253 7291 7247 7288 7215 7295 7229 7255 7279 7282 7290 7254 7266 7202 7226 7230 7217 7292 7204 7203 7235 7256 7293 7259 7236 7269 7219 7285 7210 7277 7240 7281 7296 7297 7218 7300 7261 7244 7260 7232 7231 7223 7252 7209 7228 7299 7262 7213 7265 7249 7246 7250 7212 7224 7257 7243 7206 7233 7248 7208 7298 7245 7221 7289 7220 7234 7238 7258 7270 7216 7272 7214 7225 7274 7278 7287 7241 7242 7276 7251 7294
7986 7901 7927 7967 7937 7939 7980 7911 7984 7922 7971 7905 7963 7968 7973 7983 7907 7975 7964 7953 7991 7947 7988 7915 7995 7929 7955 7979 7982 7990 7954 7966 7902 7926 7930 7917 7992 7904 7903 7935 7956 7993 7959 7936 7969 7919 7985 7910 7977 7940 7981 7996 7997 7918 8000 7961 7944 7960 7932 7931 7923 7952 7909 7928 7999 7962 7913 7965 7949 7946 7950 7912 7924 7957 7943 7906 7933 7948 7908 7998 7945 7921 7989 7920 7934 7938 7958 7970 7916 7972 7914 7925 7974 7978 7987 7941 7942 7976 7951 7994
8786 8701 8727 8767 8737 8739 8780 8711 8784 8722 8771 8705 8763 8768 8773 8783 8707 8775 8764 8753 8791 8747 8788 8715 8795 8729 8755 8779 8782 8790 8754 8766 8702 8726 8730 8717 8792 8704 8703 8735 8756 8793 8759 8736 8769 8719 8785 8710 8777 8740 8781 8796 8797 8718 8800 8761 8744 8760 8732 8731 8723 8752 8709 8728 8799 8762 8713 8765 8749 8746 8750 8712 8724 8757 8743 8706 8733 8748 8708 8798 8745 8721 8789 8720 8734 8738 8758 8770 8716 8772 8714 8725 8774 8778 8787 8741 8742 8776 8751 8794
4386 4301 4327 4367 4337 4339 4380 4311 4384 4322 4371 4305 4363 4368 4373 4383 4307 4375 4364 4353 4391 4347 4388 4315 4395 4329 4355 4379 4382 4390 4354 4366 4302 4326 4330 4317 4392 4304 4303 4335 4356 4393 4359 4336 4369 4319 4385 4310 4377 4340 4381 4396 4397 4318 4400 4361 4344 4360 4332 4331 4323 4352 4309 4328 4399 4362 4313 4365 4349 4346 4350 4312 4324 4357 4343 4306 4333 4348 4308 4398 4345 4321 4389 4320 4334 4338 4358 4370 4316 4372 4314 4325 4374 4378 4387 4341 4342 4376 4351 4394
9986 9901 9927 9967 9937 9939 9980 9911 9984 9922 9971 9905 9963 9968 9973 9983 9907 9975 9964 9953 9991 9947 9988 9915 9995 9929 9955 9979 9982 9990 9954 9966 9902 9926 9930 9917 9992 9904 9903 9935 9956 9993 9959 9936 9969 9919 9985 9910 9977 9940 9981 9996 9997 9918 10000 9961 9944 9960 9932 9931 9923 9952 9909 9928 9999 9962 9913 9965 9949 9946 9950 9912 9924 9957 9943 9906 9933 9948 9908 9998 9945 9921 9989 9920 9934 9938 9958 9970 9916 9972 9914 9925 9974 9978 9987 9941 9942 9976 9951 9994
5186 5101 5127 5167 5137 5139 5180 5111 5184 5122 5171 5105 5163 5168 5173 5183 5107 5175 5164 5153 5191 5147 5188 5115 5195 5129 5155 5179 5182 5190 5154 5166 5102 5126 5130 5117 5192 5104 5103 5135 5156 5193 5159 5136 5169 5119 5185 5110 5177 5140 5181 5196 5197 5118 5200 5161 5144 5160 5132 5131 5123 5152 5109 5128 5199 5162 5113 5165 5149 5146 5150 5112 5124 5157 5143 5106 5133 5148 5108 5198 5145 5121 5189 5120 5134 5138 5158 5170 5116 5172 5114 5125 5174 5178 5187 5141 5142 5176 5151 5194
1486 1401 1427 1467 1437 1439 1480 1411 1484 1422 1471 1405 1463 1468 1473 1483 1407 1475 1464 1453 1491 1447 1488 1415 1495 1429 1455 1479 1482 1490 1454 1466 1402 1426 1430 1417 1492 1404 1403 1435 1456 1493 1459 1436 1469 1419 1485 1410 1477 1440 1481 1496 1497 1418 1500 1461 1444 1460 1432 1431 1423 1452 1409 1428 1499 1462 1413 1465 1449 1446 1450 1412 1424 1457 1443 1406 1433 1448 1408 1498 1445 1421 1489 1420 1434 1438 1458 1470 1416 1472 1414 1425 1474 1478 1487 1441 1442 1476 1451 1494
86 1 27 67 37 39 80 11 84 22 71 5 63 68 73 83 7 75 64 53 91 47 88 15 95 29 55 79 82 90 54 66 2 26 30 17 92 4 3 35 56 93 59 36 69 19 85 10 77 40 81 96 97 18 100 61 44 60 32 31 23 52 9 28 99 62 13 65 49 46 50 12 24 57 43 6 33 48 8 98 45 21 89 20 34 38 58 70 16 72 14 25 74 78 87 41 42 76 51 94
3386 3301 3327 3367 3337 3339 3380 3311 3384 3322 3371 3305 3363 3368 3373 3383 3307 3375 3364 3353 3391 3347 3388 3315 3395 3329 3355 3379 3382 3390 3354 3366 3302 3326 3330 3317 3392 3304 3303 3335 3356 3393 3359 3336 3369 3319 3385 3310 3377 3340 3381 3396 3397 3318 3400 3361 3344 3360 3332 3331 3323 3352 3309 3328 3399 3362 3313 3365 3349 3346 3350 3312 3324 3357 3343 3306 3333 3348 3308 3398 3345 3321 3389 3320 3334 3338 3358 3370 3316 3372 3314 3325 3374 3378 3387 3341 3342 3376 3351 3394
2786 2701 2727 2767 2737 2739 2780 2711 2784 2722 2771 2705 2763 2768 2773 2783 2707 2775 2764 2753 2791 2747 2788 2715 2795 2729 2755 2779 2782 2790 2754 2766 2702 2726 2730 2717 2792 2704 2703 2735 2756 2793 2759 2736 2769 2719 2785 2710 2777 2740 2781 2796 2797 2718 2800 2761 2744 2760 2732 2731 2723 2752 2709 2728 2799 2762 2713 2765 2749 2746 2750 2712 2724 2757 2743 2706 2733 2748 2708 2798 2745 2721 2789 2720 2734 2738 2758 2770 2716 2772 2714 2725 2774 2778 2787 2741 2742 2776 2751 2794
5486 5401 5427 5467 5437 5439 5480 5411 5484 5422 5471 5405 5463 5468 5473 5483 5407 5475 5464 5453 5491 5447 5488 5415 5495 5429 5455 5479 5482 5490 5454 5466 5402 5426 5430 5417 5492 5404 5403 5435 5456 5493 5459 5436 5469 5419 5485 5410 5477 5440 5481 5496 5497 5418 5500 5461 5444 5460 5432 5431 5423 5452 5409 5428 5499 5462 5413 5465 5449 5446 5450 5412 5424 5457 5443 5406 5433 5448 5408 5498 5445 5421 5489 5420 5434 5438 5458 5470 5416 5472 5414 5425 5474 5478 5487 5441 5442 5476 5451 5494
6986 6901 6927 6967 6937 6939 6980 6911 6984 6922 6971 6905 6963 6968 6973 6983 6907 6975 6964 6953 6991 6947 6988 6915 6995 6929 6955 6979 6982 6990 6954 6966 6902 6926 6930 6917 6992 6904 6903 6935 6956 6993 6959 6936 6969 6919 6985 6910 6977 6940 6981 6996 6997 6918 7000 6961 6944 6960 6932 6931 6923 6952 6909 6928 6999 6962 6913 6965 6949 6946 6950 6912 6924 6957 6943 6906 6933 6948 6908 6998 6945 6921 6989 6920 6934 6938 6958 6970 6916 6972 6914 6925 6974 6978 6987 6941 6942 6976 6951 6994
2686 2601 2627 2667 2637 2639 2680 2611 2684 2622 2671 2605 2663 2668 2673 2683 2607 2675 2664 2653 2691 2647 2688 2615 2695 2629 2655 2679 2682 2690 2654 2666 2602 2626 2630 2617 2692 2604 2603 2635 2656 2693 2659 2636 2669 2619 2685 2610 2677 2640 2681 2696 2697 2618 2700 2661 2644 2660 2632 2631 2623 2652 2609 2628 2699 2662 2613 2665 2649 2646 2650 2612 2624 2657 2643 2606 2633 2648 2608 2698 2645 2621 2689 2620 2634 2638 2658 2670 2616 2672 2614 2625 2674 2678 2687 2641 2642 2676 2651 2694
9486 9401 9427 9467 9437 9439 9480 9411 9484 9422 9471 9405 9463 9468 9473 9483 9407 9475 9464 9453 9491 9447 9488 9415 9495 9429 9455 9479 9482 9490 9454 9466 9402 9426 9430 9417 9492 9404 9403 9435 9456 9493 9459 9436 9469 9419 9485 9410 9477 9440 9481 9496 9497 9418 9500 9461 9444 9460 9432 9431 9423 9452 9409 9428 9499 9462 9413 9465 9449 9446 9450 9412 9424 9457 9443 9406 9433 9448 9408 9498 9445 9421 9489 9420 9434 9438 9458 9470 9416 9472 9414 9425 9474 9478 9487 9441 9442 9476 9451 9494
8986 8901 8927 8967 8937 8939 8980 8911 8984 8922 8971 8905 8963 8968 8973 8983 8907 8975 8964 8953 8991 8947 8988 8915 8995 8929 8955 8979 8982 8990 8954 8966 8902 8926 8930 8917 8992 8904 8903 8935 8956 8993 8959 8936 8969 8919 8985 8910 8977 8940 8981 8996 8997 8918 9000 8961 8944 8960 8932 8931 8923 8952 8909 8928 8999 8962 8913 8965 8949 8946 8950 8912 8924 8957 8943 8906 8933 8948 8908 8998 8945 8921 8989 8920 8934 8938 8958 8970 8916 8972 8914 8925 8974 8978 8987 8941 8942 8976 8951 8994
9286 9201 9227 9267 9237 9239 9280 9211 9284 9222 9271 9205 9263 9268 9273 9283 9207 9275 9264 9253 9291 9247 9288 9215 9295 9229 9255 9279 9282 9290 9254 9266 9202 9226 9230 9217 9292 9204 9203 9235 9256 9293 9259 9236 9269 9219 9285 9210 9277 9240 9281 9296 9297 9218 9300 9261 9244 9260 9232 9231 9223 9252 9209 9228 9299 9262 9213 9265 9249 9246 9250 9212 9224 9257 9243 9206 9233 9248 9208 9298 9245 9221 9289 9220 9234 9238 9258 9270 9216 9272 9214 9225 9274 9278 9287 9241 9242 9276 9251 9294
4586 4501 4527 4567 4537 4539 4580 4511 4584 4522 4571 4505 4563 4568 4573 4583 4507 4575 4564 4553 4591 4547 4588 4515 4595 4529 4555 4579 4582 4590 4554 4566 4502 4526 4530 4517 4592 4504 4503 4535 4556 4593 4559 4536 4569 4519 4585 4510 4577 4540 4581 4596 4597 4518 4600 4561 4544 4560 4532 4531 4523 4552 4509 4528 4599 4562 4513 4565 4549 4546 4550 4512 4524 4557 4543 4506 4533 4548 4508 4598 4545 4521 4589 4520 4534 4538 4558 4570 4516 4572 4514 4525 4574 4578 4587 4541 4542 4576 4551 4594
986 901 927 967 937 939 980 911 984 922 971 905 963 968 973 983 907 975 964 953 991 947 988 915 995 929 955 979 982 990 954 966 902 926 930 917 992 904 903 935 956 993 959 936 969 919 985 910 977 940 981 996 997 918 1000 961 944 960 932 931 923 952 909 928 999 962 913 965 949 946 950 912 924 957 943 906 933 948 908 998 945 921 989 920 934 938 958 970 916 972 914 925 974 978 987 941 942 976 951 994
7186 7101 7127 7167 7137 7139 7180 7111 7184 7122 7171 7105 7163 7168 7173 7183 7107 7175 7164 7153 7191 7147 7188 7115 7195 7129 7155 7179 7182 7190 7154 7166 7102 7126 7130 7117 7192 7104 7103 7135 7156 7193 7159 7136 7169 7119 7185 7110 7177 7140 7181 7196 7197 7118 7200 7161 7144 7160 7132 7131 7123 7152 7109 7128 7199 7162 7113 7165 7149 7146 7150 7112 7124 7157 7143 7106 7133 7148 7108 7198 7145 7121 7189 7120 7134 7138 7158 7170 7116 7172 7114 7125 7174 7178 7187 7141 7142 7176 7151 7194
4086 4001 4027 4067 4037 4039 4080 4011 4084 4022 4071 4005 4063 4068 4073 4083 4007 4075 4064 4053 4091 4047 4088 4015 4095 4029 4055 4079 4082 4090 4054 4066 4002 4026 4030 4017 4092 4004 4003 4035 4056 4093 4059 4036 4069 4019 4085 4010 4077 4040 4081 4096 4097 4018 4100 4061 4044 4060 4032 4031 4023 4052 4009 4028 4099 4062 4013 4065 4049 4046 4050 4012 4024 4057 4043 4006 4033 4048 4008 4098 4045 4021 4089 4020 4034 4038 4058 4070 4016 4072 4014 4025 4074 4078 4087 4041 4042 4076 4051 4094
