64 104968824
37 46
31 19 61 24
33 41 47 7
59 47 50 30
46 3 1 48
58 20 14 55
6 56 55 7
57 10 22 31
3 35 18 27
40 32 47 47
57 40 45 16
6 26 4 35
10 25 30 45
58 28 32 52
57 18 35 26
57 15 37 39
16 5 55 23
46 2 25 32
28 34 62 49
62 37 13 59
61 37 49 50
37 30 37 43
47 57 4 7
32 21 55 2
20 41 39 5
24 46 29 20
34 48 30 49
11 17 41 21
58 14 55 23
6 36 40 54
58 3 23 23
17 62 35 33
27 53 55 47
32 35 19 42
31 50 10 23
5 12 44 13
44 13 56 17
18 28 27 23
31 54 4 12
34 62 16 63
33 21 62 61
64 37 8 46
54 4 24 4
19 45 63 3
15 21 39 21
22 62 11 10
3 54 58 58
33 35 31 22
13 19 38 52
32 8 1 64
64 18 42 39
55 21 52 24
17 58 33 41
33 58 40 43
30 45 53 27
27 35 25 6
39 58 55 22
55 37 51 41
59 40 19 15
34 10 61 11
48 48 5 55
2 62 19 50
53 32 13 11
32 16 58 1
30 63 31 12
