94 746585741
62 93
37 70 38 18
19 37 61 7
94 31 42 88
67 35 54 61
28 82 1 81
73 63 83 24
41 20 29 78
38 26 7 93
43 59 90 77
34 27 3 47
9 32 90 12
42 29 35 6
42 54 49 72
79 38 87 8
68 81 84 26
38 75 54 62
15 40 34 85
36 3 86 44
8 67 69 84
20 34 74 75
87 14 81 78
24 47 50 32
65 7 12 55
56 19 53 84
91 73 85 48
66 60 58 46
16 90 35 16
37 60 76 18
65 19 81 58
65 48 36 89
78 54 16 82
65 11 68 81
16 35 63 62
9 40 8 58
90 62 46 73
56 22 78 27
13 18 46 49
82 7 74 9
23 73 39 19
15 52 27 29
56 78 7 6
19 91 8 93
20 26 44 36
80 18 40 90
24 58 15 68
9 29 39 63
4 50 46 42
17 76 36 66
89 1 48 23
61 61 61 61
71 63 42 13
68 14 10 28
53 18 70 82
48 76 71 85
38 65 91 26
65 79 24 76
7 62 16 41
80 10 33 42
75 56 75 91
51 77 70 24
42 35 41 68
27 58 77 34
24 3 74 16
93 15 8 91
3 35 18 15
33 87 44 87
67 66 50 58
13 55 5 7
48 34 21 3
41 67 22 68
87 1 34 14
7 93 27 94
82 57 51 33
22 93 4 25
27 83 21 51
70 80 50 27
90 65 81 8
31 53 13 12
92 61 35 85
17 28 51 57
35 60 33 53
40 81 29 61
28 72 42 86
60 14 94 47
81 1 81 14
1 40 30 38
69 72 81 1
91 28 26 55
70 8 75 56
41 2 40 64
55 51 59 19
33 5 66 51
15 82 17 31
73 93 34 31
