77 869702508
39 75
1 77 53 22
66 58 71 57
60 25 28 18
10 71 30 57
73 39 65 23
66 15 42 30
64 45 6 62
28 48 11 13
3 36 6 33
51 22 49 28
52 10 6 66
2 39 62 58
70 10 21 29
35 37 36 16
41 27 48 50
14 65 51 61
55 17 54 55
53 52 25 4
71 46 48 12
10 48 8 5
31 36 15 65
19 68 72 7
70 23 24 55
71 5 52 9
65 52 14 13
46 29 26 15
35 40 65 25
50 56 27 23
6 49 66 23
12 57 53 38
31 32 14 38
62 57 24 32
7 63 66 4
32 20 35 57
34 46 77 20
69 59 47 15
71 10 55 40
17 51 48 12
32 6 1 5
59 66 71 49
68 69 29 40
43 53 27 9
65 25 67 45
75 31 40 13
63 34 61 4
65 42 51 51
53 62 75 17
15 61 77 54
56 58 13 18
57 10 36 63
73 47 1 30
30 51 45 33
6 2 42 44
22 45 20 10
56 59 15 4
16 33 4 14
30 19 19 67
22 9 26 25
31 15 39 23
17 58 70 65
51 51 57 13
12 13 11 13
18 68 6 65
57 36 20 45
20 4 44 46
8 1 58 43
68 56 68 50
14 40 44 22
76 61 15 14
37 61 25 15
42 71 41 53
59 44 35 8
12 38 72 71
29 6 38 25
58 69 18 53
69 16 7 70
58 54 44 52
