92 1007926366
48 57
13 23 77 76
91 84 26 31
76 37 77 57
90 44 42 19
17 19 77 68
3 54 56 28
92 10 48 92
79 47 28 41
24 72 51 30
14 76 42 84
31 5 69 36
75 40 42 37
58 83 74 41
48 58 63 56
47 87 86 30
54 34 11 41
64 55 67 54
9 2 17 65
60 72 4 61
92 66 43 60
35 81 76 57
6 15 5 58
24 63 81 21
67 50 82 75
47 43 30 38
38 45 39 47
9 67 46 34
70 91 12 40
44 41 28 13
74 27 25 56
88 17 32 5
24 91 44 17
53 44 22 85
2 79 30 69
70 19 36 27
27 64 61 8
53 3 7 83
39 46 7 32
79 78 39 18
33 52 8 73
36 33 49 59
19 33 38 81
80 25 41 14
39 84 91 41
30 40 61 60
51 59 49 68
30 80 22 33
44 85 36 59
81 68 74 1
47 44 84 79
57 41 4 19
50 28 60 8
7 87 9 82
39 12 69 39
88 8 54 3
8 25 6 62
75 88 7 10
19 4 9 70
72 30 26 58
22 2 14 38
21 83 7 69
58 67 19 25
65 35 71 46
39 70 83 29
67 3 88 9
69 30 15 18
53 46 91 37
36 56 39 49
50 25 28 64
63 89 15 34
22 88 68 32
39 1 40 67
48 63 89 47
46 67 67 46
20 51 40 75
91 49 53 17
67 74 2 22
49 64 74 31
9 47 10 37
92 23 58 68
18 83 77 40
43 78 17 14
72 31 78 29
77 29 24 7
7 51 21 83
44 32 3 1
90 51 11 15
38 51 74 8
21 2 4 67
81 73 6 18
71 46 27 32
14 24 36 14
