95 1073741823
2 5
94 44 79 46
1 88 59 20
62 38 77 46
37 59 52 42
52 27 47 21
35 2 77 63
63 51 52 89
53 84 62 94
56 89 66 56
57 33 69 74
11 90 42 81
58 30 94 75
73 9 5 1
28 81 88 20
11 65 20 55
90 67 93 3
13 12 81 46
7 44 78 28
17 51 34 60
26 76 22 24
23 34 18 54
25 46 1 46
12 3 39 11
45 48 57 41
15 29 83 18
14 82 72 10
45 37 84 13
75 17 72 92
61 26 30 66
71 75 40 68
14 79 32 74
22 93 85 14
66 82 41 37
81 82 87 11
76 11 89 49
62 51 63 45
4 29 62 18
9 58 21 94
69 10 36 89
89 90 91 82
86 49 80 46
70 92 16 79
65 51 52 52
41 40 69 46
51 15 46 45
52 34 64 4
65 1 28 30
5 51 46 11
22 36 83 10
63 86 49 49
69 19 61 18
78 32 13 47
23 81 94 51
78 77 1 12
5 11 87 37
38 34 57 58
8 12 10 94
34 61 59 90
21 30 28 58
5 73 24 87
72 91 78 82
64 49 86 73
64 72 25 85
50 94 23 44
35 6 60 53
68 72 49 93
78 60 9 83
31 22 82 86
20 84 59 18
24 95 65 59
61 20 32 92
79 38 36 65
3 8 66 66
84 25 30 86
68 91 42 58
47 39 18 27
56 16 28 51
26 74 2 27
62 44 76 36
84 80 87 49
77 27 44 49
56 83 88 87
67 63 75 92
17 17 7 63
6 33 50 18
11 17 52 44
22 9 68 40
38 74 92 27
7 42 42 10
41 93 81 62
83 43 49 95
31 23 89 13
7 8 74 36
26 75 41 55
3 90 16 69
