49 316632602
17 20
17 19 19 29
22 9 3 44
29 21 8 11
28 22 43 13
48 42 39 3
1 20 2 37
33 47 5 26
34 36 11 46
6 33 41 48
40 18 48 25
25 5 25 20
5 40 7 22
9 14 43 28
11 18 34 28
11 48 23 28
49 38 28 4
25 39 34 26
30 26 21 29
23 37 5 15
36 47 37 28
32 42 43 30
35 7 10 48
6 13 19 20
34 3 12 10
38 23 13 16
40 47 35 3
12 2 19 1
45 16 36 30
7 25 17 34
36 37 2 27
38 38 27 49
24 28 19 39
39 29 42 7
20 40 22 8
8 16 45 33
45 4 26 43
18 28 28 29
35 12 4 32
12 18 45 13
15 43 45 19
41 17 25 28
36 49 22 31
46 27 48 37
31 33 2 1
8 7 48 18
15 10 5 4
25 7 1 42
18 31 26 35
28 9 1 43
