476303
476303
476303
476303
476303
476303
476303
14
125
40
476303
476303
476303
476303
476303
476303
476303
132
476303
476303
35
476303
476303
476303
476303
476303
476303
476303
476303
476303
476303
476303
476303
476303
476303
4
476303
220
133
476303
45
476303
476303
206
210
476303
40
476303
476303
476303
476303
476303
476303
476303
476303
476303
113
476303
476303
476303
476303
476303
476303
476303
476303
47
38
476303
476303
476303
476303
476303
476303
476303
476303
476303
82
66
476303
476303
476303
476303
476303
476303
476303
476303
476303
476303
476303
476303
476303
212
476303
476303
476303
476303
476303
476303
476303
476303
5
476303
476303
476303
476303
89
476303
224
55
476303
476303
476303
476303
476303
251
476303
476303
476303
122
476303
252
476303
476303
476303
257
476303
476303
476303
476303
476303
476303
476303
476303
476303
476303
476303
476303
476303
476303
476303
476303
476303
476303
476303
476303
476303
476303
476303
177
476303
476303
476303
476303
476303
476303
476303
476303
476303
476303
476303
476303
476303
476303
476303
476303
476303
476303
214
476303
476303
476303
476303
476303
476303
171
476303
476303
476303
476303
476303
476303
476303
476303
132
153
476303
74
476303
476303
73
139
476303
476303
476303
476303
476303
476303
476303
476303
476303
476303
476303
18
476303
476303
476303
476303
476303
128
476303
476303
476303
476303
476303
476303
476303
476303
476303
476303
476303
476303
476303
476303
476303
58
244
476303
476303
476303
476303
476303
117
476303
476303
476303
476303
476303
476303
151
476303
476303
476303
476303
476303
476303
52
476303
476303
476303
101
476303
476303
238
212
476303
476303
476303
476303
476303
476303
476303
476303
476303
476303
476303
103
476303
476303
476303
476303
476303
476303
476303
476303
476303
476303
476303
476303
476303
476303
476303
476303
41
476303
476303
476303
476303
182
476303
476303
476303
476303
476303
213
476303
476303
476303
124
136
476303
476303
476303
476303
476303
476303
476303
476303
476303
476303
476303
476303
476303
476303
476303
239
476303
476303
476303
476303
31
476303
24
476303
476303
476303
476303
476303
476303
31
476303
476303
166
476303
476303
476303
476303
476303
476303
173
476303
476303
476303
476303
159
476303
476303
476303
476303
476303
157
177
476303
476303
476303
476303
476303
21
476303
476303
199
476303
476303
476303
476303
476303
476303
476303
476303
476303
145
476303
476303
476303
476303
137
242
476303
476303
476303
476303
476303
476303
476303
476303
476303
476303
27
476303
123
65
59
476303
476303
476303
476303
476303
176
476303
476303
476303
476303
476303
476303
476303
476303
102
476303
476303
103
476303
476303
233
476303
476303
476303
476303
476303
476303
476303
476303
476303
476303
476303
476303
476303
476303
476303
476303
476303
257
476303
476303
476303
476303
476303
476303
476303
476303
476303
476303
476303
476303
476303
476303
476303
476303
476303
476303
476303
229
476303
476303
476303
476303
476303
476303
15
476303
476303
136
476303
476303
476303
192
476303
476303
476303
476303
476303
476303
476303
476303
234
476303
476303
476303
476303
476303
476303
476303
476303
476303
476303
476303
476303
476303
476303
476303
476303
476303
476303
476303
476303
476303
476303
476303
476303
476303
476303
476303
476303
476303
476303
476303
476303
476303
476303
476303
476303
218
476303
476303
476303
476303
114
476303
476303
476303
476303
476303
476303
476303
476303
476303
476303
476303
476303
476303
476303
476303
476303
476303
476303
61
476303
476303
476303
476303
476303
476303
476303
476303
476303
21
476303
476303
476303
476303
476303
129
476303
476303
476303
476303
476303
476303
476303
476303
476303
476303
476303
476303
33
476303
476303
476303
476303
476303
476303
476303
476303
38
476303
476303
476303
476303
476303
476303
476303
234
476303
476303
476303
476303
476303
476303
476303
476303
93
476303
476303
181
476303
476303
215
476303
249
476303
476303
476303
476303
476303
476303
476303
476303
106
245
476303
222
128
476303
476303
476303
476303
476303
476303
476303
203
476303
476303
476303
476303
476303
476303
476303
476303
476303
476303
476303
476303
476303
476303
476303
476303
476303
476303
476303
476303
476303
476303
47
476303
476303
476303
476303
476303
476303
476303
476303
476303
476303
476303
182
476303
247
476303
476303
476303
246
120
476303
476303
65
476303
476303
476303
185
476303
476303
476303
476303
476303
476303
150
476303
476303
476303
476303
476303
194
476303
476303
476303
476303
476303
476303
476303
476303
476303
476303
476303
476303
476303
476303
476303
476303
476303
476303
476303
476303
23
231
476303
476303
476303
233
476303
476303
476303
476303
476303
476303
476303
476303
476303
476303
476303
476303
476303
476303
476303
476303
476303
476303
476303
476303
476303
476303
476303
476303
111
476303
213
476303
476303
476303
476303
476303
476303
476303
181
476303
476303
476303
161
476303
476303
476303
476303
476303
146
476303
476303
476303
476303
476303
476303
476303
476303
476303
476303
476303
102
476303
128
476303
476303
476303
476303
476303
476303
476303
476303
476303
170
476303
476303
476303
476303
28
476303
476303
476303
233
476303
476303
203
476303
476303
476303
476303
476303
476303
476303
476303
476303
476303
476303
476303
151
476303
476303
476303
476303
476303
476303
476303
476303
476303
21
476303
476303
476303
135
476303
476303
476303
476303
78
476303
26
228
476303
476303
476303
476303
226
52
476303
476303
476303
476303
476303
476303
476303
476303
476303
476303
476303
476303
476303
476303
476303
476303
213
476303
476303
163
476303
476303
476303
476303
476303
476303
476303
476303
476303
476303
476303
476303
476303
200
476303
212
476303
476303
476303
476303
476303
476303
476303
476303
70
476303
476303
71
476303
476303
476303
147
476303
115
184
476303
476303
476303
476303
476303
476303
476303
476303
476303
476303
476303
476303
476303
476303
191
476303
476303
476303
43
476303
476303
476303
476303
476303
476303
476303
68
476303
476303
476303
476303
476303
476303
476303
476303
476303
476303
476303
476303
476303
476303
476303
216
476303
476303
476303
476303
476303
476303
476303
476303
476303
476303
476303
476303
476303
476303
476303
103
476303
476303
476303
476303
476303
476303
476303
0
34
476303
476303
476303
86
476303
476303
476303
476303
476303
476303
476303
476303
79
476303
476303
476303
476303
56
476303
476303
476303
476303
476303
476303
116
476303
476303
476303
71
476303
476303
476303
476303
108
476303
476303
476303
476303
476303
476303
476303
476303
476303
476303
476303
476303
476303
476303
253
