248684
248684
231
248684
248684
248684
248684
3
248684
510
622
85
386
248684
248684
248684
248684
248684
156
559
316
248684
248684
43
731
121
248684
433
133
248684
248684
178
357
248684
10
248684
248684
827
292
110
315
248684
248684
149
248684
248684
828
248684
520
248684
248684
761
248684
248684
471
833
301
248684
248684
248684
151
248684
248684
248684
327
248684
248684
169
468
248684
248684
191
644
248684
248684
324
248684
772
248684
248684
536
248684
248684
248684
590
584
448
382
248684
248684
248684
248684
248684
519
666
593
248684
248684
643
333
248684
327
248684
248684
248684
432
898
901
248684
248684
233
741
248684
248684
91
181
15
657
248684
43
248684
486
248684
248684
209
852
248684
840
754
256
248684
248684
248684
248684
891
248684
293
248684
888
248684
248684
248684
248684
98
248684
248684
248684
853
248684
248684
248684
248684
660
248684
320
248684
248684
171
362
248684
694
248684
900
524
248684
878
248684
248684
575
248684
248684
248684
248684
828
576
248684
252
248684
248684
248684
334
248684
248684
694
141
248684
556
248684
271
386
248684
248684
248684
597
81
462
457
624
603
248684
159
202
248684
524
227
248684
248684
135
248684
321
236
248684
188
764
248684
472
248684
248684
577
648
248684
544
248684
248684
248684
520
248684
391
224
248684
792
736
248684
248684
248684
417
248684
148
248684
758
248684
767
248684
248684
248684
876
248684
248684
636
248684
248684
248684
739
248684
267
21
625
248684
248684
248684
304
509
746
248684
489
483
248684
153
248684
453
248684
248684
248684
248684
760
248684
248684
248684
248684
693
248684
248684
47
165
248684
764
455
248684
659
42
248684
248684
248684
55
248684
150
248684
248684
25
248684
248684
248684
485
823
248684
130
248684
861
248684
296
262
883
173
248684
397
248684
248684
248684
330
248684
346
248684
248684
106
448
768
248684
248684
248684
248684
683
248684
39
248684
248684
248684
248684
248684
547
248684
224
248684
248684
248684
223
117
761
159
654
857
248684
278
248684
248684
248684
248684
248684
248684
248684
45
248684
248684
57
346
248684
282
248684
615
266
757
248684
419
564
248684
248684
248684
655
248684
226
758
248684
248684
248684
248684
833
643
446
248684
248684
248684
248684
248684
321
248684
874
248684
255
368
248684
477
551
248684
248684
798
248684
582
348
72
307
248684
4
247
248684
248684
248684
248684
248684
248684
723
248684
284
248684
248684
308
248684
419
248684
248684
352
248684
248684
110
248684
580
597
248684
817
868
755
889
248684
248684
212
248684
248684
865
199
248684
248684
248684
641
248684
390
114
248684
248684
248684
248684
248684
248684
642
283
248684
248684
248684
326
248684
248684
248684
248684
848
248684
248684
248684
739
248684
329
248684
640
815
248684
248684
320
248684
507
248684
367
248684
248684
805
248684
301
600
248684
248684
248684
709
263
462
248684
248684
248684
248684
248684
712
248684
248684
248684
248684
522
259
248684
58
248684
248684
816
248684
248684
897
509
593
607
484
326
248684
161
