482365
482365
482365
482365
482365
482365
482365
482365
482365
482365
482365
482365
482365
482365
482365
482365
482365
482365
482365
482365
482365
482365
482365
482365
482365
482365
482365
482365
482365
482365
482365
482365
482365
482365
482365
482365
482365
482365
482365
482365
482365
482365
482365
482365
482365
482365
482365
482365
482365
482365
482365
482365
482365
482365
482365
482365
71
482365
482365
482365
482365
482365
482365
482365
482365
482365
482365
482365
482365
482365
482365
482365
482365
482365
482365
482365
482365
2
482365
482365
482365
482365
482365
482365
482365
482365
482365
482365
28
482365
482365
482365
482365
482365
482365
482365
482365
482365
482365
482365
482365
482365
482365
60
482365
482365
482365
482365
482365
482365
482365
60
482365
482365
482365
482365
482365
482365
482365
482365
482365
482365
482365
482365
482365
482365
482365
482365
482365
482365
482365
482365
482365
482365
482365
482365
482365
482365
482365
482365
482365
482365
482365
482365
482365
482365
482365
482365
482365
482365
482365
482365
482365
482365
482365
482365
482365
482365
482365
482365
482365
482365
482365
482365
482365
482365
482365
482365
482365
482365
482365
482365
482365
482365
482365
482365
482365
482365
482365
482365
482365
482365
482365
482365
482365
482365
482365
482365
482365
482365
482365
482365
482365
482365
482365
482365
482365
21
482365
482365
482365
482365
482365
482365
482365
482365
482365
482365
482365
482365
482365
482365
482365
482365
482365
482365
482365
482365
482365
482365
482365
482365
482365
482365
482365
482365
482365
482365
15
482365
482365
482365
482365
482365
482365
482365
482365
482365
482365
482365
482365
482365
482365
482365
482365
482365
482365
482365
482365
482365
482365
482365
482365
482365
482365
482365
482365
58
482365
482365
482365
482365
482365
482365
482365
482365
482365
482365
482365
482365
482365
482365
482365
482365
482365
482365
482365
482365
482365
482365
482365
482365
482365
482365
482365
482365
482365
482365
482365
482365
482365
482365
482365
482365
482365
482365
482365
482365
482365
482365
482365
482365
482365
482365
482365
482365
482365
482365
482365
482365
482365
482365
482365
482365
482365
482365
482365
482365
482365
482365
75
482365
482365
19
482365
482365
482365
482365
482365
482365
482365
482365
482365
482365
482365
482365
482365
482365
482365
64
482365
482365
482365
482365
482365
482365
482365
482365
482365
482365
482365
482365
482365
482365
482365
482365
482365
482365
11
482365
482365
482365
482365
482365
482365
482365
482365
482365
482365
482365
482365
482365
482365
482365
482365
5
482365
482365
482365
482365
482365
482365
482365
482365
482365
482365
482365
482365
482365
482365
482365
482365
482365
482365
482365
482365
482365
482365
482365
482365
482365
482365
482365
482365
482365
482365
19
482365
482365
482365
482365
482365
482365
482365
482365
482365
482365
482365
482365
482365
482365
482365
482365
482365
482365
482365
482365
482365
482365
482365
482365
482365
482365
482365
482365
482365
482365
9
482365
482365
482365
482365
482365
482365
482365
482365
482365
482365
482365
482365
482365
30
482365
482365
482365
482365
482365
482365
482365
482365
482365
482365
482365
482365
482365
482365
482365
482365
482365
482365
482365
482365
482365
482365
482365
482365
482365
482365
482365
482365
482365
482365
482365
482365
482365
482365
482365
482365
482365
482365
482365
482365
482365
482365
482365
482365
482365
482365
482365
482365
482365
482365
482365
482365
482365
482365
482365
482365
482365
482365
482365
27
482365
482365
55
482365
482365
482365
482365
482365
482365
482365
51
482365
482365
482365
482365
482365
482365
482365
482365
482365
482365
482365
482365
482365
482365
482365
482365
482365
482365
482365
482365
482365
482365
482365
482365
482365
482365
482365
482365
482365
482365
482365
482365
482365
482365
18
482365
482365
482365
482365
482365
482365
482365
482365
482365
482365
482365
482365
482365
482365
482365
482365
482365
482365
482365
482365
482365
482365
482365
482365
482365
482365
482365
482365
482365
70
482365
482365
482365
482365
482365
482365
482365
482365
61
482365
482365
482365
482365
482365
482365
482365
482365
48
482365
482365
482365
482365
482365
482365
482365
482365
482365
74
482365
482365
482365
482365
60
482365
482365
482365
482365
482365
482365
482365
482365
20
482365
482365
482365
482365
482365
482365
482365
482365
482365
482365
482365
482365
482365
482365
482365
482365
482365
482365
482365
482365
482365
482365
482365
482365
482365
482365
482365
67
482365
482365
482365
482365
482365
482365
482365
482365
482365
482365
482365
482365
482365
482365
482365
482365
482365
482365
482365
482365
482365
482365
482365
482365
482365
482365
482365
482365
482365
482365
482365
482365
482365
482365
482365
482365
482365
482365
482365
482365
482365
482365
482365
482365
482365
482365
482365
482365
482365
482365
