439 38078
86 38078
258 38078
517 201335
275 38078
895 47704
454 74526
475 117745
193 38078
570 196577
742 47704
96 38078
480 117745
65 38078
66 38078
350 38078
921 196577
932 196577
565 196577
441 38078
877 47704
363 38078
400 38078
486 117745
874 47704
389 38078
179 38078
549 196577
378 38078
13 117745
390 38078
267 38078
728 47704
292 38078
645 47704
727 47704
452 74526
380 38078
212 38078
718 47704
439 38078
274 38078
945 196577
443 38078
359 38078
483 117745
620 47704
839 47704
923 196577
763 47704
623 47704
193 38078
773 47704
542 196577
72 38078
471 117745
423 38078
179 38078
826 47704
236 38078
573 196577
215 38078
292 38078
432 38078
587 196577
798 47704
609 47704
866 47704
933 196577
967 196577
370 38078
53 74526
9 866990
317 38078
320 38078
413 38078
652 47704
477 117745
647 47704
695 47704
296 38078
44 74526
326 38078
960 196577
538 196577
5
378 38078
833 47704
786 47704
546 196577
779 47704
117 38078
972 201335
482 117745
968 196577
205 38078
18 117745
468 117745
130 38078
90 38078
648 47704
432 38078
879 47704
604 47704
984 201335
887 47704
135 38078
779 47704
615 47704
212 38078
240 38078
345 38078
957 196577
569 196577
935 196577
463 74526
562 196577
96 38078
140 38078
379 38078
497 866990
749 47704
717 47704
899 196577
775 47704
252 38078
670 47704
479 117745
108 38078
557 196577
625 47704
470 117745
204 38078
798 47704
518 201335
774 47704
123 38078
781 47704
887 47704
597 47704
252 38078
47 74526
993 201335
389 38078
452 74526
471 117745
360 38078
401 38078
647 47704
821 47704
476 117745
693 47704
695 47704
229 38078
556 196577
700 47704
875 47704
405 38078
977 201335
328 38078
526 201335
497 866990
434 38078
944 196577
716 47704
178 38078
875 47704
450 74526
649 47704
156 38078
720 47704
987 201335
642 47704
47 74526
587 196577
284 38078
910 196577
388 38078
384 38078
372 38078
702 47704
27 117745
80 38078
585 196577
673 47704
964 196577
375 38078
114 38078
852 47704
973 201335
663 47704
779 47704
797 47704
748 47704
312 38078
768 47704
605 47704
846 47704
892 47704
30 117745
896 196577
281 38078
702 47704
111 38078
868 47704
318 38078
876 47704
252 38078
913 196577
35 117745
757 47704
626 47704
853 47704
105 38078
893 47704
974 201335
51 74526
714 47704
484 117745
452 74526
153 38078
712 47704
178 38078
426 38078
316 38078
415 38078
762 47704
270 38078
691 47704
883 47704
696 47704
372 38078
828 47704
125 38078
882 47704
0
634 47704
234 38078
493 866990
146 38078
641 47704
165 38078
574 196577
313 38078
52 74526
337 38078
361 38078
112 38078
367 38078
508 201335
649 47704
971 201335
244 38078
465 117745
406 38078
57 74526
300 38078
66 38078
24 117745
561 196577
993 201335
468 117745
813 47704
904 196577
355 38078
389 38078
112 38078
123 38078
884 47704
269 38078
210 38078
201 38078
915 196577
14 117745
190 38078
271 38078
83 38078
869 47704
18 117745
74 38078
812 47704
473 117745
0
877 47704
991 201335
966 196577
834 47704
0
912 196577
830 47704
829 47704
233 38078
325 38078
229 38078
828 47704
72 38078
209 38078
365 38078
26 117745
461 74526
732 47704
491 866990
645 47704
719 47704
748 47704
216 38078
294 38078
141 38078
141 38078
460 74526
300 38078
463 74526
48 74526
230 38078
273 38078
731 47704
234 38078
894 47704
927 196577
957 196577
894 47704
561 196577
424 38078
343 38078
392 38078
18 117745
807 47704
828 47704
786 47704
623 47704
445 38078
640 47704
413 38078
242 38078
748 47704
118 38078
637 47704
213 38078
381 38078
660 47704
498 866990
695 47704
916 196577
329 38078
492 866990
289 38078
624 47704
115 38078
678 47704
744 47704
778 47704
109 38078
668 47704
399 38078
472 117745
695 47704
645 47704
241 38078
164 38078
551 196577
291 38078
854 47704
328 38078
21 117745
687 47704
565 196577
696 47704
113 38078
251 38078
856 47704
455 74526
274 38078
35 117745
145 38078
315 38078
474 117745
791 47704
68 38078
255 38078
642 47704
890 47704
166 38078
780 47704
81 38078
865 47704
548 196577
314 38078
72 38078
930 196577
285 38078
728 47704
776 47704
713 47704
348 38078
6 866990
306 38078
244 38078
568 196577
857 47704
808 47704
206 38078
258 38078
49 74526
275 38078
286 38078
680 47704
601 47704
811 47704
858 47704
991 201335
443 38078
528 201335
852 47704
230 38078
425 38078
601 47704
581 196577
761 47704
695 47704
16 117745
874 47704
6 866990
387 38078
408 38078
567 196577
874 47704
195 38078
20 117745
765 47704
291 38078
606 47704
116 38078
204 38078
745 47704
350 38078
399 38078
717 47704
534 196577
689 47704
903 196577
977 201335
608 47704
11 866990
331 38078
753 47704
689 47704
884 47704
913 196577
491 866990
742 47704
236 38078
867 47704
80 38078
95 38078
324 38078
43 74526
569 196577
804 47704
289 38078
805 47704
282 38078
184 38078
433 38078
274 38078
343 38078
3
41 74526
927 196577
675 47704
31 117745
284 38078
791 47704
924 196577
690 47704
779 47704
682 47704
350 38078
762 47704
920 196577
867 47704
285 38078
663 47704
43 74526
700 47704
150 38078
691 47704
303 38078
720 47704
297 38078
560 196577
622 47704
927 196577
231 38078
994 201335
133 38078
839 47704
830 47704
970 201335
141 38078
902 196577
496 866990
579 196577
83 38078
589 47704
783 47704
797 47704
619 47704
404 38078
874 47704
575 196577
853 47704
689 47704
532 196577
661 47704
352 38078
125 38078
632 47704
85 38078
213 38078
20 117745
141 38078
120 38078
379 38078
32 117745
543 196577
33 117745
80 38078
140 38078
87 38078
417 38078
297 38078
618 47704
775 47704
208 38078
843 47704
480 117745
29 117745
214 38078
775 47704
168 38078
168 38078
130 38078
389 38078
939 196577
583 196577
323 38078
868 47704
30 117745
835 47704
159 38078
182 38078
7 866990
108 38078
390 38078
959 196577
762 47704
402 38078
105 38078
286 38078
331 38078
682 47704
166 38078
830 47704
406 38078
421 38078
675 47704
96 38078
614 47704
967 196577
771 47704
764 47704
29 117745
498 866990
559 196577
425 38078
539 196577
689 47704
980 201335
712 47704
17 117745
166 38078
842 47704
775 47704
571 196577
918 196577
117 38078
974 201335
76 38078
258 38078
723 47704
353 38078
568 196577
750 47704
438 38078
285 38078
150 38078
794 47704
119 38078
504
387 38078
453 74526
93 38078
41 74526
183 38078
139 38078
335 38078
386 38078
155 38078
30 117745
570 196577
725 47704
944 196577
220 38078
390 38078
177 38078
506 201335
154 38078
466 117745
828 47704
79 38078
883 47704
661 47704
609 47704
257 38078
509 201335
113 38078
275 38078
633 47704
342 38078
493 866990
644 47704
599 47704
692 47704
972 201335
672 47704
528 201335
401 38078
832 47704
617 47704
918 196577
756 47704
530 201335
147 38078
431 38078
623 47704
389 38078
896 196577
480 117745
569 196577
669 47704
256 38078
212 38078
86 38078
571 196577
745 47704
946 196577
505
441 38078
8 866990
379 38078
503
752 47704
962 196577
769 47704
941 196577
13 117745
157 38078
178 38078
48 74526
291 38078
726 47704
848 47704
891 47704
719 47704
508 201335
926 196577
528 201335
282 38078
111 38078
668 47704
304 38078
19 117745
81 38078
906 196577
661 47704
527 201335
26 117745
40 74526
154 38078
811 47704
101 38078
66 38078
510 201335
857 47704
451 74526
690 47704
405 38078
978 201335
123 38078
773 47704
795 47704
85 38078
778 47704
825 47704
685 47704
165 38078
452 74526
515 201335
23 117745
888 47704
240 38078
77 38078
56 74526
969 196577
370 38078
320 38078
409 38078
459 74526
915 196577
470 117745
254 38078
341 38078
10 866990
936 196577
206 38078
107 38078
230 38078
50 74526
315 38078
622 47704
90 38078
103 38078
809 47704
153 38078
228 38078
412 38078
797 47704
780 47704
280 38078
699 47704
183 38078
224 38078
985 201335
799 47704
969 196577
958 196577
458 74526
351 38078
238 38078
908 196577
525 201335
698 47704
253 38078
281 38078
984 201335
845 47704
283 38078
599 47704
86 38078
859 47704
31 117745
970 201335
10 866990
703 47704
813 47704
890 47704
39 74526
536 196577
890 47704
245 38078
659 47704
28 117745
354 38078
650 47704
902 196577
185 38078
926 196577
223 38078
734 47704
463 74526
61 74526
801 47704
778 47704
834 47704
527 201335
122 38078
193 38078
446 38078
729 47704
582 196577
37 117745
249 38078
681 47704
397 38078
256 38078
85 38078
922 196577
639 47704
142 38078
413 38078
149 38078
673 47704
589 47704
54 74526
204 38078
307 38078
914 196577
539 196577
459 74526
634 47704
998 201335
709 47704
219 38078
167 38078
764 47704
648 47704
447 38078
725 47704
249 38078
928 196577
43 74526
174 38078
17 117745
603 47704
510 201335
203 38078
510 201335
140 38078
21 117745
388 38078
162 38078
320 38078
670 47704
470 117745
504
882 47704
231 38078
323 38078
100 38078
925 196577
990 201335
288 38078
776 47704
879 47704
14 117745
703 47704
905 196577
692 47704
453 74526
948 196577
389 38078
411 38078
269 38078
301 38078
86 38078
833 47704
359 38078
34 117745
637 47704
575 196577
337 38078
675 47704
110 38078
614 47704
664 47704
599 47704
728 47704
994 201335
930 196577
460 74526
997 201335
33 117745
487 866990
916 196577
527 201335
775 47704
401 38078
955 196577
583 196577
630 47704
661 47704
31 117745
131 38078
307 38078
746 47704
289 38078
631 47704
815 47704
87 38078
817 47704
514 201335
612 47704
790 47704
128 38078
712 47704
761 47704
646 47704
256 38078
37 117745
565 196577
789 47704
810 47704
821 47704
842 47704
582 196577
781 47704
272 38078
778 47704
923 196577
830 47704
22 117745
301 38078
898 196577
581 196577
625 47704
506 201335
930 196577
84 38078
990 201335
677 47704
190 38078
129 38078
696 47704
742 47704
930 196577
373 38078
809 47704
865 47704
846 47704
72 38078
845 47704
258 38078
742 47704
411 38078
884 47704
20 117745
571 196577
525 201335
566 196577
741 47704
831 47704
448 74526
606 47704
407 38078
186 38078
962 196577
258 38078
541 196577
782 47704
650 47704
660 47704
147 38078
685 47704
999 201335
22 117745
88 38078
598 47704
80 38078
421 38078
55 74526
427 38078
677 47704
559 196577
312 38078
133 38078
638 47704
573 196577
145 38078
229 38078
656 47704
445 38078
955 196577
56 74526
732 47704
651 47704
517 201335
422 38078
394 38078
608 47704
980 201335
353 38078
583 196577
248 38078
646 47704
824 47704
595 47704
936 196577
734 47704
617 47704
943 196577
899 196577
673 47704
179 38078
950 196577
997 201335
527 201335
849 47704
113 38078
500 866990
879 47704
