100
8099.8774 2115.6582
8098.0995 2161.6445
8084.4219 2276.3392
8080.7144 2296.1585
8002.4618 2538.9738
7977.4619 2591.2456
7970.2954 2605.1766
7929.9715 2676.9138
7842.2096 2806.3758
7830.2585 2822.0061
7812.9653 2843.9572
7789.0798 2873.0929
7690.8518 2981.1616
7622.4345 3047.6887
7593.0594 3074.4917
7566.7189 3097.7299
7500.2894 3153.3319
7419.5891 3215.8324
7416.1410 3218.3927
7394.7330 3234.1004
7335.8287 3275.7352
7329.8307 3279.8510
7273.5484 3317.4348
7231.9023 3344.1049
7117.2767 3413.0157
6873.7419 3541.0375
6732.5950 3605.7759
6620.6955 3652.9081
6430.1497 3725.6077
6314.0911 3765.6681
6103.2134 3831.1222
6022.9261 3853.7357
5843.4161 3900.0348
5822.9245 3904.9606
5745.9537 3922.8300
5583.6873 3957.3282
5559.7305 3962.0679
5537.0876 3966.4659
5470.0381 3979.0287
5210.8942 4021.3221
5199.6417 4022.9397
5170.4123 4027.0585
5058.0217 4041.7900
5038.8541 4044.1292
5038.1832 4044.2101
4715.5853 4076.1740
4206.1360 4099.2958
4112.8681 4099.9897
4109.4278 4099.9944
3735.3439 4091.6718
3674.3350 4088.6433
3649.0275 4087.2483
3645.1037 4087.0247
3556.5170 4081.4531
3555.8810 4081.4095
3475.9216 4075.5079
3296.6829 4059.2525
3295.2751 4059.1081
3209.3932 4049.7961
2955.9447 4016.4510
2772.2995 3986.6115
2593.4933 3952.7302
2526.3059 3938.7147
2459.1374 3923.9771
2270.0277 3878.4264
2199.6759 3859.8841
2083.7354 3827.3301
2033.2724 3812.3549
1998.3270 3801.6882
1951.0340 3786.8569
1866.5285 3759.1869
1849.3098 3753.3597
1718.5441 3706.9122
1502.6319 3620.9930
1081.7487 3412.4556
982.0310 3352.8238
962.7497 3340.7317
869.1011 3279.1197
707.7655 3159.8048
695.7810 3150.1539
689.8621 3145.3420
667.3269 3126.7370
588.8875 3058.1348
588.3795 3057.6692
473.5262 2943.9028
450.7814 2919.0244
375.7416 2829.7088
357.5523 2806.0604
254.5628 2650.5934
246.8373 2636.9211
193.4022 2529.6782
179.3377 2496.3606
171.3417 2476.0464
161.2143 2448.5567
160.1038 2445.4048
151.4307 2419.6876
143.5777 2394.4158
126.0742 2327.9876
123.1538 2314.8806
113.5083 2264.2283
105.7005 2206.7374
100.1782 2118.8772
100.0042 2102.9137
100.0350 2091.6313
107.4825 1977.7253
139.9385 1818.0813
154.2702 1771.6647
170.1611 1727.0501
176.4253 1710.9109
204.5076 1645.8141
284.9295 1498.9099
354.8099 1397.5844
406.3417 1332.3920
465.9588 1264.2751
540.5907 1187.5027
551.2926 1177.1408
554.6164 1173.9526
732.9813 1020.2795
784.1050 981.4250
834.4048 945.0229
990.3802 841.9991
1120.0125 765.8641
1150.7226 748.9113
1189.9114 727.8316
1432.4419 609.6868
1440.0245 606.3024
1597.9424 539.5748
1669.5024 511.5510
1767.8875 475.0961
1837.4874 450.6792
2097.7646 368.5950
2146.3493 354.7744
2427.0237 283.3306
2907.5828 190.9334
3004.4695 176.4737
3036.6330 171.9666
3219.3849 149.0696
3290.7985 141.3530
3295.4073 140.8784
3393.6523 131.4299
3409.7824 130.0000
3449.1733 126.6510
3501.6470 122.5032
3510.2992 121.8536
3525.2371 120.7547
3562.4802 118.1402
3799.2688 105.6605
3920.2162 102.0212
4041.3009 100.2154
4086.1267 100.0120
4091.9362 100.0041
4187.1158 100.4744
4189.7695 100.5037
4304.4070 102.6131
4448.9049 107.6229
4502.3074 110.1414
4590.1937 115.0749
4595.4621 115.4020
4718.9754 124.0907
4894.5275 139.8517
5096.9290 163.1125
5226.0937 180.8913
5342.2946 198.9014
5362.0400 202.1555
5362.2250 202.1863
5390.6257 206.9677
5557.7866 237.5515
5583.9838 242.7310
5644.3775 255.0814
5676.9928 261.9920
5705.9213 268.2647
5726.6632 272.8460
5794.0978 288.2306
5944.2393 325.2619
6330.5960 439.8463
6615.4150 544.9528
6620.9584 547.1986
6658.4979 562.6249
6705.6815 582.5660
6746.2702 600.2289
7366.1971 945.4485
7378.7339 954.3665
7389.4843 962.0970
7412.3885 978.8307
7424.6237 987.9212
7485.8474 1035.1013
7525.9131 1067.6339
7562.1433 1098.3060
7609.1336 1140.0545
7694.8711 1222.9450
7720.9533 1250.1916
7830.0888 1377.7747
7882.1939 1449.0373
7918.3374 1504.1184
7927.1736 1518.4628
7991.2359 1636.7822
8076.0249 1881.3532
8076.8491 1885.1333
8091.0016 1965.9236
8099.9860 2094.7132
