20
6756.8962 3028.7752
6684.1441 3115.9176
6532.7448 3270.3281
6474.2885 3322.5209
6099.4869 3591.0179
6091.9995 3595.4655
5285.8606 3937.1154
4009.5581 4099.0909
3611.4970 4073.3069
3438.0536 4050.7066
3434.7215 4050.2028
3073.1840 3979.2018
2560.4138 3816.5436
1249.0358 2722.5408
1235.0573 2693.3345
1192.1789 2591.9695
1100.0074 2104.4286
1100.5779 2060.7464
1100.6385 2058.7376
1262.8218 1450.0702
1372.0863 1267.7375
1630.6144 964.2898
1835.6873 788.0230
2981.3248 244.2503
3145.0212 204.0376
3458.9370 146.1959
4628.3601 131.2626
4820.9812 158.6161
6023.1950 565.0268
6086.5945 601.3425
6127.4984 625.8901
6329.2086 761.5716
6518.7481 916.8483
6518.7608 916.8599
6594.3113 988.7622
6852.3117 1304.2389
6979.5510 1538.9747
6980.7510 1541.7195
7032.6673 1678.6462
7033.1341 1680.0930
