100
6499.4649 2142.2320
6499.1394 2153.5558
6482.5344 2340.8459
6480.6264 2353.6098
6454.0884 2489.3262
6440.9476 2540.9305
6432.0358 2572.5883
6418.3011 2617.3921
6417.1272 2621.0311
6396.8260 2680.1042
6396.1767 2681.8867
6371.2480 2746.2674
6364.0179 2763.6511
6350.0594 2795.8372
6289.9532 2918.2404
6281.2977 2934.1413
6215.1033 3045.1403
6207.3275 3057.1263
6180.6256 3096.8691
6137.9049 3156.3774
6097.1357 3209.1317
6070.5110 3241.7233
6037.1129 3280.7465
6028.7534 3290.2120
6027.9306 3291.1373
5968.0808 3355.6191
5897.2990 3425.4235
5876.2210 3445.0111
5872.7834 3448.1569
5827.5396 3488.3461
5821.0346 3493.9452
5792.8410 3517.7176
5582.5328 3672.7931
5562.3128 3685.8842
5505.6927 3721.0482
5504.7005 3721.6453
5292.5466 3835.6220
5263.3326 3849.3366
5122.9232 3909.2410
5067.6260 3930.2436
5064.5024 3931.3882
5015.0323 3948.9329
4962.5236 3966.3789
4836.1039 4003.6060
4616.6364 4053.1113
4587.6255 4058.2839
4552.9506 4064.0583
4497.3252 4072.4021
4425.8397 4081.4817
4401.6178 4084.1432
4241.8519 4096.5035
4146.0621 4099.6316
4117.7770 4099.9451
4058.7536 4099.7046
4033.4518 4099.2310
4021.4090 4098.9274
3780.7750 4082.2293
3709.5395 4073.3538
3676.4237 4068.6048
3576.7107 4051.8809
3510.0757 4038.6402
3477.2438 4031.4960
3462.8021 4028.2222
3209.3192 3957.1722
3170.1580 3943.7947
3112.7589 3922.9545
2986.2370 3871.5992
2874.6765 3819.6944
2709.3499 3730.0333
2670.2152 3706.3492
2643.5299 3689.6136
2615.3169 3671.3839
2592.0671 3655.9336
2551.4112 3627.9508
2533.1635 3614.9769
2503.8389 3593.5671
2397.2374 3509.4422
2369.5409 3485.8189
2330.9896 3451.5943
2316.9472 3438.7190
2273.9622 3397.8577
2207.4493 3329.9085
2141.5495 3256.0444
2124.2792 3235.4536
2021.3662 3099.7504
2014.8151 3090.2314
2014.4957 3089.7642
1994.2328 3059.5082
1971.5282 3024.0640
1962.1972 3008.9826
1946.0319 2982.0830
1925.7279 2946.7834
1921.7594 2939.6708
1902.9837 2904.9842
1884.6250 2869.2500
1867.4348 2833.9262
1855.1041 2807.3240
1730.8374 2419.5791
1728.7742 2408.7701
1723.6029 2379.8028
1723.3861 2378.5210
1715.0936 2323.9507
1714.6163 2320.3920
1712.7788 2306.1131
1707.9701 2262.8589
1702.2352 2186.2963
1723.1403 1822.9395
1730.0698 1784.3980
1732.1508 1773.7309
1744.1234 1718.2593
1751.8994 1686.3245
1778.2828 1593.3571
1802.5415 1521.6375
1806.2211 1511.5825
1965.6168 1185.4538
1966.2150 1184.4849
2017.3688 1106.0435
2029.5109 1088.5809
2058.3451 1048.6631
2074.6075 1027.0416
2088.7676 1008.7010
2146.5717 938.0698
2154.3121 929.0855
2183.3505 896.2862
2246.3538 829.6119
2332.3439 747.1758
2423.9988 668.4556
2424.7364 667.8562
2476.6947 626.8892
2530.4687 586.9614
2566.8762 561.2570
2679.8687 487.7149
2945.0619 346.8049
2959.3339 340.3282
3132.6907 269.6401
3160.2473 259.6979
3241.6652 232.2806
3326.5041 206.7180
3411.2013 184.1385
3508.2293 161.7506
3686.9011 129.8496
3748.0802 121.6181
3877.4302 108.6188
3891.8303 107.5376
3943.7922 104.2408
4054.0660 100.3663
4244.1112 103.6088
4284.8290 105.9397
4324.6679 108.7824
4343.8501 110.3502
4560.9542 137.2353
4727.2503 169.5141
4919.2845 220.1409
4948.0096 229.0081
4978.9342 238.9454
5003.5955 247.1652
5036.2356 258.4535
5125.1225 291.6237
5137.5926 296.5693
5321.0399 378.1910
5393.0253 415.0821
5469.8070 457.7563
5478.5435 462.8408
5669.8054 587.1589
5749.3106 647.0876
5835.0324 718.1578
5840.3009 722.7662
5909.4720 786.1288
5940.3093 816.2172
5965.0066 841.2113
5988.9666 866.2711
5991.9839 869.4860
6005.7023 884.2759
6012.3117 891.5046
6067.5128 954.6915
6109.9350 1007.0423
6114.8532 1013.3491
6124.1062 1025.3573
6177.1319 1098.0841
6179.9929 1102.2144
6188.1683 1114.1441
6277.1842 1258.4287
6280.1384 1263.7566
6282.3339 1267.7429
6346.4615 1396.1363
6349.8083 1403.5993
6362.9415 1433.8046
6371.4997 1454.3472
6386.8360 1493.1062
6427.0794 1610.7394
6433.0380 1630.8594
6449.5181 1691.9518
6449.9898 1693.8427
6473.6296 1804.3337
6474.5768 1809.6640
6475.2392 1813.4513
6482.9093 1861.7433
6494.4135 1963.6180
6497.0800 2001.3730
6499.4189 2055.9900
