100
8096.1288 2187.9700
8095.5760 2194.0380
8094.5535 2204.3339
8086.3453 2265.1144
8049.1642 2417.8451
8042.6758 2437.3823
8005.9253 2531.2041
7973.9232 2598.1765
7959.0239 2626.2924
7958.5255 2627.2051
7923.6542 2687.2965
7885.2149 2746.5579
7784.0500 2879.0661
7771.2469 2894.0319
7635.9184 3035.0509
7566.1408 3098.2320
7515.3372 3141.0898
7347.2542 3267.8335
7294.6321 3303.5703
7207.0363 3359.5957
7039.5729 3456.3656
6971.2278 3492.4844
6931.8750 3512.4875
6899.7622 3528.4022
6776.0917 3586.4835
6756.2447 3595.3565
6750.1123 3598.0742
6706.1519 3617.2320
6461.2252 3714.3587
6215.3974 3797.4314
6158.5614 3814.8123
6083.7848 3836.7065
5888.6643 3888.9019
5860.6934 3895.8256
5830.3946 3903.1732
5622.0688 3949.5477
5561.3707 3961.7462
5532.2890 3967.3878
5501.8952 3973.1451
5452.9290 3982.1253
5405.5737 3990.4680
5264.3639 4013.3908
5259.4986 4014.1292
5151.9989 4029.5918
5048.9083 4042.9085
4834.6925 4065.9748
4560.2317 4086.7176
4540.9627 4087.8098
4429.4689 4093.2041
4190.7584 4099.4851
4025.6470 4099.6544
3751.5029 4092.3949
3660.4385 4087.8874
3529.0020 4079.5177
3342.6819 4063.8272
2636.1645 3961.2620
2338.3043 3895.5799
2306.7812 3887.7616
2218.1529 3864.8408
2171.9400 3852.3259
2150.6294 3846.4216
1856.8773 3755.9288
1603.3010 3662.5695
1459.3558 3602.2482
1397.1638 3574.3368
1389.6181 3570.8696
1208.8043 3482.1168
1204.5047 3479.8648
1203.0103 3479.0804
1179.4712 3466.6118
1154.3770 3453.0803
1143.0721 3446.9018
1137.2756 3443.7135
1116.1911 3431.9989
1096.2398 3420.7408
1084.3982 3413.9773
992.0284 3359.0187
931.9709 3321.0233
898.4250 3298.9493
872.5884 3281.5048
677.1976 3134.9425
546.7427 3018.4719
533.4967 3005.5460
478.6195 2949.3531
457.5984 2926.5758
451.6193 2919.9571
400.2900 2860.2871
342.8870 2786.3129
330.3915 2768.9641
320.7385 2755.2065
319.3351 2753.1793
286.7605 2703.9877
244.9268 2633.4816
221.7644 2589.7165
135.0778 2364.2877
103.3344 2181.6456
100.1272 2115.9506
100.0377 2091.3181
102.0518 2035.9483
107.8214 1974.9898
110.2129 1957.1727
113.2721 1937.2114
137.0456 1828.4341
138.3670 1823.6559
147.6657 1792.1634
154.1244 1772.1029
185.2495 1689.2908
209.0917 1636.0946
273.6438 1517.1196
340.9425 1416.3542
344.5092 1411.4710
346.9294 1408.1798
422.0377 1313.7760
447.0514 1285.1432
597.1158 1134.3652
745.5440 1010.5477
787.2880 979.0696
820.9872 954.5661
882.8269 911.5349
905.2821 896.4866
955.0944 864.1229
1038.8579 812.6180
1072.9328 792.6301
1078.7411 789.2755
1193.0095 726.1908
1218.4474 712.8577
1270.6221 686.2620
1473.3190 591.6444
1833.7482 451.9631
1877.7257 437.0586
1895.6008 431.1213
2023.7848 390.5169
2061.9208 379.0821
2169.4237 348.3668
2307.8437 311.9721
2486.4306 269.9458
2508.2694 265.1707
2510.5349 264.6798
2743.5465 218.5090
2890.9510 193.5504
2903.8418 191.5186
2912.3002 190.1984
3013.4640 175.1987
3060.6521 168.6950
3427.1033 128.5025
3533.5545 120.1553
3772.8205 106.7016
4018.2066 100.4182
4077.2573 100.0323
4095.3913 100.0013
4106.5454 100.0027
4392.2048 105.3436
4688.3122 121.7502
4714.4084 123.7344
4779.5140 129.0700
4829.0349 133.4988
4929.2074 143.4459
5059.9944 158.4535
5140.4285 168.8405
5351.2320 200.3672
5472.8386 221.4824
5516.1369 229.5351
5851.8453 302.0124
5859.4089 303.8597
6059.2237 356.3370
6060.7863 356.7762
6245.6925 412.1016
6264.6861 418.1755
6329.7884 439.5751
6364.4240 451.3351
6625.9489 549.2274
6929.6249 686.3856
7047.3613 747.8664
7092.3082 772.7762
7119.3457 788.1739
7127.4800 792.8691
7218.6119 847.5764
7226.6703 852.6094
7315.5437 910.4330
7337.7159 925.5644
7449.5813 1006.8046
7575.7775 1110.1805
7650.3885 1178.7588
7673.5381 1201.4142
7674.5840 1202.4549
7709.1460 1237.7261
7713.2352 1242.0181
7719.6439 1248.7982
7724.8515 1254.3565
7742.5207 1273.5553
7745.1751 1276.4864
7758.7755 1291.7052
7759.1925 1292.1772
7884.7424 1452.7510
7989.3829 1632.9077
8023.5707 1710.9007
8056.4834 1805.7895
8081.1735 1906.1847
8088.3563 1947.5091
8099.7981 2079.9050
