142 141 100
1 2 2210
1 3 40131
1 4 33188
1 5 24589
1 6 63041
1 7 96551
1 8 90713
1 9 13751
1 10 9891
1 11 42495
1 12 36948
1 13 84152
1 14 94243
1 15 23019
1 16 82869
1 17 32528
1 18 40502
1 19 10817
1 20 65499
1 21 19776
1 22 72983
1 23 4548
1 24 79578
1 25 61952
1 26 40013
1 27 83479
1 28 43776
1 29 96466
1 30 47981
1 31 48194
1 32 91622
1 33 24360
1 34 72854
1 35 44729
1 36 42401
1 37 16222
1 38 30583
1 39 6066
1 40 46693
1 41 67185
1 42 69163
1 43 64226
1 44 32783
1 45 39197
1 46 84429
1 47 71955
1 48 8617
1 49 35791
1 50 89508
1 51 56137
1 52 62745
1 53 86636
1 54 84653
1 55 90947
1 56 86390
1 57 78240
1 58 92153
1 59 28898
1 60 51870
1 61 34228
1 62 57344
1 63 16861
1 64 47457
1 65 85103
1 66 35723
1 67 53870
1 68 20686
1 69 33057
1 70 5590
1 71 25374
1 72 53366
1 73 47602
1 74 95477
1 75 94783
1 76 45506
1 77 96211
1 78 75129
1 79 14124
1 80 99712
1 81 62604
1 82 10078
1 83 2568
1 84 16477
1 85 55460
1 86 42890
1 87 58852
1 88 59658
1 89 28589
1 90 56891
1 91 58076
1 92 42476
1 93 72239
1 94 85464
1 95 26626
1 96 25813
1 97 69200
1 98 67277
1 99 70899
1 100 596
1 101 60025
1 102 4009
1 103 84725
1 104 54302
1 105 26735
1 106 22790
1 107 25387
1 108 40285
1 109 72228
1 110 47013
1 111 53182
1 112 34869
1 113 24283
1 114 4058
1 115 1409
1 116 38931
1 117 36130
1 118 19208
1 119 51425
1 120 85419
1 121 45925
1 122 50819
1 123 68061
1 124 46210
1 125 49982
1 126 23744
1 127 90195
1 128 35169
1 129 74961
1 130 83548
1 131 6817
1 132 70202
1 133 63847
1 134 71397
1 135 73513
1 136 54244
1 137 60520
1 138 46912
1 139 5521
1 140 17113
1 141 18785
1 142 20081
8 90
16 54
45 140
4 79
39 109
36 122
76 38
98 7
80 86
3 23
81 86
103 37
107 18
99 127
45 23
1 105
122 82
137 93
134 97
67 43
24 126
115 94
72 54
66 56
67 22
26 137
117 98
138 3
139 64
121 20
142 12
89 134
58 14
106 54
128 12
140 116
64 90
100 75
34 96
104 74
107 81
110 54
93 8
120 125
129 92
74 20
96 24
106 14
124 127
8 60
130 119
104 106
101 23
11 104
63 125
48 119
37 68
8 25
29 37
141 42
135 58
75 114
78 75
105 45
48 132
49 142
105 79
46 63
67 27
57 115
9 29
28 137
5 11
85 79
52 28
124 134
120 22
12 132
6 116
6 41
36 49
116 55
21 95
111 104
140 54
23 68
61 76
73 75
119 50
33 17
19 59
26 63
114 24
108 57
113 114
83 30
125 101
11 121
131 92
138 37
