688 687 100
1 2 10603
1 3 35497
1 4 27293
1 5 58126
1 6 47430
1 7 79685
1 8 7039
1 9 9368
1 10 78640
1 11 12578
1 12 51663
1 13 21243
1 14 52918
1 15 547
1 16 34834
1 17 93286
1 18 92940
1 19 81175
1 20 86862
1 21 46890
1 22 33740
1 23 25048
1 24 64944
1 25 16760
1 26 44124
1 27 62097
1 28 98011
1 29 68470
1 30 8912
1 31 68338
1 32 28987
1 33 30764
1 34 15745
1 35 11825
1 36 44868
1 37 83782
1 38 51616
1 39 95465
1 40 19950
1 41 33676
1 42 20136
1 43 50805
1 44 23352
1 45 22098
1 46 24694
1 47 89190
1 48 32155
1 49 1509
1 50 85825
1 51 41352
1 52 70061
1 53 88487
1 54 56129
1 55 96874
1 56 15549
1 57 90107
1 58 91949
1 59 2063
1 60 68699
1 61 71935
1 62 93692
1 63 97420
1 64 16439
1 65 76293
1 66 38384
1 67 25811
1 68 49770
1 69 98687
1 70 18690
1 71 61715
1 72 13184
1 73 83976
1 74 35993
1 75 61407
1 76 76525
1 77 97344
1 78 99862
1 79 94780
1 80 1056
1 81 32207
1 82 63477
1 83 67524
1 84 73503
1 85 64290
1 86 64245
1 87 36024
1 88 41047
1 89 48019
1 90 14569
1 91 39791
1 92 42461
1 93 38466
1 94 9028
1 95 98706
1 96 76617
1 97 62426
1 98 13819
1 99 2835
1 100 33134
1 101 94290
1 102 55271
1 103 41488
1 104 46818
1 105 83233
1 106 59985
1 107 82401
1 108 8515
1 109 67743
1 110 41270
1 111 15126
1 112 75818
1 113 31367
1 114 73695
1 115 18519
1 116 37235
1 117 68034
1 118 72619
1 119 33861
1 120 26913
1 121 96044
1 122 32297
1 123 94800
1 124 22797
1 125 79416
1 126 94559
1 127 77814
1 128 95346
1 129 95893
1 130 40545
1 131 72143
1 132 27
1 133 51142
1 134 3585
1 135 83648
1 136 10826
1 137 26195
1 138 59165
1 139 71312
1 140 5194
1 141 75104
1 142 50586
1 143 12699
1 144 60471
1 145 1355
1 146 40681
1 147 21790
1 148 71979
1 149 90347
1 150 45543
1 151 2460
1 152 47831
1 153 99012
1 154 68189
1 155 85913
1 156 82182
1 157 21084
1 158 56018
1 159 14644
1 160 76564
1 161 24453
1 162 27083
1 163 89548
1 164 4967
1 165 62435
1 166 23775
1 167 35126
1 168 58676
1 169 10278
1 170 7951
1 171 34435
1 172 68701
1 173 71767
1 174 35498
1 175 4456
1 176 79546
1 177 14391
1 178 18665
1 179 21819
1 180 16342
1 181 10173
1 182 58730
1 183 20539
1 184 47965
1 185 42705
1 186 45825
1 187 93543
1 188 21746
1 189 73000
1 190 3171
1 191 81615
1 192 49374
1 193 82968
1 194 25399
1 195 22478
1 196 63820
1 197 85268
1 198 13722
1 199 30922
1 200 72778
1 201 4137
1 202 49384
1 203 15640
1 204 73176
1 205 81538
1 206 82317
1 207 11867
1 208 16113
1 209 87428
1 210 47453
1 211 62979
1 212 16068
1 213 46190
1 214 58866
1 215 73629
1 216 94470
1 217 36636
1 218 92879
1 219 42556
1 220 72126
1 221 57518
1 222 83267
1 223 7313
1 224 16019
1 225 16502
1 226 80640
1 227 58534
1 228 37498
1 229 50668
1 230 2295
1 231 22814
1 232 23252
1 233 53420
1 234 71446
1 235 2914
1 236 22618
1 237 6558
1 238 4768
1 239 71741
1 240 56320
1 241 10698
1 242 42647
1 243 31373
1 244 64585
1 245 26381
1 246 27128
1 247 30385
1 248 22458
1 249 39737
1 250 13335
1 251 50999
1 252 27864
1 253 42388
1 254 16240
1 255 15700
1 256 44031
1 257 96272
1 258 57344
1 259 62892
1 260 97661
1 261 12129
1 262 31399
1 263 38045
1 264 85846
1 265 36603
1 266 20602
1 267 77001
1 268 12983
1 269 20742
1 270 37511
1 271 20299
1 272 1753
1 273 1113
1 274 42498
1 275 39197
1 276 84100
1 277 97021
1 278 52644
1 279 87430
1 280 57259
1 281 11147
1 282 1271
1 283 7381
1 284 37190
1 285 29755
1 286 20705
1 287 584
1 288 60292
1 289 21066
1 290 39549
1 291 5152
1 292 18478
1 293 7830
1 294 95278
1 295 33377
1 296 74369
1 297 93610
1 298 10226
1 299 78301
1 300 91433
1 301 58986
1 302 12786
1 303 52240
1 304 11618
1 305 63164
1 306 8759
1 307 88434
1 308 81402
1 309 54211
1 310 42051
1 311 3227
1 312 55663
1 313 91487
1 314 98827
1 315 67075
1 316 3690
1 317 22351
1 318 22899
1 319 67379
1 320 78502
1 321 28419
1 322 28971
1 323 63026
1 324 69356
1 325 26058
1 326 23736
1 327 93565
1 328 59569
1 329 52196
1 330 85293
1 331 70755
1 332 30585
1 333 37690
1 334 46147
1 335 60631
1 336 63648
1 337 22652
1 338 47834
1 339 73439
1 340 60502
1 341 44211
1 342 86487
1 343 72365
1 344 43952
1 345 45036
1 346 55088
1 347 77823
1 348 46721
1 349 45676
1 350 99337
1 351 20470
1 352 39801
1 353 73522
1 354 81437
1 355 77328
1 356 88030
1 357 50631
1 358 2863
1 359 6887
1 360 40376
1 361 85907
1 362 95429
1 363 55853
1 364 77044
1 365 82258
1 366 44530
1 367 16180
1 368 55710
1 369 9093
1 370 91869
1 371 36665
1 372 14260
1 373 10704
1 374 23051
1 375 92183
1 376 16805
1 377 55231
1 378 35824
1 379 90295
1 380 58131
1 381 39071
1 382 73987
1 383 8465
1 384 48720
1 385 90249
1 386 13975
1 387 26620
1 388 63891
1 389 36274
1 390 45032
1 391 88214
1 392 96886
1 393 37650
1 394 38690
1 395 29213
1 396 35552
1 397 16286
1 398 67326
1 399 86674
1 400 72298
1 401 80449
1 402 18821
1 403 210
1 404 88048
1 405 90758
1 406 644
1 407 66070
1 408 28974
1 409 59265
1 410 64601
1 411 7761
1 412 32426
1 413 65564
1 414 23470
1 415 23836
1 416 92083
1 417 14599
1 418 83628
1 419 58346
1 420 31379
1 421 69002
1 422 32186
1 423 93860
1 424 96673
1 425 96827
1 426 89384
1 427 93490
1 428 64372
1 429 1061
1 430 94334
1 431 45868
1 432 24193
1 433 52057
1 434 2047
1 435 598
1 436 7335
1 437 70253
1 438 16079
1 439 46162
1 440 19826
1 441 9695
1 442 46802
1 443 72901
1 444 15916
1 445 99035
1 446 84246
1 447 78275
1 448 40497
1 449 68720
1 450 99545
1 451 49372
1 452 68767
1 453 79801
1 454 19113
1 455 21285
1 456 49302
1 457 54057
1 458 46261
1 459 27713
1 460 2133
1 461 2314
1 462 74888
1 463 92192
1 464 24133
1 465 44451
1 466 57106
1 467 95303
1 468 82597
1 469 4132
1 470 16844
1 471 90866
1 472 42812
1 473 34081
1 474 27255
1 475 88433
1 476 21812
1 477 51158
1 478 98192
1 479 48617
1 480 23899
1 481 4898
1 482 50982
1 483 42321
1 484 42042
1 485 59601
1 486 8109
1 487 9598
1 488 61023
1 489 71906
1 490 14884
1 491 15506
1 492 93446
1 493 7266
1 494 84961
1 495 96139
1 496 5950
1 497 1737
1 498 27610
1 499 5835
1 500 50283
1 501 32970
1 502 90902
1 503 43746
1 504 5212
1 505 65119
1 506 56543
1 507 17497
1 508 73276
1 509 5738
1 510 35451
1 511 27553
1 512 61248
1 513 39101
1 514 26209
1 515 73651
1 516 51233
1 517 35445
1 518 71739
1 519 6764
1 520 82704
1 521 7710
1 522 35831
1 523 39039
1 524 82607
1 525 81063
1 526 79418
1 527 26290
1 528 6552
1 529 14110
1 530 53534
1 531 16504
1 532 79278
1 533 92524
1 534 67128
1 535 19981
1 536 89412
1 537 44561
1 538 18133
1 539 24687
1 540 57068
1 541 37027
1 542 75402
1 543 3707
1 544 61570
1 545 16963
1 546 72487
1 547 13655
1 548 14245
1 549 95265
1 550 28018
1 551 49512
1 552 30598
1 553 50306
1 554 53667
1 555 15278
1 556 76672
1 557 20940
1 558 91775
1 559 65467
1 560 488
1 561 12879
1 562 32542
1 563 68685
1 564 3559
1 565 17527
1 566 99562
1 567 15031
1 568 50915
1 569 18827
1 570 68576
1 571 8978
1 572 70913
1 573 34343
1 574 88445
1 575 42295
1 576 20651
1 577 76143
1 578 8555
1 579 7733
1 580 70572
1 581 54358
1 582 58061
1 583 69525
1 584 91025
1 585 12993
1 586 19783
1 587 77429
1 588 41903
1 589 93620
1 590 39963
1 591 55650
1 592 88230
1 593 96819
1 594 29542
1 595 72427
1 596 71940
1 597 51285
1 598 45611
1 599 82321
1 600 39589
1 601 88026
1 602 32835
1 603 50842
1 604 95848
1 605 89355
1 606 91854
1 607 99477
1 608 94389
1 609 6806
1 610 51399
1 611 42377
1 612 61208
1 613 32601
1 614 65153
1 615 56352
1 616 91447
1 617 79317
1 618 49540
1 619 17130
1 620 45607
1 621 64148
1 622 43864
1 623 79584
1 624 34112
1 625 67952
1 626 77418
1 627 76634
1 628 19056
1 629 76929
1 630 50950
1 631 7129
1 632 11222
1 633 94689
1 634 53030
1 635 59922
1 636 11761
1 637 33647
1 638 50488
1 639 79081
1 640 41344
1 641 48351
1 642 98841
1 643 70033
1 644 4812
1 645 58186
1 646 26895
1 647 68750
1 648 20295
1 649 91707
1 650 86563
1 651 81859
1 652 70006
1 653 73505
1 654 93334
1 655 82634
1 656 54165
1 657 24212
1 658 40005
1 659 42169
1 660 69733
1 661 18075
1 662 64097
1 663 56323
1 664 27829
1 665 31003
1 666 51482
1 667 42838
1 668 7305
1 669 89954
1 670 63828
1 671 16503
1 672 66310
1 673 68240
1 674 87045
1 675 34112
1 676 46582
1 677 67993
1 678 98077
1 679 17194
1 680 46148
1 681 23508
1 682 91088
1 683 13613
1 684 48528
1 685 87888
1 686 12861
1 687 82813
1 688 72395
565 48
530 564
557 248
405 252
411 35
371 566
201 438
185 160
85 373
662 519
144 76
228 648
149 313
591 561
500 215
185 530
114 205
354 502
435 94
215 115
139 687
680 417
213 435
238 460
411 130
292 37
484 72
670 330
20 662
679 111
561 509
496 50
88 320
286 399
426 631
112 221
576 474
303 71
551 676
591 469
357 46
381 565
683 449
476 146
632 56
674 687
562 551
574 297
306 390
242 375
185 560
188 137
660 355
47 609
566 479
278 491
419 457
573 386
93 191
169 579
453 341
286 492
365 502
40 94
589 74
424 479
111 649
37 611
209 215
164 343
653 116
457 470
649 290
108 169
403 274
279 360
149 350
490 403
601 680
189 158
69 605
591 11
599 379
30 513
114 36
515 351
631 312
394 650
641 265
168 550
134 139
449 341
523 660
358 50
504 299
182 609
113 477
637 685
105 382
308 307
