141 140 100
1 2 76020
1 3 48356
1 4 3987
1 5 3911
1 6 75788
1 7 8718
1 8 77851
1 9 93224
1 10 4814
1 11 96156
1 12 21718
1 13 3238
1 14 71447
1 15 32645
1 16 87085
1 17 45449
1 18 56103
1 19 68635
1 20 69891
1 21 68185
1 22 79933
1 23 3303
1 24 38171
1 25 47353
1 26 32281
1 27 50113
1 28 75909
1 29 69893
1 30 41836
1 31 64375
1 32 97897
1 33 26419
1 34 69788
1 35 87544
1 36 64979
1 37 1250
1 38 7977
1 39 31353
1 40 68250
1 41 41750
1 42 14377
1 43 89871
1 44 99533
1 45 6176
1 46 15592
1 47 6054
1 48 42776
1 49 60204
1 50 12525
1 51 54967
1 52 42679
1 53 47985
1 54 53567
1 55 88773
1 56 1813
1 57 91278
1 58 53109
1 59 60887
1 60 79754
1 61 23423
1 62 25799
1 63 52883
1 64 7526
1 65 8233
1 66 47134
1 67 33604
1 68 29991
1 69 17650
1 70 74514
1 71 59074
1 72 5522
1 73 29706
1 74 87836
1 75 89180
1 76 16895
1 77 32242
1 78 29805
1 79 13748
1 80 37434
1 81 29187
1 82 47148
1 83 81383
1 84 89226
1 85 45535
1 86 41309
1 87 74463
1 88 66112
1 89 10750
1 90 68475
1 91 69624
1 92 22747
1 93 55191
1 94 12367
1 95 81432
1 96 11925
1 97 68250
1 98 36424
1 99 53551
1 100 2981
1 101 5182
1 102 89034
1 103 14905
1 104 93636
1 105 31079
1 106 85797
1 107 1198
1 108 31349
1 109 23444
1 110 6839
1 111 4076
1 112 41622
1 113 11417
1 114 27694
1 115 67238
1 116 91334
1 117 98861
1 118 59088
1 119 98859
1 120 78581
1 121 48786
1 122 71496
1 123 3681
1 124 26022
1 125 5206
1 126 53812
1 127 54903
1 128 7430
1 129 49797
1 130 76563
1 131 91067
1 132 76945
1 133 64129
1 134 10544
1 135 14061
1 136 53287
1 137 65468
1 138 22861
1 139 32167
1 140 77434
1 141 12436
61 9
105 2
40 49
84 6
116 51
81 116
78 139
92 122
131 54
3 43
114 78
103 8
44 136
108 37
94 120
121 137
40 76
108 50
110 49
3 103
82 43
120 127
63 123
94 36
86 92
138 117
42 46
133 136
101 66
33 134
57 49
108 93
109 61
34 83
48 130
88 100
106 59
128 101
37 102
42 32
65 87
109 127
105 127
115 13
34 27
49 101
82 99
47 1
118 47
15 25
135 36
140 133
99 35
97 106
70 134
35 132
100 82
108 28
2 60
73 36
57 22
70 33
140 124
35 50
56 86
2 73
20 39
109 124
61 75
92 116
102 89
40 72
90 33
133 108
13 89
129 102
141 6
122 26
104 86
138 108
115 27
9 91
89 137
38 93
47 39
29 99
10 92
77 23
59 122
58 28
114 43
65 2
47 89
51 107
72 5
43 56
113 83
45 35
132 71
61 115
