6962 6961 1000
1 2 60351
1 3 50372
1 4 29998
1 5 10847
1 6 5013
1 7 34304
1 8 23678
1 9 70652
1 10 91358
1 11 9295
1 12 41707
1 13 89196
1 14 2255
1 15 85391
1 16 44294
1 17 39440
1 18 2907
1 19 2464
1 20 99336
1 21 11247
1 22 14825
1 23 24837
1 24 58884
1 25 55781
1 26 15940
1 27 4763
1 28 79664
1 29 62863
1 30 61152
1 31 68605
1 32 53220
1 33 33920
1 34 36292
1 35 53853
1 36 3084
1 37 97324
1 38 37606
1 39 20160
1 40 17091
1 41 1057
1 42 67821
1 43 98216
1 44 17238
1 45 43330
1 46 74939
1 47 37320
1 48 97236
1 49 65890
1 50 59500
1 51 59261
1 52 91438
1 53 27369
1 54 66273
1 55 48467
1 56 53574
1 57 56197
1 58 80379
1 59 78499
1 60 67870
1 61 33913
1 62 29415
1 63 84759
1 64 80472
1 65 12598
1 66 21849
1 67 31806
1 68 9224
1 69 34035
1 70 13179
1 71 80504
1 72 90207
1 73 52974
1 74 84502
1 75 34940
1 76 53810
1 77 58890
1 78 60238
1 79 62357
1 80 33784
1 81 41937
1 82 46303
1 83 99003
1 84 99826
1 85 43334
1 86 20329
1 87 12538
1 88 91123
1 89 3383
1 90 94661
1 91 49365
1 92 75624
1 93 90754
1 94 15742
1 95 33303
1 96 59237
1 97 2449
1 98 33042
1 99 97987
1 100 92226
1 101 19594
1 102 87255
1 103 15657
1 104 72576
1 105 71870
1 106 17128
1 107 48369
1 108 77068
1 109 83752
1 110 70940
1 111 86034
1 112 7248
1 113 60106
1 114 49783
1 115 25117
1 116 75425
1 117 40282
1 118 14621
1 119 89788
1 120 83875
1 121 48179
1 122 33009
1 123 31434
1 124 32534
1 125 97394
1 126 11294
1 127 2662
1 128 41916
1 129 40392
1 130 31893
1 131 73981
1 132 79294
1 133 68064
1 134 5077
1 135 78345
1 136 17308
1 137 30082
1 138 23300
1 139 67695
1 140 49971
1 141 22803
1 142 43369
1 143 61259
1 144 1512
1 145 64705
1 146 20719
1 147 98250
1 148 32943
1 149 79219
1 150 65013
1 151 49803
1 152 88852
1 153 75601
1 154 3084
1 155 83741
1 156 58288
1 157 99790
1 158 67278
1 159 42478
1 160 45559
1 161 45461
1 162 57685
1 163 42844
1 164 87032
1 165 87896
1 166 48560
1 167 32050
1 168 88457
1 169 59686
1 170 87234
1 171 77056
1 172 59231
1 173 73022
1 174 92124
1 175 58718
1 176 51040
1 177 50844
1 178 72146
1 179 73307
1 180 38661
1 181 51694
1 182 38586
1 183 57995
1 184 80612
1 185 19062
1 186 73232
1 187 79968
1 188 1470
1 189 94640
1 190 82167
1 191 54140
1 192 80701
1 193 71391
1 194 77186
1 195 85935
1 196 45000
1 197 1328
1 198 47736
1 199 12391
1 200 16784
1 201 86090
1 202 77042
1 203 19059
1 204 5658
1 205 77127
1 206 47987
1 207 30706
1 208 92609
1 209 53325
1 210 85180
1 211 39934
1 212 97440
1 213 62959
1 214 92804
1 215 38283
1 216 93602
1 217 42207
1 218 18613
1 219 8855
1 220 26661
1 221 2055
1 222 32174
1 223 87913
1 224 53224
1 225 82445
1 226 2266
1 227 69922
1 228 88980
1 229 27117
1 230 59298
1 231 55825
1 232 29817
1 233 43698
1 234 30183
1 235 58824
1 236 62957
1 237 27589
1 238 55227
1 239 66760
1 240 18734
1 241 38215
1 242 9950
1 243 42752
1 244 23693
1 245 29012
1 246 23086
1 247 91841
1 248 84754
1 249 49330
1 250 75292
1 251 1456
1 252 62051
1 253 59277
1 254 8975
1 255 3173
1 256 2596
1 257 66059
1 258 44232
1 259 44828
1 260 4425
1 261 82525
1 262 56530
1 263 43835
1 264 10551
1 265 84484
1 266 73063
1 267 55699
1 268 26334
1 269 74731
1 270 57188
1 271 59544
1 272 44523
1 273 74860
1 274 96942
1 275 33786
1 276 29047
1 277 21627
1 278 91598
1 279 64226
1 280 50817
1 281 32243
1 282 32496
1 283 71571
1 284 74757
1 285 21940
1 286 15427
1 287 25614
1 288 18879
1 289 83976
1 290 37325
1 291 80137
1 292 44753
1 293 4505
1 294 13411
1 295 10267
1 296 94182
1 297 74640
1 298 23673
1 299 46192
1 300 70883
1 301 51262
1 302 36184
1 303 2552
1 304 11145
1 305 40651
1 306 79578
1 307 31585
1 308 75864
1 309 73529
1 310 26921
1 311 20137
1 312 17706
1 313 340
1 314 89782
1 315 44597
1 316 76356
1 317 46066
1 318 75188
1 319 16402
1 320 80867
1 321 67028
1 322 15495
1 323 28924
1 324 14350
1 325 7968
1 326 31006
1 327 12951
1 328 64041
1 329 51972
1 330 85053
1 331 10213
1 332 63839
1 333 39213
1 334 6360
1 335 4982
1 336 87366
1 337 32509
1 338 8023
1 339 12269
1 340 84092
1 341 44639
1 342 43737
1 343 40173
1 344 91722
1 345 28933
1 346 48638
1 347 26144
1 348 20617
1 349 78764
1 350 58257
1 351 51089
1 352 38676
1 353 24289
1 354 30586
1 355 59467
1 356 54028
1 357 69072
1 358 31198
1 359 24082
1 360 12165
1 361 93544
1 362 653
1 363 70367
1 364 38025
1 365 11918
1 366 32231
1 367 41657
1 368 90419
1 369 6134
1 370 49251
1 371 78557
1 372 82605
1 373 76198
1 374 25578
1 375 72539
1 376 29353
1 377 13533
1 378 97492
1 379 17683
1 380 10809
1 381 74976
1 382 59000
1 383 78341
1 384 64753
1 385 34511
1 386 37221
1 387 3027
1 388 65849
1 389 50165
1 390 67312
1 391 54607
1 392 78117
1 393 21236
1 394 90327
1 395 95199
1 396 56698
1 397 38878
1 398 52666
1 399 4248
1 400 32710
1 401 27609
1 402 10149
1 403 28798
1 404 18874
1 405 56127
1 406 19694
1 407 7390
1 408 64941
1 409 69621
1 410 34636
1 411 11338
1 412 33493
1 413 97783
1 414 94921
1 415 53163
1 416 27754
1 417 36648
1 418 95303
1 419 54686
1 420 48723
1 421 68236
1 422 27763
1 423 58107
1 424 92143
1 425 60802
1 426 87301
1 427 96135
1 428 71616
1 429 24446
1 430 11573
1 431 78740
1 432 50637
1 433 54829
1 434 79891
1 435 72660
1 436 64985
1 437 87359
1 438 73858
1 439 88004
1 440 3115
1 441 34516
1 442 1670
1 443 52143
1 444 73505
1 445 42856
1 446 29405
1 447 41287
1 448 79845
1 449 91302
1 450 60159
1 451 52664
1 452 88443
1 453 22031
1 454 52956
1 455 83937
1 456 66548
1 457 29744
1 458 23085
1 459 16538
1 460 87750
1 461 37187
1 462 89278
1 463 87359
1 464 11899
1 465 75282
1 466 44470
1 467 55272
1 468 32021
1 469 9778
1 470 85522
1 471 3267
1 472 94728
1 473 90155
1 474 72420
1 475 677
1 476 64586
1 477 12635
1 478 39700
1 479 90646
1 480 58943
1 481 65620
1 482 38423
1 483 59898
1 484 53158
1 485 27831
1 486 74505
1 487 85081
1 488 37414
1 489 21145
1 490 52529
1 491 7808
1 492 66710
1 493 53279
1 494 9673
1 495 62564
1 496 33106
1 497 80171
1 498 44364
1 499 28774
1 500 6739
1 501 3118
1 502 19306
1 503 95249
1 504 85707
1 505 63343
1 506 21556
1 507 73924
1 508 10943
1 509 34080
1 510 2346
1 511 37784
1 512 30022
1 513 37584
1 514 59781
1 515 85531
1 516 30353
1 517 47238
1 518 63623
1 519 42749
1 520 17910
1 521 14687
1 522 53749
1 523 95287
1 524 98597
1 525 62727
1 526 21081
1 527 29489
1 528 68725
1 529 12592
1 530 98531
1 531 52857
1 532 5307
1 533 10714
1 534 16369
1 535 75403
1 536 69947
1 537 760
1 538 29324
1 539 73655
1 540 88050
1 541 72418
1 542 33915
1 543 21140
1 544 38849
1 545 81886
1 546 77867
1 547 11731
1 548 88210
1 549 13521
1 550 32094
1 551 45249
1 552 65456
1 553 43150
1 554 24418
1 555 12079
1 556 22006
1 557 92813
1 558 26833
1 559 84185
1 560 53023
1 561 56443
1 562 404
1 563 99984
1 564 12187
1 565 20766
1 566 78193
1 567 1134
1 568 65427
1 569 31638
1 570 22425
1 571 69607
1 572 72220
1 573 67264
1 574 25787
1 575 9266
1 576 71468
1 577 40364
1 578 11924
1 579 911
1 580 43999
1 581 53024
1 582 6319
1 583 76415
1 584 56293
1 585 15473
1 586 36435
1 587 11054
1 588 16210
1 589 74607
1 590 46170
1 591 98469
1 592 27524
1 593 67370
1 594 28554
1 595 89922
1 596 47639
1 597 94595
1 598 60586
1 599 94036
1 600 15311
1 601 84242
1 602 69261
1 603 82318
1 604 95552
1 605 64604
1 606 74022
1 607 76797
1 608 15171
1 609 83253
1 610 94326
1 611 67285
1 612 99237
1 613 86694
1 614 75456
1 615 69902
1 616 27489
1 617 43091
1 618 67531
1 619 84319
1 620 36025
1 621 8992
1 622 13991
1 623 55046
1 624 26712
1 625 79276
1 626 44370
1 627 42020
1 628 10655
1 629 45698
1 630 42932
1 631 62526
1 632 69353
1 633 61932
1 634 98382
1 635 17232
1 636 68589
1 637 46997
1 638 41482
1 639 61360
1 640 87791
1 641 26623
1 642 74836
1 643 16683
1 644 27494
1 645 40817
1 646 37760
1 647 5784
1 648 2361
1 649 90750
1 650 84056
1 651 86141
1 652 52503
1 653 57374
1 654 95289
1 655 27976
1 656 62505
1 657 65118
1 658 81795
1 659 17497
1 660 24312
1 661 69442
1 662 60364
1 663 27795
1 664 17983
1 665 50110
1 666 69014
1 667 51628
1 668 56249
1 669 66209
1 670 5574
1 671 14521
1 672 82484
1 673 13225
1 674 82189
1 675 7694
1 676 3699
1 677 6707
1 678 92381
1 679 57829
1 680 29057
1 681 67042
1 682 30942
1 683 64702
1 684 67601
1 685 14822
1 686 62532
1 687 60170
1 688 91457
1 689 4689
1 690 33144
1 691 60196
1 692 39776
1 693 87920
1 694 90624
1 695 26921
1 696 56018
1 697 82709
1 698 33329
1 699 86003
1 700 10084
1 701 51472
1 702 58957
1 703 59001
1 704 94608
1 705 64218
1 706 57240
1 707 6070
1 708 81034
1 709 56001
1 710 95340
1 711 96215
1 712 99092
1 713 95709
1 714 18233
1 715 2017
1 716 92109
1 717 31218
1 718 89095
1 719 48773
1 720 28247
1 721 24393
1 722 23215
1 723 37068
1 724 92181
1 725 77675
1 726 47976
1 727 27991
1 728 98042
1 729 14360
1 730 17153
1 731 20996
1 732 21296
1 733 21668
1 734 91092
1 735 49523
1 736 11270
1 737 26727
1 738 36306
1 739 5431
1 740 75395
1 741 24146
1 742 8160
1 743 48837
1 744 65084
1 745 56542
1 746 77545
1 747 25028
1 748 67426
1 749 40347
1 750 4580
1 751 16910
1 752 37673
1 753 27535
1 754 62804
1 755 15892
1 756 96521
1 757 6803
1 758 41660
1 759 5618
1 760 62604
1 761 95063
1 762 84630
1 763 84258
1 764 60872
1 765 74385
1 766 57276
1 767 19959
1 768 46530
1 769 88925
1 770 38623
1 771 49754
1 772 90739
1 773 95354
1 774 62425
1 775 34644
1 776 15124
1 777 71108
1 778 25455
1 779 65960
1 780 5278
1 781 80880
1 782 1410
1 783 1671
1 784 40689
1 785 67306
1 786 98679
1 787 57652
1 788 43288
1 789 420
1 790 6363
1 791 17667
1 792 92879
1 793 48179
1 794 34538
1 795 55902
1 796 75172
1 797 84181
1 798 67475
1 799 97094
1 800 47158
1 801 41208
1 802 49171
1 803 51608
1 804 63076
1 805 89478
1 806 7215
1 807 19641
1 808 57870
1 809 13398
1 810 9274
1 811 8063
1 812 15444
1 813 15936
1 814 27709
1 815 26527
1 816 74968
1 817 77954
1 818 10711
1 819 62726
1 820 63351
1 821 57629
1 822 47756
1 823 59106
1 824 7954
1 825 44310
1 826 82749
1 827 19493
1 828 27359
1 829 91205
1 830 58278
1 831 41308
1 832 87970
1 833 17186
1 834 40669
1 835 88490
1 836 62880
1 837 49844
1 838 83677
1 839 85641
1 840 13330
1 841 39340
1 842 83596
1 843 55747
1 844 97827
1 845 80879
1 846 37171
1 847 48015
1 848 53751
1 849 73049
1 850 29545
1 851 73208
1 852 98513
1 853 232
1 854 51734
1 855 91124
1 856 1879
1 857 45902
1 858 21485
1 859 15950
1 860 21636
1 861 71865
1 862 12244
1 863 78967
1 864 56405
1 865 4754
1 866 59663
1 867 54081
1 868 37836
1 869 38834
1 870 22347
1 871 38321
1 872 69111
1 873 43905
1 874 70210
1 875 52265
1 876 45700
1 877 78329
1 878 60230
1 879 70251
1 880 84136
1 881 26041
1 882 2146
1 883 40791
1 884 37523
1 885 36540
1 886 28512
1 887 5575
1 888 20384
1 889 73051
1 890 74112
1 891 1823
1 892 27691
1 893 60635
1 894 8254
1 895 79949
1 896 8645
1 897 46067
1 898 99618
1 899 42554
1 900 8679
1 901 82454
1 902 6407
1 903 71534
1 904 80535
1 905 9658
1 906 9270
1 907 79960
1 908 97697
1 909 33176
1 910 90857
1 911 47182
1 912 29678
1 913 50685
1 914 66346
1 915 97772
1 916 47959
1 917 7655
1 918 62834
1 919 292
1 920 75789
1 921 82103
1 922 61733
1 923 13571
1 924 14623
1 925 47361
1 926 21450
1 927 24873
1 928 21444
1 929 58623
1 930 12958
1 931 23935
1 932 18065
1 933 71673
1 934 58507
1 935 24777
1 936 13925
1 937 82714
1 938 70565
1 939 42060
1 940 75837
1 941 92439
1 942 7301
1 943 11781
1 944 94028
1 945 32229
1 946 5904
1 947 15943
1 948 18928
1 949 90924
1 950 90437
1 951 16051
1 952 56646
1 953 96093
1 954 27737
1 955 98459
1 956 19112
1 957 34004
1 958 63389
1 959 6434
1 960 57715
1 961 5178
1 962 36587
1 963 97952
1 964 46552
1 965 46007
1 966 44171
1 967 54181
1 968 57143
1 969 2478
1 970 64760
1 971 70870
1 972 58884
1 973 73331
1 974 25048
1 975 83628
1 976 81366
1 977 46410
1 978 11344
1 979 26599
1 980 22837
1 981 56502
1 982 28138
1 983 96877
1 984 35376
1 985 20039
1 986 76313
1 987 90136
1 988 78395
1 989 10721
1 990 15821
1 991 87470
1 992 94640
1 993 53856
1 994 94928
1 995 53808
1 996 3067
1 997 25040
1 998 8181
1 999 24010
1 1000 51815
1 1001 73426
1 1002 33234
1 1003 2064
1 1004 47359
1 1005 76871
1 1006 12968
1 1007 9502
1 1008 90185
1 1009 87950
1 1010 94598
1 1011 61005
1 1012 90197
1 1013 69900
1 1014 75266
1 1015 97721
1 1016 18292
1 1017 7746
1 1018 36079
1 1019 91433
1 1020 28848
1 1021 14058
1 1022 8009
1 1023 87666
1 1024 11234
1 1025 19448
1 1026 98937
1 1027 44087
1 1028 45570
1 1029 89163
1 1030 15876
1 1031 49225
1 1032 95849
1 1033 23966
1 1034 64712
1 1035 19330
1 1036 87106
1 1037 98684
1 1038 70203
1 1039 71464
1 1040 70801
1 1041 39069
1 1042 54740
1 1043 66005
1 1044 22502
1 1045 86082
1 1046 71453
1 1047 8497
1 1048 57517
1 1049 42387
1 1050 75321
1 1051 92110
1 1052 64139
1 1053 68277
1 1054 45356
1 1055 87952
1 1056 56594
1 1057 9414
1 1058 5672
1 1059 94079
1 1060 6102
1 1061 85933
1 1062 28996
1 1063 12489
1 1064 67980
1 1065 66293
1 1066 19343
1 1067 83360
1 1068 66400
1 1069 39053
1 1070 11878
1 1071 76904
1 1072 37118
1 1073 43864
1 1074 84800
1 1075 89156
1 1076 67835
1 1077 67498
1 1078 96558
1 1079 20686
1 1080 36254
1 1081 52503
1 1082 98380
1 1083 44173
1 1084 58416
1 1085 67953
1 1086 90050
1 1087 3455
1 1088 49647
1 1089 21550
1 1090 40861
1 1091 63075
1 1092 53018
1 1093 92489
1 1094 2362
1 1095 28154
1 1096 75689
1 1097 6034
1 1098 30645
1 1099 43308
1 1100 19646
1 1101 40226
1 1102 88035
1 1103 29039
1 1104 36214
1 1105 55334
1 1106 49461
1 1107 73680
1 1108 90891
1 1109 12028
1 1110 5035
1 1111 56563
1 1112 74416
1 1113 40902
1 1114 26919
1 1115 94549
1 1116 46556
1 1117 96376
1 1118 42748
1 1119 15115
1 1120 33449
1 1121 55769
1 1122 23406
1 1123 44945
1 1124 6462
1 1125 10176
1 1126 57711
1 1127 93835
1 1128 58520
1 1129 48401
1 1130 52427
1 1131 83194
1 1132 5447
1 1133 26134
1 1134 86187
1 1135 62374
1 1136 60497
1 1137 9558
1 1138 5918
1 1139 65914
1 1140 69107
1 1141 43353
1 1142 38845
1 1143 33521
1 1144 46119
1 1145 80923
1 1146 17737
1 1147 20698
1 1148 59352
1 1149 39801
1 1150 88400
1 1151 23394
1 1152 28301
1 1153 16327
1 1154 90162
1 1155 21411
1 1156 13262
1 1157 75663
1 1158 13225
1 1159 10484
1 1160 94895
1 1161 34915
1 1162 15924
1 1163 61922
1 1164 25575
1 1165 74560
1 1166 17880
1 1167 29159
1 1168 34673
1 1169 30465
1 1170 60411
1 1171 24335
1 1172 54522
1 1173 60964
1 1174 27113
1 1175 4046
1 1176 89252
1 1177 64347
1 1178 87941
1 1179 69217
1 1180 76929
1 1181 34232
1 1182 81542
1 1183 67758
1 1184 37915
1 1185 10048
1 1186 80729
1 1187 32986
1 1188 83667
1 1189 16655
1 1190 22888
1 1191 80635
1 1192 8490
1 1193 84179
1 1194 57890
1 1195 59674
1 1196 20392
1 1197 19611
1 1198 19647
1 1199 98101
1 1200 74086
1 1201 61612
1 1202 43803
1 1203 19828
1 1204 5593
1 1205 27524
1 1206 18933
1 1207 86365
1 1208 11630
1 1209 85431
1 1210 27268
1 1211 79685
1 1212 52246
1 1213 87433
1 1214 38689
1 1215 83015
1 1216 17924
1 1217 72414
1 1218 29706
1 1219 59665
1 1220 55318
1 1221 56700
1 1222 2787
1 1223 91204
1 1224 69586
1 1225 64840
1 1226 28792
1 1227 99708
1 1228 35794
1 1229 69695
1 1230 90591
1 1231 47770
1 1232 92658
1 1233 12575
1 1234 24494
1 1235 41156
1 1236 44681
1 1237 88395
1 1238 49370
1 1239 90296
1 1240 46839
1 1241 58260
1 1242 75411
1 1243 20599
1 1244 81187
1 1245 52965
1 1246 69737
1 1247 81366
1 1248 12645
1 1249 38526
1 1250 47370
1 1251 28702
1 1252 92339
1 1253 41937
1 1254 43892
1 1255 78602
1 1256 37042
1 1257 60093
1 1258 94750
1 1259 68889
1 1260 91059
1 1261 70446
1 1262 58553
1 1263 45589
1 1264 20613
1 1265 34422
1 1266 8943
1 1267 99060
1 1268 22538
1 1269 16921
1 1270 43761
1 1271 1409
1 1272 58229
1 1273 77005
1 1274 90065
1 1275 94602
1 1276 20694
1 1277 5099
1 1278 18556
1 1279 95836
1 1280 36353
1 1281 21113
1 1282 25615
1 1283 60879
1 1284 58359
1 1285 20917
1 1286 82665
1 1287 92384
1 1288 18565
1 1289 25334
1 1290 84672
1 1291 72368
1 1292 76908
1 1293 15127
1 1294 23837
1 1295 76919
1 1296 6840
1 1297 64528
1 1298 84645
1 1299 42481
1 1300 82499
1 1301 26065
1 1302 92365
1 1303 91099
1 1304 81234
1 1305 21284
1 1306 54109
1 1307 62044
1 1308 5829
1 1309 21709
1 1310 35718
1 1311 3595
1 1312 2776
1 1313 37211
1 1314 1278
1 1315 77169
1 1316 51856
1 1317 40274
1 1318 47122
1 1319 23874
1 1320 81031
1 1321 20756
1 1322 46799
1 1323 13206
1 1324 8366
1 1325 29866
1 1326 50400
1 1327 9182
1 1328 15952
1 1329 91573
1 1330 22366
1 1331 18563
1 1332 68871
1 1333 63602
1 1334 17701
1 1335 14640
1 1336 58076
1 1337 24958
1 1338 81795
1 1339 9441
1 1340 83504
1 1341 62328
1 1342 52663
1 1343 35461
1 1344 75528
1 1345 16916
1 1346 24756
1 1347 96218
1 1348 59251
1 1349 90431
1 1350 69514
1 1351 50573
1 1352 90030
1 1353 75167
1 1354 60292
1 1355 72383
1 1356 75008
1 1357 48533
1 1358 17615
1 1359 77281
1 1360 37740
1 1361 56942
1 1362 59377
1 1363 63111
1 1364 8099
1 1365 56052
1 1366 79999
1 1367 46961
1 1368 5655
1 1369 45577
1 1370 51805
1 1371 94678
1 1372 13638
1 1373 21440
1 1374 51988
1 1375 87204
1 1376 94562
1 1377 59006
1 1378 17032
1 1379 68675
1 1380 70503
1 1381 48686
1 1382 12860
1 1383 42760
1 1384 94221
1 1385 42529
1 1386 21989
1 1387 62895
1 1388 33154
1 1389 21832
1 1390 86576
1 1391 94772
1 1392 54338
1 1393 48455
1 1394 55956
1 1395 38287
1 1396 3688
1 1397 12348
1 1398 76701
1 1399 50955
1 1400 66011
1 1401 76275
1 1402 34183
1 1403 13004
1 1404 58015
1 1405 94271
1 1406 43566
1 1407 47374
1 1408 59370
1 1409 62604
1 1410 68266
1 1411 3418
1 1412 44933
1 1413 68186
1 1414 82320
1 1415 61611
1 1416 67464
1 1417 53010
1 1418 44184
1 1419 34583
1 1420 77348
1 1421 4135
1 1422 60954
1 1423 79813
1 1424 76591
1 1425 62687
1 1426 73129
1 1427 68071
1 1428 79646
1 1429 10286
1 1430 64809
1 1431 84024
1 1432 34077
1 1433 61006
1 1434 73617
1 1435 88591
1 1436 68222
1 1437 716
1 1438 59637
1 1439 35673
1 1440 77167
1 1441 85930
1 1442 80487
1 1443 11696
1 1444 75548
1 1445 24069
1 1446 85718
1 1447 3896
1 1448 65770
1 1449 4671
1 1450 6259
1 1451 96660
1 1452 18871
1 1453 38230
1 1454 5453
1 1455 88468
1 1456 75859
1 1457 84605
1 1458 37963
1 1459 41638
1 1460 53781
1 1461 45312
1 1462 55696
1 1463 82547
1 1464 58373
1 1465 24561
1 1466 55258
1 1467 29429
1 1468 4271
1 1469 82031
1 1470 3418
1 1471 75312
1 1472 44502
1 1473 75352
1 1474 60536
1 1475 89593
1 1476 50294
1 1477 4788
1 1478 23561
1 1479 31829
1 1480 16214
1 1481 52460
1 1482 47171
1 1483 7084
1 1484 47778
1 1485 45178
1 1486 30034
1 1487 20358
1 1488 98723
1 1489 89427
1 1490 26565
1 1491 69223
1 1492 81723
1 1493 58391
1 1494 7796
1 1495 79956
1 1496 91181
1 1497 36139
1 1498 52926
1 1499 85903
1 1500 15916
1 1501 92925
1 1502 3729
1 1503 51876
1 1504 29485
1 1505 77987
1 1506 15840
1 1507 45982
1 1508 11127
1 1509 45368
1 1510 58779
1 1511 94484
1 1512 88791
1 1513 43595
1 1514 79593
1 1515 85997
1 1516 72716
1 1517 89075
1 1518 21326
1 1519 29030
1 1520 10596
1 1521 14036
1 1522 71933
1 1523 71781
1 1524 54248
1 1525 75204
1 1526 21358
1 1527 58105
1 1528 95731
1 1529 71955
1 1530 98584
1 1531 55947
1 1532 45808
1 1533 31534
1 1534 50667
1 1535 95746
1 1536 1180
1 1537 40956
1 1538 57021
1 1539 48713
1 1540 61733
1 1541 52376
1 1542 76326
1 1543 20545
1 1544 79673
1 1545 18825
1 1546 23023
1 1547 35553
1 1548 51060
1 1549 4451
1 1550 56353
1 1551 50973
1 1552 91630
1 1553 18445
1 1554 43993
1 1555 2386
1 1556 56366
1 1557 96883
1 1558 20542
1 1559 57130
1 1560 84239
1 1561 74650
1 1562 4643
1 1563 89257
1 1564 25268
1 1565 20963
1 1566 86592
1 1567 84201
1 1568 86224
1 1569 26720
1 1570 32526
1 1571 94227
1 1572 65365
1 1573 73073
1 1574 85873
1 1575 36542
1 1576 54285
1 1577 58984
1 1578 54387
1 1579 81857
1 1580 39300
1 1581 91193
1 1582 51423
1 1583 32461
1 1584 97636
1 1585 99237
1 1586 41809
1 1587 25876
1 1588 64813
1 1589 63591
1 1590 82235
1 1591 63347
1 1592 70520
1 1593 14142
1 1594 96778
1 1595 11119
1 1596 98495
1 1597 54097
1 1598 19024
1 1599 62579
1 1600 20392
1 1601 34369
1 1602 38844
1 1603 64395
1 1604 99042
1 1605 49586
1 1606 33415
1 1607 63775
1 1608 68465
1 1609 39402
1 1610 41379
1 1611 95254
1 1612 78323
1 1613 4007
1 1614 32934
1 1615 26752
1 1616 20429
1 1617 1217
1 1618 77978
1 1619 99900
1 1620 30910
1 1621 62906
1 1622 37814
1 1623 24926
1 1624 57281
1 1625 46743
1 1626 83931
1 1627 69628
1 1628 17515
1 1629 72584
1 1630 74317
1 1631 45838
1 1632 56691
1 1633 33775
1 1634 68551
1 1635 4121
1 1636 4102
1 1637 90640
1 1638 4818
1 1639 65066
1 1640 5407
1 1641 7895
1 1642 71712
1 1643 90248
1 1644 73120
1 1645 10465
1 1646 46426
1 1647 5524
1 1648 73283
1 1649 90079
1 1650 8021
1 1651 66313
1 1652 42941
1 1653 40400
1 1654 70555
1 1655 57412
1 1656 4561
1 1657 51339
1 1658 71558
1 1659 88817
1 1660 95688
1 1661 252
1 1662 96515
1 1663 7310
1 1664 24584
1 1665 23557
1 1666 95144
1 1667 35200
1 1668 44361
1 1669 88877
1 1670 93154
1 1671 23076
1 1672 25977
1 1673 65544
1 1674 34890
1 1675 86037
1 1676 27752
1 1677 70787
1 1678 15806
1 1679 1217
1 1680 29185
1 1681 81323
1 1682 86387
1 1683 71129
1 1684 84231
1 1685 39423
1 1686 84526
1 1687 35932
1 1688 57195
1 1689 29564
1 1690 20657
1 1691 35197
1 1692 61202
1 1693 13965
1 1694 8628
1 1695 1808
1 1696 93344
1 1697 38076
1 1698 76794
1 1699 50918
1 1700 12142
1 1701 45269
1 1702 10373
1 1703 86650
1 1704 94723
1 1705 29477
1 1706 80641
1 1707 52535
1 1708 69832
1 1709 71007
1 1710 58992
1 1711 81868
1 1712 8087
1 1713 25706
1 1714 92590
1 1715 5933
1 1716 70172
1 1717 77838
1 1718 1285
1 1719 97494
1 1720 98988
1 1721 43477
1 1722 4857
1 1723 71439
1 1724 65060
1 1725 41352
1 1726 9691
1 1727 79338
1 1728 73749
1 1729 5154
1 1730 44379
1 1731 63533
1 1732 82234
1 1733 86221
1 1734 84981
1 1735 70397
1 1736 13307
1 1737 86541
1 1738 23453
1 1739 77561
1 1740 86118
1 1741 34592
1 1742 74544
1 1743 93050
1 1744 56698
1 1745 27158
1 1746 28280
1 1747 2001
1 1748 22594
1 1749 11894
1 1750 48408
1 1751 65294
1 1752 20842
1 1753 72793
1 1754 51672
1 1755 17650
1 1756 8488
1 1757 96450
1 1758 86142
1 1759 33342
1 1760 59934
1 1761 40489
1 1762 40922
1 1763 70855
1 1764 76775
1 1765 23806
1 1766 7236
1 1767 85092
1 1768 12977
1 1769 58074
1 1770 29042
1 1771 23140
1 1772 11473
1 1773 78931
1 1774 89445
1 1775 2681
1 1776 28439
1 1777 85230
1 1778 1781
1 1779 38464
1 1780 34369
1 1781 76840
1 1782 16220
1 1783 81189
1 1784 29715
1 1785 45850
1 1786 82021
1 1787 31641
1 1788 89514
1 1789 62648
1 1790 6211
1 1791 60990
1 1792 71055
1 1793 44522
1 1794 79440
1 1795 73901
1 1796 44758
1 1797 23524
1 1798 98990
1 1799 63578
1 1800 9467
1 1801 85106
1 1802 76689
1 1803 75374
1 1804 43813
1 1805 81565
1 1806 15825
1 1807 55250
1 1808 84402
1 1809 19484
1 1810 76883
1 1811 43318
1 1812 53261
1 1813 34660
1 1814 81823
1 1815 71556
1 1816 28347
1 1817 83217
1 1818 68008
1 1819 65895
1 1820 78112
1 1821 2785
1 1822 54556
1 1823 99356
1 1824 8949
1 1825 33536
1 1826 54529
1 1827 36170
1 1828 21645
1 1829 15217
1 1830 4667
1 1831 30900
1 1832 34271
1 1833 14862
1 1834 50360
1 1835 27077
1 1836 68823
1 1837 57925
1 1838 62159
1 1839 38389
1 1840 49260
1 1841 34296
1 1842 18281
1 1843 29761
1 1844 55129
1 1845 89011
1 1846 63019
1 1847 38188
1 1848 50063
1 1849 61267
1 1850 70813
1 1851 68275
1 1852 73130
1 1853 47882
1 1854 71636
1 1855 29837
1 1856 40588
1 1857 69237
1 1858 59735
1 1859 83008
1 1860 37654
1 1861 19579
1 1862 24224
1 1863 38889
1 1864 43929
1 1865 41198
1 1866 20656
1 1867 13372
1 1868 98786
1 1869 91337
1 1870 24535
1 1871 281
1 1872 54239
1 1873 25777
1 1874 47238
1 1875 27670
1 1876 60140
1 1877 18070
1 1878 77298
1 1879 79389
1 1880 67061
1 1881 53244
1 1882 22438
1 1883 48816
1 1884 66643
1 1885 78993
1 1886 95293
1 1887 17593
1 1888 17252
1 1889 6387
1 1890 56034
1 1891 38273
1 1892 1453
1 1893 61774
1 1894 81480
1 1895 24436
1 1896 59527
1 1897 94720
1 1898 46840
1 1899 68302
1 1900 78687
1 1901 78563
1 1902 90028
1 1903 30358
1 1904 34390
1 1905 5698
1 1906 59710
1 1907 18453
1 1908 69405
1 1909 42375
1 1910 7688
1 1911 77232
1 1912 20495
1 1913 68325
1 1914 65952
1 1915 30048
1 1916 28961
1 1917 73320
1 1918 19920
1 1919 46219
1 1920 12258
1 1921 86220
1 1922 61635
1 1923 60969
1 1924 79564
1 1925 48108
1 1926 5803
1 1927 34534
1 1928 95374
1 1929 64304
1 1930 96244
1 1931 70766
1 1932 11492
1 1933 48938
1 1934 15956
1 1935 51889
1 1936 89153
1 1937 19909
1 1938 48080
1 1939 50613
1 1940 41253
1 1941 73886
1 1942 37098
1 1943 69691
1 1944 80093
1 1945 72785
1 1946 70771
1 1947 42513
1 1948 99097
1 1949 50649
1 1950 91495
1 1951 8984
1 1952 11713
1 1953 73031
1 1954 40012
1 1955 83246
1 1956 27454
1 1957 11598
1 1958 22498
1 1959 53234
1 1960 35035
1 1961 78401
1 1962 33762
1 1963 90951
1 1964 90837
1 1965 6644
1 1966 80936
1 1967 51309
1 1968 11744
1 1969 81666
1 1970 7219
1 1971 60861
1 1972 92225
1 1973 69837
1 1974 97486
1 1975 82901
1 1976 19813
1 1977 93468
1 1978 30137
1 1979 52144
1 1980 91755
1 1981 24163
1 1982 88448
1 1983 14950
1 1984 32701
1 1985 73456
1 1986 9214
1 1987 14121
1 1988 28040
1 1989 18773
1 1990 19488
1 1991 65401
1 1992 79720
1 1993 57719
1 1994 12042
1 1995 902
1 1996 65246
1 1997 42074
1 1998 44481
1 1999 69676
1 2000 62727
1 2001 39292
1 2002 89135
1 2003 84892
1 2004 87109
1 2005 18709
1 2006 81408
1 2007 94499
1 2008 4267
1 2009 88118
1 2010 7821
1 2011 15546
1 2012 94837
1 2013 16584
1 2014 74468
1 2015 99246
1 2016 71903
1 2017 36116
1 2018 62092
1 2019 81229
1 2020 98257
1 2021 47768
1 2022 26490
1 2023 46801
1 2024 28788
1 2025 31899
1 2026 62052
1 2027 41764
1 2028 928
1 2029 69210
1 2030 75108
1 2031 22234
1 2032 15721
1 2033 64262
1 2034 73442
1 2035 80824
1 2036 96434
1 2037 12978
1 2038 87261
1 2039 52862
1 2040 38408
1 2041 82141
1 2042 25247
1 2043 86832
1 2044 83494
1 2045 97280
1 2046 22772
1 2047 41314
1 2048 83903
1 2049 34577
1 2050 37182
1 2051 96703
1 2052 14025
1 2053 66751
1 2054 86406
1 2055 82613
1 2056 19900
1 2057 44229
1 2058 56351
1 2059 14103
1 2060 68961
1 2061 352
1 2062 48042
1 2063 76280
1 2064 18235
1 2065 36358
1 2066 28748
1 2067 32510
1 2068 15924
1 2069 60628
1 2070 89657
1 2071 69954
1 2072 2631
1 2073 49044
1 2074 42138
1 2075 69883
1 2076 61773
1 2077 87038
1 2078 24733
1 2079 79731
1 2080 92720
1 2081 22469
1 2082 84648
1 2083 42223
1 2084 94778
1 2085 28718
1 2086 41235
1 2087 43902
1 2088 32761
1 2089 76397
1 2090 43878
1 2091 34839
1 2092 81059
1 2093 3495
1 2094 5647
1 2095 9429
1 2096 51393
1 2097 31774
1 2098 13621
1 2099 30138
1 2100 78669
1 2101 64832
1 2102 93740
1 2103 96760
1 2104 78845
1 2105 61360
1 2106 83217
1 2107 30344
1 2108 71582
1 2109 48863
1 2110 7365
1 2111 38213
1 2112 35884
1 2113 10129
1 2114 13109
1 2115 23405
1 2116 3634
1 2117 23268
1 2118 16071
1 2119 83633
1 2120 51070
1 2121 89972
1 2122 43255
1 2123 82342
1 2124 55457
1 2125 88315
1 2126 68113
1 2127 41576
1 2128 29651
1 2129 66523
1 2130 20259
1 2131 96188
1 2132 25496
1 2133 4735
1 2134 30522
1 2135 79589
1 2136 48842
1 2137 66592
1 2138 26208
1 2139 13835
1 2140 74650
1 2141 83123
1 2142 56844
1 2143 81676
1 2144 56454
1 2145 40534
1 2146 36166
1 2147 12761
1 2148 25207
1 2149 95963
1 2150 45713
1 2151 77581
1 2152 3448
1 2153 21456
1 2154 34775
1 2155 46857
1 2156 13581
1 2157 65246
1 2158 3833
1 2159 36044
1 2160 58493
1 2161 4407
1 2162 69092
1 2163 22256
1 2164 72144
1 2165 26945
1 2166 89228
1 2167 19668
1 2168 52187
1 2169 47150
1 2170 68737
1 2171 46782
1 2172 4252
1 2173 45363
1 2174 31784
1 2175 36534
1 2176 47729
1 2177 19302
1 2178 35298
1 2179 79773
1 2180 55902
1 2181 99814
1 2182 40370
1 2183 57013
1 2184 42689
1 2185 74219
1 2186 39487
1 2187 39352
1 2188 72971
1 2189 44949
1 2190 22545
1 2191 58041
1 2192 53983
1 2193 34656
1 2194 13078
1 2195 61819
1 2196 31555
1 2197 99720
1 2198 99006
1 2199 4668
1 2200 27884
1 2201 29666
1 2202 19136
1 2203 69017
1 2204 300
1 2205 66568
1 2206 6578
1 2207 93481
1 2208 46539
1 2209 38631
1 2210 56685
1 2211 78074
1 2212 99323
1 2213 10751
1 2214 70569
1 2215 56511
1 2216 46378
1 2217 94810
1 2218 33018
1 2219 21722
1 2220 23267
1 2221 67578
1 2222 26719
1 2223 90857
1 2224 68753
1 2225 79848
1 2226 89005
1 2227 7668
1 2228 73906
1 2229 10568
1 2230 84731
1 2231 82038
1 2232 87114
1 2233 41103
1 2234 92980
1 2235 84377
1 2236 83960
1 2237 42619
1 2238 93787
1 2239 17099
1 2240 60276
1 2241 2605
1 2242 81239
1 2243 15442
1 2244 77627
1 2245 80542
1 2246 10480
1 2247 72247
1 2248 94552
1 2249 22042
1 2250 85427
1 2251 23063
1 2252 80726
1 2253 92429
1 2254 5660
1 2255 58372
1 2256 1947
1 2257 45473
1 2258 67198
1 2259 21854
1 2260 87222
1 2261 52654
1 2262 94676
1 2263 37984
1 2264 44512
1 2265 55764
1 2266 73255
1 2267 27833
1 2268 69691
1 2269 45974
1 2270 42984
1 2271 6757
1 2272 77619
1 2273 26053
1 2274 59626
1 2275 18132
1 2276 85047
1 2277 738
1 2278 70218
1 2279 8113
1 2280 57706
1 2281 92709
1 2282 23347
1 2283 84434
1 2284 81189
1 2285 94916
1 2286 56029
1 2287 1143
1 2288 3665
1 2289 33412
1 2290 32374
1 2291 98796
1 2292 5394
1 2293 13823
1 2294 58969
1 2295 43039
1 2296 16051
1 2297 36410
1 2298 21824
1 2299 99922
1 2300 78340
1 2301 90324
1 2302 62395
1 2303 56536
1 2304 17042
1 2305 1207
1 2306 72860
1 2307 84169
1 2308 21791
1 2309 71831
1 2310 25180
1 2311 48171
1 2312 82296
1 2313 77526
1 2314 84995
1 2315 8088
1 2316 16314
1 2317 80026
1 2318 51064
1 2319 15912
1 2320 6572
1 2321 72710
1 2322 57917
1 2323 17825
1 2324 5047
1 2325 57476
1 2326 27955
1 2327 25931
1 2328 4538
1 2329 83759
1 2330 45393
1 2331 20246
1 2332 47628
1 2333 9671
1 2334 7447
1 2335 48865
1 2336 64211
1 2337 63243
1 2338 97896
1 2339 43139
1 2340 78183
1 2341 45687
1 2342 37380
1 2343 88542
1 2344 86791
1 2345 68755
1 2346 32138
1 2347 39908
1 2348 34985
1 2349 24427
1 2350 86283
1 2351 49722
1 2352 50929
1 2353 24175
1 2354 34410
1 2355 73458
1 2356 39279
1 2357 91269
1 2358 7914
1 2359 57927
1 2360 86295
1 2361 9730
1 2362 62788
1 2363 13116
1 2364 98542
1 2365 14339
1 2366 81729
1 2367 65148
1 2368 92074
1 2369 90266
1 2370 16143
1 2371 59712
1 2372 44128
1 2373 77430
1 2374 79254
1 2375 25421
1 2376 7416
1 2377 52064
1 2378 39805
1 2379 94561
1 2380 53738
1 2381 9500
1 2382 49485
1 2383 46831
1 2384 73459
1 2385 83549
1 2386 55175
1 2387 63612
1 2388 16625
1 2389 35359
1 2390 93192
1 2391 66554
1 2392 67738
1 2393 99793
1 2394 54315
1 2395 52527
1 2396 3496
1 2397 50495
1 2398 63033
1 2399 52778
1 2400 84733
1 2401 8383
1 2402 10611
1 2403 63167
1 2404 16495
1 2405 30056
1 2406 10454
1 2407 85791
1 2408 65437
1 2409 33639
1 2410 1887
1 2411 47842
1 2412 93445
1 2413 10565
1 2414 7750
1 2415 22798
1 2416 54213
1 2417 15712
1 2418 34906
1 2419 34645
1 2420 56245
1 2421 10263
1 2422 75661
1 2423 3964
1 2424 28129
1 2425 27124
1 2426 40921
1 2427 8463
1 2428 8146
1 2429 22155
1 2430 77512
1 2431 7435
1 2432 37331
1 2433 24118
1 2434 41699
1 2435 15802
1 2436 15006
1 2437 84679
1 2438 38639
1 2439 50007
1 2440 51364
1 2441 45956
1 2442 14144
1 2443 15610
1 2444 56218
1 2445 78736
1 2446 36709
1 2447 743
1 2448 52563
1 2449 37704
1 2450 11599
1 2451 24623
1 2452 48936
1 2453 10207
1 2454 81015
1 2455 43467
1 2456 95561
1 2457 15673
1 2458 49078
1 2459 1415
1 2460 45340
1 2461 10101
1 2462 2655
1 2463 49961
1 2464 75633
1 2465 73344
1 2466 72310
1 2467 23397
1 2468 96146
1 2469 4780
1 2470 29010
1 2471 80921
1 2472 24120
1 2473 11624
1 2474 94170
1 2475 34845
1 2476 33444
1 2477 24921
1 2478 13228
1 2479 56434
1 2480 79513
1 2481 47852
1 2482 43631
1 2483 9953
1 2484 23959
1 2485 79383
1 2486 23493
1 2487 47690
1 2488 38028
1 2489 80969
1 2490 20317
1 2491 17283
1 2492 97497
1 2493 69446
1 2494 65009
1 2495 87188
1 2496 27488
1 2497 22320
1 2498 86272
1 2499 93658
1 2500 13842
1 2501 23581
1 2502 6454
1 2503 45124
1 2504 86877
1 2505 69656
1 2506 81407
1 2507 36771
1 2508 19030
1 2509 24054
1 2510 90428
1 2511 72816
1 2512 62354
1 2513 98776
1 2514 13009
1 2515 75987
1 2516 88191
1 2517 10052
1 2518 940
1 2519 56245
1 2520 28415
1 2521 86327
1 2522 50899
1 2523 31842
1 2524 65260
1 2525 20623
1 2526 36072
1 2527 65474
1 2528 97290
1 2529 57161
1 2530 24573
1 2531 11204
1 2532 67114
1 2533 74866
1 2534 12330
1 2535 22192
1 2536 54629
1 2537 59249
1 2538 47389
1 2539 156
1 2540 61586
1 2541 35359
1 2542 33924
1 2543 62808
1 2544 40609
1 2545 29669
1 2546 86166
1 2547 73383
1 2548 32193
1 2549 43318
1 2550 14031
1 2551 19037
1 2552 73963
1 2553 35531
1 2554 79263
1 2555 5266
1 2556 75259
1 2557 19441
1 2558 42273
1 2559 28973
1 2560 98612
1 2561 82996
1 2562 48523
1 2563 96235
1 2564 22105
1 2565 75519
1 2566 49786
1 2567 6234
1 2568 26949
1 2569 80576
1 2570 6165
1 2571 64310
1 2572 28606
1 2573 97394
1 2574 61590
1 2575 75393
1 2576 41421
1 2577 5868
1 2578 31850
1 2579 63633
1 2580 28428
1 2581 78590
1 2582 60091
1 2583 14346
1 2584 3501
1 2585 66075
1 2586 93425
1 2587 35783
1 2588 18303
1 2589 9245
1 2590 92840
1 2591 76920
1 2592 22025
1 2593 37166
1 2594 47856
1 2595 69053
1 2596 52866
1 2597 36061
1 2598 5377
1 2599 92676
1 2600 98831
1 2601 60523
1 2602 60233
1 2603 93826
1 2604 1931
1 2605 50999
1 2606 7355
1 2607 64157
1 2608 59580
1 2609 52039
1 2610 72737
1 2611 23835
1 2612 64204
1 2613 32156
1 2614 91378
1 2615 70171
1 2616 44544
1 2617 95103
1 2618 96729
1 2619 63017
1 2620 90078
1 2621 36926
1 2622 89278
1 2623 95687
1 2624 11857
1 2625 1506
1 2626 16542
1 2627 13396
1 2628 12942
1 2629 49473
1 2630 18189
1 2631 97188
1 2632 41595
1 2633 40422
1 2634 53763
1 2635 69068
1 2636 23006
1 2637 91196
1 2638 14245
1 2639 14631
1 2640 99544
1 2641 69653
1 2642 97037
1 2643 56794
1 2644 23897
1 2645 68772
1 2646 85804
1 2647 40826
1 2648 21250
1 2649 69528
1 2650 19148
1 2651 72840
1 2652 90977
1 2653 80222
1 2654 27459
1 2655 94541
1 2656 35898
1 2657 18941
1 2658 5591
1 2659 53141
1 2660 42080
1 2661 2460
1 2662 79951
1 2663 77529
1 2664 85313
1 2665 96315
1 2666 88720
1 2667 62449
1 2668 24164
1 2669 19484
1 2670 90198
1 2671 87985
1 2672 36206
1 2673 22016
1 2674 45643
1 2675 62048
1 2676 30320
1 2677 9654
1 2678 79410
1 2679 19484
1 2680 33586
1 2681 65702
1 2682 86574
1 2683 45339
1 2684 70401
1 2685 28670
1 2686 27073
1 2687 93275
1 2688 64241
1 2689 97021
1 2690 99094
1 2691 29634
1 2692 43964
1 2693 44409
1 2694 14294
1 2695 68166
1 2696 86248
1 2697 47768
1 2698 34787
1 2699 43666
1 2700 75158
1 2701 51413
1 2702 70866
1 2703 74221
1 2704 68160
1 2705 22091
1 2706 84824
1 2707 84921
1 2708 63825
1 2709 75855
1 2710 62454
1 2711 17870
1 2712 14619
1 2713 16994
1 2714 23020
1 2715 10646
1 2716 33478
1 2717 30684
1 2718 11291
1 2719 51723
1 2720 65637
1 2721 18327
1 2722 7749
1 2723 98956
1 2724 94477
1 2725 19498
1 2726 24362
1 2727 39740
1 2728 9856
1 2729 63665
1 2730 82946
1 2731 61177
1 2732 32318
1 2733 35617
1 2734 48599
1 2735 48436
1 2736 30066
1 2737 49002
1 2738 18545
1 2739 59871
1 2740 93612
1 2741 57725
1 2742 93428
1 2743 15453
1 2744 5846
1 2745 48118
1 2746 22816
1 2747 8873
1 2748 72541
1 2749 44826
1 2750 69818
1 2751 6910
1 2752 68341
1 2753 4629
1 2754 83605
1 2755 32371
1 2756 40586
1 2757 52022
1 2758 76414
1 2759 99092
1 2760 14776
1 2761 18275
1 2762 77638
1 2763 28888
1 2764 46579
1 2765 6726
1 2766 42270
1 2767 25832
1 2768 25935
1 2769 14413
1 2770 89426
1 2771 71488
1 2772 17110
1 2773 17893
1 2774 61385
1 2775 61808
1 2776 12827
1 2777 9066
1 2778 44570
1 2779 17311
1 2780 16132
1 2781 60613
1 2782 19519
1 2783 20865
1 2784 58540
1 2785 49566
1 2786 20131
1 2787 14874
1 2788 5157
1 2789 96988
1 2790 3148
1 2791 78490
1 2792 293
1 2793 83068
1 2794 53424
1 2795 23601
1 2796 68972
1 2797 74117
1 2798 53311
1 2799 41066
1 2800 8086
1 2801 94837
1 2802 73471
1 2803 94711
1 2804 29787
1 2805 48578
1 2806 71709
1 2807 83215
1 2808 96694
1 2809 10172
1 2810 8531
1 2811 12452
1 2812 53914
1 2813 15387
1 2814 99050
1 2815 80406
1 2816 13184
1 2817 82900
1 2818 98799
1 2819 33643
1 2820 7838
1 2821 55104
1 2822 50079
1 2823 15412
1 2824 9104
1 2825 2901
1 2826 31700
1 2827 96425
1 2828 86299
1 2829 39767
1 2830 66698
1 2831 34671
1 2832 75056
1 2833 55807
1 2834 37160
1 2835 97454
1 2836 87086
1 2837 59377
1 2838 21617
1 2839 33359
1 2840 88630
1 2841 15966
1 2842 37934
1 2843 60947
1 2844 88638
1 2845 45513
1 2846 95435
1 2847 63569
1 2848 47500
1 2849 69023
1 2850 93566
1 2851 76256
1 2852 97420
1 2853 90530
1 2854 22543
1 2855 90538
1 2856 64785
1 2857 28500
1 2858 58436
1 2859 60026
1 2860 78829
1 2861 6283
1 2862 78529
1 2863 76684
1 2864 45529
1 2865 7003
1 2866 85978
1 2867 14543
1 2868 75149
1 2869 95108
1 2870 75261
1 2871 83318
1 2872 73375
1 2873 39482
1 2874 92559
1 2875 16051
1 2876 56325
1 2877 37021
1 2878 75343
1 2879 27315
1 2880 44668
1 2881 23880
1 2882 45979
1 2883 28575
1 2884 60664
1 2885 25205
1 2886 3570
1 2887 8959
1 2888 40264
1 2889 32710
1 2890 96490
1 2891 12116
1 2892 44282
1 2893 77915
1 2894 39998
1 2895 44289
1 2896 356
1 2897 29165
1 2898 67443
1 2899 75452
1 2900 8225
1 2901 81971
1 2902 9805
1 2903 24174
1 2904 42552
1 2905 64870
1 2906 10141
1 2907 73551
1 2908 8385
1 2909 15999
1 2910 26311
1 2911 92338
1 2912 34009
1 2913 74396
1 2914 59786
1 2915 39461
1 2916 90526
1 2917 16847
1 2918 47100
1 2919 2624
1 2920 46259
1 2921 50001
1 2922 48224
1 2923 7201
1 2924 61345
1 2925 41622
1 2926 17127
1 2927 5262
1 2928 92853
1 2929 28241
1 2930 40170
1 2931 46360
1 2932 12347
1 2933 80140
1 2934 44135
1 2935 901
1 2936 56513
1 2937 57951
1 2938 57804
1 2939 62901
1 2940 1894
1 2941 60098
1 2942 48771
1 2943 39001
1 2944 68018
1 2945 32759
1 2946 36171
1 2947 55662
1 2948 51916
1 2949 82779
1 2950 44951
1 2951 8777
1 2952 11376
1 2953 52590
1 2954 99981
1 2955 54390
1 2956 14641
1 2957 16098
1 2958 75021
1 2959 61955
1 2960 96907
1 2961 73070
1 2962 46233
1 2963 52425
1 2964 82047
1 2965 50828
1 2966 44411
1 2967 55286
1 2968 85098
1 2969 41421
1 2970 29213
1 2971 82062
1 2972 50208
1 2973 55742
1 2974 68901
1 2975 83940
1 2976 46842
1 2977 35162
1 2978 10585
1 2979 59422
1 2980 64616
1 2981 26037
1 2982 57895
1 2983 50537
1 2984 13924
1 2985 10404
1 2986 12515
1 2987 59369
1 2988 43434
1 2989 30405
1 2990 97361
1 2991 85499
1 2992 90152
1 2993 65399
1 2994 66747
1 2995 40874
1 2996 41403
1 2997 97804
1 2998 45430
1 2999 56238
1 3000 27481
1 3001 21715
1 3002 38409
1 3003 66609
1 3004 14388
1 3005 34258
1 3006 29825
1 3007 51399
1 3008 30625
1 3009 13578
1 3010 24860
1 3011 46780
1 3012 93716
1 3013 44167
1 3014 84294
1 3015 34388
1 3016 56543
1 3017 38942
1 3018 23860
1 3019 83357
1 3020 98355
1 3021 31869
1 3022 57320
1 3023 77100
1 3024 39646
1 3025 85100
1 3026 91877
1 3027 14208
1 3028 78472
1 3029 34555
1 3030 81983
1 3031 80302
1 3032 50739
1 3033 20706
1 3034 29294
1 3035 54407
1 3036 74900
1 3037 5131
1 3038 17015
1 3039 19348
1 3040 67676
1 3041 49561
1 3042 28192
1 3043 45530
1 3044 26843
1 3045 30259
1 3046 69020
1 3047 69202
1 3048 15978
1 3049 17652
1 3050 57016
1 3051 39497
1 3052 82046
1 3053 35043
1 3054 85579
1 3055 56425
1 3056 68114
1 3057 49657
1 3058 30303
1 3059 53890
1 3060 5568
1 3061 60052
1 3062 53342
1 3063 79332
1 3064 73920
1 3065 38760
1 3066 6692
1 3067 95443
1 3068 90946
1 3069 34545
1 3070 55139
1 3071 9980
1 3072 36283
1 3073 61694
1 3074 960
1 3075 58283
1 3076 6530
1 3077 57982
1 3078 62905
1 3079 41259
1 3080 24278
1 3081 57047
1 3082 4728
1 3083 50571
1 3084 47097
1 3085 24589
1 3086 20095
1 3087 32704
1 3088 74066
1 3089 38668
1 3090 47905
1 3091 32762
1 3092 284
1 3093 36868
1 3094 43150
1 3095 51669
1 3096 88863
1 3097 34198
1 3098 42900
1 3099 6827
1 3100 15219
1 3101 93492
1 3102 22350
1 3103 68158
1 3104 19003
1 3105 60144
1 3106 50819
1 3107 34908
1 3108 91004
1 3109 48819
1 3110 64779
1 3111 8127
1 3112 43384
1 3113 64845
1 3114 85198
1 3115 65921
1 3116 41350
1 3117 17425
1 3118 50389
1 3119 84591
1 3120 69560
1 3121 18871
1 3122 57526
1 3123 50132
1 3124 36544
1 3125 90869
1 3126 68090
1 3127 21503
1 3128 18301
1 3129 72581
1 3130 85198
1 3131 25781
1 3132 64639
1 3133 75268
1 3134 86884
1 3135 13788
1 3136 79190
1 3137 10252
1 3138 90396
1 3139 18201
1 3140 48980
1 3141 85949
1 3142 1316
1 3143 47824
1 3144 19021
1 3145 13043
1 3146 73711
1 3147 23085
1 3148 57156
1 3149 63185
1 3150 80276
1 3151 62116
1 3152 58488
1 3153 47449
1 3154 23363
1 3155 24038
1 3156 7102
1 3157 97796
1 3158 70861
1 3159 15304
1 3160 69485
1 3161 76023
1 3162 17832
1 3163 60975
1 3164 77739
1 3165 14041
1 3166 53232
1 3167 70101
1 3168 29500
1 3169 98470
1 3170 63705
1 3171 89501
1 3172 47508
1 3173 62082
1 3174 11357
1 3175 80539
1 3176 83104
1 3177 86926
1 3178 3925
1 3179 8625
1 3180 69206
1 3181 70514
1 3182 10127
1 3183 93487
1 3184 27830
1 3185 90572
1 3186 53078
1 3187 35523
1 3188 43501
1 3189 98814
1 3190 19355
1 3191 83556
1 3192 81659
1 3193 56496
1 3194 12245
1 3195 74450
1 3196 8120
1 3197 59442
1 3198 60273
1 3199 69743
1 3200 49994
1 3201 76557
1 3202 91306
1 3203 25920
1 3204 22573
1 3205 49700
1 3206 27039
1 3207 17388
1 3208 83661
1 3209 36965
1 3210 20282
1 3211 54351
1 3212 79631
1 3213 29581
1 3214 92917
1 3215 25624
1 3216 55627
1 3217 4491
1 3218 94856
1 3219 77962
1 3220 81447
1 3221 14581
1 3222 51935
1 3223 89354
1 3224 60563
1 3225 91946
1 3226 20331
1 3227 45917
1 3228 89474
1 3229 78190
1 3230 6549
1 3231 95656
1 3232 34149
1 3233 8843
1 3234 20402
1 3235 621
1 3236 46069
1 3237 68749
1 3238 87507
1 3239 2264
1 3240 39885
1 3241 80898
1 3242 41893
1 3243 66349
1 3244 96503
1 3245 75876
1 3246 73706
1 3247 72833
1 3248 45422
1 3249 68592
1 3250 6412
1 3251 67783
1 3252 12718
1 3253 97213
1 3254 21638
1 3255 68968
1 3256 32933
1 3257 46941
1 3258 99166
1 3259 87371
1 3260 715
1 3261 78038
1 3262 26064
1 3263 49851
1 3264 29020
1 3265 86009
1 3266 32763
1 3267 63125
1 3268 1789
1 3269 53007
1 3270 49075
1 3271 3220
1 3272 39245
1 3273 86142
1 3274 93117
1 3275 95879
1 3276 22873
1 3277 37472
1 3278 68897
1 3279 63790
1 3280 20302
1 3281 14915
1 3282 39199
1 3283 18620
1 3284 47057
1 3285 87688
1 3286 301
1 3287 45021
1 3288 31614
1 3289 63426
1 3290 16685
1 3291 56224
1 3292 64348
1 3293 53569
1 3294 8936
1 3295 79964
1 3296 66961
1 3297 56512
1 3298 41161
1 3299 42234
1 3300 76365
1 3301 99964
1 3302 38112
1 3303 20034
1 3304 99019
1 3305 53182
1 3306 57009
1 3307 31288
1 3308 37007
1 3309 40123
1 3310 61060
1 3311 76740
1 3312 38896
1 3313 26794
1 3314 51520
1 3315 22534
1 3316 4715
1 3317 38359
1 3318 56846
1 3319 36511
1 3320 95348
1 3321 77865
1 3322 58526
1 3323 17826
1 3324 32409
1 3325 98480
1 3326 83628
1 3327 85746
1 3328 8280
1 3329 530
1 3330 48691
1 3331 81478
1 3332 62640
1 3333 65555
1 3334 58182
1 3335 15816
1 3336 73872
1 3337 10927
1 3338 68021
1 3339 34752
1 3340 30729
1 3341 17171
1 3342 69411
1 3343 88627
1 3344 70648
1 3345 72021
1 3346 56610
1 3347 19823
1 3348 10918
1 3349 67423
1 3350 23933
1 3351 45693
1 3352 26618
1 3353 6461
1 3354 16952
1 3355 89268
1 3356 54035
1 3357 97869
1 3358 52827
1 3359 8701
1 3360 88745
1 3361 83381
1 3362 43670
1 3363 85070
1 3364 73765
1 3365 91370
1 3366 60145
1 3367 57300
1 3368 98055
1 3369 57382
1 3370 82879
1 3371 14004
1 3372 98707
1 3373 37155
1 3374 27060
1 3375 76983
1 3376 54039
1 3377 67106
1 3378 59251
1 3379 55508
1 3380 28928
1 3381 46444
1 3382 22785
1 3383 54730
1 3384 19894
1 3385 49534
1 3386 99969
1 3387 20530
1 3388 55104
1 3389 4202
1 3390 37631
1 3391 48111
1 3392 74966
1 3393 34778
1 3394 60016
1 3395 37424
1 3396 70724
1 3397 65872
1 3398 47421
1 3399 70572
1 3400 33615
1 3401 96092
1 3402 11554
1 3403 40344
1 3404 57964
1 3405 2691
1 3406 73454
1 3407 1979
1 3408 19578
1 3409 74541
1 3410 74815
1 3411 72516
1 3412 2940
1 3413 76414
1 3414 79340
1 3415 41688
1 3416 40559
1 3417 93629
1 3418 44064
1 3419 44883
1 3420 96585
1 3421 66529
1 3422 44980
1 3423 13527
1 3424 84610
1 3425 20284
1 3426 32850
1 3427 86429
1 3428 78539
1 3429 38284
1 3430 23607
1 3431 38720
1 3432 89080
1 3433 72682
1 3434 1498
1 3435 43021
1 3436 93677
1 3437 68766
1 3438 47732
1 3439 54375
1 3440 93728
1 3441 5521
1 3442 55206
1 3443 51367
1 3444 55026
1 3445 57358
1 3446 57987
1 3447 11382
1 3448 28752
1 3449 57655
1 3450 15749
1 3451 41494
1 3452 7005
1 3453 58853
1 3454 92662
1 3455 47638
1 3456 2264
1 3457 18778
1 3458 39568
1 3459 80374
1 3460 53200
1 3461 75785
1 3462 17970
1 3463 185
1 3464 59702
1 3465 50477
1 3466 69338
1 3467 57184
1 3468 15027
1 3469 97039
1 3470 49296
1 3471 16055
1 3472 8099
1 3473 21641
1 3474 7298
1 3475 18116
1 3476 80189
1 3477 72401
1 3478 47380
1 3479 23738
1 3480 82164
1 3481 92739
1 3482 64668
1 3483 8588
1 3484 64728
1 3485 36683
1 3486 13654
1 3487 19128
1 3488 18916
1 3489 82315
1 3490 79619
1 3491 23981
1 3492 51614
1 3493 29575
1 3494 11016
1 3495 97220
1 3496 71422
1 3497 87299
1 3498 28064
1 3499 80188
1 3500 95876
1 3501 35214
1 3502 71400
1 3503 7894
1 3504 24388
1 3505 98852
1 3506 32031
1 3507 50404
1 3508 26440
1 3509 63651
1 3510 27614
1 3511 2911
1 3512 12816
1 3513 19750
1 3514 10459
1 3515 64193
1 3516 27423
1 3517 96248
1 3518 78589
1 3519 43069
1 3520 189
1 3521 87031
1 3522 39984
1 3523 14561
1 3524 49735
1 3525 28713
1 3526 79320
1 3527 21313
1 3528 43910
1 3529 67315
1 3530 90442
1 3531 2934
1 3532 16336
1 3533 35630
1 3534 71425
1 3535 99100
1 3536 85434
1 3537 44651
1 3538 30799
1 3539 61040
1 3540 94773
1 3541 56258
1 3542 87806
1 3543 27806
1 3544 94390
1 3545 31549
1 3546 618
1 3547 33009
1 3548 64228
1 3549 28437
1 3550 17516
1 3551 11429
1 3552 66535
1 3553 45462
1 3554 38613
1 3555 68608
1 3556 54685
1 3557 82601
1 3558 14205
1 3559 25327
1 3560 48892
1 3561 19505
1 3562 23215
1 3563 11667
1 3564 23404
1 3565 44116
1 3566 84815
1 3567 59430
1 3568 78817
1 3569 88173
1 3570 58759
1 3571 46014
1 3572 46948
1 3573 68399
1 3574 1229
1 3575 98321
1 3576 26282
1 3577 21007
1 3578 71462
1 3579 59946
1 3580 67911
1 3581 18623
1 3582 63804
1 3583 23485
1 3584 53755
1 3585 68096
1 3586 31517
1 3587 6079
1 3588 28519
1 3589 41064
1 3590 35697
1 3591 62153
1 3592 34520
1 3593 44752
1 3594 89002
1 3595 82731
1 3596 79647
1 3597 3360
1 3598 75284
1 3599 42227
1 3600 18183
1 3601 21594
1 3602 93775
1 3603 12918
1 3604 79609
1 3605 68736
1 3606 72334
1 3607 5722
1 3608 32588
1 3609 20924
1 3610 23750
1 3611 39229
1 3612 631
1 3613 34217
1 3614 60650
1 3615 54751
1 3616 19855
1 3617 96537
1 3618 26707
1 3619 28145
1 3620 72636
1 3621 84366
1 3622 21699
1 3623 17810
1 3624 53489
1 3625 54825
1 3626 25421
1 3627 2181
1 3628 85287
1 3629 89533
1 3630 84581
1 3631 68132
1 3632 54343
1 3633 6116
1 3634 35595
1 3635 43233
1 3636 49560
1 3637 88358
1 3638 17457
1 3639 69128
1 3640 24108
1 3641 17903
1 3642 33912
1 3643 89684
1 3644 35760
1 3645 13050
1 3646 33129
1 3647 30291
1 3648 16193
1 3649 71345
1 3650 63448
1 3651 40988
1 3652 42800
1 3653 43956
1 3654 34106
1 3655 19892
1 3656 9080
1 3657 47074
1 3658 53620
1 3659 19703
1 3660 22535
1 3661 54768
1 3662 31741
1 3663 33962
1 3664 52088
1 3665 34893
1 3666 43389
1 3667 49972
1 3668 36559
1 3669 93979
1 3670 19173
1 3671 40976
1 3672 28381
1 3673 3478
1 3674 5404
1 3675 95002
1 3676 14235
1 3677 80665
1 3678 23552
1 3679 95488
1 3680 58661
1 3681 41740
1 3682 43157
1 3683 25856
1 3684 80631
1 3685 25629
1 3686 86181
1 3687 61124
1 3688 59887
1 3689 3370
1 3690 86180
1 3691 78635
1 3692 78196
1 3693 15027
1 3694 67117
1 3695 11345
1 3696 81309
1 3697 77272
1 3698 78347
1 3699 74935
1 3700 89880
1 3701 88843
1 3702 30080
1 3703 9916
1 3704 4592
1 3705 58227
1 3706 3178
1 3707 45011
1 3708 25517
1 3709 84050
1 3710 23101
1 3711 73979
1 3712 13642
1 3713 69868
1 3714 64349
1 3715 33171
1 3716 75286
1 3717 59982
1 3718 16915
1 3719 30692
1 3720 42153
1 3721 72063
1 3722 84207
1 3723 64878
1 3724 12774
1 3725 45983
1 3726 82438
1 3727 84402
1 3728 43361
1 3729 90469
1 3730 31038
1 3731 70287
1 3732 76605
1 3733 88896
1 3734 53036
1 3735 18180
1 3736 46363
1 3737 81960
1 3738 40445
1 3739 81815
1 3740 44316
1 3741 42694
1 3742 23525
1 3743 76320
1 3744 91371
1 3745 71202
1 3746 97749
1 3747 17668
1 3748 95271
1 3749 78727
1 3750 2481
1 3751 50820
1 3752 38478
1 3753 31883
1 3754 34587
1 3755 45166
1 3756 68176
1 3757 98325
1 3758 51063
1 3759 48385
1 3760 40184
1 3761 78360
1 3762 88239
1 3763 22577
1 3764 51827
1 3765 51021
1 3766 78963
1 3767 12691
1 3768 9988
1 3769 44975
1 3770 68131
1 3771 37416
1 3772 67538
1 3773 16659
1 3774 58808
1 3775 575
1 3776 51899
1 3777 35166
1 3778 42721
1 3779 61838
1 3780 1096
1 3781 69908
1 3782 32652
1 3783 12604
1 3784 30921
1 3785 86253
1 3786 68424
1 3787 26723
1 3788 71728
1 3789 70505
1 3790 9549
1 3791 69953
1 3792 64425
1 3793 79225
1 3794 61108
1 3795 70914
1 3796 47048
1 3797 19787
1 3798 30814
1 3799 74099
1 3800 76082
1 3801 544
1 3802 97307
1 3803 81424
1 3804 72320
1 3805 36745
1 3806 2001
1 3807 5221
1 3808 13499
1 3809 69461
1 3810 5821
1 3811 10851
1 3812 56729
1 3813 15546
1 3814 29251
1 3815 69974
1 3816 18387
1 3817 97110
1 3818 65330
1 3819 81431
1 3820 10684
1 3821 3199
1 3822 40916
1 3823 31996
1 3824 6186
1 3825 28891
1 3826 29120
1 3827 81548
1 3828 8754
1 3829 25711
1 3830 70943
1 3831 38785
1 3832 77890
1 3833 40375
1 3834 97722
1 3835 55214
1 3836 28881
1 3837 21955
1 3838 11933
1 3839 59413
1 3840 13970
1 3841 25271
1 3842 19744
1 3843 46443
1 3844 2313
1 3845 65832
1 3846 18184
1 3847 91967
1 3848 44958
1 3849 76982
1 3850 66427
1 3851 35807
1 3852 66713
1 3853 38051
1 3854 3096
1 3855 20086
1 3856 19372
1 3857 94823
1 3858 23740
1 3859 5882
1 3860 62239
1 3861 19478
1 3862 28464
1 3863 42652
1 3864 48186
1 3865 70391
1 3866 53906
1 3867 74094
1 3868 58220
1 3869 59199
1 3870 84219
1 3871 6275
1 3872 5568
1 3873 898
1 3874 25685
1 3875 44282
1 3876 8686
1 3877 93954
1 3878 91312
1 3879 46479
1 3880 63744
1 3881 31228
1 3882 39950
1 3883 42515
1 3884 50644
1 3885 38815
1 3886 87721
1 3887 13440
1 3888 43449
1 3889 98545
1 3890 84794
1 3891 42898
1 3892 23196
1 3893 75627
1 3894 46865
1 3895 50991
1 3896 69601
1 3897 85829
1 3898 12684
1 3899 96613
1 3900 26481
1 3901 61341
1 3902 66033
1 3903 51863
1 3904 40569
1 3905 8765
1 3906 12963
1 3907 69676
1 3908 53923
1 3909 1760
1 3910 8483
1 3911 14549
1 3912 36939
1 3913 84495
1 3914 27394
1 3915 76236
1 3916 41723
1 3917 35686
1 3918 62052
1 3919 4926
1 3920 33293
1 3921 2730
1 3922 27735
1 3923 79780
1 3924 27981
1 3925 24485
1 3926 42336
1 3927 48663
1 3928 14551
1 3929 1369
1 3930 86068
1 3931 17373
1 3932 45569
1 3933 58009
1 3934 24490
1 3935 81997
1 3936 69573
1 3937 63428
1 3938 83844
1 3939 8628
1 3940 16741
1 3941 30135
1 3942 48355
1 3943 9265
1 3944 79839
1 3945 13386
1 3946 19530
1 3947 9154
1 3948 45179
1 3949 27470
1 3950 83008
1 3951 15365
1 3952 40032
1 3953 10281
1 3954 78459
1 3955 10896
1 3956 7971
1 3957 17281
1 3958 22773
1 3959 56161
1 3960 20648
1 3961 93996
1 3962 81164
1 3963 81266
1 3964 60546
1 3965 2860
1 3966 56474
1 3967 62350
1 3968 65089
1 3969 58381
1 3970 44123
1 3971 72269
1 3972 36806
1 3973 89831
1 3974 88397
1 3975 27125
1 3976 47548
1 3977 53141
1 3978 73540
1 3979 96226
1 3980 40709
1 3981 80499
1 3982 71686
1 3983 76232
1 3984 68631
1 3985 28420
1 3986 1330
1 3987 35978
1 3988 66138
1 3989 41584
1 3990 75925
1 3991 50911
1 3992 28746
1 3993 91899
1 3994 66202
1 3995 79575
1 3996 43126
1 3997 70018
1 3998 93841
1 3999 1973
1 4000 73790
1 4001 91041
1 4002 86951
1 4003 54109
1 4004 79719
1 4005 38817
1 4006 80726
1 4007 19651
1 4008 872
1 4009 97731
1 4010 36735
1 4011 38885
1 4012 69014
1 4013 64916
1 4014 55750
1 4015 64578
1 4016 87860
1 4017 62891
1 4018 94649
1 4019 49644
1 4020 59323
1 4021 86070
1 4022 60824
1 4023 74446
1 4024 87684
1 4025 79172
1 4026 41114
1 4027 61574
1 4028 55167
1 4029 90932
1 4030 98964
1 4031 16159
1 4032 17166
1 4033 83283
1 4034 24823
1 4035 68958
1 4036 64976
1 4037 74162
1 4038 41117
1 4039 64447
1 4040 97998
1 4041 62402
1 4042 21659
1 4043 52873
1 4044 34097
1 4045 16122
1 4046 86786
1 4047 87015
1 4048 30094
1 4049 16956
1 4050 89708
1 4051 12897
1 4052 81957
1 4053 46635
1 4054 4780
1 4055 18907
1 4056 39100
1 4057 74663
1 4058 97568
1 4059 22625
1 4060 20442
1 4061 18722
1 4062 6698
1 4063 38448
1 4064 18924
1 4065 67001
1 4066 48805
1 4067 71477
1 4068 63377
1 4069 16005
1 4070 24877
1 4071 12787
1 4072 48046
1 4073 6566
1 4074 54326
1 4075 49515
1 4076 72280
1 4077 22445
1 4078 36380
1 4079 88991
1 4080 8425
1 4081 59156
1 4082 45639
1 4083 11019
1 4084 58876
1 4085 35389
1 4086 64152
1 4087 43745
1 4088 32785
1 4089 33621
1 4090 80449
1 4091 74690
1 4092 92579
1 4093 48270
1 4094 70581
1 4095 5555
1 4096 10525
1 4097 99545
1 4098 97776
1 4099 91564
1 4100 55485
1 4101 60243
1 4102 30077
1 4103 84665
1 4104 68150
1 4105 99763
1 4106 33014
1 4107 52552
1 4108 85185
1 4109 44318
1 4110 52468
1 4111 65859
1 4112 92071
1 4113 50450
1 4114 57403
1 4115 39272
1 4116 79628
1 4117 3391
1 4118 73889
1 4119 28168
1 4120 46892
1 4121 91716
1 4122 67650
1 4123 51374
1 4124 71854
1 4125 99462
1 4126 26279
1 4127 8354
1 4128 90443
1 4129 9704
1 4130 27910
1 4131 51171
1 4132 46845
1 4133 31086
1 4134 50551
1 4135 67651
1 4136 72349
1 4137 41763
1 4138 76384
1 4139 29719
1 4140 6343
1 4141 67905
1 4142 47070
1 4143 11565
1 4144 83330
1 4145 35414
1 4146 80064
1 4147 49271
1 4148 52095
1 4149 54152
1 4150 37545
1 4151 507
1 4152 59468
1 4153 86073
1 4154 31057
1 4155 29336
1 4156 63049
1 4157 96834
1 4158 31054
1 4159 62528
1 4160 30250
1 4161 45785
1 4162 93835
1 4163 45456
1 4164 94649
1 4165 92385
1 4166 12667
1 4167 90315
1 4168 15429
1 4169 35927
1 4170 55282
1 4171 93664
1 4172 29310
1 4173 11618
1 4174 39850
1 4175 25901
1 4176 43473
1 4177 16773
1 4178 60486
1 4179 716
1 4180 35738
1 4181 20948
1 4182 78700
1 4183 63896
1 4184 56090
1 4185 57589
1 4186 50483
1 4187 87037
1 4188 84361
1 4189 81148
1 4190 13677
1 4191 10313
1 4192 34298
1 4193 63994
1 4194 78816
1 4195 20515
1 4196 54875
1 4197 89810
1 4198 4290
1 4199 88454
1 4200 74288
1 4201 22312
1 4202 76154
1 4203 29195
1 4204 40527
1 4205 68913
1 4206 84826
1 4207 26949
1 4208 34201
1 4209 98896
1 4210 35140
1 4211 61306
1 4212 52956
1 4213 16960
1 4214 79103
1 4215 91601
1 4216 77181
1 4217 67725
1 4218 50330
1 4219 14374
1 4220 88746
1 4221 54844
1 4222 87824
1 4223 87913
1 4224 87834
1 4225 8003
1 4226 31351
1 4227 68225
1 4228 16082
1 4229 90257
1 4230 64433
1 4231 45166
1 4232 19470
1 4233 78594
1 4234 97586
1 4235 69012
1 4236 10689
1 4237 18925
1 4238 34210
1 4239 91258
1 4240 44787
1 4241 70646
1 4242 76429
1 4243 57845
1 4244 21328
1 4245 17862
1 4246 49828
1 4247 23596
1 4248 45604
1 4249 7329
1 4250 3239
1 4251 27622
1 4252 89265
1 4253 90513
1 4254 21472
1 4255 95564
1 4256 89981
1 4257 22861
1 4258 54177
1 4259 48738
1 4260 40334
1 4261 85678
1 4262 94498
1 4263 49882
1 4264 43540
1 4265 5298
1 4266 28748
1 4267 23642
1 4268 58693
1 4269 82906
1 4270 81656
1 4271 27079
1 4272 27242
1 4273 76782
1 4274 6532
1 4275 89447
1 4276 56765
1 4277 43986
1 4278 89552
1 4279 15331
1 4280 86820
1 4281 14703
1 4282 97313
1 4283 93014
1 4284 38152
1 4285 24598
1 4286 94153
1 4287 51710
1 4288 82995
1 4289 67180
1 4290 81144
1 4291 65830
1 4292 2518
1 4293 93119
1 4294 61682
1 4295 3552
1 4296 70780
1 4297 45823
1 4298 16056
1 4299 94238
1 4300 43287
1 4301 1319
1 4302 57237
1 4303 24967
1 4304 99199
1 4305 98396
1 4306 24860
1 4307 65099
1 4308 21410
1 4309 85274
1 4310 74521
1 4311 8726
1 4312 60932
1 4313 5052
1 4314 75823
1 4315 89474
1 4316 78304
1 4317 50604
1 4318 64722
1 4319 50804
1 4320 60681
1 4321 94867
1 4322 25403
1 4323 40978
1 4324 7901
1 4325 94518
1 4326 34854
1 4327 28454
1 4328 21466
1 4329 27427
1 4330 35142
1 4331 42660
1 4332 98010
1 4333 43828
1 4334 90791
1 4335 52025
1 4336 35763
1 4337 55266
1 4338 12615
1 4339 9576
1 4340 5932
1 4341 44935
1 4342 17541
1 4343 31156
1 4344 20787
1 4345 87208
1 4346 42747
1 4347 4303
1 4348 50942
1 4349 26403
1 4350 27034
1 4351 51228
1 4352 23662
1 4353 6878
1 4354 19845
1 4355 42291
1 4356 2572
1 4357 72037
1 4358 33581
1 4359 1888
1 4360 53872
1 4361 54850
1 4362 3464
1 4363 95075
1 4364 98618
1 4365 77634
1 4366 61807
1 4367 39757
1 4368 96020
1 4369 36024
1 4370 33081
1 4371 94367
1 4372 97115
1 4373 12613
1 4374 11286
1 4375 29253
1 4376 74395
1 4377 66915
1 4378 76679
1 4379 79246
1 4380 35268
1 4381 27327
1 4382 904
1 4383 97481
1 4384 59289
1 4385 19550
1 4386 98541
1 4387 57638
1 4388 45703
1 4389 77359
1 4390 43362
1 4391 34115
1 4392 1297
1 4393 83482
1 4394 58303
1 4395 69493
1 4396 26551
1 4397 44973
1 4398 40790
1 4399 93448
1 4400 34836
1 4401 45574
1 4402 46730
1 4403 97290
1 4404 55679
1 4405 6086
1 4406 87317
1 4407 23791
1 4408 35845
1 4409 13183
1 4410 32580
1 4411 9715
1 4412 67265
1 4413 91807
1 4414 75817
1 4415 29319
1 4416 3140
1 4417 72229
1 4418 47267
1 4419 28893
1 4420 92720
1 4421 42810
1 4422 85015
1 4423 25623
1 4424 73308
1 4425 53773
1 4426 61499
1 4427 41572
1 4428 34037
1 4429 52054
1 4430 97229
1 4431 57287
1 4432 11451
1 4433 82051
1 4434 36389
1 4435 9084
1 4436 35686
1 4437 34589
1 4438 91193
1 4439 37859
1 4440 24248
1 4441 5280
1 4442 63082
1 4443 46151
1 4444 80788
1 4445 18178
1 4446 42063
1 4447 19677
1 4448 86406
1 4449 85880
1 4450 5835
1 4451 13267
1 4452 94606
1 4453 74135
1 4454 49924
1 4455 69130
1 4456 17427
1 4457 11986
1 4458 49232
1 4459 94106
1 4460 5168
1 4461 68945
1 4462 46095
1 4463 76448
1 4464 5191
1 4465 25599
1 4466 24550
1 4467 47298
1 4468 6421
1 4469 61295
1 4470 49599
1 4471 6425
1 4472 65606
1 4473 11501
1 4474 93750
1 4475 3353
1 4476 19303
1 4477 42199
1 4478 47044
1 4479 31758
1 4480 83298
1 4481 5661
1 4482 2841
1 4483 55684
1 4484 33694
1 4485 95625
1 4486 63272
1 4487 80661
1 4488 16426
1 4489 25381
1 4490 43434
1 4491 15475
1 4492 20641
1 4493 91722
1 4494 28515
1 4495 89815
1 4496 74204
1 4497 92830
1 4498 11732
1 4499 31619
1 4500 64724
1 4501 73935
1 4502 18194
1 4503 34723
1 4504 40379
1 4505 42819
1 4506 88629
1 4507 16928
1 4508 94826
1 4509 83751
1 4510 39987
1 4511 91923
1 4512 98425
1 4513 80435
1 4514 4220
1 4515 31888
1 4516 58772
1 4517 6607
1 4518 70136
1 4519 30128
1 4520 17395
1 4521 70698
1 4522 82471
1 4523 25345
1 4524 79888
1 4525 56351
1 4526 61084
1 4527 3999
1 4528 83119
1 4529 67762
1 4530 12723
1 4531 36578
1 4532 41329
1 4533 76261
1 4534 73361
1 4535 81895
1 4536 28939
1 4537 35993
1 4538 15024
1 4539 88005
1 4540 107
1 4541 84119
1 4542 85216
1 4543 73485
1 4544 21984
1 4545 13998
1 4546 69667
1 4547 82696
1 4548 31764
1 4549 5539
1 4550 66820
1 4551 19031
1 4552 6308
1 4553 29236
1 4554 10329
1 4555 64328
1 4556 929
1 4557 12706
1 4558 65589
1 4559 17645
1 4560 82029
1 4561 49812
1 4562 92611
1 4563 12685
1 4564 65982
1 4565 2008
1 4566 46440
1 4567 4720
1 4568 38381
1 4569 55818
1 4570 32838
1 4571 57902
1 4572 41250
1 4573 773
1 4574 57818
1 4575 19498
1 4576 80429
1 4577 80471
1 4578 57863
1 4579 88273
1 4580 61690
1 4581 49690
1 4582 34822
1 4583 38802
1 4584 1006
1 4585 7716
1 4586 20612
1 4587 32322
1 4588 11190
1 4589 3343
1 4590 59037
1 4591 83119
1 4592 20314
1 4593 12746
1 4594 37503
1 4595 4911
1 4596 3507
1 4597 23283
1 4598 4347
1 4599 36310
1 4600 3066
1 4601 39191
1 4602 70037
1 4603 23060
1 4604 25339
1 4605 34469
1 4606 14989
1 4607 85760
1 4608 88461
1 4609 5310
1 4610 53970
1 4611 45804
1 4612 68951
1 4613 68498
1 4614 54022
1 4615 79488
1 4616 30139
1 4617 68059
1 4618 61358
1 4619 46853
1 4620 96762
1 4621 22113
1 4622 4554
1 4623 96077
1 4624 80566
1 4625 67574
1 4626 38539
1 4627 43894
1 4628 8573
1 4629 10262
1 4630 2394
1 4631 7887
1 4632 58077
1 4633 12935
1 4634 55184
1 4635 39209
1 4636 85906
1 4637 64774
1 4638 77711
1 4639 3071
1 4640 76494
1 4641 96370
1 4642 52544
1 4643 97852
1 4644 20349
1 4645 25967
1 4646 5607
1 4647 88965
1 4648 85198
1 4649 39589
1 4650 83180
1 4651 35513
1 4652 36098
1 4653 97857
1 4654 45823
1 4655 28724
1 4656 28372
1 4657 31217
1 4658 66170
1 4659 56248
1 4660 41334
1 4661 60012
1 4662 86490
1 4663 22395
1 4664 34031
1 4665 29251
1 4666 19969
1 4667 23672
1 4668 79020
1 4669 47513
1 4670 76842
1 4671 82137
1 4672 69398
1 4673 53608
1 4674 62757
1 4675 1602
1 4676 53976
1 4677 11073
1 4678 119
1 4679 44237
1 4680 1837
1 4681 25575
1 4682 58660
1 4683 61249
1 4684 85677
1 4685 39052
1 4686 36263
1 4687 75596
1 4688 10930
1 4689 49169
1 4690 6631
1 4691 41803
1 4692 38402
1 4693 44024
1 4694 6251
1 4695 42335
1 4696 44410
1 4697 25822
1 4698 18290
1 4699 40152
1 4700 84990
1 4701 61262
1 4702 76632
1 4703 82386
1 4704 68877
1 4705 3084
1 4706 29073
1 4707 66738
1 4708 79479
1 4709 87432
1 4710 93447
1 4711 92252
1 4712 22586
1 4713 690
1 4714 60303
1 4715 2486
1 4716 90144
1 4717 90923
1 4718 40152
1 4719 93346
1 4720 12894
1 4721 34756
1 4722 16591
1 4723 80934
1 4724 60989
1 4725 2125
1 4726 50881
1 4727 38007
1 4728 1756
1 4729 79258
1 4730 12035
1 4731 58562
1 4732 80994
1 4733 39114
1 4734 10692
1 4735 31615
1 4736 71393
1 4737 22852
1 4738 48904
1 4739 82152
1 4740 17024
1 4741 2947
1 4742 17095
1 4743 14553
1 4744 20528
1 4745 11498
1 4746 44405
1 4747 34371
1 4748 6016
1 4749 13649
1 4750 71894
1 4751 76611
1 4752 65377
1 4753 76820
1 4754 94206
1 4755 77473
1 4756 3116
1 4757 54989
1 4758 30256
1 4759 80633
1 4760 66304
1 4761 71125
1 4762 8229
1 4763 22351
1 4764 33889
1 4765 3557
1 4766 58836
1 4767 74382
1 4768 37682
1 4769 74826
1 4770 30076
1 4771 26314
1 4772 1895
1 4773 52853
1 4774 33864
1 4775 86338
1 4776 62042
1 4777 5052
1 4778 91317
1 4779 45341
1 4780 10913
1 4781 72322
1 4782 95149
1 4783 39322
1 4784 81510
1 4785 26651
1 4786 41676
1 4787 20699
1 4788 70171
1 4789 84892
1 4790 59905
1 4791 64965
1 4792 82544
1 4793 22998
1 4794 87645
1 4795 72441
1 4796 98396
1 4797 8670
1 4798 5428
1 4799 94820
1 4800 40100
1 4801 89273
1 4802 47955
1 4803 66921
1 4804 4344
1 4805 642
1 4806 36081
1 4807 25466
1 4808 36571
1 4809 40869
1 4810 26021
1 4811 26634
1 4812 70601
1 4813 70940
1 4814 13498
1 4815 17712
1 4816 1507
1 4817 26122
1 4818 20686
1 4819 95569
1 4820 86594
1 4821 70947
1 4822 38623
1 4823 33984
1 4824 71132
1 4825 88125
1 4826 98250
1 4827 22334
1 4828 38856
1 4829 23274
1 4830 57764
1 4831 96684
1 4832 35466
1 4833 54179
1 4834 51948
1 4835 59656
1 4836 50278
1 4837 24056
1 4838 23796
1 4839 22814
1 4840 2304
1 4841 48216
1 4842 26072
1 4843 7505
1 4844 18151
1 4845 70086
1 4846 21641
1 4847 90401
1 4848 36407
1 4849 27008
1 4850 41847
1 4851 99189
1 4852 32797
1 4853 80591
1 4854 51273
1 4855 61310
1 4856 52670
1 4857 38236
1 4858 78425
1 4859 18757
1 4860 92073
1 4861 93141
1 4862 50036
1 4863 90779
1 4864 4829
1 4865 60125
1 4866 67367
1 4867 36345
1 4868 36379
1 4869 7653
1 4870 1747
1 4871 66312
1 4872 38543
1 4873 22130
1 4874 45504
1 4875 59723
1 4876 78488
1 4877 65365
1 4878 29287
1 4879 30260
1 4880 13626
1 4881 27775
1 4882 28089
1 4883 13855
1 4884 90906
1 4885 58602
1 4886 42518
1 4887 82148
1 4888 47330
1 4889 67635
1 4890 57232
1 4891 8636
1 4892 59495
1 4893 49560
1 4894 99629
1 4895 64300
1 4896 22391
1 4897 58794
1 4898 71235
1 4899 85195
1 4900 10297
1 4901 88746
1 4902 35501
1 4903 30748
1 4904 73533
1 4905 96720
1 4906 41799
1 4907 37821
1 4908 71296
1 4909 66729
1 4910 70014
1 4911 2661
1 4912 59183
1 4913 94284
1 4914 49737
1 4915 90739
1 4916 39932
1 4917 90418
1 4918 64345
1 4919 8441
1 4920 63003
1 4921 79115
1 4922 42832
1 4923 67773
1 4924 41834
1 4925 27514
1 4926 66706
1 4927 74920
1 4928 83347
1 4929 17054
1 4930 835
1 4931 6400
1 4932 87155
1 4933 29910
1 4934 66495
1 4935 61628
1 4936 40935
1 4937 1662
1 4938 99554
1 4939 39082
1 4940 32106
1 4941 62590
1 4942 28351
1 4943 22931
1 4944 23922
1 4945 35171
1 4946 65362
1 4947 77182
1 4948 745
1 4949 93932
1 4950 30104
1 4951 92040
1 4952 85232
1 4953 46696
1 4954 74205
1 4955 14934
1 4956 44238
1 4957 70524
1 4958 57318
1 4959 17622
1 4960 35237
1 4961 47694
1 4962 65748
1 4963 54896
1 4964 29008
1 4965 88818
1 4966 80716
1 4967 57700
1 4968 65518
1 4969 46200
1 4970 57172
1 4971 83207
1 4972 44014
1 4973 78976
1 4974 96949
1 4975 91007
1 4976 43892
1 4977 1181
1 4978 69569
1 4979 17367
1 4980 50414
1 4981 78909
1 4982 67065
1 4983 65974
1 4984 16153
1 4985 21499
1 4986 93026
1 4987 32940
1 4988 60875
1 4989 11808
1 4990 23172
1 4991 12337
1 4992 51475
1 4993 5021
1 4994 65963
1 4995 43434
1 4996 30248
1 4997 66733
1 4998 69025
1 4999 51531
1 5000 61484
1 5001 72327
1 5002 32598
1 5003 1669
1 5004 23309
1 5005 30080
1 5006 28691
1 5007 37922
1 5008 11876
1 5009 66232
1 5010 75430
1 5011 80816
1 5012 61263
1 5013 10823
1 5014 88169
1 5015 21384
1 5016 7202
1 5017 82418
1 5018 13587
1 5019 11306
1 5020 83483
1 5021 35734
1 5022 67100
1 5023 89978
1 5024 98518
1 5025 81053
1 5026 37073
1 5027 72625
1 5028 74570
1 5029 1885
1 5030 22647
1 5031 84045
1 5032 63446
1 5033 80184
1 5034 53218
1 5035 44856
1 5036 86839
1 5037 22333
1 5038 19220
1 5039 47018
1 5040 40183
1 5041 17880
1 5042 84279
1 5043 50791
1 5044 75644
1 5045 46788
1 5046 78726
1 5047 42133
1 5048 52442
1 5049 36359
1 5050 59558
1 5051 10038
1 5052 94181
1 5053 7585
1 5054 54630
1 5055 72304
1 5056 67920
1 5057 88445
1 5058 51911
1 5059 3384
1 5060 9558
1 5061 27519
1 5062 58772
1 5063 29607
1 5064 38439
1 5065 58095
1 5066 68561
1 5067 48477
1 5068 26061
1 5069 40084
1 5070 74374
1 5071 30065
1 5072 5679
1 5073 50429
1 5074 12215
1 5075 6233
1 5076 2061
1 5077 86943
1 5078 49406
1 5079 42269
1 5080 99040
1 5081 15497
1 5082 32339
1 5083 94571
1 5084 508
1 5085 68910
1 5086 2973
1 5087 89158
1 5088 6105
1 5089 33490
1 5090 18394
1 5091 90113
1 5092 64120
1 5093 29690
1 5094 97176
1 5095 71637
1 5096 25897
1 5097 60968
1 5098 25846
1 5099 88180
1 5100 72782
1 5101 896
1 5102 98218
1 5103 31153
1 5104 91565
1 5105 43132
1 5106 18806
1 5107 33041
1 5108 4735
1 5109 56244
1 5110 16201
1 5111 47867
1 5112 84202
1 5113 48657
1 5114 97627
1 5115 33177
1 5116 23249
1 5117 48670
1 5118 13283
1 5119 95784
1 5120 23083
1 5121 1750
1 5122 66279
1 5123 73723
1 5124 94422
1 5125 48316
1 5126 65062
1 5127 3805
1 5128 21507
1 5129 54757
1 5130 17454
1 5131 77634
1 5132 78697
1 5133 78606
1 5134 89201
1 5135 21822
1 5136 36225
1 5137 23952
1 5138 54684
1 5139 38551
1 5140 44621
1 5141 84290
1 5142 67079
1 5143 85756
1 5144 59490
1 5145 47362
1 5146 12152
1 5147 93326
1 5148 1728
1 5149 99530
1 5150 30543
1 5151 93410
1 5152 40429
1 5153 10523
1 5154 46396
1 5155 25831
1 5156 98726
1 5157 1703
1 5158 72486
1 5159 31759
1 5160 67923
1 5161 59589
1 5162 30467
1 5163 18800
1 5164 29295
1 5165 63924
1 5166 21929
1 5167 60163
1 5168 95003
1 5169 20014
1 5170 66159
1 5171 9221
1 5172 42709
1 5173 76757
1 5174 49126
1 5175 23317
1 5176 75066
1 5177 54464
1 5178 95415
1 5179 97476
1 5180 98837
1 5181 32755
1 5182 35422
1 5183 59250
1 5184 62191
1 5185 22077
1 5186 80817
1 5187 57032
1 5188 53547
1 5189 98881
1 5190 78393
1 5191 63295
1 5192 27737
1 5193 94255
1 5194 20434
1 5195 35190
1 5196 34863
1 5197 54812
1 5198 99938
1 5199 40450
1 5200 14888
1 5201 77397
1 5202 94906
1 5203 97184
1 5204 57152
1 5205 9545
1 5206 4561
1 5207 75384
1 5208 20057
1 5209 80209
1 5210 72120
1 5211 65315
1 5212 31693
1 5213 47291
1 5214 48085
1 5215 41874
1 5216 50108
1 5217 4079
1 5218 92132
1 5219 98239
1 5220 49428
1 5221 38720
1 5222 47279
1 5223 10650
1 5224 57805
1 5225 83659
1 5226 13750
1 5227 9214
1 5228 32544
1 5229 24892
1 5230 87808
1 5231 97534
1 5232 11205
1 5233 97683
1 5234 99378
1 5235 5592
1 5236 68637
1 5237 66959
1 5238 64951
1 5239 19343
1 5240 72114
1 5241 34830
1 5242 84557
1 5243 71382
1 5244 6603
1 5245 40879
1 5246 76431
1 5247 92341
1 5248 67324
1 5249 84393
1 5250 98623
1 5251 81335
1 5252 13856
1 5253 45807
1 5254 7631
1 5255 41212
1 5256 78054
1 5257 49380
1 5258 63523
1 5259 75407
1 5260 35031
1 5261 80759
1 5262 79861
1 5263 34278
1 5264 62015
1 5265 48253
1 5266 7464
1 5267 27808
1 5268 54663
1 5269 67380
1 5270 30297
1 5271 47044
1 5272 50617
1 5273 16486
1 5274 68142
1 5275 20259
1 5276 29307
1 5277 70040
1 5278 19819
1 5279 71001
1 5280 52315
1 5281 78687
1 5282 97762
1 5283 38639
1 5284 35260
1 5285 13714
1 5286 66141
1 5287 92816
1 5288 11105
1 5289 47019
1 5290 97810
1 5291 71754
1 5292 22044
1 5293 58128
1 5294 26637
1 5295 76032
1 5296 62302
1 5297 12441
1 5298 75903
1 5299 83882
1 5300 58243
1 5301 76474
1 5302 25213
1 5303 30325
1 5304 26765
1 5305 39625
1 5306 41241
1 5307 20620
1 5308 70849
1 5309 17958
1 5310 33752
1 5311 95029
1 5312 57390
1 5313 6776
1 5314 43785
1 5315 69572
1 5316 71083
1 5317 38918
1 5318 16754
1 5319 29727
1 5320 70444
1 5321 47413
1 5322 26259
1 5323 65498
1 5324 89764
1 5325 17966
1 5326 95450
1 5327 11796
1 5328 64742
1 5329 3763
1 5330 90886
1 5331 90278
1 5332 91519
1 5333 15889
1 5334 52091
1 5335 71874
1 5336 32741
1 5337 12072
1 5338 41672
1 5339 71064
1 5340 18183
1 5341 32740
1 5342 57157
1 5343 41377
1 5344 7971
1 5345 24497
1 5346 51007
1 5347 6205
1 5348 95122
1 5349 77383
1 5350 83273
1 5351 65263
1 5352 55874
1 5353 34195
1 5354 99690
1 5355 32092
1 5356 13624
1 5357 75723
1 5358 5306
1 5359 6227
1 5360 9327
1 5361 63829
1 5362 43962
1 5363 2437
1 5364 10371
1 5365 49852
1 5366 48021
1 5367 46802
1 5368 56469
1 5369 50415
1 5370 71098
1 5371 89124
1 5372 44093
1 5373 85161
1 5374 73965
1 5375 79135
1 5376 92071
1 5377 13387
1 5378 1390
1 5379 3489
1 5380 70364
1 5381 73539
1 5382 24822
1 5383 38284
1 5384 10909
1 5385 75872
1 5386 22356
1 5387 13069
1 5388 25474
1 5389 38504
1 5390 78874
1 5391 27100
1 5392 98301
1 5393 52715
1 5394 99664
1 5395 46829
1 5396 61928
1 5397 23127
1 5398 25445
1 5399 79842
1 5400 26940
1 5401 14937
1 5402 12825
1 5403 37656
1 5404 15671
1 5405 56304
1 5406 19731
1 5407 67970
1 5408 3590
1 5409 10099
1 5410 40829
1 5411 58966
1 5412 44560
1 5413 27274
1 5414 56668
1 5415 99068
1 5416 6797
1 5417 68566
1 5418 82988
1 5419 25904
1 5420 59027
1 5421 81750
1 5422 91842
1 5423 64577
1 5424 74707
1 5425 27988
1 5426 58711
1 5427 91897
1 5428 57122
1 5429 97910
1 5430 90520
1 5431 14665
1 5432 18302
1 5433 94428
1 5434 72090
1 5435 57641
1 5436 39471
1 5437 80080
1 5438 15320
1 5439 71749
1 5440 65501
1 5441 91873
1 5442 90018
1 5443 6144
1 5444 11961
1 5445 78398
1 5446 30485
1 5447 60956
1 5448 84529
1 5449 75326
1 5450 17104
1 5451 40595
1 5452 77272
1 5453 1165
1 5454 46898
1 5455 62739
1 5456 63499
1 5457 2642
1 5458 54054
1 5459 38594
1 5460 38216
1 5461 17118
1 5462 7930
1 5463 4251
1 5464 14377
1 5465 77372
1 5466 83612
1 5467 9696
1 5468 37387
1 5469 71231
1 5470 23384
1 5471 55105
1 5472 2449
1 5473 16531
1 5474 71556
1 5475 97096
1 5476 60978
1 5477 65040
1 5478 24098
1 5479 79114
1 5480 78028
1 5481 94541
1 5482 67241
1 5483 24559
1 5484 21661
1 5485 98603
1 5486 50207
1 5487 22451
1 5488 99982
1 5489 25062
1 5490 70079
1 5491 22901
1 5492 90031
1 5493 73085
1 5494 39402
1 5495 6051
1 5496 52701
1 5497 54487
1 5498 73515
1 5499 38137
1 5500 23529
1 5501 2649
1 5502 27586
1 5503 31539
1 5504 40185
1 5505 91507
1 5506 35939
1 5507 84509
1 5508 10106
1 5509 900
1 5510 31100
1 5511 47050
1 5512 96325
1 5513 51435
1 5514 48421
1 5515 87300
1 5516 70142
1 5517 59029
1 5518 62128
1 5519 40235
1 5520 82048
1 5521 79765
1 5522 85861
1 5523 2041
1 5524 91366
1 5525 57170
1 5526 31738
1 5527 69374
1 5528 31262
1 5529 20938
1 5530 74006
1 5531 97362
1 5532 77637
1 5533 22519
1 5534 99957
1 5535 60432
1 5536 99736
1 5537 37149
1 5538 378
1 5539 8088
1 5540 68244
1 5541 6480
1 5542 95524
1 5543 45848
1 5544 37431
1 5545 54428
1 5546 15881
1 5547 16702
1 5548 95575
1 5549 86545
1 5550 78973
1 5551 36324
1 5552 80626
1 5553 60651
1 5554 17596
1 5555 39431
1 5556 7352
1 5557 55651
1 5558 48399
1 5559 58989
1 5560 44795
1 5561 44257
1 5562 69407
1 5563 51039
1 5564 56442
1 5565 83650
1 5566 68271
1 5567 92005
1 5568 60042
1 5569 13284
1 5570 94668
1 5571 66778
1 5572 87407
1 5573 31641
1 5574 15271
1 5575 74848
1 5576 85830
1 5577 39644
1 5578 39524
1 5579 93213
1 5580 89285
1 5581 84469
1 5582 55542
1 5583 96596
1 5584 13452
1 5585 47279
1 5586 95428
1 5587 43783
1 5588 16651
1 5589 67561
1 5590 22317
1 5591 34513
1 5592 12959
1 5593 84273
1 5594 61985
1 5595 88755
1 5596 73852
1 5597 90744
1 5598 43421
1 5599 43055
1 5600 94202
1 5601 67686
1 5602 46011
1 5603 21607
1 5604 55208
1 5605 87042
1 5606 44639
1 5607 78559
1 5608 38283
1 5609 45024
1 5610 74592
1 5611 89126
1 5612 33536
1 5613 71667
1 5614 85867
1 5615 317
1 5616 83240
1 5617 50020
1 5618 63630
1 5619 69650
1 5620 51764
1 5621 68583
1 5622 51070
1 5623 14995
1 5624 13910
1 5625 54507
1 5626 17890
1 5627 95890
1 5628 85162
1 5629 48165
1 5630 83821
1 5631 12751
1 5632 11776
1 5633 12483
1 5634 16019
1 5635 6240
1 5636 30773
1 5637 39893
1 5638 48191
1 5639 38003
1 5640 60926
1 5641 64637
1 5642 57627
1 5643 74714
1 5644 70750
1 5645 69006
1 5646 26091
1 5647 51260
1 5648 24107
1 5649 49256
1 5650 41007
1 5651 47452
1 5652 11469
1 5653 18828
1 5654 10858
1 5655 68526
1 5656 82276
1 5657 70243
1 5658 67396
1 5659 31181
1 5660 61266
1 5661 62491
1 5662 10908
1 5663 11724
1 5664 62634
1 5665 91801
1 5666 51696
1 5667 66793
1 5668 36145
1 5669 13233
1 5670 37835
1 5671 26418
1 5672 12912
1 5673 83675
1 5674 97644
1 5675 52324
1 5676 89183
1 5677 90779
1 5678 57852
1 5679 95747
1 5680 69872
1 5681 54049
1 5682 91122
1 5683 22896
1 5684 48818
1 5685 73878
1 5686 38495
1 5687 39221
1 5688 45728
1 5689 86286
1 5690 4075
1 5691 40288
1 5692 67777
1 5693 85968
1 5694 81380
1 5695 13494
1 5696 56185
1 5697 88227
1 5698 36339
1 5699 76364
1 5700 36662
1 5701 70303
1 5702 20409
1 5703 72926
1 5704 10708
1 5705 84154
1 5706 43098
1 5707 60645
1 5708 50222
1 5709 50528
1 5710 49655
1 5711 65707
1 5712 33295
1 5713 57901
1 5714 14904
1 5715 7317
1 5716 43113
1 5717 3596
1 5718 5405
1 5719 76960
1 5720 51217
1 5721 21542
1 5722 13729
1 5723 44515
1 5724 45958
1 5725 50739
1 5726 4539
1 5727 78379
1 5728 80697
1 5729 30118
1 5730 83065
1 5731 55172
1 5732 25142
1 5733 51654
1 5734 26347
1 5735 73428
1 5736 35229
1 5737 17977
1 5738 14136
1 5739 3400
1 5740 4118
1 5741 84605
1 5742 31443
1 5743 80612
1 5744 35398
1 5745 30008
1 5746 3946
1 5747 60959
1 5748 51819
1 5749 56089
1 5750 67275
1 5751 35576
1 5752 11135
1 5753 80720
1 5754 25954
1 5755 93657
1 5756 73364
1 5757 31917
1 5758 35773
1 5759 82134
1 5760 77638
1 5761 76468
1 5762 54609
1 5763 52271
1 5764 29512
1 5765 85499
1 5766 23029
1 5767 75730
1 5768 63514
1 5769 23949
1 5770 87969
1 5771 20090
1 5772 96996
1 5773 65563
1 5774 43310
1 5775 88822
1 5776 38725
1 5777 48017
1 5778 69341
1 5779 60559
1 5780 16941
1 5781 29815
1 5782 93954
1 5783 36722
1 5784 70022
1 5785 18347
1 5786 84997
1 5787 60969
1 5788 63836
1 5789 70987
1 5790 23155
1 5791 62100
1 5792 93314
1 5793 99629
1 5794 67925
1 5795 75608
1 5796 96201
1 5797 74813
1 5798 45148
1 5799 34965
1 5800 96941
1 5801 62442
1 5802 96798
1 5803 31440
1 5804 15367
1 5805 77484
1 5806 87213
1 5807 59659
1 5808 95899
1 5809 86231
1 5810 15130
1 5811 84798
1 5812 37103
1 5813 43015
1 5814 61484
1 5815 42022
1 5816 27549
1 5817 78536
1 5818 62115
1 5819 8436
1 5820 38665
1 5821 10261
1 5822 75804
1 5823 85331
1 5824 74832
1 5825 63129
1 5826 81854
1 5827 35787
1 5828 40830
1 5829 48377
1 5830 63050
1 5831 28300
1 5832 9862
1 5833 94179
1 5834 32984
1 5835 75246
1 5836 15183
1 5837 23263
1 5838 72937
1 5839 94150
1 5840 33520
1 5841 91933
1 5842 23867
1 5843 9632
1 5844 8541
1 5845 50674
1 5846 2325
1 5847 40309
1 5848 57681
1 5849 67452
1 5850 31670
1 5851 4572
1 5852 3394
1 5853 77790
1 5854 88216
1 5855 44347
1 5856 28870
1 5857 86259
1 5858 97740
1 5859 48465
1 5860 85097
1 5861 34148
1 5862 35569
1 5863 59576
1 5864 49858
1 5865 26259
1 5866 2272
1 5867 55603
1 5868 59266
1 5869 70837
1 5870 13702
1 5871 1206
1 5872 58622
1 5873 28429
1 5874 90087
1 5875 30033
1 5876 44486
1 5877 4911
1 5878 1494
1 5879 48398
1 5880 59529
1 5881 78347
1 5882 5948
1 5883 38532
1 5884 24940
1 5885 61981
1 5886 37741
1 5887 94886
1 5888 65633
1 5889 65567
1 5890 14197
1 5891 23388
1 5892 65403
1 5893 48736
1 5894 97493
1 5895 33418
1 5896 36267
1 5897 78335
1 5898 79160
1 5899 73672
1 5900 69447
1 5901 79970
1 5902 72438
1 5903 11658
1 5904 656
1 5905 44099
1 5906 98730
1 5907 15891
1 5908 94968
1 5909 20330
1 5910 61804
1 5911 75039
1 5912 13967
1 5913 55278
1 5914 30189
1 5915 35808
1 5916 512
1 5917 86087
1 5918 28699
1 5919 86540
1 5920 51659
1 5921 56396
1 5922 72404
1 5923 35951
1 5924 20563
1 5925 64219
1 5926 65037
1 5927 59796
1 5928 21442
1 5929 26188
1 5930 48247
1 5931 62640
1 5932 71204
1 5933 75643
1 5934 20643
1 5935 10066
1 5936 31596
1 5937 40488
1 5938 42603
1 5939 99735
1 5940 47644
1 5941 83063
1 5942 36688
1 5943 19149
1 5944 27362
1 5945 18814
1 5946 88684
1 5947 34017
1 5948 76556
1 5949 56819
1 5950 47140
1 5951 76436
1 5952 25183
1 5953 1224
1 5954 49125
1 5955 90444
1 5956 83517
1 5957 92997
1 5958 19912
1 5959 83235
1 5960 49130
1 5961 11197
1 5962 63186
1 5963 80280
1 5964 12154
1 5965 24491
1 5966 85633
1 5967 27318
1 5968 99704
1 5969 92489
1 5970 33038
1 5971 70923
1 5972 11439
1 5973 90608
1 5974 30847
1 5975 78378
1 5976 36965
1 5977 67643
1 5978 12553
1 5979 46972
1 5980 198
1 5981 26161
1 5982 45486
1 5983 9885
1 5984 72197
1 5985 66473
1 5986 15397
1 5987 26382
1 5988 5742
1 5989 49950
1 5990 7187
1 5991 29591
1 5992 91343
1 5993 68894
1 5994 36602
1 5995 63303
1 5996 11786
1 5997 81075
1 5998 50913
1 5999 58556
1 6000 29535
1 6001 73848
1 6002 35232
1 6003 99451
1 6004 47654
1 6005 75448
1 6006 62094
1 6007 68113
1 6008 60852
1 6009 61812
1 6010 1312
1 6011 96112
1 6012 56290
1 6013 91827
1 6014 80672
1 6015 23831
1 6016 28770
1 6017 89834
1 6018 66293
1 6019 76705
1 6020 26990
1 6021 59112
1 6022 65458
1 6023 91414
1 6024 99466
1 6025 54196
1 6026 24155
1 6027 78957
1 6028 85568
1 6029 6869
1 6030 96288
1 6031 44879
1 6032 59701
1 6033 92592
1 6034 77814
1 6035 12880
1 6036 50782
1 6037 78105
1 6038 54618
1 6039 93814
1 6040 28842
1 6041 86704
1 6042 71744
1 6043 68294
1 6044 88455
1 6045 68126
1 6046 12033
1 6047 31781
1 6048 61720
1 6049 48805
1 6050 85358
1 6051 8091
1 6052 20046
1 6053 7955
1 6054 40532
1 6055 25795
1 6056 4594
1 6057 73250
1 6058 91388
1 6059 1679
1 6060 48072
1 6061 91276
1 6062 25274
1 6063 83108
1 6064 3067
1 6065 96684
1 6066 4224
1 6067 45191
1 6068 3260
1 6069 90185
1 6070 81505
1 6071 23451
1 6072 90027
1 6073 3307
1 6074 37883
1 6075 35930
1 6076 70220
1 6077 81555
1 6078 72842
1 6079 12311
1 6080 59471
1 6081 81566
1 6082 85030
1 6083 53814
1 6084 4135
1 6085 26798
1 6086 95434
1 6087 22728
1 6088 39077
1 6089 16695
1 6090 10316
1 6091 98979
1 6092 47487
1 6093 36538
1 6094 38645
1 6095 69054
1 6096 1267
1 6097 32249
1 6098 11648
1 6099 43770
1 6100 779
1 6101 48469
1 6102 30925
1 6103 16053
1 6104 3964
1 6105 85757
1 6106 96510
1 6107 45242
1 6108 60043
1 6109 12485
1 6110 4715
1 6111 97213
1 6112 12308
1 6113 78822
1 6114 63544
1 6115 3283
1 6116 84035
1 6117 71720
1 6118 58767
1 6119 97225
1 6120 67380
1 6121 63937
1 6122 1346
1 6123 24718
1 6124 69521
1 6125 81726
1 6126 9307
1 6127 96497
1 6128 43968
1 6129 88901
1 6130 26022
1 6131 98293
1 6132 42124
1 6133 17460
1 6134 48698
1 6135 59693
1 6136 6671
1 6137 67287
1 6138 38936
1 6139 29049
1 6140 4347
1 6141 29841
1 6142 61352
1 6143 21913
1 6144 39878
1 6145 10361
1 6146 32047
1 6147 91948
1 6148 9430
1 6149 84884
1 6150 57153
1 6151 50819
1 6152 42461
1 6153 28307
1 6154 97829
1 6155 19202
1 6156 6191
1 6157 10125
1 6158 17318
1 6159 54429
1 6160 21740
1 6161 56034
1 6162 51606
1 6163 30529
1 6164 33354
1 6165 24320
1 6166 83755
1 6167 34515
1 6168 77784
1 6169 76456
1 6170 40416
1 6171 39048
1 6172 3365
1 6173 13334
1 6174 43301
1 6175 52741
1 6176 38391
1 6177 35072
1 6178 54535
1 6179 45877
1 6180 64055
1 6181 79301
1 6182 69233
1 6183 29137
1 6184 35105
1 6185 49146
1 6186 24724
1 6187 17518
1 6188 21598
1 6189 85917
1 6190 60304
1 6191 1985
1 6192 54577
1 6193 33093
1 6194 6851
1 6195 42380
1 6196 23623
1 6197 4504
1 6198 75973
1 6199 64323
1 6200 2039
1 6201 99542
1 6202 62453
1 6203 99437
1 6204 62233
1 6205 43634
1 6206 48113
1 6207 61187
1 6208 16406
1 6209 63929
1 6210 68074
1 6211 39566
1 6212 14144
1 6213 37678
1 6214 32831
1 6215 14813
1 6216 25723
1 6217 93397
1 6218 82633
1 6219 65414
1 6220 63300
1 6221 74566
1 6222 85054
1 6223 83015
1 6224 18339
1 6225 8738
1 6226 56320
1 6227 25033
1 6228 50263
1 6229 8120
1 6230 40259
1 6231 59218
1 6232 90770
1 6233 22602
1 6234 12180
1 6235 62220
1 6236 46366
1 6237 73144
1 6238 7766
1 6239 36684
1 6240 52116
1 6241 39453
1 6242 92196
1 6243 20503
1 6244 78380
1 6245 34955
1 6246 22260
1 6247 48249
1 6248 69016
1 6249 86132
1 6250 16640
1 6251 30650
1 6252 6824
1 6253 1590
1 6254 26178
1 6255 25542
1 6256 18708
1 6257 77519
1 6258 99286
1 6259 41556
1 6260 24770
1 6261 39553
1 6262 25405
1 6263 53133
1 6264 36251
1 6265 59509
1 6266 6318
1 6267 9603
1 6268 69908
1 6269 94127
1 6270 89597
1 6271 24017
1 6272 78404
1 6273 98608
1 6274 39108
1 6275 83538
1 6276 14499
1 6277 7083
1 6278 73830
1 6279 86755
1 6280 19393
1 6281 2597
1 6282 43988
1 6283 67970
1 6284 21178
1 6285 70172
1 6286 53216
1 6287 19761
1 6288 39660
1 6289 27080
1 6290 57385
1 6291 3342
1 6292 21882
1 6293 83358
1 6294 3095
1 6295 41777
1 6296 77990
1 6297 2215
1 6298 97743
1 6299 44512
1 6300 36313
1 6301 99716
1 6302 37240
1 6303 75942
1 6304 88777
1 6305 22866
1 6306 43156
1 6307 57761
1 6308 88758
1 6309 81875
1 6310 9609
1 6311 42553
1 6312 31914
1 6313 96006
1 6314 54602
1 6315 49470
1 6316 16900
1 6317 46047
1 6318 26006
1 6319 43292
1 6320 54547
1 6321 92771
1 6322 85075
1 6323 9215
1 6324 81540
1 6325 63895
1 6326 54272
1 6327 31644
1 6328 76453
1 6329 25887
1 6330 64127
1 6331 77603
1 6332 99784
1 6333 97029
1 6334 12451
1 6335 82886
1 6336 34912
1 6337 77696
1 6338 55407
1 6339 85360
1 6340 26839
1 6341 28494
1 6342 15653
1 6343 33315
1 6344 56816
1 6345 47114
1 6346 72675
1 6347 96447
1 6348 10457
1 6349 41037
1 6350 62948
1 6351 72432
1 6352 3131
1 6353 79528
1 6354 34199
1 6355 43559
1 6356 48579
1 6357 22275
1 6358 15416
1 6359 54822
1 6360 4154
1 6361 79844
1 6362 67790
1 6363 83990
1 6364 17140
1 6365 25078
1 6366 10069
1 6367 95056
1 6368 45377
1 6369 23850
1 6370 94022
1 6371 38364
1 6372 58830
1 6373 34770
1 6374 11170
1 6375 66481
1 6376 60455
1 6377 23378
1 6378 71977
1 6379 21987
1 6380 73578
1 6381 81025
1 6382 48660
1 6383 45526
1 6384 31961
1 6385 68095
1 6386 96697
1 6387 57944
1 6388 53452
1 6389 2254
1 6390 12945
1 6391 21048
1 6392 34242
1 6393 37559
1 6394 81746
1 6395 73642
1 6396 97769
1 6397 40734
1 6398 54644
1 6399 75199
1 6400 13835
1 6401 40432
1 6402 95812
1 6403 94978
1 6404 29891
1 6405 46662
1 6406 41849
1 6407 89703
1 6408 16306
1 6409 6358
1 6410 25312
1 6411 24849
1 6412 45670
1 6413 97625
1 6414 70277
1 6415 56985
1 6416 23166
1 6417 84436
1 6418 34851
1 6419 8856
1 6420 78931
1 6421 11050
1 6422 1420
1 6423 68619
1 6424 37704
1 6425 98756
1 6426 40485
1 6427 40722
1 6428 17267
1 6429 46276
1 6430 43673
1 6431 38529
1 6432 3811
1 6433 36421
1 6434 78344
1 6435 8486
1 6436 85651
1 6437 91133
1 6438 60497
1 6439 72452
1 6440 13710
1 6441 78985
1 6442 82709
1 6443 71023
1 6444 51828
1 6445 64226
1 6446 50855
1 6447 38647
1 6448 42205
1 6449 4133
1 6450 46577
1 6451 19987
1 6452 1988
1 6453 86133
1 6454 95704
1 6455 39182
1 6456 2632
1 6457 76050
1 6458 25249
1 6459 69736
1 6460 64498
1 6461 98161
1 6462 77026
1 6463 37619
1 6464 68931
1 6465 32730
1 6466 59286
1 6467 38220
1 6468 9716
1 6469 79725
1 6470 19801
1 6471 62645
1 6472 56323
1 6473 8427
1 6474 39021
1 6475 25793
1 6476 38343
1 6477 61788
1 6478 60236
1 6479 57154
1 6480 64423
1 6481 14455
1 6482 72421
1 6483 77305
1 6484 95769
1 6485 40995
1 6486 24437
1 6487 80689
1 6488 87928
1 6489 7699
1 6490 25279
1 6491 26528
1 6492 17140
1 6493 98616
1 6494 36612
1 6495 360
1 6496 1688
1 6497 69428
1 6498 30892
1 6499 97987
1 6500 33895
1 6501 57103
1 6502 75520
1 6503 25052
1 6504 18138
1 6505 72047
1 6506 48000
1 6507 56353
1 6508 72570
1 6509 87668
1 6510 97747
1 6511 49534
1 6512 87062
1 6513 64282
1 6514 15308
1 6515 23564
1 6516 6519
1 6517 83692
1 6518 46622
1 6519 26324
1 6520 42705
1 6521 11007
1 6522 85455
1 6523 44453
1 6524 37779
1 6525 1543
1 6526 37711
1 6527 74560
1 6528 44599
1 6529 7468
1 6530 65894
1 6531 75077
1 6532 3205
1 6533 62800
1 6534 5651
1 6535 53849
1 6536 47803
1 6537 60614
1 6538 8965
1 6539 62652
1 6540 65880
1 6541 49866
1 6542 51310
1 6543 20676
1 6544 1933
1 6545 30456
1 6546 46758
1 6547 25129
1 6548 24653
1 6549 83768
1 6550 1250
1 6551 597
1 6552 89254
1 6553 23537
1 6554 91553
1 6555 15540
1 6556 86305
1 6557 52446
1 6558 62504
1 6559 81057
1 6560 92277
1 6561 17981
1 6562 54792
1 6563 82629
1 6564 36316
1 6565 46689
1 6566 4592
1 6567 84418
1 6568 99990
1 6569 92960
1 6570 57494
1 6571 46712
1 6572 50030
1 6573 20960
1 6574 83385
1 6575 86696
1 6576 24798
1 6577 21211
1 6578 27591
1 6579 33319
1 6580 79453
1 6581 38385
1 6582 83586
1 6583 76482
1 6584 18781
1 6585 87069
1 6586 49355
1 6587 82660
1 6588 75783
1 6589 94596
1 6590 13700
1 6591 72634
1 6592 73464
1 6593 41183
1 6594 60373
1 6595 48757
1 6596 88956
1 6597 47310
1 6598 12848
1 6599 40563
1 6600 50626
1 6601 43018
1 6602 30018
1 6603 37795
1 6604 32097
1 6605 70489
1 6606 95369
1 6607 58461
1 6608 74383
1 6609 89341
1 6610 46157
1 6611 96413
1 6612 92648
1 6613 31266
1 6614 73419
1 6615 56474
1 6616 39446
1 6617 52246
1 6618 42538
1 6619 65164
1 6620 28563
1 6621 29830
1 6622 35881
1 6623 10068
1 6624 49608
1 6625 94528
1 6626 64609
1 6627 59046
1 6628 71171
1 6629 96658
1 6630 44145
1 6631 68806
1 6632 36200
1 6633 69914
1 6634 30436
1 6635 32489
1 6636 73532
1 6637 87980
1 6638 65320
1 6639 61639
1 6640 65147
1 6641 79166
1 6642 11835
1 6643 25381
1 6644 92731
1 6645 15320
1 6646 56135
1 6647 29798
1 6648 7900
1 6649 97732
1 6650 75957
1 6651 58422
1 6652 8189
1 6653 47103
1 6654 78837
1 6655 84631
1 6656 97492
1 6657 68169
1 6658 61197
1 6659 74052
1 6660 68799
1 6661 12508
1 6662 1132
1 6663 87267
1 6664 83298
1 6665 80623
1 6666 34268
1 6667 74064
1 6668 44022
1 6669 3774
1 6670 83606
1 6671 70250
1 6672 654
1 6673 2872
1 6674 44172
1 6675 98667
1 6676 17556
1 6677 23113
1 6678 10741
1 6679 69597
1 6680 45735
1 6681 54389
1 6682 96696
1 6683 1523
1 6684 6773
1 6685 7933
1 6686 46682
1 6687 12127
1 6688 51635
1 6689 55930
1 6690 1802
1 6691 68723
1 6692 67880
1 6693 74586
1 6694 47320
1 6695 40352
1 6696 67434
1 6697 35497
1 6698 31005
1 6699 54438
1 6700 44710
1 6701 41459
1 6702 74903
1 6703 1026
1 6704 33579
1 6705 41840
1 6706 32830
1 6707 35514
1 6708 18635
1 6709 75489
1 6710 96002
1 6711 79320
1 6712 38930
1 6713 75227
1 6714 33518
1 6715 49160
1 6716 96766
1 6717 26139
1 6718 11025
1 6719 47820
1 6720 21228
1 6721 90767
1 6722 6479
1 6723 28179
1 6724 5388
1 6725 30931
1 6726 12552
1 6727 42461
1 6728 99872
1 6729 22170
1 6730 52037
1 6731 77090
1 6732 12131
1 6733 97398
1 6734 40677
1 6735 53395
1 6736 39910
1 6737 75461
1 6738 89305
1 6739 90873
1 6740 76785
1 6741 94079
1 6742 66194
1 6743 15678
1 6744 21663
1 6745 79278
1 6746 57624
1 6747 45713
1 6748 73734
1 6749 67845
1 6750 3063
1 6751 81499
1 6752 41006
1 6753 87102
1 6754 92033
1 6755 23663
1 6756 10796
1 6757 81443
1 6758 44213
1 6759 60311
1 6760 17623
1 6761 65215
1 6762 83575
1 6763 12991
1 6764 64606
1 6765 93883
1 6766 87796
1 6767 38955
1 6768 42493
1 6769 12922
1 6770 15783
1 6771 74209
1 6772 4441
1 6773 97778
1 6774 55558
1 6775 60479
1 6776 11556
1 6777 10192
1 6778 87278
1 6779 97000
1 6780 73485
1 6781 19929
1 6782 55829
1 6783 22920
1 6784 41538
1 6785 95307
1 6786 87769
1 6787 35159
1 6788 46430
1 6789 29195
1 6790 17676
1 6791 26284
1 6792 31575
1 6793 40605
1 6794 76470
1 6795 66270
1 6796 49821
1 6797 88604
1 6798 24590
1 6799 14534
1 6800 47577
1 6801 56397
1 6802 19927
1 6803 87904
1 6804 1270
1 6805 62800
1 6806 40910
1 6807 23741
1 6808 74245
1 6809 85723
1 6810 58995
1 6811 11289
1 6812 12654
1 6813 410
1 6814 58907
1 6815 50763
1 6816 45773
1 6817 98355
1 6818 53971
1 6819 250
1 6820 56197
1 6821 77145
1 6822 70133
1 6823 23522
1 6824 49289
1 6825 14748
1 6826 94685
1 6827 54450
1 6828 53576
1 6829 71529
1 6830 45552
1 6831 17022
1 6832 44103
1 6833 87597
1 6834 69211
1 6835 5146
1 6836 47380
1 6837 73498
1 6838 97475
1 6839 3781
1 6840 80703
1 6841 92699
1 6842 77095
1 6843 81624
1 6844 63941
1 6845 15501
1 6846 66979
1 6847 7789
1 6848 30208
1 6849 30286
1 6850 6549
1 6851 36088
1 6852 74645
1 6853 34379
1 6854 34908
1 6855 44149
1 6856 93191
1 6857 89933
1 6858 12785
1 6859 17561
1 6860 73039
1 6861 82168
1 6862 84494
1 6863 6956
1 6864 52881
1 6865 58325
1 6866 72107
1 6867 51808
1 6868 83918
1 6869 63492
1 6870 85926
1 6871 46942
1 6872 97744
1 6873 61179
1 6874 16034
1 6875 92984
1 6876 5039
1 6877 4041
1 6878 44323
1 6879 18952
1 6880 61022
1 6881 96972
1 6882 82090
1 6883 12054
1 6884 44398
1 6885 22635
1 6886 60847
1 6887 86032
1 6888 64132
1 6889 16087
1 6890 73400
1 6891 46344
1 6892 48784
1 6893 13754
1 6894 36771
1 6895 87066
1 6896 5881
1 6897 62592
1 6898 66726
1 6899 60366
1 6900 48264
1 6901 50669
1 6902 47161
1 6903 73665
1 6904 29592
1 6905 62430
1 6906 15032
1 6907 52737
1 6908 42260
1 6909 79561
1 6910 24837
1 6911 43541
1 6912 97965
1 6913 4266
1 6914 51228
1 6915 92070
1 6916 19520
1 6917 28696
1 6918 11780
1 6919 86384
1 6920 42140
1 6921 37635
1 6922 19596
1 6923 35342
1 6924 51399
1 6925 27962
1 6926 31910
1 6927 53787
1 6928 19838
1 6929 93771
1 6930 26351
1 6931 81078
1 6932 99605
1 6933 10218
1 6934 83513
1 6935 63925
1 6936 48289
1 6937 92664
1 6938 20007
1 6939 48508
1 6940 9361
1 6941 25914
1 6942 38125
1 6943 36740
1 6944 88063
1 6945 25823
1 6946 57165
1 6947 39572
1 6948 94970
1 6949 63642
1 6950 19500
1 6951 19995
1 6952 83988
1 6953 12590
1 6954 87654
1 6955 32749
1 6956 2602
1 6957 64281
1 6958 31973
1 6959 93314
1 6960 33770
1 6961 46724
1 6962 67346
2649 6006
6698 1720
2354 970
1734 3821
1340 6367
310 1252
4246 3318
169 1182
3356 1984
5843 2716
5377 2115
368 5401
1892 4029
6202 2973
5404 2056
4986 5905
6457 3391
434 3046
6153 3291
3733 3315
2112 546
4506 1014
5621 1228
1323 2988
6955 1137
1428 5491
4861 4778
4889 1683
288 4748
2483 2314
5161 5296
138 2050
2041 2216
864 6252
4324 3331
6182 688
928 6387
2458 2874
6032 552
2850 5168
1193 5145
2733 550
4986 1442
278 15
5281 4213
5213 1625
1212 2457
985 5452
5605 6024
119 2579
5335 3590
2521 5589
3438 778
6138 3171
5674 2504
5569 6493
4487 1651
4450 3863
897 2770
3389 2834
6388 659
2026 1026
3590 165
2044 772
5426 1643
5229 1728
4249 4114
3108 1012
762 989
5222 270
3944 1050
809 1112
5683 3422
2995 3141
6940 5919
499 3251
5294 5023
3181 4667
4566 6883
5506 3401
6688 4989
4265 151
3725 950
844 6533
4116 782
3209 77
4915 5888
1355 5793
5003 2210
6540 362
3870 3957
1718 4658
276 3291
342 3899
3912 3503
5798 3878
6119 4425
5925 5511
1106 3432
3612 3271
1485 6694
4380 5578
1408 4013
1574 1835
3990 3437
4138 3359
762 5735
3390 377
3733 6681
6420 871
4994 997
4177 4519
1792 6144
1824 3910
2265 5795
5956 6926
3805 3362
1300 4222
5224 6085
4168 93
2603 1069
6748 4810
927 1370
6445 4931
677 4121
4087 5478
2786 4895
6012 2886
2137 213
4857 182
1784 1942
3547 6527
1323 3379
2728 345
4699 3703
5018 6446
3316 3280
803 5250
5592 2641
1372 346
3380 2698
5184 4662
863 3941
6663 5881
2737 3101
3229 4000
6306 5419
5846 2080
3100 2952
3241 6136
1650 5829
5337 2956
2472 1817
1211 1624
2185 1459
3184 83
4511 197
6410 648
5904 4050
5681 2176
3400 3211
1170 1536
4513 6943
680 3771
2723 337
757 3281
5118 522
4974 2881
5938 5875
4924 507
3387 4361
3526 2851
301 6291
1887 3129
192 4890
848 6727
2804 6757
3960 6936
4955 5722
3727 6637
4748 6893
1031 2915
2394 6939
4532 4567
3712 6524
1972 4319
5174 3769
433 4451
688 3034
1291 1573
2248 1279
2985 4642
2273 5147
767 3877
3886 4610
2118 4572
4128 6863
6832 6373
3537 3853
2501 6516
6867 5590
5160 4799
6698 1537
6160 3622
6636 6031
4151 6258
6882 3601
1472 1430
3611 3141
2548 5299
854 6730
2685 1362
3132 965
1450 2141
3689 6711
5874 6695
1056 5077
1471 1516
1563 3640
3622 4332
831 1273
3123 4593
194 5223
4753 5919
4375 1193
1326 1437
3009 267
2399 3497
6335 2631
167 5218
5553 3896
5178 6097
2629 3376
6444 6409
4743 4928
5627 5608
5943 2747
2621 4382
1711 4915
1020 6894
3923 2260
929 1612
4855 2347
2824 4008
2969 4051
3469 3587
5463 5795
6887 623
2883 6174
5115 2051
680 2768
5103 6030
3409 3476
982 5795
1605 1166
1382 5955
6436 5249
3956 2243
4654 454
283 6312
1474 3320
4098 5673
643 6391
3436 4621
433 2735
4443 4499
2993 1061
2411 3146
1511 3484
5319 6452
728 738
2635 3769
5203 1982
4721 2844
4536 5131
5834 301
1466 2249
417 1565
298 3469
442 2872
5576 6854
5966 2318
2431 2789
636 1403
2427 4845
6513 3148
1855 3550
4519 2405
5660 4542
728 3137
4687 32
1580 6068
2810 6204
1570 6935
682 5526
1667 6335
1618 1136
1379 4932
432 2806
593 1774
5598 756
6132 1697
932 522
6042 6109
3516 6080
6101 2250
6093 6782
1567 779
6444 5742
4144 1428
2704 6258
1926 3188
911 2894
482 5552
6499 4597
6667 2163
4253 4874
6487 6021
1688 6922
3687 5123
1145 3521
1949 4245
308 755
2671 866
5138 6901
6672 1587
1974 6776
1153 1154
2872 4520
5751 4135
2937 5676
2400 5742
2537 4757
3817 6086
1350 2157
6449 2991
921 264
3957 6130
1236 5194
5344 1634
5801 1577
3617 5228
3427 6256
4948 3641
3320 5830
4692 2745
2949 2093
5275 1327
5286 4404
968 2433
6819 1470
1049 6955
1752 3303
3872 4579
407 233
1953 1182
5767 306
5122 4445
5924 188
1475 3380
699 3366
1987 1392
198 5570
3828 4052
2258 2179
3237 3996
2811 427
4583 100
5810 6846
4607 498
5204 4830
209 1147
2015 6956
2497 796
3637 6677
4275 2383
3421 5021
5048 6382
5205 1128
2657 6160
2899 1607
3385 1919
5821 410
3508 6750
2886 4638
1092 2632
317 491
6806 3423
2077 4914
2601 96
6613 1715
3888 1348
5030 664
6931 2695
4534 2653
3715 6476
4019 5321
2644 4053
5403 6076
4400 1765
1669 2219
1684 3515
5144 4989
1175 1850
5937 3844
4920 408
3839 6297
527 5019
1261 3093
2079 4306
1559 5895
3798 3220
1396 2011
2685 5662
4162 3662
5070 4758
6344 5783
3996 3413
5885 2466
197 1543
3973 6960
1246 2553
4239 2764
4081 2744
5345 6796
6351 4306
2912 4123
4527 5944
2501 5189
4714 4202
6556 6386
4532 5705
3820 6530
4847 1792
320 416
1219 6738
4570 2157
5002 2673
1718 2992
858 945
3056 573
2578 4455
5902 5096
2016 1400
5190 4921
343 4404
2126 3548
795 3398
2553 887
662 6737
5679 860
835 4660
5161 2919
6457 4526
1240 1659
4245 5865
6521 5599
2544 6181
1839 2928
6948 2792
3323 4413
187 529
6090 5158
3710 248
6340 3634
6663 4283
4548 4823
4204 5125
886 449
1658 3186
4944 1981
2060 6127
6899 4579
6387 3881
4075 5114
606 5817
4760 5239
704 1934
1360 6917
355 2195
4017 1146
6367 895
5963 6739
4035 5173
6825 2941
2049 3954
3570 1751
72 4708
4190 3594
4564 2532
4957 5678
4209 783
4957 1101
4073 1806
814 2829
4624 5083
6245 4315
2348 5209
1452 6834
5094 3253
6721 1464
5655 3368
6206 6365
2992 1093
3784 4965
6860 689
3207 5990
4167 5707
6950 27
5271 6263
3108 6624
473 4333
3634 2854
6960 3259
6937 6287
6314 3803
6750 1470
6209 2090
428 4940
1640 5428
1056 2474
1178 100
6316 3609
6192 4082
4932 3616
6270 6609
3941 547
4461 1786
2045 5750
5604 6921
642 2107
6606 2037
4262 209
3059 935
1833 1908
3351 6228
2905 5667
1777 3973
788 925
1382 5475
3327 4158
544 2217
6612 4815
4394 2019
5132 1071
5999 1722
1115 4425
4308 302
2547 4225
1969 172
6044 5836
6837 31
1461 2087
1268 6952
5600 1964
3780 5362
3883 4635
5698 5095
3465 307
5116 6093
5770 3743
4867 1507
5865 5093
3053 1507
1619 1360
703 1388
3870 474
1179 884
4184 3720
4917 113
2800 2929
369 4359
6363 3351
6131 4112
4230 1042
4653 3546
3705 2003
3079 4350
2795 6225
2679 100
804 1580
1935 4651
4741 6766
391 1728
4745 6919
4687 5722
4830 6914
6353 4863
3532 1107
2043 6652
1887 5790
5557 2521
6710 4405
5988 3633
1841 4195
6203 6362
1916 3490
4863 5538
1895 2716
6742 2
5757 3039
6305 4756
5974 905
3046 2146
4189 3072
3204 1984
1484 5461
4430 5376
1351 5622
2322 5260
3112 3852
3326 70
372 754
1111 1128
6180 2061
1270 6693
485 4729
3920 2465
3387 2658
2601 6834
901 1929
5459 5061
627 4373
242 4770
912 4668
2455 4808
905 6526
101 5493
1568 1501
3658 2602
6720 52
2355 4436
365 680
6136 24
6367 5497
4115 4045
1972 4082
3450 6905
1939 2756
4715 6855
2518 86
4255 697
2912 2426
5723 4898
4757 3639
4837 4507
3655 3530
5692 5243
5236 1278
5942 1354
4171 366
3524 6617
6452 2223
6876 5166
1729 1449
2334 2450
5524 185
1061 5688
6797 2505
147 1305
1748 2523
1059 6036
6726 5283
3616 1557
6519 5377
6736 2925
471 1874
3442 1694
1257 1095
176 3802
355 1186
3052 1009
3270 4695
328 5535
1831 6276
4197 186
715 4862
2567 1999
5539 3726
5301 2860
3285 4615
5644 3825
6226 1011
6284 4817
3641 2672
363 5307
5529 6828
986 4006
3560 2464
6077 3717
3063 1598
6459 6133
6815 230
4252 6787
2974 3115
6387 2350
6947 2503
4924 1881
4076 2673
5836 3762
5890 976
4444 2450
3542 4860
1581 6720
3128 386
440 4465
2893 1009
1488 2224
1261 6030
3353 5046
651 2504
3534 2432
1452 47
2343 1030
1754 4002
4003 2658
1161 4419
2932 2857
2731 5047
6305 1150
6243 4000
5615 4591
2822 3181
4987 790
2061 4481
5313 4655
316 4854
3852 1443
112 6828
4971 3104
979 6528
2245 3675
1304 6762
6720 1422
2456 4266
6118 5534
6087 3460
369 3991
2145 3712
460 5757
2078 3167
4815 5708
1403 2466
6345 6389
4233 1381
2989 3509
5758 2741
6904 1788
4428 3317
2054 285
5705 3041
4812 2199
5127 5445
2516 2465
3641 5757
6554 3900
4424 3254
6582 1225
4564 5667
6291 4047
3538 5170
1661 6924
2115 3995
5596 2372
4656 2189
3347 986
6304 6924
1330 5804
2204 5494
6015 4910
1161 3434
2413 1507
1343 3582
2866 3656
3417 912
6817 4681
1674 6473
5603 4624
6517 913
3419 4908
4525 1314
1712 4466
3623 6352
3071 956
3219 6151
2968 1068
2784 6214
198 1793
5985 798
2148 4222
4967 1690
5865 502
6523 6150
4566 455
4270 4857
2454 5687
1229 3890
608 6610
5447 2701
2595 4282
981 4579
2826 709
2303 4383
2999 5379
6327 614
2281 1114
590 6504
1115 5931
4300 179
1843 2490
5319 6876
4271 781
417 1047
5127 4495
1146 3172
1916 609
2811 628
5769 2038
3422 5078
5759 5879
3181 3588
341 4518
811 5992
397 5099
6399 3728
3842 4985
70 3922
5902 857
6646 2422
4476 1194
335 451
4470 3644
2579 1064
3907 1173
2750 84
2828 2318
2720 49
4546 2366
2454 4428
948 2316
1047 6491
6123 1886
1027 6121
5803 4568
3807 6163
665 4337
2609 5304
4018 3645
4819 6710
5992 5997
5464 2214
6959 6611
3244 1820
5288 5473
2503 5583
754 6836
4889 2031
6688 6729
6821 4858
3555 2874
3473 2404
811 5901
1822 2472
250 2318
4485 978
4893 1155
5608 5612
6648 1940
1049 1747
5445 1997
2910 6623
778 3920
2439 6658
4757 5587
949 5602
6686 4479
2999 3137
6719 6655
1974 1115
2556 3324
309 2172
939 5175
112 2472
1154 2635
5475 1400
4523 5741
2588 332
1257 1185
6712 3592
240 268
4625 1290
2222 363
96 6297
4493 5307
5156 5834
5733 5726
1783 6571
4331 3935
1068 6702
3363 5839
3348 5568
2793 423
4995 5417
3019 3351
4238 2947
108 3207
4789 5593
5430 2050
2119 6912
1574 2491
2919 2107
4345 6409
1823 1947
915 161
2287 2372
811 359
4713 387
2546 1790
66 1580
6162 1079
3257 1213
4635 2178
1008 6573
6550 2269
5293 3060
5192 828
4793 1383
2042 992
5622 6878
2429 2933
3669 1397
2792 1909
2056 3008
6393 1058
2392 1697
2529 5901
641 6730
1642 5170
6380 5246
3670 5827
1152 5992
2447 3335
2905 5312
5518 6726
2022 1622
4977 4264
3439 4730
3563 6854
270 2465
6469 4277
2490 2952
1082 1173
1420 572
2441 4345
344 266
2865 1875
6656 2724
6013 2570
4054 2674
1361 3468
772 5769
537 683
3154 3208
1101 6438
5247 1837
3638 5792
2860 424
5335 1458
4874 2730
825 1565
2459 3527
4515 4436
3350 5211
2647 6018
4975 5077
5853 856
6504 4133
339 984
5374 5690
4026 2744
6379 2512
2020 3076
1707 6042
4550 3691
2977 1593
3715 5172
686 752
3845 1950
4542 14
3017 6210
561 5221
1640 1919
3169 6819
5081 2795
2828 2217
2076 5384
4064 6193
447 5124
4852 5036
6 5316
