2620 2619 1000
1 2 44168
1 3 32610
1 4 59776
1 5 43408
1 6 49739
1 7 20910
1 8 65391
1 9 72108
1 10 30030
1 11 76550
1 12 36597
1 13 94977
1 14 51643
1 15 97026
1 16 64199
1 17 22110
1 18 80445
1 19 89001
1 20 73693
1 21 38260
1 22 5461
1 23 53782
1 24 43747
1 25 63987
1 26 33597
1 27 30231
1 28 15279
1 29 20463
1 30 78710
1 31 7682
1 32 53990
1 33 32973
1 34 8944
1 35 32743
1 36 40611
1 37 48935
1 38 11700
1 39 80202
1 40 18431
1 41 35311
1 42 27685
1 43 24438
1 44 58655
1 45 68067
1 46 93614
1 47 13769
1 48 86601
1 49 49403
1 50 28761
1 51 87483
1 52 35336
1 53 80095
1 54 26564
1 55 56365
1 56 7758
1 57 18990
1 58 37147
1 59 2928
1 60 2120
1 61 16424
1 62 292
1 63 38994
1 64 65507
1 65 20092
1 66 30466
1 67 85150
1 68 18232
1 69 4285
1 70 43877
1 71 15246
1 72 15909
1 73 48966
1 74 81253
1 75 43802
1 76 56121
1 77 43323
1 78 60126
1 79 1719
1 80 33490
1 81 90628
1 82 69267
1 83 17082
1 84 64950
1 85 66142
1 86 13827
1 87 85315
1 88 29510
1 89 46487
1 90 88180
1 91 88405
1 92 76608
1 93 39206
1 94 55782
1 95 93606
1 96 72552
1 97 97337
1 98 17075
1 99 9852
1 100 12847
1 101 61859
1 102 13702
1 103 30843
1 104 88475
1 105 42362
1 106 2280
1 107 87060
1 108 57653
1 109 26150
1 110 19599
1 111 84480
1 112 33015
1 113 97426
1 114 70386
1 115 8185
1 116 8961
1 117 97615
1 118 30454
1 119 51154
1 120 23241
1 121 25316
1 122 23415
1 123 59727
1 124 41106
1 125 66524
1 126 48004
1 127 34264
1 128 15473
1 129 37087
1 130 549
1 131 38337
1 132 6044
1 133 96154
1 134 84661
1 135 45670
1 136 51595
1 137 18644
1 138 56552
1 139 94750
1 140 59215
1 141 25076
1 142 94367
1 143 57015
1 144 67821
1 145 86482
1 146 22756
1 147 97468
1 148 43802
1 149 60779
1 150 66184
1 151 31506
1 152 72497
1 153 20879
1 154 30302
1 155 34861
1 156 18649
1 157 84000
1 158 26315
1 159 57587
1 160 24565
1 161 47890
1 162 97952
1 163 56475
1 164 83385
1 165 42312
1 166 42657
1 167 15357
1 168 92062
1 169 58308
1 170 36993
1 171 76855
1 172 74755
1 173 96610
1 174 97327
1 175 60580
1 176 88221
1 177 91582
1 178 25647
1 179 76046
1 180 95800
1 181 11680
1 182 77506
1 183 48881
1 184 56957
1 185 37345
1 186 28724
1 187 36488
1 188 68535
1 189 659
1 190 52732
1 191 26008
1 192 58414
1 193 86530
1 194 47229
1 195 3032
1 196 72082
1 197 6574
1 198 82303
1 199 24520
1 200 47743
1 201 90677
1 202 36524
1 203 72176
1 204 78997
1 205 12300
1 206 58175
1 207 31311
1 208 76864
1 209 21931
1 210 67909
1 211 30192
1 212 45290
1 213 3197
1 214 37736
1 215 14672
1 216 1094
1 217 73072
1 218 43672
1 219 98810
1 220 63992
1 221 38696
1 222 17291
1 223 57336
1 224 41951
1 225 4175
1 226 2926
1 227 68148
1 228 78360
1 229 21251
1 230 82966
1 231 55867
1 232 47632
1 233 77588
1 234 67068
1 235 50329
1 236 48039
1 237 63770
1 238 17023
1 239 6116
1 240 75832
1 241 69245
1 242 13714
1 243 98336
1 244 92014
1 245 79510
1 246 48398
1 247 4923
1 248 59618
1 249 12464
1 250 31864
1 251 65841
1 252 77455
1 253 26111
1 254 4597
1 255 93428
1 256 19483
1 257 35726
1 258 14889
1 259 42023
1 260 76600
1 261 43699
1 262 25319
1 263 62689
1 264 60291
1 265 89313
1 266 94430
1 267 41255
1 268 4783
1 269 826
1 270 95594
1 271 96120
1 272 19658
1 273 83459
1 274 17372
1 275 37882
1 276 97527
1 277 61896
1 278 48046
1 279 79101
1 280 97148
1 281 22448
1 282 58507
1 283 97531
1 284 94180
1 285 34432
1 286 81176
1 287 34545
1 288 41663
1 289 74228
1 290 35854
1 291 35757
1 292 262
1 293 96252
1 294 47834
1 295 27714
1 296 45714
1 297 64384
1 298 17063
1 299 91353
1 300 4903
1 301 47355
1 302 89610
1 303 22939
1 304 73797
1 305 25229
1 306 89230
1 307 21200
1 308 14676
1 309 71711
1 310 16731
1 311 83030
1 312 75911
1 313 54661
1 314 21402
1 315 28309
1 316 88288
1 317 65397
1 318 7841
1 319 21214
1 320 85252
1 321 22060
1 322 73651
1 323 80943
1 324 21883
1 325 831
1 326 24605
1 327 19218
1 328 81573
1 329 52352
1 330 99353
1 331 39992
1 332 2197
1 333 24603
1 334 14608
1 335 3799
1 336 4530
1 337 7913
1 338 78808
1 339 90182
1 340 68296
1 341 76278
1 342 50162
1 343 54459
1 344 44194
1 345 7645
1 346 25946
1 347 99908
1 348 22384
1 349 13951
1 350 83753
1 351 60077
1 352 5357
1 353 14492
1 354 16436
1 355 5685
1 356 71418
1 357 25191
1 358 2912
1 359 65107
1 360 52957
1 361 81402
1 362 64168
1 363 60297
1 364 52963
1 365 45903
1 366 68076
1 367 56195
1 368 1042
1 369 92248
1 370 62509
1 371 97564
1 372 12318
1 373 78527
1 374 68478
1 375 18609
1 376 15344
1 377 67249
1 378 88179
1 379 49476
1 380 4838
1 381 10143
1 382 18684
1 383 70776
1 384 41567
1 385 87285
1 386 78015
1 387 65937
1 388 2781
1 389 52208
1 390 59730
1 391 97184
1 392 95092
1 393 34881
1 394 67369
1 395 54805
1 396 68460
1 397 76900
1 398 2742
1 399 96853
1 400 40873
1 401 38933
1 402 45425
1 403 88037
1 404 36273
1 405 29783
1 406 32781
1 407 41241
1 408 12637
1 409 38201
1 410 18487
1 411 42846
1 412 35447
1 413 15044
1 414 95920
1 415 93087
1 416 42440
1 417 70446
1 418 91228
1 419 81249
1 420 93356
1 421 47599
1 422 72369
1 423 38905
1 424 46633
1 425 69082
1 426 88484
1 427 70373
1 428 63433
1 429 35369
1 430 43996
1 431 25807
1 432 51909
1 433 78509
1 434 33753
1 435 91759
1 436 31433
1 437 59576
1 438 96998
1 439 39745
1 440 80318
1 441 1946
1 442 36731
1 443 37263
1 444 40109
1 445 92396
1 446 74927
1 447 45885
1 448 44248
1 449 11882
1 450 44430
1 451 19760
1 452 23481
1 453 74653
1 454 91344
1 455 84411
1 456 78064
1 457 77013
1 458 60540
1 459 18268
1 460 38334
1 461 22725
1 462 98974
1 463 56981
1 464 30782
1 465 90701
1 466 52235
1 467 58138
1 468 66995
1 469 94207
1 470 29746
1 471 68514
1 472 24523
1 473 52698
1 474 58748
1 475 80352
1 476 12727
1 477 99460
1 478 46808
1 479 95587
1 480 18458
1 481 96383
1 482 49560
1 483 32056
1 484 84200
1 485 21869
1 486 9747
1 487 76553
1 488 81513
1 489 41029
1 490 33927
1 491 15060
1 492 68840
1 493 33263
1 494 82871
1 495 34906
1 496 24394
1 497 79319
1 498 75039
1 499 79395
1 500 2033
1 501 66303
1 502 25714
1 503 29109
1 504 60735
1 505 21868
1 506 99058
1 507 74885
1 508 35010
1 509 3287
1 510 27048
1 511 92881
1 512 91812
1 513 3832
1 514 75926
1 515 52416
1 516 43502
1 517 18112
1 518 37073
1 519 8235
1 520 24757
1 521 93569
1 522 80034
1 523 50486
1 524 28230
1 525 69686
1 526 54469
1 527 13934
1 528 70719
1 529 1747
1 530 37697
1 531 36862
1 532 10290
1 533 18536
1 534 5087
1 535 35801
1 536 76402
1 537 19766
1 538 46564
1 539 12501
1 540 37548
1 541 78951
1 542 34103
1 543 83201
1 544 16848
1 545 39099
1 546 92934
1 547 64243
1 548 1380
1 549 3679
1 550 57619
1 551 69863
1 552 65139
1 553 77478
1 554 63834
1 555 87258
1 556 59192
1 557 12877
1 558 65044
1 559 43010
1 560 93354
1 561 90729
1 562 98822
1 563 96926
1 564 91909
1 565 79948
1 566 16195
1 567 56574
1 568 91354
1 569 68682
1 570 12670
1 571 64965
1 572 82879
1 573 13024
1 574 13069
1 575 73650
1 576 15714
1 577 54204
1 578 46749
1 579 60320
1 580 66111
1 581 9628
1 582 81962
1 583 27340
1 584 24073
1 585 1167
1 586 33882
1 587 41490
1 588 88454
1 589 7301
1 590 53791
1 591 88516
1 592 33630
1 593 97729
1 594 19085
1 595 93427
1 596 28244
1 597 27582
1 598 65300
1 599 57059
1 600 40070
1 601 50347
1 602 2977
1 603 44566
1 604 36314
1 605 62678
1 606 34363
1 607 24967
1 608 2649
1 609 17279
1 610 4967
1 611 47562
1 612 73654
1 613 57155
1 614 69086
1 615 26655
1 616 1288
1 617 46783
1 618 69658
1 619 10912
1 620 87194
1 621 26398
1 622 42355
1 623 28485
1 624 83320
1 625 84749
1 626 74137
1 627 60342
1 628 35369
1 629 93273
1 630 22481
1 631 531
1 632 36213
1 633 80544
1 634 11765
1 635 41363
1 636 89051
1 637 66905
1 638 50556
1 639 95010
1 640 76127
1 641 55165
1 642 53896
1 643 69703
1 644 36264
1 645 93662
1 646 27664
1 647 40038
1 648 48852
1 649 36673
1 650 40281
1 651 5163
1 652 46614
1 653 22112
1 654 28985
1 655 6178
1 656 24494
1 657 47339
1 658 6739
1 659 10709
1 660 50212
1 661 5188
1 662 11816
1 663 36501
1 664 17870
1 665 93977
1 666 47839
1 667 9754
1 668 67854
1 669 39443
1 670 79173
1 671 81629
1 672 60527
1 673 17492
1 674 95254
1 675 3747
1 676 82005
1 677 14870
1 678 17069
1 679 29624
1 680 93815
1 681 95574
1 682 56856
1 683 90672
1 684 79980
1 685 39490
1 686 94792
1 687 59901
1 688 19746
1 689 77916
1 690 35703
1 691 77665
1 692 5390
1 693 92870
1 694 53948
1 695 67498
1 696 60393
1 697 15929
1 698 8971
1 699 57281
1 700 86494
1 701 58210
1 702 63693
1 703 69058
1 704 19901
1 705 18432
1 706 41508
1 707 97947
1 708 55166
1 709 30308
1 710 9036
1 711 12534
1 712 37032
1 713 38921
1 714 30791
1 715 89887
1 716 4565
1 717 89911
1 718 2685
1 719 67029
1 720 82444
1 721 43749
1 722 29757
1 723 45766
1 724 54115
1 725 71459
1 726 43540
1 727 40114
1 728 19049
1 729 98914
1 730 8396
1 731 45705
1 732 29491
1 733 6572
1 734 240
1 735 76260
1 736 63727
1 737 5246
1 738 76423
1 739 58132
1 740 45747
1 741 63811
1 742 39601
1 743 75751
1 744 90566
1 745 2713
1 746 82683
1 747 33389
1 748 65127
1 749 52860
1 750 7930
1 751 67870
1 752 23816
1 753 26936
1 754 9080
1 755 64583
1 756 66274
1 757 33395
1 758 93931
1 759 43707
1 760 876
1 761 28316
1 762 14479
1 763 23889
1 764 69485
1 765 69183
1 766 65590
1 767 44579
1 768 76190
1 769 90378
1 770 49490
1 771 68726
1 772 66492
1 773 95433
1 774 34276
1 775 42981
1 776 38107
1 777 94995
1 778 51828
1 779 5629
1 780 48615
1 781 75455
1 782 9658
1 783 20584
1 784 543
1 785 41290
1 786 4521
1 787 62883
1 788 49387
1 789 28317
1 790 33051
1 791 4631
1 792 87616
1 793 56489
1 794 35125
1 795 87195
1 796 47623
1 797 86535
1 798 66806
1 799 97270
1 800 15481
1 801 65120
1 802 39036
1 803 4420
1 804 53677
1 805 31002
1 806 63552
1 807 52819
1 808 95366
1 809 89774
1 810 38262
1 811 35168
1 812 33161
1 813 98009
1 814 77667
1 815 32658
1 816 68491
1 817 51024
1 818 46624
1 819 4606
1 820 69735
1 821 68806
1 822 75680
1 823 58189
1 824 52080
1 825 22993
1 826 2462
1 827 89527
1 828 88894
1 829 98850
1 830 32243
1 831 84591
1 832 64163
1 833 61777
1 834 99109
1 835 75357
1 836 63738
1 837 24262
1 838 96719
1 839 79265
1 840 49161
1 841 76925
1 842 97186
1 843 88533
1 844 78993
1 845 49647
1 846 51371
1 847 53405
1 848 26415
1 849 23126
1 850 48899
1 851 33382
1 852 54904
1 853 22488
1 854 3597
1 855 32705
1 856 80247
1 857 18213
1 858 62459
1 859 65136
1 860 60237
1 861 72814
1 862 97651
1 863 63159
1 864 59481
1 865 17808
1 866 82755
1 867 47263
1 868 82454
1 869 67928
1 870 48364
1 871 96723
1 872 54018
1 873 90254
1 874 70219
1 875 47179
1 876 37457
1 877 54269
1 878 58973
1 879 29446
1 880 82956
1 881 78436
1 882 16015
1 883 40194
1 884 8103
1 885 28579
1 886 14984
1 887 67853
1 888 88890
1 889 8500
1 890 40649
1 891 53427
1 892 41808
1 893 19637
1 894 29878
1 895 24064
1 896 30209
1 897 28537
1 898 64517
1 899 51538
1 900 70302
1 901 25961
1 902 97295
1 903 74885
1 904 90020
1 905 38155
1 906 62539
1 907 65022
1 908 74034
1 909 13264
1 910 99789
1 911 6675
1 912 53550
1 913 1077
1 914 31814
1 915 68694
1 916 89303
1 917 24855
1 918 79735
1 919 34568
1 920 18742
1 921 18510
1 922 71309
1 923 485
1 924 77308
1 925 92523
1 926 58953
1 927 28963
1 928 7633
1 929 5304
1 930 16628
1 931 52695
1 932 48896
1 933 24806
1 934 51382
1 935 76414
1 936 43980
1 937 99189
1 938 37662
1 939 22920
1 940 87575
1 941 67476
1 942 96072
1 943 53854
1 944 83018
1 945 40748
1 946 48460
1 947 96633
1 948 80830
1 949 48116
1 950 31790
1 951 24056
1 952 49240
1 953 20027
1 954 2911
1 955 52212
1 956 69163
1 957 75604
1 958 95459
1 959 18095
1 960 48944
1 961 42111
1 962 58924
1 963 8761
1 964 13455
1 965 8812
1 966 45457
1 967 73348
1 968 88598
1 969 69850
1 970 5150
1 971 10087
1 972 51622
1 973 25358
1 974 82888
1 975 94463
1 976 83815
1 977 47205
1 978 83249
1 979 72421
1 980 36293
1 981 5851
1 982 50105
1 983 73505
1 984 14965
1 985 48911
1 986 44492
1 987 91629
1 988 26805
1 989 18774
1 990 54529
1 991 4419
1 992 84549
1 993 82000
1 994 77908
1 995 62448
1 996 24157
1 997 81947
1 998 23822
1 999 43548
1 1000 10409
1 1001 62136
1 1002 19775
1 1003 89976
1 1004 66180
1 1005 97027
1 1006 65341
1 1007 62780
1 1008 24346
1 1009 85307
1 1010 31711
1 1011 40830
1 1012 43679
1 1013 42663
1 1014 87048
1 1015 63180
1 1016 70674
1 1017 54080
1 1018 88346
1 1019 4167
1 1020 19579
1 1021 12493
1 1022 24228
1 1023 73945
1 1024 64175
1 1025 16861
1 1026 33731
1 1027 34723
1 1028 4068
1 1029 27046
1 1030 46041
1 1031 56757
1 1032 19109
1 1033 76642
1 1034 67440
1 1035 33365
1 1036 94718
1 1037 82473
1 1038 16899
1 1039 7872
1 1040 10775
1 1041 3766
1 1042 34160
1 1043 35848
1 1044 16913
1 1045 29351
1 1046 30866
1 1047 2199
1 1048 66201
1 1049 15718
1 1050 63629
1 1051 40730
1 1052 74502
1 1053 61291
1 1054 67298
1 1055 66230
1 1056 89755
1 1057 89699
1 1058 24034
1 1059 55406
1 1060 5915
1 1061 45360
1 1062 85344
1 1063 42266
1 1064 72832
1 1065 42450
1 1066 18950
1 1067 65642
1 1068 79208
1 1069 37108
1 1070 14642
1 1071 78616
1 1072 59327
1 1073 26238
1 1074 18788
1 1075 64908
1 1076 10389
1 1077 45048
1 1078 93169
1 1079 49062
1 1080 71612
1 1081 7571
1 1082 95684
1 1083 98089
1 1084 42718
1 1085 3685
1 1086 60088
1 1087 46783
1 1088 23195
1 1089 33319
1 1090 8635
1 1091 27722
1 1092 27819
1 1093 82602
1 1094 24786
1 1095 17377
1 1096 83540
1 1097 91191
1 1098 9051
1 1099 4726
1 1100 88719
1 1101 5188
1 1102 14933
1 1103 76616
1 1104 69879
1 1105 72284
1 1106 38509
1 1107 77936
1 1108 92706
1 1109 70909
1 1110 730
1 1111 82841
1 1112 91873
1 1113 48616
1 1114 90524
1 1115 8188
1 1116 95041
1 1117 5066
1 1118 49321
1 1119 54439
1 1120 70774
1 1121 77796
1 1122 91179
1 1123 65254
1 1124 87132
1 1125 71219
1 1126 82431
1 1127 48625
1 1128 48510
1 1129 98106
1 1130 37367
1 1131 6127
1 1132 48518
1 1133 51036
1 1134 70153
1 1135 30205
1 1136 32376
1 1137 74860
1 1138 79190
1 1139 9309
1 1140 37047
1 1141 90597
1 1142 56023
1 1143 34306
1 1144 34472
1 1145 48674
1 1146 30438
1 1147 45318
1 1148 12734
1 1149 95645
1 1150 82947
1 1151 12195
1 1152 98077
1 1153 8166
1 1154 67937
1 1155 2757
1 1156 42646
1 1157 78634
1 1158 34413
1 1159 421
1 1160 73168
1 1161 3211
1 1162 317
1 1163 50466
1 1164 2236
1 1165 69183
1 1166 23510
1 1167 93930
1 1168 45377
1 1169 95451
1 1170 32183
1 1171 63317
1 1172 45443
1 1173 9123
1 1174 29200
1 1175 57798
1 1176 94088
1 1177 23007
1 1178 16217
1 1179 95055
1 1180 69568
1 1181 37356
1 1182 5879
1 1183 41707
1 1184 97441
1 1185 63862
1 1186 45366
1 1187 65535
1 1188 3005
1 1189 13179
1 1190 88807
1 1191 559
1 1192 91890
1 1193 79550
1 1194 26420
1 1195 78968
1 1196 72674
1 1197 82716
1 1198 69346
1 1199 94031
1 1200 63551
1 1201 8683
1 1202 55061
1 1203 97322
1 1204 40870
1 1205 24754
1 1206 50695
1 1207 11040
1 1208 93115
1 1209 931
1 1210 29712
1 1211 43642
1 1212 31572
1 1213 36960
1 1214 854
1 1215 27340
1 1216 15353
1 1217 89938
1 1218 5340
1 1219 84743
1 1220 5176
1 1221 35956
1 1222 66111
1 1223 65432
1 1224 12814
1 1225 92265
1 1226 82667
1 1227 58525
1 1228 25116
1 1229 32219
1 1230 35669
1 1231 39516
1 1232 39326
1 1233 2393
1 1234 60289
1 1235 65029
1 1236 84711
1 1237 37985
1 1238 14367
1 1239 25784
1 1240 79227
1 1241 93163
1 1242 99751
1 1243 68640
1 1244 23709
1 1245 44679
1 1246 6871
1 1247 43865
1 1248 50518
1 1249 65918
1 1250 54532
1 1251 7356
1 1252 3564
1 1253 99725
1 1254 38060
1 1255 71702
1 1256 48372
1 1257 26336
1 1258 665
1 1259 79600
1 1260 94970
1 1261 59391
1 1262 28231
1 1263 2274
1 1264 94665
1 1265 15591
1 1266 57929
1 1267 70999
1 1268 4137
1 1269 40207
1 1270 22454
1 1271 11713
1 1272 79903
1 1273 18869
1 1274 26053
1 1275 17850
1 1276 43499
1 1277 5393
1 1278 94012
1 1279 41792
1 1280 23304
1 1281 316
1 1282 34763
1 1283 50007
1 1284 6020
1 1285 72049
1 1286 32994
1 1287 51863
1 1288 6601
1 1289 85091
1 1290 94578
1 1291 85938
1 1292 3639
1 1293 25056
1 1294 43488
1 1295 63469
1 1296 16208
1 1297 72880
1 1298 74124
1 1299 58245
1 1300 25621
1 1301 11648
1 1302 97563
1 1303 93483
1 1304 19252
1 1305 63280
1 1306 74307
1 1307 51380
1 1308 95792
1 1309 74829
1 1310 30336
1 1311 4791
1 1312 19583
1 1313 90257
1 1314 29012
1 1315 12263
1 1316 96224
1 1317 41771
1 1318 11767
1 1319 5889
1 1320 91178
1 1321 26682
1 1322 94418
1 1323 47865
1 1324 71358
1 1325 28112
1 1326 12450
1 1327 35158
1 1328 92872
1 1329 33414
1 1330 35490
1 1331 74768
1 1332 5103
1 1333 6146
1 1334 73520
1 1335 61128
1 1336 26653
1 1337 27540
1 1338 23140
1 1339 72253
1 1340 23326
1 1341 60510
1 1342 96160
1 1343 97109
1 1344 22454
1 1345 94953
1 1346 70714
1 1347 43373
1 1348 77953
1 1349 48764
1 1350 20064
1 1351 5003
1 1352 56844
1 1353 98989
1 1354 38612
1 1355 73731
1 1356 24550
1 1357 67510
1 1358 77375
1 1359 57169
1 1360 17255
1 1361 82202
1 1362 24853
1 1363 67247
1 1364 52878
1 1365 22619
1 1366 83946
1 1367 30671
1 1368 85052
1 1369 73730
1 1370 26347
1 1371 85877
1 1372 26790
1 1373 92422
1 1374 19125
1 1375 49030
1 1376 18351
1 1377 5689
1 1378 84490
1 1379 41530
1 1380 34965
1 1381 3321
1 1382 62662
1 1383 79088
1 1384 15563
1 1385 93277
1 1386 34954
1 1387 34751
1 1388 13779
1 1389 74838
1 1390 66586
1 1391 84499
1 1392 51395
1 1393 47286
1 1394 37920
1 1395 90488
1 1396 47298
1 1397 81560
1 1398 25326
1 1399 2268
1 1400 57681
1 1401 22480
1 1402 92157
1 1403 35989
1 1404 66719
1 1405 54009
1 1406 48767
1 1407 95825
1 1408 10541
1 1409 78746
1 1410 12023
1 1411 48843
1 1412 51469
1 1413 9773
1 1414 57325
1 1415 49453
1 1416 81217
1 1417 3488
1 1418 74189
1 1419 95493
1 1420 81419
1 1421 77821
1 1422 89001
1 1423 40131
1 1424 87717
1 1425 13473
1 1426 9450
1 1427 75837
1 1428 7607
1 1429 84143
1 1430 42204
1 1431 83950
1 1432 83226
1 1433 20628
1 1434 29618
1 1435 96609
1 1436 2225
1 1437 39504
1 1438 17995
1 1439 71306
1 1440 59978
1 1441 41279
1 1442 15432
1 1443 86379
1 1444 5881
1 1445 84331
1 1446 81223
1 1447 39538
1 1448 9041
1 1449 47626
1 1450 95462
1 1451 57031
1 1452 85399
1 1453 19008
1 1454 63595
1 1455 44446
1 1456 81429
1 1457 20983
1 1458 15537
1 1459 4317
1 1460 33891
1 1461 14425
1 1462 89087
1 1463 34591
1 1464 91806
1 1465 29860
1 1466 57380
1 1467 95305
1 1468 28699
1 1469 56408
1 1470 10556
1 1471 4679
1 1472 81116
1 1473 71623
1 1474 23110
1 1475 94478
1 1476 79257
1 1477 38596
1 1478 54267
1 1479 45658
1 1480 4098
1 1481 52253
1 1482 86466
1 1483 93639
1 1484 36820
1 1485 15431
1 1486 65955
1 1487 80403
1 1488 40699
1 1489 29010
1 1490 57905
1 1491 9446
1 1492 90395
1 1493 26548
1 1494 8189
1 1495 35164
1 1496 48943
1 1497 16526
1 1498 28867
1 1499 55936
1 1500 52566
1 1501 71943
1 1502 89761
1 1503 95270
1 1504 96509
1 1505 6961
1 1506 2586
1 1507 54241
1 1508 16091
1 1509 41326
1 1510 70299
1 1511 36530
1 1512 48826
1 1513 3170
1 1514 34571
1 1515 43238
1 1516 91202
1 1517 1590
1 1518 63491
1 1519 7763
1 1520 71935
1 1521 99169
1 1522 36091
1 1523 86479
1 1524 65680
1 1525 80788
1 1526 85472
1 1527 13595
1 1528 64040
1 1529 57096
1 1530 96789
1 1531 51864
1 1532 10545
1 1533 38893
1 1534 13976
1 1535 48412
1 1536 68419
1 1537 55312
1 1538 18336
1 1539 79025
1 1540 15492
1 1541 44157
1 1542 95990
1 1543 24487
1 1544 43927
1 1545 1385
1 1546 26989
1 1547 95882
1 1548 12642
1 1549 24015
1 1550 63017
1 1551 33212
1 1552 15803
1 1553 8802
1 1554 72175
1 1555 32684
1 1556 51337
1 1557 29561
1 1558 20058
1 1559 82905
1 1560 59343
1 1561 98382
1 1562 31927
1 1563 70908
1 1564 59279
1 1565 58848
1 1566 30003
1 1567 52131
1 1568 25015
1 1569 86249
1 1570 8281
1 1571 55771
1 1572 67301
1 1573 17631
1 1574 57143
1 1575 37477
1 1576 47976
1 1577 3651
1 1578 54140
1 1579 57880
1 1580 64765
1 1581 24680
1 1582 98718
1 1583 3950
1 1584 83834
1 1585 32211
1 1586 34599
1 1587 69003
1 1588 77039
1 1589 42277
1 1590 94570
1 1591 30235
1 1592 3275
1 1593 28754
1 1594 81214
1 1595 76300
1 1596 47861
1 1597 65032
1 1598 90717
1 1599 66817
1 1600 24152
1 1601 4732
1 1602 30911
1 1603 37048
1 1604 81162
1 1605 27062
1 1606 39764
1 1607 9205
1 1608 88649
1 1609 18180
1 1610 32365
1 1611 62706
1 1612 94647
1 1613 63617
1 1614 73373
1 1615 66235
1 1616 74115
1 1617 88446
1 1618 19017
1 1619 90904
1 1620 86938
1 1621 58955
1 1622 13581
1 1623 11162
1 1624 80748
1 1625 18745
1 1626 15203
1 1627 18055
1 1628 51509
1 1629 36228
1 1630 83506
1 1631 63101
1 1632 59760
1 1633 64947
1 1634 7900
1 1635 26504
1 1636 22586
1 1637 27657
1 1638 94257
1 1639 76825
1 1640 3067
1 1641 54451
1 1642 90731
1 1643 32078
1 1644 11977
1 1645 86111
1 1646 91346
1 1647 27607
1 1648 88673
1 1649 58928
1 1650 10006
1 1651 68416
1 1652 30342
1 1653 73355
1 1654 88185
1 1655 27728
1 1656 1982
1 1657 79987
1 1658 3906
1 1659 28044
1 1660 52617
1 1661 91750
1 1662 90411
1 1663 55483
1 1664 25172
1 1665 20657
1 1666 89555
1 1667 53100
1 1668 54053
1 1669 87718
1 1670 50028
1 1671 22017
1 1672 9385
1 1673 7244
1 1674 15796
1 1675 25652
1 1676 74219
1 1677 62042
1 1678 61081
1 1679 47181
1 1680 38637
1 1681 79545
1 1682 95821
1 1683 50206
1 1684 24745
1 1685 22193
1 1686 78626
1 1687 4518
1 1688 64072
1 1689 99176
1 1690 41151
1 1691 69941
1 1692 18148
1 1693 9013
1 1694 3169
1 1695 9250
1 1696 78829
1 1697 51973
1 1698 63933
1 1699 55592
1 1700 49439
1 1701 57002
1 1702 65389
1 1703 66639
1 1704 6282
1 1705 97897
1 1706 82738
1 1707 47035
1 1708 15190
1 1709 37118
1 1710 32673
1 1711 34131
1 1712 13728
1 1713 99282
1 1714 79828
1 1715 71310
1 1716 41170
1 1717 41285
1 1718 42176
1 1719 46965
1 1720 33200
1 1721 88579
1 1722 34359
1 1723 29880
1 1724 68291
1 1725 93237
1 1726 23108
1 1727 30816
1 1728 60059
1 1729 722
1 1730 66807
1 1731 47815
1 1732 11701
1 1733 68956
1 1734 42917
1 1735 70088
1 1736 46842
1 1737 88381
1 1738 48466
1 1739 38729
1 1740 66742
1 1741 19255
1 1742 9531
1 1743 51692
1 1744 93885
1 1745 29405
1 1746 15861
1 1747 55314
1 1748 17767
1 1749 2367
1 1750 58419
1 1751 59805
1 1752 83611
1 1753 39262
1 1754 16365
1 1755 48957
1 1756 20512
1 1757 89118
1 1758 82598
1 1759 2276
1 1760 88776
1 1761 94851
1 1762 78296
1 1763 86287
1 1764 35776
1 1765 68330
1 1766 3023
1 1767 62295
1 1768 42553
1 1769 2815
1 1770 4561
1 1771 68018
1 1772 14176
1 1773 33144
1 1774 40661
1 1775 79579
1 1776 48803
1 1777 42867
1 1778 89219
1 1779 73242
1 1780 3706
1 1781 46507
1 1782 22606
1 1783 65099
1 1784 65474
1 1785 10580
1 1786 48744
1 1787 98260
1 1788 94860
1 1789 72496
1 1790 96022
1 1791 21151
1 1792 54998
1 1793 84505
1 1794 34016
1 1795 63345
1 1796 37599
1 1797 22056
1 1798 36943
1 1799 90563
1 1800 42387
1 1801 86898
1 1802 93653
1 1803 30137
1 1804 22132
1 1805 79200
1 1806 81869
1 1807 47404
1 1808 67958
1 1809 49770
1 1810 99613
1 1811 71205
1 1812 75108
1 1813 41168
1 1814 71684
1 1815 80397
1 1816 45864
1 1817 37389
1 1818 94593
1 1819 63721
1 1820 39415
1 1821 58566
1 1822 70230
1 1823 84122
1 1824 70637
1 1825 85545
1 1826 17807
1 1827 6804
1 1828 7562
1 1829 29064
1 1830 2272
1 1831 25269
1 1832 25996
1 1833 91695
1 1834 77137
1 1835 72529
1 1836 9790
1 1837 46841
1 1838 1244
1 1839 62816
1 1840 45994
1 1841 74446
1 1842 63620
1 1843 73045
1 1844 79354
1 1845 96167
1 1846 27785
1 1847 58541
1 1848 59129
1 1849 52254
1 1850 76411
1 1851 21880
1 1852 2616
1 1853 14809
1 1854 39390
1 1855 74341
1 1856 53802
1 1857 98684
1 1858 91115
1 1859 15463
1 1860 2128
1 1861 90201
1 1862 16197
1 1863 36523
1 1864 33173
1 1865 17830
1 1866 79255
1 1867 33673
1 1868 17993
1 1869 38394
1 1870 86093
1 1871 76136
1 1872 11791
1 1873 99356
1 1874 96730
1 1875 5820
1 1876 52884
1 1877 46148
1 1878 29141
1 1879 46029
1 1880 8785
1 1881 99675
1 1882 86187
1 1883 42176
1 1884 11740
1 1885 54453
1 1886 32811
1 1887 71809
1 1888 9528
1 1889 84765
1 1890 94358
1 1891 78362
1 1892 72005
1 1893 25681
1 1894 13162
1 1895 70433
1 1896 78756
1 1897 94153
1 1898 95078
1 1899 87417
1 1900 97843
1 1901 7415
1 1902 59543
1 1903 64007
1 1904 76403
1 1905 49529
1 1906 87007
1 1907 33282
1 1908 13310
1 1909 39515
1 1910 20154
1 1911 5712
1 1912 78565
1 1913 79758
1 1914 57091
1 1915 46970
1 1916 32415
1 1917 98452
1 1918 19188
1 1919 9550
1 1920 17024
1 1921 32940
1 1922 92246
1 1923 90056
1 1924 96755
1 1925 46557
1 1926 66064
1 1927 23853
1 1928 28111
1 1929 98685
1 1930 8473
1 1931 33898
1 1932 30685
1 1933 73595
1 1934 56332
1 1935 19257
1 1936 8230
1 1937 9112
1 1938 75600
1 1939 64516
1 1940 78388
1 1941 35816
1 1942 10832
1 1943 49186
1 1944 9674
1 1945 29968
1 1946 94370
1 1947 28158
1 1948 16157
1 1949 64507
1 1950 78806
1 1951 68809
1 1952 99904
1 1953 35547
1 1954 77407
1 1955 33594
1 1956 59413
1 1957 8724
1 1958 61520
1 1959 33873
1 1960 18541
1 1961 54638
1 1962 80236
1 1963 77408
1 1964 25123
1 1965 40699
1 1966 81268
1 1967 42808
1 1968 77477
1 1969 87709
1 1970 64988
1 1971 87146
1 1972 8724
1 1973 25274
1 1974 49796
1 1975 72736
1 1976 12009
1 1977 24909
1 1978 89883
1 1979 96821
1 1980 57680
1 1981 36702
1 1982 43396
1 1983 6055
1 1984 76172
1 1985 46995
1 1986 6656
1 1987 32178
1 1988 65713
1 1989 17483
1 1990 12138
1 1991 21964
1 1992 2924
1 1993 11079
1 1994 63995
1 1995 9115
1 1996 17940
1 1997 64160
1 1998 51712
1 1999 55546
1 2000 85705
1 2001 82577
1 2002 51672
1 2003 84411
1 2004 85649
1 2005 75087
1 2006 58537
1 2007 64671
1 2008 82370
1 2009 61477
1 2010 83800
1 2011 83803
1 2012 98207
1 2013 84072
1 2014 85083
1 2015 1561
1 2016 40067
1 2017 92799
1 2018 88502
1 2019 61558
1 2020 69589
1 2021 22514
1 2022 53072
1 2023 73195
1 2024 90017
1 2025 85688
1 2026 56107
1 2027 18587
1 2028 38568
1 2029 73378
1 2030 575
1 2031 19189
1 2032 17355
1 2033 52641
1 2034 94469
1 2035 60903
1 2036 73569
1 2037 28043
1 2038 99489
1 2039 3278
1 2040 31150
1 2041 82071
1 2042 84317
1 2043 66342
1 2044 24997
1 2045 29035
1 2046 96136
1 2047 3449
1 2048 98662
1 2049 89881
1 2050 44512
1 2051 4432
1 2052 12995
1 2053 34484
1 2054 29648
1 2055 32527
1 2056 96036
1 2057 4002
1 2058 94299
1 2059 72399
1 2060 49718
1 2061 2681
1 2062 8141
1 2063 78973
1 2064 63929
1 2065 13013
1 2066 76128
1 2067 60462
1 2068 3288
1 2069 23945
1 2070 96559
1 2071 78372
1 2072 78203
1 2073 21772
1 2074 40821
1 2075 53049
1 2076 31600
1 2077 35714
1 2078 72866
1 2079 76127
1 2080 46891
1 2081 83451
1 2082 74773
1 2083 80630
1 2084 42139
1 2085 45465
1 2086 25458
1 2087 28826
1 2088 74564
1 2089 68775
1 2090 94776
1 2091 64854
1 2092 7405
1 2093 52544
1 2094 31569
1 2095 59649
1 2096 10303
1 2097 77589
1 2098 30923
1 2099 25127
1 2100 80305
1 2101 71694
1 2102 10478
1 2103 56896
1 2104 84198
1 2105 32147
1 2106 38999
1 2107 3611
1 2108 3837
1 2109 80208
1 2110 23832
1 2111 77978
1 2112 86702
1 2113 78362
1 2114 53463
1 2115 31377
1 2116 86030
1 2117 40159
1 2118 52818
1 2119 54765
1 2120 78645
1 2121 77978
1 2122 31237
1 2123 15055
1 2124 88973
1 2125 88187
1 2126 84969
1 2127 20034
1 2128 76583
1 2129 95924
1 2130 91105
1 2131 63161
1 2132 90609
1 2133 43666
1 2134 29495
1 2135 38513
1 2136 66293
1 2137 8071
1 2138 88066
1 2139 89547
1 2140 79272
1 2141 5536
1 2142 30814
1 2143 26721
1 2144 17836
1 2145 77971
1 2146 62332
1 2147 60977
1 2148 27814
1 2149 10988
1 2150 82286
1 2151 68821
1 2152 32842
1 2153 86380
1 2154 55298
1 2155 77721
1 2156 21993
1 2157 28114
1 2158 52555
1 2159 19633
1 2160 88155
1 2161 17201
1 2162 70339
1 2163 85747
1 2164 27871
1 2165 54669
1 2166 61695
1 2167 81984
1 2168 47728
1 2169 2080
1 2170 50160
1 2171 78515
1 2172 80915
1 2173 32409
1 2174 29934
1 2175 46750
1 2176 10823
1 2177 57930
1 2178 9960
1 2179 3664
1 2180 17789
1 2181 15996
1 2182 33362
1 2183 83932
1 2184 96444
1 2185 2958
1 2186 12409
1 2187 47335
1 2188 31686
1 2189 56697
1 2190 28200
1 2191 13728
1 2192 95453
1 2193 10487
1 2194 31156
1 2195 25607
1 2196 68051
1 2197 35104
1 2198 5471
1 2199 97054
1 2200 22782
1 2201 61263
1 2202 90844
1 2203 95919
1 2204 47582
1 2205 30718
1 2206 40474
1 2207 16826
1 2208 42837
1 2209 22671
1 2210 92417
1 2211 31785
1 2212 90169
1 2213 82425
1 2214 26962
1 2215 24591
1 2216 98851
1 2217 25526
1 2218 61234
1 2219 77045
1 2220 62687
1 2221 15434
1 2222 66367
1 2223 20678
1 2224 80232
1 2225 64058
1 2226 47313
1 2227 82689
1 2228 84140
1 2229 45020
1 2230 34275
1 2231 49576
1 2232 48747
1 2233 91328
1 2234 36764
1 2235 31563
1 2236 71424
1 2237 41931
1 2238 70163
1 2239 82898
1 2240 29534
1 2241 82498
1 2242 37259
1 2243 5987
1 2244 85860
1 2245 23180
1 2246 49253
1 2247 89007
1 2248 71507
1 2249 9369
1 2250 56035
1 2251 60385
1 2252 40403
1 2253 30360
1 2254 22629
1 2255 72902
1 2256 96840
1 2257 47927
1 2258 14588
1 2259 78897
1 2260 40408
1 2261 21571
1 2262 60799
1 2263 57736
1 2264 88289
1 2265 39850
1 2266 94585
1 2267 25371
1 2268 86778
1 2269 15009
1 2270 71291
1 2271 33723
1 2272 65012
1 2273 34135
1 2274 12253
1 2275 72138
1 2276 53991
1 2277 80246
1 2278 22419
1 2279 72817
1 2280 12280
1 2281 79831
1 2282 82762
1 2283 40688
1 2284 36137
1 2285 74503
1 2286 41772
1 2287 68659
1 2288 73457
1 2289 9376
1 2290 18855
1 2291 11475
1 2292 35362
1 2293 82879
1 2294 23790
1 2295 27116
1 2296 9589
1 2297 34384
1 2298 33526
1 2299 33285
1 2300 71288
1 2301 47219
1 2302 86057
1 2303 1377
1 2304 59150
1 2305 3915
1 2306 66598
1 2307 44367
1 2308 31168
1 2309 81824
1 2310 19921
1 2311 16006
1 2312 31165
1 2313 92728
1 2314 3200
1 2315 34605
1 2316 99158
1 2317 44875
1 2318 22921
1 2319 88330
1 2320 18941
1 2321 19592
1 2322 77320
1 2323 37493
1 2324 83062
1 2325 74202
1 2326 44242
1 2327 59151
1 2328 26355
1 2329 30666
1 2330 70325
1 2331 63704
1 2332 5190
1 2333 80034
1 2334 88986
1 2335 28394
1 2336 84537
1 2337 40153
1 2338 951
1 2339 98973
1 2340 73254
1 2341 32714
1 2342 68642
1 2343 68049
1 2344 74395
1 2345 68265
1 2346 56140
1 2347 2560
1 2348 32151
1 2349 11457
1 2350 36008
1 2351 62764
1 2352 2726
1 2353 4605
1 2354 78962
1 2355 25559
1 2356 76632
1 2357 58369
1 2358 67021
1 2359 24797
1 2360 41549
1 2361 37040
1 2362 15636
1 2363 51197
1 2364 72296
1 2365 66026
1 2366 41763
1 2367 36176
1 2368 45895
1 2369 26876
1 2370 45358
1 2371 30263
1 2372 41119
1 2373 33712
1 2374 76243
1 2375 95620
1 2376 82158
1 2377 845
1 2378 77097
1 2379 71743
1 2380 21251
1 2381 56309
1 2382 60718
1 2383 82476
1 2384 99808
1 2385 97901
1 2386 20073
1 2387 35302
1 2388 94524
1 2389 35731
1 2390 80368
1 2391 94272
1 2392 76365
1 2393 4927
1 2394 74820
1 2395 74480
1 2396 72509
1 2397 226
1 2398 34149
1 2399 13988
1 2400 90135
1 2401 79963
1 2402 24794
1 2403 75035
1 2404 87440
1 2405 8501
1 2406 13814
1 2407 18698
1 2408 21292
1 2409 35201
1 2410 6035
1 2411 20328
1 2412 59696
1 2413 49102
1 2414 21339
1 2415 68611
1 2416 18567
1 2417 41037
1 2418 62441
1 2419 13716
1 2420 77410
1 2421 27528
1 2422 33873
1 2423 508
1 2424 78341
1 2425 35165
1 2426 89867
1 2427 63741
1 2428 67840
1 2429 22638
1 2430 91809
1 2431 6140
1 2432 79954
1 2433 93021
1 2434 98890
1 2435 91032
1 2436 69785
1 2437 55125
1 2438 5381
1 2439 37757
1 2440 17127
1 2441 42178
1 2442 25077
1 2443 23650
1 2444 39426
1 2445 1527
1 2446 48570
1 2447 82563
1 2448 1620
1 2449 51545
1 2450 14712
1 2451 5317
1 2452 69812
1 2453 40205
1 2454 50217
1 2455 32187
1 2456 77678
1 2457 99971
1 2458 95624
1 2459 82077
1 2460 37099
1 2461 22083
1 2462 40145
1 2463 34504
1 2464 59718
1 2465 77350
1 2466 60542
1 2467 25306
1 2468 38856
1 2469 63434
1 2470 98769
1 2471 35130
1 2472 36845
1 2473 47151
1 2474 60815
1 2475 2526
1 2476 23487
1 2477 473
1 2478 77834
1 2479 12842
1 2480 11251
1 2481 80213
1 2482 49008
1 2483 97393
1 2484 2655
1 2485 61675
1 2486 1502
1 2487 48436
1 2488 6878
1 2489 34542
1 2490 7706
1 2491 67201
1 2492 24473
1 2493 14273
1 2494 97837
1 2495 53547
1 2496 54721
1 2497 99034
1 2498 73951
1 2499 38090
1 2500 27043
1 2501 31034
1 2502 98457
1 2503 93010
1 2504 67740
1 2505 65030
1 2506 72741
1 2507 24669
1 2508 30812
1 2509 3217
1 2510 20708
1 2511 42632
1 2512 17284
1 2513 18715
1 2514 87421
1 2515 38619
1 2516 5103
1 2517 29970
1 2518 41204
1 2519 83436
1 2520 74929
1 2521 9631
1 2522 14623
1 2523 79483
1 2524 49388
1 2525 28327
1 2526 60751
1 2527 37970
1 2528 2815
1 2529 52183
1 2530 26513
1 2531 7907
1 2532 64602
1 2533 56271
1 2534 65560
1 2535 76931
1 2536 90118
1 2537 69326
1 2538 17978
1 2539 68136
1 2540 92265
1 2541 94998
1 2542 11823
1 2543 84368
1 2544 37288
1 2545 77414
1 2546 37634
1 2547 73479
1 2548 38171
1 2549 63497
1 2550 11924
1 2551 30400
1 2552 52894
1 2553 13071
1 2554 15263
1 2555 72241
1 2556 3061
1 2557 4847
1 2558 32073
1 2559 17858
1 2560 31579
1 2561 14401
1 2562 82397
1 2563 59273
1 2564 26406
1 2565 2357
1 2566 54839
1 2567 41110
1 2568 15463
1 2569 77222
1 2570 38597
1 2571 69813
1 2572 78529
1 2573 29057
1 2574 44178
1 2575 49037
1 2576 82018
1 2577 28688
1 2578 48987
1 2579 70625
1 2580 86452
1 2581 64198
1 2582 77945
1 2583 88549
1 2584 11483
1 2585 95971
1 2586 2819
1 2587 3190
1 2588 34673
1 2589 17087
1 2590 9796
1 2591 95638
1 2592 53780
1 2593 33380
1 2594 14397
1 2595 28081
1 2596 4409
1 2597 33127
1 2598 1926
1 2599 85929
1 2600 52098
1 2601 84524
1 2602 83504
1 2603 91066
1 2604 60081
1 2605 35173
1 2606 68820
1 2607 46774
1 2608 1345
1 2609 93969
1 2610 28935
1 2611 17301
1 2612 9905
1 2613 88249
1 2614 27587
1 2615 60398
1 2616 55866
1 2617 44730
1 2618 34083
1 2619 55729
1 2620 91481
1899 415
2212 336
944 1339
832 705
88 865
2564 2095
235 14
343 2378
1532 1587
673 476
2594 1085
1422 123
1980 1344
1979 434
2603 193
1051 468
1944 2445
1031 502
1519 599
2343 367
2338 1049
1684 1269
1213 1807
724 95
791 350
2120 667
2496 1568
2209 1334
2490 1164
2408 434
1742 1704
1493 1972
796 2307
53 1637
1593 1180
1320 569
1102 1041
977 1827
1650 407
2508 1299
1758 2152
1104 1281
1318 389
2250 1335
1891 682
2488 833
2565 1554
1449 1877
1969 731
704 998
932 2089
388 1400
1492 2534
1592 1735
239 1056
1689 1154
1229 2050
1779 1929
204 257
1408 1707
641 1962
2613 903
281 535
1513 2002
1383 1712
1796 1750
862 1367
1856 1869
1684 2550
199 229
793 1709
1570 199
230 1985
775 1326
210 2084
2399 2464
1453 2307
1611 1072
1529 16
2042 2132
2218 1703
2038 885
1700 2349
2432 2370
1658 1399
533 291
205 1627
2213 1932
728 92
287 2488
1676 695
1118 1232
1727 1402
2051 408
1837 954
324 545
1161 1269
45 905
532 461
2340 1769
1411 1649
2260 2505
1336 212
2429 1788
1109 1390
441 185
2561 665
1690 2457
90 102
1165 1835
811 2490
334 1669
1287 615
283 1943
1058 119
935 1224
2446 424
2505 1662
2574 2276
2469 2518
1134 2033
1037 2248
821 1050
126 444
1521 547
388 1709
899 1982
2206 1187
285 988
2063 1756
1984 2264
1115 1882
2016 2346
1438 820
435 1030
2030 1397
2263 1999
2594 1139
504 1892
2320 190
1068 1929
731 461
95 244
2276 2535
2048 982
2205 506
309 1282
313 1767
1071 2193
594 2016
2547 1606
227 629
666 660
1057 2289
92 1004
1762 360
174 1196
2229 2302
1178 2392
1350 293
857 1886
761 1290
1985 1745
619 2393
2292 1372
2516 1779
916 599
814 2306
291 2277
951 1662
1066 597
605 1315
329 1182
2305 1966
393 1745
1156 2577
2496 151
2149 2501
1609 1181
1686 2195
155 1530
1128 1338
1495 1082
1811 2168
1299 293
630 2593
553 1250
531 304
2047 2098
2102 1402
807 659
936 912
2609 351
980 493
1311 921
1971 2096
2375 2553
1495 98
2117 2445
353 2083
1868 2228
347 2551
176 350
923 1441
1858 312
591 1077
1787 996
160 286
2354 2504
186 1021
544 1414
2490 1037
361 1176
866 1041
1497 2227
131 128
907 1309
339 912
2370 1114
985 527
2220 648
2047 2540
349 1673
1454 1709
696 1045
1080 502
1914 218
2158 2036
2232 1088
2373 404
2091 1371
537 834
736 1475
1040 239
306 1895
23 470
205 1864
1370 436
1980 2354
2405 2035
1989 2063
764 918
1285 1675
1303 2063
708 2228
2087 1532
1128 994
735 2593
524 1732
1220 1231
1566 42
2600 2176
1506 1504
1330 1852
346 44
302 39
874 2107
1798 1461
1625 1171
1192 1460
1623 84
173 2154
70 1553
1384 2330
2027 1259
160 135
343 1254
1395 1927
771 958
2393 745
144 553
1873 1534
2136 2559
1418 2271
773 1995
1462 2389
2494 1197
1991 153
1473 599
543 1980
682 1801
405 2296
1235 2021
777 951
304 83
1208 291
2086 574
691 2254
903 2537
2484 1864
2513 303
1063 2522
728 575
420 665
2208 1968
1420 2401
2501 369
1585 1155
725 2549
2367 1539
1108 1585
2043 153
2200 706
1144 1538
712 1355
2539 772
1810 386
2228 1943
1101 1110
1169 1446
436 312
674 2542
2589 891
1590 845
217 2299
2121 1447
529 2288
2279 273
354 2190
1850 423
272 259
2578 1814
1905 70
522 325
2068 722
2284 2255
1151 1136
2363 1071
889 2589
2310 1229
2254 1081
635 610
211 1880
1699 1561
1059 307
836 578
1879 694
1658 192
1824 376
417 1706
969 1577
2091 1798
2248 123
674 563
763 158
1150 1742
1406 1402
564 56
2577 1239
2486 1729
941 27
2467 2296
1126 2104
2003 186
2162 1580
2330 535
2156 1951
1427 1254
1177 73
1959 2494
345 2521
1860 1406
731 2594
1791 1099
411 1758
1158 2008
281 1732
850 1651
576 2557
1898 1416
902 2127
2342 1657
889 1527
2205 905
930 1883
289 1537
2454 1140
725 1464
130 1870
44 1714
2604 284
656 2259
2620 1538
1593 2387
1627 1773
1497 470
45 1830
2571 573
2406 993
1226 2217
1467 114
2137 989
1022 2186
1836 662
2355 1605
371 1677
204 847
1930 1542
1172 763
854 989
1632 343
992 1438
1552 1162
2176 1290
479 1007
1330 1033
775 2233
726 453
1958 1089
648 2058
2551 1253
923 271
2217 2182
830 647
1049 2154
2449 709
2452 2169
1279 2448
458 383
2391 765
1899 497
47 581
1397 1717
784 1046
799 1007
1615 95
749 1739
1534 1531
2352 335
2500 473
2380 169
2037 1508
568 67
578 1656
146 1369
830 1537
2087 1814
2023 1063
69 1262
1762 927
2181 749
2377 2542
1184 11
2180 462
1451 595
1408 1404
2050 1829
566 2527
2383 508
966 294
516 1869
2373 1294
1155 678
1588 1769
1658 867
1159 2035
2500 1852
2369 1278
2460 1802
1067 1628
2156 1344
1741 1989
1863 526
2141 770
2433 130
2607 58
2320 110
1505 2367
1064 2157
1385 1117
1272 130
1639 1903
1580 993
1078 2351
659 507
309 1352
2360 1526
1679 629
1761 1829
1021 433
410 1349
2068 1678
488 699
1331 306
2297 2072
2524 2091
1973 2344
945 1390
662 32
2287 2456
1643 64
190 1187
102 2154
2316 842
678 1524
2610 1867
840 221
2168 1129
1149 711
805 1307
1491 2271
837 1479
1935 1092
722 1014
1529 2398
1971 2433
607 1714
572 1834
2349 1440
715 2151
1068 2461
71 814
1011 115
1599 2480
653 1433
566 2477
484 1204
853 1620
2215 1617
296 2556
566 1746
462 120
972 731
610 2073
2050 1619
2401 2583
454 586
1160 131
469 2242
1744 1036
230 2533
1093 2472
324 1863
2035 537
1811 2338
876 2263
1464 1104
2338 2346
1261 319
2408 34
1598 222
1659 1527
1484 226
979 67
1176 357
1725 2451
2387 2172
910 427
2119 1721
1087 1674
1639 2015
967 1234
826 1395
1233 332
1374 911
1580 1247
466 1417
332 1792
2042 2224
1423 649
1027 2194
153 2032
223 1787
2163 2181
1741 1157
1104 119
2544 439
1127 1884
1884 2483
1269 2575
1628 1252
640 162
597 1463
401 1529
1526 453
1183 1886
1645 2082
607 2579
1311 455
646 877
1972 2199
2162 2594
740 2326
1559 1486
1321 1637
1306 1932
1251 2146
2568 590
691 1771
1113 1587
2367 1980
786 2368
958 2083
208 1561
2380 1179
2132 307
2127 1086
1774 2463
2211 782
1885 636
180 73
2030 342
123 2045
57 1695
1378 1353
1198 644
2362 1760
1385 2568
2101 1984
101 366
1914 64
366 2582
2612 2513
630 1499
1303 2450
199 2458
2456 1751
1473 1912
986 161
119 749
1901 1171
1463 2242
729 1134
1449 1062
1701 2439
309 402
107 1547
374 288
1607 710
1025 242
989 1007
2018 1725
1966 2144
651 545
176 468
1962 1281
1174 795
2475 1359
782 2204
1556 700
96 175
504 1666
2611 1986
1317 2455
579 1532
1912 965
1718 1099
2218 994
146 1334
1781 1819
339 110
2262 385
2603 312
452 2562
2377 1817
174 1025
930 242
625 1409
226 2410
750 505
1048 97
439 983
599 1832
1006 1951
2443 1528
1356 490
2114 2241
2493 991
1057 983
911 2191
1796 2123
2070 196
1973 949
471 474
1169 1984
93 2020
37 2133
443 100
160 2571
2251 1558
2332 19
379 1200
233 872
2106 784
1533 1468
1252 1397
402 2264
904 2018
1204 1719
841 1803
2064 844
2027 1392
2510 1254
367 709
570 1856
2573 1945
1563 558
1280 1576
1706 317
795 2318
2283 1638
364 1147
2027 1799
510 2143
178 1006
1808 1803
2571 1677
1543 649
812 600
1051 892
120 308
1589 1533
320 250
1769 1940
675 2362
708 1276
1948 2540
2059 1532
1527 2327
411 1040
582 922
1523 140
1772 3
2481 2400
2479 1338
610 2236
2560 463
411 1953
2337 1052
1182 1378
1135 948
536 139
809 431
244 110
1757 86
1871 68
2599 2562
2070 1063
240 1598
734 497
1714 110
1179 454
1611 632
68 802
2619 680
678 2386
734 1820
967 1292
1074 564
456 1131
328 1082
1088 2345
1836 941
1404 2149
2156 1005
1473 2137
1342 1282
1576 1598
1892 2303
2220 795
1778 1753
1219 138
1658 2299
771 2133
939 2571
94 2407
1078 137
1086 1673
2341 619
2141 1744
2296 1007
1988 737
623 2355
379 1911
1314 1548
2352 2523
950 1857
690 1119
2195 1541
1887 2445
1082 2156
2024 1824
1072 471
1540 555
962 771
2041 818
531 2285
29 823
2480 863
1116 1367
1634 1543
342 1887
1183 1887
1998 419
2211 2047
2135 2554
2592 2084
878 278
2357 2607
1799 68
1136 2337
1706 18
1416 2052
2431 175
116 1795
1224 960
947 652
231 1951
1786 1562
2361 358
575 2361
2476 1809
2395 915
1543 130
394 1869
263 2521
437 2240
744 2268
2025 1872
1952 2385
2434 866
1519 1405
470 726
1881 1156
2222 2434
221 2336
792 2295
1764 1539
500 266
1120 116
2166 944
1967 1002
1178 1498
1827 90
2378 1417
2422 617
2128 312
850 599
2242 1312
695 1523
644 1673
1369 1951
2409 2543
909 1638
394 1790
1327 1834
101 712
495 2156
1785 2491
250 2427
1512 1135
823 118
1041 595
1252 124
722 2589
1969 805
292 218
2202 732
2188 1070
1732 1085
2152 886
618 229
2535 1668
1823 1366
2402 1289
2464 1301
1591 1699
76 1477
2439 1134
1830 1805
164 1916
1591 1954
2325 1209
25 902
616 486
2109 1078
1647 1913
1460 1074
2044 130
158 663
274 1405
17 1637
23 301
2533 1116
1790 1742
2354 28
1529 2579
2236 324
417 1697
1197 825
342 2114
472 270
1352 1697
1365 1923
1441 537
1405 2423
1495 2190
1465 983
277 990
1247 606
157 1078
795 1141
803 820
1248 306
1631 1200
2202 1888
1684 409
1362 1597
1651 2452
2221 2548
965 1735
1783 2262
2046 969
1204 993
997 1249
558 664
1592 2534
1660 511
2135 1317
2615 1082
2421 1760
1406 1466
1281 2307
2582 1791
908 69
1024 1334
672 2110
2156 784
1435 803
164 22
133 2514
238 1959
203 1438
1537 227
757 300
581 1970
2448 2404
1513 2391
839 1797
145 1879
2093 2329
1194 2545
24 561
1384 1072
2299 1211
2209 2132
1232 330
1551 1080
1472 997
2231 472
1613 2186
2425 384
1452 2028
2386 2444
2444 91
1491 1246
677 359
2403 539
1298 45
2534 1353
2299 2271
2580 2429
177 1356
2217 1532
313 618
456 1727
1886 1765
654 2190
673 2343
29 378
1545 2236
695 1058
1837 2160
1698 2011
480 1135
1832 689
1953 2228
425 945
1871 466
1853 2539
424 1675
620 1980
1266 862
690 2413
2555 1656
2003 2130
2510 123
760 348
1115 1179
1532 950
1551 9
754 722
2349 554
979 160
726 648
2166 1231
1515 2404
2052 460
1823 1560
2101 84
