374 373 100
1 2 63298
1 3 62967
1 4 55204
1 5 90326
1 6 70702
1 7 46028
1 8 84501
1 9 20120
1 10 23695
1 11 2690
1 12 73379
1 13 49129
1 14 26912
1 15 53816
1 16 75155
1 17 61453
1 18 93841
1 19 31063
1 20 22891
1 21 69201
1 22 92335
1 23 50975
1 24 48760
1 25 24669
1 26 54891
1 27 68582
1 28 75451
1 29 14755
1 30 81022
1 31 94454
1 32 1161
1 33 39582
1 34 62466
1 35 57819
1 36 27967
1 37 51124
1 38 43845
1 39 31928
1 40 16650
1 41 84242
1 42 75
1 43 3038
1 44 2861
1 45 77018
1 46 29322
1 47 20626
1 48 78355
1 49 68615
1 50 40306
1 51 18292
1 52 71506
1 53 59492
1 54 95904
1 55 93520
1 56 71983
1 57 28768
1 58 36533
1 59 45979
1 60 16908
1 61 95422
1 62 96510
1 63 44674
1 64 43455
1 65 4226
1 66 63192
1 67 6409
1 68 77395
1 69 22106
1 70 11562
1 71 58204
1 72 87562
1 73 16366
1 74 54148
1 75 70826
1 76 77843
1 77 25866
1 78 26888
1 79 92096
1 80 98478
1 81 5903
1 82 44159
1 83 3597
1 84 36529
1 85 98620
1 86 41163
1 87 52979
1 88 46319
1 89 19787
1 90 79929
1 91 81547
1 92 66406
1 93 56276
1 94 7496
1 95 99662
1 96 53505
1 97 2652
1 98 78695
1 99 58309
1 100 20618
1 101 2730
1 102 59373
1 103 7984
1 104 1840
1 105 12538
1 106 92815
1 107 38848
1 108 2118
1 109 77613
1 110 37395
1 111 90627
1 112 29127
1 113 67078
1 114 33922
1 115 91672
1 116 77538
1 117 90152
1 118 53210
1 119 86567
1 120 1513
1 121 2437
1 122 19643
1 123 67283
1 124 75399
1 125 9161
1 126 87799
1 127 74982
1 128 8017
1 129 62532
1 130 52523
1 131 99003
1 132 72246
1 133 39741
1 134 23722
1 135 45573
1 136 78213
1 137 80665
1 138 98224
1 139 72605
1 140 27698
1 141 72666
1 142 81245
1 143 59240
1 144 10483
1 145 42647
1 146 75807
1 147 14249
1 148 31023
1 149 35495
1 150 60878
1 151 92579
1 152 5932
1 153 32458
1 154 59056
1 155 78590
1 156 33376
1 157 66883
1 158 91740
1 159 12180
1 160 17855
1 161 83130
1 162 96211
1 163 46628
1 164 92462
1 165 35764
1 166 76864
1 167 84121
1 168 20065
1 169 69161
1 170 55774
1 171 13034
1 172 16004
1 173 17789
1 174 37933
1 175 66625
1 176 53229
1 177 55136
1 178 46628
1 179 4214
1 180 4754
1 181 54291
1 182 64819
1 183 98274
1 184 43774
1 185 75192
1 186 51122
1 187 20227
1 188 30214
1 189 1516
1 190 14127
1 191 5536
1 192 74156
1 193 81782
1 194 33136
1 195 8493
1 196 49232
1 197 95698
1 198 86738
1 199 1684
1 200 99047
1 201 81884
1 202 61428
1 203 73171
1 204 76860
1 205 31389
1 206 50721
1 207 69268
1 208 68645
1 209 93862
1 210 40703
1 211 85799
1 212 41419
1 213 56099
1 214 54669
1 215 49407
1 216 97284
1 217 55036
1 218 67352
1 219 73651
1 220 22862
1 221 13697
1 222 67596
1 223 83689
1 224 76635
1 225 37746
1 226 74281
1 227 29023
1 228 72185
1 229 14349
1 230 77958
1 231 63777
1 232 8869
1 233 63195
1 234 52112
1 235 12194
1 236 50344
1 237 36668
1 238 7163
1 239 39190
1 240 27242
1 241 81228
1 242 22152
1 243 37580
1 244 60136
1 245 44197
1 246 61116
1 247 45549
1 248 89114
1 249 84774
1 250 64789
1 251 88823
1 252 29560
1 253 57604
1 254 61342
1 255 44439
1 256 78285
1 257 74688
1 258 94217
1 259 74623
1 260 11379
1 261 43708
1 262 73038
1 263 25753
1 264 40240
1 265 68837
1 266 64978
1 267 58513
1 268 85730
1 269 10469
1 270 66954
1 271 68558
1 272 56754
1 273 72289
1 274 3680
1 275 97443
1 276 58200
1 277 21414
1 278 61268
1 279 8585
1 280 18202
1 281 56077
1 282 44183
1 283 48679
1 284 43481
1 285 46980
1 286 58731
1 287 58751
1 288 13665
1 289 28959
1 290 72722
1 291 91621
1 292 34257
1 293 224
1 294 57947
1 295 16696
1 296 66174
1 297 74013
1 298 69459
1 299 51187
1 300 23844
1 301 40038
1 302 35310
1 303 43711
1 304 29437
1 305 59344
1 306 23677
1 307 10321
1 308 78702
1 309 54221
1 310 16721
1 311 34532
1 312 75900
1 313 5517
1 314 86520
1 315 68897
1 316 67632
1 317 50051
1 318 59166
1 319 10714
1 320 95107
1 321 59088
1 322 42530
1 323 54024
1 324 51819
1 325 50249
1 326 90370
1 327 531
1 328 8046
1 329 9712
1 330 61251
1 331 46869
1 332 92849
1 333 78350
1 334 99201
1 335 51282
1 336 67886
1 337 47755
1 338 90201
1 339 50584
1 340 27054
1 341 78326
1 342 38838
1 343 57433
1 344 28209
1 345 27484
1 346 63981
1 347 32377
1 348 25475
1 349 78653
1 350 86167
1 351 10276
1 352 40632
1 353 40992
1 354 33281
1 355 68359
1 356 68322
1 357 94851
1 358 95610
1 359 32663
1 360 68573
1 361 29624
1 362 78888
1 363 73901
1 364 78845
1 365 87398
1 366 13451
1 367 92209
1 368 10838
1 369 91161
1 370 89383
1 371 38574
1 372 60478
1 373 5800
1 374 32459
12 30
219 289
102 322
11 241
2 168
120 224
92 114
110 155
40 185
154 27
202 280
227 334
357 66
344 20
116 88
286 141
340 249
205 149
304 286
131 247
243 67
357 298
210 187
189 356
179 42
155 239
151 127
250 27
185 289
178 342
92 270
19 150
83 1
86 161
367 310
79 259
43 21
155 251
105 131
8 92
272 215
89 319
42 78
250 79
242 343
117 359
151 299
208 70
183 313
269 7
347 228
348 315
208 146
89 35
152 56
231 275
205 134
146 29
323 252
32 37
288 186
278 362
44 124
371 226
244 300
304 188
20 147
122 131
147 206
172 315
46 282
172 311
108 374
99 316
115 223
20 367
180 344
132 363
48 147
195 369
107 165
146 136
247 78
307 328
363 358
229 116
246 322
278 340
102 311
300 188
23 310
169 112
22 70
6 154
142 27
194 78
286 98
346 62
200 370
264 186
