200 380 200
88 31 50 28 65 11 59 14 98 49 7 23 73 10 90 33 43 96 50 46 8 87 34 40 35 48 85 95 9 53 8 17 91 39 28 4 75 100 83 28 36 6 41 20 97 70 76 44 85 85 79 2 97 87 82 24 1 35 14 73 8 71 42 10 50 63 76 64 25 82 44 29 21 17 32 81 5 69 67 54 51 83 4 89 32 46 6 7 54 21 60 19 66 12 28 1 44 64 97 87 34 74 88 87 90 3 34 80 87 59 65 92 7 43 14 60 4 90 44 53 59 29 37 50 54 11 89 26 53 41 59 87 42 21 56 73 37 44 13 100 98 92 99 92 79 15 40 48 78 83 19 94 53 84 98 21 53 12 18 3 88 53 75 28 85 81 70 39 23 36 37 29 46 31 12 23 40 73 94 31 53 83 39 97 99 24 58 58 68 47 73 51 51 52 3 33 89 42 20 12
164 168
118 188
74 82
93 194
151 161
75 156
139 177
160 191
87 179
6 80
88 192
195 200
148 159
101 132
182 191
79 147
150 156
74 117
133 173
160 177
176 178
195 197
50 180
28 102
144 172
96 172
68 147
168 199
173 179
17 73
9 126
135 155
90 169
61 81
64 88
119 178
49 87
22 66
109 120
66 126
174 177
39 189
111 139
41 45
24 119
168 173
100 197
2 200
63 120
75 90
142 181
183 199
173 177
154 163
45 111
131 193
12 176
168 198
22 144
25 181
34 133
93 186
167 190
170 186
125 154
124 192
156 164
117 198
174 182
130 161
147 198
86 156
171 182
36 71
83 114
185 200
143 178
108 198
65 76
56 138
33 141
70 106
153 162
40 78
113 195
45 77
149 166
80 196
156 198
188 199
35 97
192 198
98 111
89 95
28 51
186 191
118 168
75 193
179 188
143 152
175 199
53 91
189 195
33 144
129 177
122 187
91 112
120 153
41 131
127 142
55 154
70 168
113 188
51 184
106 141
150 172
192 196
85 187
149 192
34 148
178 197
102 120
100 175
50 154
17 194
181 192
136 200
163 177
60 159
158 179
52 124
143 195
51 73
197 198
16 104
79 103
119 141
127 166
191 198
7 171
184 199
54 166
166 200
62 78
135 183
118 170
107 179
76 83
105 107
101 196
172 178
95 172
5 127
1 14
101 170
30 137
13 140
29 111
54 162
83 87
26 102
110 126
35 162
27 99
8 145
91 108
13 102
82 189
185 192
42 109
85 180
25 29
35 146
49 100
104 148
155 198
181 199
173 197
107 171
84 143
32 68
43 52
130 159
10 131
169 192
159 181
26 49
42 71
167 180
196 198
121 185
174 183
123 162
46 106
37 136
137 173
142 199
196 197
23 170
20 73
103 184
19 161
48 92
116 148
103 129
157 181
130 141
37 83
14 178
56 174
94 123
145 197
82 193
128 157
158 197
47 83
111 161
47 123
11 197
59 96
146 184
31 35
154 173
125 186
50 78
34 120
71 136
61 189
51 176
72 138
138 165
191 196
43 116
32 133
106 162
96 185
36 108
129 145
192 193
181 191
189 191
167 177
149 187
141 192
64 80
26 163
148 158
115 147
42 140
193 196
99 198
72 107
132 196
190 192
117 161
158 161
90 162
85 163
114 165
97 121
120 189
176 188
197 199
3 57
29 170
10 56
119 162
21 123
89 132
120 121
53 76
18 69
105 179
160 165
44 130
126 198
127 195
111 190
88 157
61 182
45 82
92 153
21 190
17 132
98 134
191 194
73 183
109 165
38 193
140 196
6 73
2 60
57 137
56 170
92 166
157 182
69 86
109 198
187 190
176 196
24 47
154 159
19 199
183 197
197 200
97 158
126 191
47 60
152 183
137 159
162 196
185 191
135 185
137 169
53 131
2 61
113 189
177 194
165 180
108 165
78 135
155 172
70 157
81 94
97 191
125 135
14 118
4 178
134 135
13 159
178 189
152 160
104 110
5 44
16 27
23 43
100 104
105 132
112 156
14 31
23 50
22 63
77 163
71 168
76 131
15 107
147 151
30 77
193 194
67 125
103 133
179 200
180 189
194 196
27 76
88 160
194 195
94 175
82 147
19 57
140 167
145 169
139 168
102 139
123 137
121 132
66 115
71 163
7 97
98 172
136 137
161 172
162 167
104 172
58 105
92 164
102 153
36 165
96 130
156 194
T 198 88
P 30
P 7
T 99 45
P 191
P 145
P 104
P 172
T 109 78
T 2 84
P 187
T 197 152
P 20
T 134 162
P 104
P 35
P 101
P 136
P 9
T 11 148
P 183
T 147 163
T 53 113
P 82
T 18 12
P 41
P 114
T 116 181
T 137 128
T 93 39
P 194
T 155 7
P 188
T 2 107
T 63 38
T 42 127
T 111 152
P 172
P 51
T 48 109
P 197
P 81
P 163
T 20 192
T 10 158
P 84
P 61
T 120 105
P 163
T 101 118
P 191
T 19 195
P 39
P 65
P 58
P 67
P 17
T 193 110
P 60
T 191 106
T 16 197
T 159 193
P 158
P 1
T 23 195
P 73
P 189
T 98 101
T 194 126
T 2 88
P 138
P 19
P 89
P 147
P 77
P 149
T 118 49
P 30
P 11
P 172
T 23 50
P 188
P 162
T 146 24
P 64
T 123 73
P 25
T 176 21
T 64 152
T 175 45
P 108
P 191
P 131
P 18
P 97
P 73
T 125 192
P 192
T 171 58
T 176 6
P 100
T 50 36
T 93 25
T 149 151
P 135
P 100
T 170 107
P 5
T 117 168
T 6 56
T 82 49
T 1 199
P 133
T 19 176
T 43 133
T 33 47
T 42 176
T 174 165
P 75
P 78
T 89 20
T 104 31
T 33 65
T 174 151
P 194
P 74
P 26
T 170 52
P 15
T 36 92
P 51
T 148 90
T 161 165
P 117
T 181 123
T 70 30
T 38 47
P 105
P 81
T 115 21
T 63 147
T 137 199
T 177 14
T 130 81
P 90
P 20
P 2
T 132 52
T 64 92
P 42
P 132
T 60 191
P 8
P 100
T 64 29
T 34 82
T 186 129
T 155 39
P 94
P 182
P 132
P 65
T 198 35
T 48 157
P 105
P 50
P 106
T 97 40
T 161 171
P 40
P 11
P 150
P 178
P 181
T 108 2
T 157 119
T 73 60
T 92 70
P 126
T 64 30
P 162
T 1 93
P 138
P 33
T 9 17
T 141 151
P 152
T 160 143
T 67 158
T 120 153
P 109
P 16
T 86 68
T 138 197
T 168 105
T 9 148
P 2
P 172
P 73
P 118
