300 9765 350
62 77 57 55 31 10 94 76 71 90 90 85 45 64 90 86 52 65 8 24 96 6 76 66 37 47 11 48 65 67 94 50 20 29 30 73 86 21 47 48 56 64 19 93 14 51 85 52 8 2 3 79 44 56 19 21 1 41 14 22 70 36 7 60 50 51 82 63 50 69 84 48 69 9 75 63 65 33 59 32 21 11 74 58 12 91 78 81 40 88 38 39 70 41 7 96 36 61 14 46 16 11 18 100 36 72 61 78 72 64 24 48 82 40 89 59 95 91 94 83 64 95 67 3 54 62 41 8 28 93 60 42 58 15 81 32 79 86 19 15 33 33 92 16 9 70 20 31 74 55 64 75 29 53 26 49 38 37 6 63 62 30 63 77 9 92 18 33 54 29 31 56 56 34 44 37 38 83 86 27 60 96 61 2 17 4 24 62 83 99 69 60 48 81 41 94 68 97 61 12 90 76 45 84 87 91 85 83 7 51 1 34 73 42 14 59 87 12 55 50 94 73 54 52 32 18 71 44 75 37 64 73 48 56 64 66 35 29 2 87 49 100 80 12 54 74 25 4 23 16 90 2 41 43 12 69 4 84 98 9 77 60 76 52 76 24 11 69 71 48 72 27 32 75 36 43 19 63 40 9 15 77 14 97 15 80 73 17 53 8 81 68 100 11 87 74 56 5 75 100
83 142
83 125
49 105
54 78
83 122
92 195
163 237
68 122
175 250
148 298
112 221
44 122
92 282
167 243
35 61
46 131
85 142
65 136
50 132
160 289
62 81
28 29
24 44
190 282
48 50
125 239
2 105
100 193
117 276
69 87
88 279
115 234
135 278
107 197
45 95
81 128
149 280
33 103
96 176
64 120
143 297
174 264
151 260
128 269
136 298
83 129
111 278
174 300
150 258
11 130
76 90
39 111
173 236
184 292
40 49
176 279
88 214
159 256
22 104
22 40
12 64
45 126
131 244
77 111
115 222
84 118
161 236
136 258
125 248
107 255
109 261
44 133
40 41
51 112
126 237
20 43
61 101
21 23
112 249
40 130
146 207
175 252
34 79
104 170
151 233
167 238
164 264
136 203
100 173
63 87
15 32
95 257
104 247
179 299
120 194
186 287
77 98
35 47
1 14
162 270
73 117
108 209
166 251
136 250
18 55
145 273
42 44
127 284
120 246
49 74
34 56
104 274
11 31
174 238
103 270
150 238
187 265
158 284
37 89
4 112
108 236
181 253
33 95
71 107
174 255
46 110
15 81
130 265
53 145
131 209
128 216
156 236
12 33
60 131
44 130
103 283
110 192
86 137
118 253
96 289
149 288
91 199
145 274
33 124
125 293
168 267
22 135
48 71
35 53
32 124
59 78
31 141
190 292
147 258
178 275
37 46
65 102
37 85
145 277
65 105
56 135
2 14
184 261
5 99
99 239
31 48
23 29
23 58
171 299
182 294
91 212
23 97
28 118
35 108
128 203
70 132
56 60
105 215
121 183
44 117
129 300
147 293
156 283
165 233
44 90
27 114
104 173
61 123
54 108
131 278
83 124
18 27
47 90
2 80
182 279
170 283
156 219
47 62
90 184
22 33
104 264
109 279
65 138
98 287
69 91
144 284
96 237
78 97
159 252
130 218
174 242
129 229
79 131
42 79
125 289
32 114
28 142
155 272
90 237
131 206
45 55
141 266
33 46
141 242
136 240
144 213
134 264
5 110
110 300
36 37
36 121
7 11
28 101
45 88
53 88
34 112
176 247
13 56
135 238
126 190
89 161
41 99
52 81
29 138
186 286
91 188
53 141
122 231
91 209
60 121
24 75
4 103
118 247
95 168
25 28
143 245
93 235
147 296
183 255
72 95
98 258
190 299
89 264
17 53
144 226
12 41
144 230
133 214
100 262
143 202
164 282
33 112
53 138
110 260
8 12
126 212
59 137
186 264
46 84
118 182
106 262
10 77
91 224
34 88
5 28
80 112
136 266
19 30
186 258
140 265
93 284
106 300
47 107
137 228
146 244
147 252
91 264
156 277
130 214
63 79
131 267
55 131
7 88
67 101
114 181
72 88
168 266
167 241
156 253
35 79
149 293
170 232
133 222
64 86
74 135
168 272
129 270
143 275
74 111
15 90
168 262
49 106
76 93
84 123
42 123
110 170
103 223
158 260
182 276
2 130
148 236
91 162
120 271
129 240
155 218
167 294
60 74
141 240
101 298
18 25
20 107
63 113
49 139
120 297
45 77
68 104
93 280
122 218
136 211
36 130
143 296
57 107
59 100
117 229
88 250
151 294
18 65
65 107
6 117
179 246
103 179
95 295
44 72
29 87
185 259
120 247
165 242
28 37
125 269
95 211
173 290
53 119
141 263
145 234
7 99
47 121
185 286
72 117
69 88
110 277
41 80
171 280
32 70
116 292
112 287
39 136
150 284
147 291
90 171
32 39
182 290
189 290
158 236
183 274
154 240
23 95
28 36
31 110
167 252
94 156
106 270
78 125
35 84
58 69
143 299
56 71
40 134
126 243
156 235
1 27
160 252
168 297
58 143
166 267
144 264
103 291
55 116
149 208
13 32
84 111
125 252
78 135
133 208
24 28
61 140
112 219
11 18
53 70
46 74
35 69
16 91
68 108
22 87
95 233
24 58
3 112
136 269
169 283
37 106
130 273
98 171
133 286
54 66
44 53
123 235
144 249
44 144
117 177
187 262
18 100
136 231
115 181
92 292
128 257
43 90
150 289
148 214
118 177
18 103
9 46
41 73
94 184
19 105
134 242
134 202
116 223
118 217
40 94
85 134
137 270
9 25
167 284
53 64
109 245
165 276
64 90
6 33
149 236
141 208
35 87
124 257
142 287
11 87
16 31
155 229
92 213
22 28
21 74
126 280
165 232
16 98
147 240
116 273
35 37
139 205
172 290
46 56
16 142
74 97
42 121
62 104
74 127
118 215
5 123
117 287
126 255
121 202
136 196
45 54
67 143
147 284
164 294
124 224
4 55
10 84
46 142
157 263
76 134
157 255
103 214
63 117
179 257
85 128
75 102
7 143
158 299
167 263
85 143
49 95
106 204
65 100
74 124
20 63
20 66
135 198
149 232
134 222
106 165
39 141
92 161
185 257
113 213
3 122
46 140
144 276
10 38
46 68
27 116
74 89
100 268
164 238
90 277
104 192
136 208
20 138
18 24
91 249
4 57
122 205
118 236
2 61
137 238
125 223
40 87
76 107
167 233
44 81
65 74
17 120
104 178
79 114
141 238
6 67
108 184
136 285
3 99
173 297
33 107
20 53
136 260
40 85
176 281
23 61
164 253
33 38
41 82
116 221
81 115
108 251
35 54
13 125
121 196
69 134
7 56
103 273
25 101
103 164
143 209
34 45
135 284
129 198
74 139
36 127
108 281
128 193
146 270
92 168
12 89
50 126
131 272
126 220
124 297
158 254
144 295
155 228
128 280
125 192
63 115
167 236
31 144
76 127
46 54
14 95
120 216
83 143
31 49
120 262
155 276
127 191
80 104
102 245
125 295
118 255
82 112
146 220
158 261
12 76
90 256
40 61
187 280
4 73
25 36
55 104
93 198
37 95
26 42
116 299
37 86
13 106
3 61
118 213
45 96
135 257
34 102
32 133
33 100
155 225
10 50
125 284
73 113
77 127
163 282
36 107
12 114
88 228
32 142
15 99
37 121
85 140
141 228
53 85
79 140
7 49
19 34
145 224
82 122
184 280
133 274
134 205
33 110
3 20
52 60
188 287
149 295
189 273
7 27
102 221
118 263
83 133
28 41
109 249
70 137
7 73
14 130
97 255
163 273
135 262
68 128
16 129
150 278
125 299
190 293
173 278
22 145
106 201
183 300
143 251
158 243
53 99
92 235
121 263
173 286
23 127
2 139
43 131
129 236
120 221
133 231
7 29
69 123
166 291
186 273
78 116
79 139
171 269
44 116
58 75
143 204
10 116
149 223
141 295
164 233
99 256
68 145
5 84
170 252
61 91
73 134
29 117
112 191
33 104
10 78
98 187
26 123
21 38
34 75
28 138
182 280
40 121
116 255
44 92
40 101
100 273
79 123
148 226
104 271
170 275
113 208
146 300
104 277
146 252
64 144
12 105
32 66
118 223
32 48
129 225
108 201
126 289
53 75
31 41
159 280
39 102
146 246
136 267
141 247
73 101
42 60
133 227
64 89
125 242
62 121
165 245
167 290
150 240
145 262
173 259
81 117
131 236
147 280
35 136
170 258
67 87
19 35
108 229
144 207
144 291
88 180
100 229
121 266
95 271
156 217
103 183
16 96
61 115
34 78
47 144
88 187
150 271
46 73
120 199
128 217
33 77
126 260
69 119
124 222
11 42
61 135
186 289
127 286
157 242
187 288
64 71
144 229
58 100
42 56
26 39
41 72
39 95
37 120
45 121
59 130
69 82
164 274
39 45
38 45
45 124
46 50
23 117
129 234
93 267
181 255
56 127
94 177
171 234
97 226
65 98
139 267
102 208
168 271
41 48
149 282
27 61
131 297
175 265
4 31
101 293
60 123
141 299
7 125
73 124
152 241
175 246
22 95
84 140
144 217
120 289
78 101
172 276
7 145
93 168
124 268
27 83
167 292
93 282
43 102
82 106
149 291
60 72
13 49
128 288
102 269
141 293
19 84
171 295
15 112
45 110
35 123
3 117
75 119
63 121
35 42
19 135
118 289
22 25
159 237
106 251
156 270
126 297
112 218
7 92
23 110
81 144
22 107
156 281
112 246
176 299
89 223
35 93
7 141
108 178
54 64
52 89
185 264
58 108
17 73
5 91
20 140
11 136
155 264
37 79
40 110
16 125
27 127
108 298
76 121
72 140
43 100
150 248
182 292
14 74
33 84
128 298
170 273
24 99
53 105
148 270
75 93
141 262
103 277
59 122
75 138
2 8
151 221
109 297
118 230
22 111
113 228
109 290
161 224
136 212
17 98
120 208
131 246
81 120
17 69
56 118
119 195
58 61
99 269
44 83
113 245
121 180
147 244
183 294
149 299
31 98
2 83
43 95
105 235
84 113
17 61
158 290
64 142
117 178
47 55
36 69
74 113
74 102
72 144
112 291
17 131
108 268
118 264
108 218
18 23
109 252
66 101
100 295
185 269
37 105
150 272
3 130
136 280
25 56
95 210
149 220
18 90
1 8
150 243
155 250
11 79
79 106
177 265
179 270
7 67
41 98
54 127
186 293
134 286
42 143
121 210
44 110
96 226
179 278
104 231
103 219
129 245
46 93
75 101
113 254
57 132
44 96
169 249
96 173
150 220
61 119
2 108
19 32
5 87
141 210
164 281
125 197
145 216
53 102
5 39
134 245
103 246
98 297
80 144
137 196
53 113
25 67
175 291
170 297
26 145
115 269
39 128
128 235
37 53
16 105
25 90
15 63
177 258
99 250
43 104
165 243
32 36
91 244
143 283
63 144
13 69
130 249
73 132
103 225
36 99
146 238
93 222
172 240
186 276
109 215
103 205
54 91
186 297
62 116
165 299
184 286
143 265
126 246
88 197
102 172
28 67
125 186
73 100
106 189
51 55
166 272
139 252
12 60
52 106
31 39
170 262
125 265
149 275
58 87
120 233
136 261
35 94
124 196
76 124
84 132
55 117
1 134
34 98
25 37
83 115
146 286
131 257
159 260
186 275
3 70
10 118
99 171
90 281
156 247
98 272
108 249
71 141
18 106
13 30
90 230
61 81
59 98
178 268
31 32
18 28
32 89
125 241
77 138
178 251
58 82
32 99
64 95
82 130
102 286
158 231
69 143
22 29
75 141
12 71
2 43
147 243
16 84
179 252
100 289
127 206
111 242
103 278
175 285
10 71
42 105
147 226
76 120
146 296
109 235
75 117
58 101
46 52
145 230
165 274
42 84
141 236
5 107
12 52
97 290
184 295
60 112
39 105
170 231
122 259
90 151
10 79
141 279
158 232
116 282
106 258
34 49
28 39
44 82
72 116
156 250
38 134
31 103
32 52
109 284
168 275
158 252
118 197
127 268
147 207
125 287
38 109
43 140
125 235
176 267
128 190
34 65
186 260
115 223
2 142
48 104
36 134
102 275
19 61
106 192
133 265
174 267
46 121
90 180
32 44
102 299
120 300
168 278
112 179
79 111
49 133
164 243
39 104
14 30
104 275
182 285
43 65
74 98
166 258
183 280
4 132
25 54
82 127
10 119
100 169
135 245
155 282
95 292
120 201
27 145
103 299
136 206
188 264
51 116
5 36
184 287
44 77
119 243
116 267
79 120
168 277
12 91
61 67
46 47
188 261
44 84
98 284
124 221
108 269
12 36
19 123
60 89
37 123
147 268
157 288
184 260
85 130
44 108
17 39
22 44
136 257
51 69
41 111
168 249
174 241
115 294
175 268
115 262
73 126
64 75
102 292
18 127
97 200
126 187
33 70
125 282
164 280
12 116
133 249
37 142
70 136
128 227
11 96
98 289
30 111
156 237
28 127
91 299
142 290
98 168
23 121
43 105
26 93
118 266
141 290
149 267
23 67
97 271
124 265
117 214
99 229
40 103
35 128
15 57
102 184
65 76
158 283
51 144
46 85
146 253
125 250
52 99
182 260
113 290
104 179
21 41
2 38
156 222
14 88
4 63
18 83
178 293
170 242
127 256
153 268
170 233
62 130
64 85
98 294
68 101
56 64
89 272
23 42
96 240
16 64
122 183
54 73
8 18
36 61
170 259
137 288
33 122
35 50
20 52
179 293
20 31
134 232
88 225
144 279
10 53
37 81
44 89
49 136
129 220
179 288
164 260
147 213
86 145
21 77
150 217
175 251
147 269
146 211
49 88
122 271
85 124
130 228
34 120
51 72
144 237
31 134
90 258
174 244
120 210
115 209
143 246
151 286
92 202
158 259
66 103
33 140
41 67
156 278
167 239
40 73
40 118
131 242
179 282
182 263
129 197
159 263
136 293
34 136
12 111
74 145
7 102
173 248
144 287
156 268
91 275
190 295
112 284
98 178
142 257
39 52
167 270
156 291
17 109
108 252
15 120
155 247
126 199
181 286
118 246
129 273
156 263
33 99
73 122
76 138
143 282
144 239
31 35
153 300
72 134
27 140
186 296
61 120
2 98
90 219
100 180
5 128
186 259
37 144
125 277
3 105
134 272
107 208
9 118
51 52
155 283
99 287
12 97
116 195
149 286
105 275
189 275
46 75
23 64
89 201
75 116
99 190
9 131
189 295
170 265
85 135
184 265
54 72
133 266
156 248
28 91
56 98
32 127
107 230
4 90
11 134
66 93
12 142
18 145
95 252
39 106
92 248
40 133
132 203
82 111
113 257
33 59
25 135
182 257
33 141
35 67
175 243
145 211
143 229
115 220
174 249
2 134
31 85
112 192
18 115
144 248
115 298
47 139
145 253
172 254
32 72
54 95
12 99
129 217
35 63
159 240
7 64
127 190
164 245
66 78
24 118
7 138
60 120
27 54
118 184
147 218
190 286
44 64
21 51
101 163
40 84
65 144
16 83
128 195
147 242
129 271
9 64
150 231
141 272
141 209
131 220
91 274
69 131
137 254
37 129
32 144
80 135
124 219
34 129
79 132
98 204
169 296
190 297
148 212
158 289
43 124
128 265
131 216
31 115
64 93
148 232
32 145
44 140
165 272
80 113
34 90
42 137
156 215
127 192
166 253
37 55
64 133
18 131
7 119
32 98
92 296
6 38
17 43
150 213
123 254
150 221
156 249
60 133
155 277
56 132
10 26
118 241
159 253
164 252
106 170
140 289
79 143
31 61
170 247
103 176
85 138
105 226
93 226
130 233
88 236
161 285
171 291
6 103
157 238
60 78
5 116
92 184
22 75
150 225
117 186
15 43
17 68
2 37
188 280
53 59
102 174
158 218
4 81
69 117
70 145
7 122
55 89
133 256
28 32
10 103
165 261
73 89
140 235
133 223
147 259
61 85
16 97
107 291
59 139
91 180
120 192
7 100
82 125
168 247
150 232
64 132
182 255
95 273
46 51
125 187
166 283
97 219
156 296
174 276
102 283
94 193
22 139
187 292
20 69
77 109
65 120
88 172
51 100
97 294
134 291
38 69
17 60
170 266
127 281
4 27
134 265
21 46
167 300
63 128
41 84
39 57
53 133
141 201
98 290
112 240
79 113
144 206
175 267
150 286
59 89
6 40
155 280
34 108
32 68
77 96
52 71
73 109
61 134
90 222
131 261
51 113
109 296
37 58
34 67
33 132
57 99
156 285
116 190
186 267
82 120
18 117
144 262
37 84
7 74
91 166
123 187
80 145
128 276
107 258
54 142
121 239
5 56
144 203
34 42
120 183
88 166
174 259
163 271
68 95
78 115
57 87
43 141
46 86
169 262
123 273
44 73
95 267
125 258
65 86
119 257
17 78
166 269
16 36
96 223
171 282
121 245
27 113
113 218
69 116
176 298
175 280
40 63
135 228
6 84
163 249
133 299
16 90
72 133
38 120
73 142
186 279
38 41
2 145
191 288
53 86
40 113
56 126
94 213
147 216
172 278
2 66
154 214
34 109
159 292
110 290
165 248
173 241
18 74
20 141
184 277
177 270
97 216
76 102
74 129
40 107
43 122
103 227
54 145
18 108
134 275
66 83
70 130
17 112
13 61
165 262
9 103
113 272
134 231
45 133
35 118
55 143
102 291
39 135
35 101
134 243
139 220
157 298
77 135
89 285
98 234
134 249
188 290
45 75
62 75
29 93
156 257
102 199
134 295
2 32
26 56
174 281
69 107
109 216
133 237
25 108
78 138
174 272
130 238
40 65
167 279
33 92
98 270
95 164
134 269
169 297
126 262
39 140
28 140
46 70
42 88
54 90
15 73
3 90
27 108
88 177
136 219
146 222
88 288
59 74
153 290
94 286
73 111
185 293
2 101
35 120
43 110
127 247
7 75
103 295
36 137
31 54
93 169
65 145
63 93
101 219
22 92
115 252
39 65
110 216
139 229
117 243
51 99
131 201
117 291
116 178
159 236
93 234
76 94
100 288
33 125
16 61
113 262
164 265
46 113
54 56
99 175
11 17
63 119
36 126
56 122
12 44
129 263
99 165
182 265
57 93
190 287
165 239
118 214
173 282
133 233
100 230
30 64
61 93
85 119
56 112
32 136
156 218
107 245
7 121
185 284
118 229
40 88
97 181
130 246
145 242
180 280
72 87
19 53
59 114
173 244
7 81
13 94
126 218
166 243
121 271
55 79
73 99
99 266
142 295
28 72
76 91
179 285
112 222
146 282
7 33
186 290
141 244
41 106
166 242
133 270
50 60
40 74
92 211
61 104
53 139
46 62
20 76
72 91
143 232
28 48
113 207
153 265
49 73
37 74
168 253
62 76
70 99
47 89
9 134
72 130
107 200
173 276
12 22
30 112
129 277
54 106
101 294
94 162
51 125
124 271
127 215
164 242
75 103
92 194
129 256
20 129
167 245
104 284
55 101
28 40
119 291
106 276
16 101
191 277
10 73
34 94
127 272
9 133
181 251
48 143
84 125
59 73
175 256
188 262
84 139
186 288
98 274
43 98
150 254
104 267
144 271
20 28
174 268
65 121
73 107
53 135
28 80
63 145
126 195
147 292
70 95
77 107
31 118
91 233
99 208
153 263
155 279
125 232
47 133
118 285
7 132
2 55
148 289
48 51
166 247
129 247
188 273
54 98
149 209
19 24
22 132
141 260
4 62
54 124
44 56
23 41
30 68
46 103
150 237
149 294
9 95
126 222
6 106
112 272
20 81
17 40
159 296
11 132
99 282
189 286
124 199
51 111
110 285
29 125
84 124
112 184
108 205
6 76
72 101
83 132
38 64
142 283
75 132
158 281
85 125
13 132
15 25
4 97
10 144
129 242
155 293
171 290
159 278
42 128
118 273
173 255
33 135
165 289
133 293
55 132
39 85
158 295
40 102
59 90
143 210
112 254
40 143
175 242
172 247
98 269
40 91
55 64
39 101
172 264
27 132
170 246
46 114
97 159
76 137
73 102
43 48
102 238
30 93
180 252
136 198
93 237
105 186
46 58
126 273
93 268
166 299
19 52
105 169
60 138
184 281
108 265
169 236
190 265
30 90
22 70
88 246
61 129
57 123
168 258
39 90
151 213
190 281
108 285
60 128
103 289
136 207
2 30
23 72
91 255
135 203
75 134
62 139
87 141
11 111
48 62
31 138
11 140
171 272
189 291
168 286
166 236
5 141
64 91
116 200
116 239
188 286
44 48
37 72
120 241
76 113
141 277
112 260
8 19
95 186
80 124
159 246
6 57
159 288
175 294
129 284
145 236
28 128
75 143
156 272
165 263
131 221
90 248
153 236
131 252
142 214
110 268
20 122
102 185
4 42
29 80
144 241
106 193
35 43
125 264
119 269
109 179
28 111
172 291
90 247
53 81
132 249
31 74
170 279
113 266
148 231
15 106
107 231
84 117
149 228
173 254
131 255
109 238
42 107
161 278
19 66
78 133
35 130
65 104
35 71
108 286
61 74
27 122
19 137
91 278
76 139
128 236
151 210
72 86
112 245
175 289
126 292
143 214
169 277
61 124
164 259
158 271
59 117
97 281
173 266
89 175
165 257
171 276
49 116
49 101
61 127
88 282
166 227
78 107
53 144
41 128
148 260
144 223
184 276
62 135
153 287
143 278
84 142
167 246
126 248
191 285
36 38
109 244
95 185
45 89
80 105
144 257
168 282
122 241
147 255
65 128
158 277
187 269
7 48
60 114
104 196
164 240
147 270
131 295
25 139
105 172
175 271
58 145
40 114
109 267
109 188
34 135
145 241
55 62
36 74
31 112
31 62
104 186
39 93
26 79
99 291
42 76
123 278
71 103
184 284
68 84
9 85
10 74
27 52
155 273
112 209
33 73
34 73
89 218
34 142
180 258
88 291
100 245
29 120
94 153
7 131
19 75
138 296
108 267
96 172
176 294
182 296
83 136
49 124
136 263
106 217
33 54
183 275
65 92
13 81
155 256
37 140
28 105
5 30
178 292
32 77
115 241
6 70
148 294
24 26
167 291
95 262
158 279
56 145
35 92
136 237
103 247
32 74
66 123
31 91
147 232
95 274
38 51
125 189
34 72
15 91
8 98
13 88
125 260
143 244
144 219
49 60
22 54
121 230
21 92
110 298
164 258
51 108
37 41
24 129
179 250
101 286
98 259
23 70
143 294
139 212
79 145
13 126
170 237
51 92
89 164
41 134
118 238
64 128
41 61
133 217
141 243
136 221
120 298
125 278
53 68
78 120
41 104
51 58
182 289
131 275
144 221
112 217
109 206
118 196
74 93
183 293
39 66
119 299
39 117
163 238
33 56
122 269
79 119
72 129
33 113
64 98
165 275
178 282
143 242
65 103
96 227
31 140
64 100
115 202
88 174
19 104
126 214
135 268
77 95
78 136
37 111
43 143
129 226
79 115
88 280
20 25
6 133
133 236
18 75
107 177
120 184
33 129
94 169
123 275
97 249
108 262
137 205
31 124
72 128
104 163
165 290
144 245
118 252
149 284
161 275
88 190
79 133
56 95
68 80
24 55
143 212
76 117
39 70
92 286
31 34
103 202
185 267
40 47
45 65
177 246
37 133
168 246
121 284
162 256
108 274
157 259
60 142
123 250
170 244
105 286
103 163
110 207
145 229
98 225
168 300
3 136
168 265
118 210
60 107
28 139
110 257
115 189
43 106
170 248
147 260
103 288
143 254
10 99
164 293
156 261
51 106
91 253
100 269
109 212
100 179
166 234
105 168
167 293
116 203
113 267
109 177
24 37
173 258
4 107
31 136
125 215
127 293
42 144
95 207
92 285
41 88
133 247
145 240
19 37
108 191
57 137
122 275
57 133
76 92
136 204
62 125
97 197
23 27
79 103
155 230
23 98
147 288
51 115
105 270
108 259
76 144
6 34
3 59
154 297
2 136
179 253
105 167
43 136
10 51
12 72
66 91
30 107
34 80
148 219
69 122
4 19
34 110
149 300
111 294
118 202
33 69
133 262
23 142
20 109
181 277
19 22
54 69
117 219
60 118
98 172
7 83
6 13
112 247
103 260
11 118
91 243
145 209
20 64
181 256
175 262
162 295
68 79
39 123
140 218
101 254
129 233
120 272
126 284
95 188
174 271
130 232
135 236
41 143
118 191
72 97
49 51
112 300
138 283
103 268
5 57
38 91
19 72
118 235
4 76
182 275
120 240
118 291
10 21
150 298
99 286
30 79
85 126
68 121
172 273
106 267
37 64
48 95
63 92
184 268
108 300
108 188
144 275
34 87
78 127
103 285
146 285
166 275
159 247
23 28
157 289
13 131
167 253
76 97
141 206
79 108
88 179
29 72
132 251
64 130
23 36
69 101
142 243
21 107
98 255
150 210
184 272
51 120
45 46
33 101
172 244
47 68
64 111
99 235
184 266
16 18
74 140
153 250
54 70
58 72
113 194
42 112
91 257
184 259
141 292
139 200
155 254
131 212
103 221
112 258
117 180
79 136
63 75
163 297
172 269
173 247
124 193
8 15
151 300
22 91
146 297
51 96
79 126
136 244
56 130
59 115
155 244
1 42
127 300
120 180
22 121
7 72
150 285
99 254
128 290
91 279
118 262
16 25
125 259
169 237
118 276
63 102
113 284
186 265
128 237
62 102
120 212
108 289
133 260
183 257
186 269
59 77
191 298
52 116
125 275
123 271
10 76
32 83
127 198
80 131
118 221
166 231
168 264
24 115
124 270
108 250
189 277
191 290
125 298
44 112
71 113
149 250
90 238
20 21
74 90
118 181
125 286
125 300
182 253
145 227
41 50
88 286
147 299
26 36
123 261
93 200
69 121
26 133
107 246
6 105
164 297
97 259
100 226
61 113
69 94
156 240
103 269
9 38
92 179
74 126
107 254
25 81
88 199
109 254
75 145
167 260
16 141
143 237
34 95
99 186
81 121
171 300
45 137
27 136
49 82
156 271
4 28
34 84
60 63
7 98
58 86
91 168
106 188
15 134
113 175
15 74
164 278
25 87
60 68
19 124
145 287
60 98
20 59
166 237
150 228
133 220
189 299
56 120
49 144
130 290
66 85
34 71
138 252
120 279
98 202
38 108
106 208
54 101
146 225
53 110
189 270
38 85
103 187
57 114
7 24
171 292
61 122
105 292
109 299
115 231
133 205
62 136
113 276
105 285
70 123
75 144
103 243
53 129
53 97
136 255
184 285
121 208
177 289
79 107
74 108
115 266
143 239
78 117
37 132
133 193
79 125
90 227
98 266
16 77
147 274
77 104
60 129
108 264
141 281
164 283
33 80
144 265
166 270
34 144
147 295
113 242
68 97
147 241
156 245
91 263
126 204
11 124
59 71
172 270
107 299
36 39
107 235
109 300
99 184
157 280
156 260
144 236
18 125
90 163
34 40
169 246
95 184
114 240
76 119
54 139
46 83
168 284
142 221
174 245
29 36
171 249
47 60
182 300
37 54
41 127
120 251
66 119
95 266
125 288
147 231
133 259
51 89
177 276
102 168
144 232
144 216
27 101
84 133
118 300
148 228
74 143
168 256
136 299
136 253
9 142
88 285
158 296
168 252
13 90
31 102
73 94
126 265
94 241
36 135
43 128
156 265
166 292
104 253
49 71
37 118
184 264
19 92
71 126
55 99
168 269
167 286
125 257
156 223
62 82
61 106
143 211
72 85
140 259
134 271
73 110
65 125
39 91
122 270
54 82
9 42
68 89
4 99
165 266
24 95
39 77
58 138
177 249
46 123
113 223
79 99
35 56
157 256
22 34
35 114
128 248
39 96
1 114
30 91
40 67
141 259
53 79
125 207
81 139
54 111
32 54
35 75
32 51
134 201
11 22
99 220
14 110
115 224
129 228
69 95
184 274
155 262
144 210
26 89
149 292
27 70
4 95
58 113
60 104
43 54
39 43
7 126
43 117
95 192
10 110
51 95
98 179
49 64
106 279
90 200
22 69
81 130
117 196
186 294
167 274
6 94
171 238
93 266
112 250
156 286
155 226
35 142
153 247
6 93
66 82
173 257
117 239
91 247
74 96
39 133
39 99
173 253
158 292
131 211
158 262
170 253
147 228
133 216
144 228
44 134
105 190
7 54
17 42
33 106
31 122
18 123
65 124
4 116
155 287
44 99
19 68
12 102
181 250
37 92
91 254
133 215
40 46
52 69
54 76
107 259
25 85
15 69
129 231
123 189
3 32
81 109
6 108
136 300
3 34
75 120
148 257
165 244
26 139
168 274
13 89
99 221
41 69
151 276
123 296
158 238
106 209
148 300
40 89
120 196
145 272
61 97
94 280
141 276
121 289
3 123
53 118
103 168
31 87
22 97
123 259
4 102
118 245
93 180
164 226
40 99
99 196
62 143
67 78
6 144
27 65
44 111
27 131
60 69
110 185
34 53
99 192
110 293
100 240
46 118
28 34
41 58
31 95
28 58
87 132
78 137
32 100
65 88
62 127
187 285
13 58
155 248
13 117
156 254
146 229
98 241
110 229
79 101
126 189
7 59
7 43
139 264
52 107
37 67
7 69
158 269
30 127
149 273
125 209
73 145
24 107
117 176
143 222
168 280
173 234
87 142
104 295
3 5
57 138
118 192
103 276
64 125
11 82
120 215
12 26
104 193
149 254
78 122
65 133
19 65
109 273
15 79
98 226
134 270
35 119
37 66
179 247
108 258
29 38
31 117
16 45
91 273
93 269
143 231
81 133
185 274
15 53
168 232
101 267
115 271
123 223
15 107
10 115
60 113
11 12
123 184
170 261
31 128
128 198
167 249
44 123
160 246
60 65
51 53
43 81
118 295
32 55
56 89
144 281
166 300
102 263
144 292
108 172
64 136
10 13
129 230
43 129
117 257
133 239
174 286
15 71
63 99
91 269
23 100
136 246
61 117
79 134
76 108
168 235
148 213
118 225
179 291
33 62
144 270
127 228
168 290
91 171
191 281
34 130
51 101
44 50
159 228
5 112
183 273
175 258
32 143
92 280
49 129
105 175
101 227
91 285
39 80
127 188
12 143
159 257
82 137
151 268
155 281
141 207
26 118
7 89
136 287
28 83
78 129
49 63
78 109
99 167
95 254
156 290
103 300
80 127
69 115
133 219
129 296
98 167
127 231
46 49
155 215
104 242
92 294
11 53
171 248
123 237
64 106
125 237
91 189
145 295
4 109
31 72
177 253
19 94
91 153
56 108
151 275
158 253
170 250
50 61
145 205
108 296
7 65
155 291
156 230
134 198
40 129
144 298
131 213
123 286
64 116
120 280
130 236
185 290
81 107
118 205
11 59
29 115
186 266
135 289
12 121
72 105
52 123
94 161
85 131
143 247
61 109
131 237
83 118
34 125
72 121
124 216
73 116
97 205
110 297
178 259
127 226
179 284
98 170
6 36
105 300
98 183
154 224
109 171
15 85
30 42
13 39
20 72
148 211
7 46
125 253
90 284
16 32
31 86
12 126
187 283
145 235
45 94
95 276
102 246
59 138
11 52
162 265
52 98
169 229
1 127
91 151
73 139
60 66
54 140
68 109
25 45
104 171
142 218
115 267
143 287
13 80
128 256
37 145
20 123
80 114
106 295
69 129
104 248
92 221
117 212
48 97
47 49
104 281
118 219
133 200
41 44
76 136
53 92
145 217
23 39
167 232
173 285
102 236
54 115
182 268
126 227
2 25
4 24
55 65
54 81
95 236
62 109
115 256
56 78
79 141
21 65
5 135
43 67
141 230
31 81
166 255
51 77
115 290
88 188
145 246
96 260
98 184
55 60
28 93
119 265
25 98
45 85
154 290
95 161
78 110
108 284
131 233
47 116
91 154
25 33
64 131
78 143
174 289
84 116
179 298
102 179
64 72
82 116
94 164
18 29
13 57
18 109
107 297
136 223
44 137
91 211
27 69
40 83
126 240
100 291
117 233
103 226
121 270
165 227
73 88
150 294
159 251
125 184
43 80
10 122
10 139
173 288
147 289
121 185
16 140
49 128
128 204
136 226
162 248
170 270
60 90
99 242
82 124
117 185
171 240
27 76
106 231
51 102
23 92
159 241
50 92
108 207
173 293
36 86
127 278
102 231
154 255
49 96
157 236
93 293
18 98
94 244
91 203
159 258
113 221
96 265
145 254
118 224
123 290
134 200
179 280
168 233
145 279
51 109
72 107
145 238
8 20
122 291
33 143
146 221
55 107
110 198
156 262
40 125
43 52
134 293
17 23
109 242
183 270
51 98
33 65
59 116
184 296
166 238
147 206
159 277
106 205
38 58
65 84
54 125
171 252
21 56
145 232
74 112
96 170
70 143
88 149
134 223
113 214
151 263
155 260
156 269
106 240
117 194
19 143
24 119
101 257
4 122
128 289
36 145
42 104
73 118
153 232
73 137
123 264
143 216
110 259
90 174
158 282
171 294
105 274
20 71
184 255
136 236
7 95
82 115
126 274
11 48
112 283
115 270
180 293
88 256
54 58
93 295
117 197
146 269
94 191
92 170
124 250
59 75
61 88
123 236
47 73
102 173
115 212
17 32
80 130
6 99
16 48
143 261
63 112
107 172
143 289
98 293
109 208
144 261
136 224
129 269
40 60
52 70
187 289
51 121
44 95
155 219
10 101
150 293
103 189
32 115
42 71
11 125
167 280
158 226
108 181
27 92
115 255
136 265
183 258
158 230
103 293
129 212
96 162
155 270
18 126
108 295
127 298
70 120
61 70
57 97
113 274
28 31
186 274
109 281
144 218
22 72
62 91
143 262
117 215
61 136
14 103
123 232
115 219
104 273
10 106
167 278
131 282
167 269
169 281
15 139
179 259
123 249
16 144
119 222
89 236
107 196
46 81
132 231
48 140
126 277
124 267
16 95
66 104
51 67
62 84
133 285
98 180
158 274
97 296
56 139
55 115
47 109
159 271
118 200
166 252
136 279
5 96
58 60
143 280
37 108
17 49
124 197
19 118
33 88
147 236
95 281
144 260
90 269
85 120
145 267
44 61
115 287
129 209
146 212
39 121
109 207
31 107
131 229
128 230
104 200
101 273
126 197
172 265
78 112
31 80
155 239
22 66
115 246
4 33
127 241
37 110
62 79
172 268
37 130
72 135
129 276
95 293
133 280
44 59
80 109
149 283
54 132
165 288
26 43
45 131
175 299
33 66
16 19
37 128
28 70
58 66
63 141
133 281
153 295
122 214
144 293
33 49
170 274
31 139
131 269
71 89
120 224
127 276
105 236
22 133
159 222
11 69
150 251
156 251
124 273
68 125
129 268
164 257
32 42
73 125
13 85
127 291
172 234
118 206
51 128
172 248
86 130
178 299
99 158
34 123
117 184
113 198
46 66
173 295
20 108
178 266
124 264
65 85
39 79
148 269
76 116
111 281
90 206
12 101
168 238
71 122
9 13
68 98
136 284
40 120
105 209
141 202
171 239
128 238
36 57
109 226
17 139
97 221
98 229
23 54
56 104
25 74
127 222
164 247
72 145
148 250
132 232
104 236
141 200
45 139
106 246
112 195
118 296
5 23
112 199
33 78
4 34
136 281
153 220
18 19
167 251
23 108
44 121
149 298
32 71
190 283
77 121
173 264
10 127
5 40
103 212
157 279
53 142
58 97
103 281
103 170
40 78
39 94
106 256
115 300
175 295
66 110
62 94
181 287
150 227
64 110
124 249
129 218
32 97
143 236
48 138
51 86
125 231
35 40
165 237
61 77
48 59
125 199
39 76
164 263
145 245
133 288
78 140
143 250
111 170
26 38
166 289
181 279
139 207
164 256
113 183
53 112
46 82
150 223
46 115
31 93
105 223
124 274
34 38
43 135
175 248
107 269
182 299
61 116
27 75
155 258
33 41
58 116
22 89
123 245
129 246
45 117
183 288
139 253
112 189
31 75
53 115
150 226
32 33
69 80
106 190
129 243
125 212
53 94
73 92
97 284
112 224
136 275
115 279
168 243
17 70
4 130
111 179
12 29
17 25
106 203
69 140
45 116
109 214
108 299
144 211
126 283
189 274
53 74
22 103
39 61
120 244
189 282
188 281
37 62
100 282
180 283
152 291
111 297
9 100
121 278
7 60
99 255
54 118
38 94
2 9
172 233
129 203
22 42
98 219
145 215
16 118
40 137
103 271
159 273
89 179
168 270
80 110
55 126
100 186
94 154
166 287
27 82
21 62
2 78
112 268
150 266
106 210
112 223
127 269
46 78
161 235
64 81
31 69
31 73
173 251
173 279
133 206
88 251
27 74
107 276
148 297
121 268
19 63
71 136
29 136
20 36
138 222
65 80
28 69
92 234
190 296
31 47
91 183
77 113
97 299
181 296
127 225
118 239
82 118
82 134
127 275
22 105
106 264
133 255
25 96
131 294
147 297
33 82
150 283
21 98
112 229
69 126
141 237
3 131
28 131
129 272
113 277
73 105
42 108
69 103
171 247
44 120
117 299
99 217
46 109
43 53
133 192
59 110
126 202
154 287
33 71
7 117
7 82
60 139
112 196
101 216
15 119
166 271
2 76
18 50
165 293
149 290
46 89
92 255
39 131
34 107
98 157
29 88
145 260
24 77
128 287
23 140
116 259
178 298
112 173
39 126
39 134
6 143
173 270
166 264
90 300
147 237
184 270
143 288
81 113
53 107
182 272
124 243
20 73
44 66
37 109
126 201
166 279
49 121
44 97
9 104
47 111
107 283
129 264
85 136
97 162
24 48
104 240
37 116
12 86
109 271
97 207
147 277
33 90
156 227
4 93
47 56
33 102
29 71
10 43
164 295
6 45
41 79
25 125
159 218
155 263
20 125
175 274
145 212
100 256
117 232
28 98
116 262
119 293
100 259
136 199
144 244
168 298
7 25
11 143
165 279
136 259
184 298
3 60
128 286
128 291
53 78
179 248
7 129
186 268
91 227
106 202
57 142
120 290
46 97
62 107
89 157
46 92
159 249
137 245
135 274
7 70
51 82
173 272
59 124
15 138
113 251
98 207
150 281
111 204
69 113
2 113
36 114
2 48
178 274
75 136
4 11
111 192
118 208
123 208
37 112
28 57
144 288
28 115
39 112
161 251
17 135
174 284
118 269
141 256
158 300
16 17
11 56
185 299
39 92
94 278
15 72
62 129
10 86
11 50
12 98
53 73
22 41
156 264
31 101
109 240
89 297
93 215
6 136
64 82
87 145
137 244
55 88
103 297
168 230
143 226
80 129
4 66
106 284
126 216
137 236
7 35
159 248
135 220
123 224
15 103
28 144
145 261
91 271
16 56
24 141
37 50
186 291
95 280
4 17
49 59
73 119
3 26
159 272
106 186
6 9
183 259
96 181
51 60
120 281
16 139
136 248
133 234
91 276
157 221
46 130
68 126
134 268
63 82
105 277
164 266
44 118
59 125
28 79
10 124
91 237
145 218
147 212
104 226
8 139
23 132
163 294
179 277
32 101
110 235
20 79
148 244
155 298
159 285
142 217
112 202
142 285
103 206
128 192
39 137
170 281
77 112
17 33
184 273
188 296
76 111
172 237
75 109
114 179
75 123
183 268
159 274
17 143
76 98
170 277
61 132
99 296
56 88
144 240
120 275
46 100
13 120
13 75
93 167
114 295
16 29
77 136
41 114
76 109
96 291
37 127
89 207
51 118
145 252
84 128
126 236
53 130
138 217
159 291
172 299
44 51
133 264
70 105
62 140
80 141
99 189
90 201
16 121
161 256
46 53
168 261
11 127
130 224
7 38
27 35
45 82
24 32
55 63
90 254
163 292
135 243
157 271
96 245
156 233
150 236
144 267
59 67
173 243
142 208
126 215
95 272
182 269
146 265
32 126
66 106
23 34
30 101
145 300
68 90
168 283
38 121
59 145
31 71
3 50
36 104
30 38
136 278
170 240
11 70
179 261
74 117
83 145
34 51
103 259
72 103
63 91
46 69
59 96
164 244
142 255
158 270
95 174
109 220
168 242
103 230
188 284
114 230
4 105
185 272
43 87
47 104
84 122
55 110
183 276
48 91
149 221
149 235
179 290
125 185
168 236
98 232
109 184
106 178
12 80
83 131
155 259
147 245
98 236
141 294
26 29
68 144
51 62
23 79
25 44
162 290
17 126
16 49
27 84
173 265
59 97
57 67
174 290
116 241
32 130
158 287
137 257
136 238
78 99
35 140
127 250
153 234
6 138
6 86
41 86
136 220
135 286
108 223
70 124
129 206
50 138
174 280
151 212
121 197
20 91
100 176
139 247
91 160
36 117
61 95
23 111
24 130
63 86
63 103
128 210
53 72
39 40
108 217
174 295
97 288
99 195
45 67
37 39
43 71
22 80
107 199
63 122
21 48
75 126
168 291
18 129
172 294
28 113
62 132
110 212
102 190
90 283
150 263
128 266
22 51
62 92
34 41
189 297
11 71
189 276
62 133
79 105
46 112
147 261
147 219
27 94
37 69
100 231
44 86
45 105
33 85
25 109
90 263
162 268
22 84
60 137
74 99
39 48
133 284
128 188
28 120
28 143
39 41
129 265
88 155
46 71
170 236
116 229
74 142
168 289
57 72
170 255
144 290
151 293
98 233
13 53
127 271
129 248
69 132
12 58
70 86
126 251
54 93
46 55
90 259
178 285
35 91
104 191
41 139
41 54
95 218
133 282
124 260
93 165
139 277
11 46
98 245
190 285
7 18
73 97
119 258
134 258
18 88
6 47
90 242
189 264
86 128
98 159
112 231
95 259
10 94
99 279
158 272
127 193
66 108
6 68
150 292
100 199
179 295
109 176
138 250
129 258
77 100
145 284
28 87
130 258
107 292
141 249
124 296
98 237
169 251
190 268
71 132
5 131
4 9
167 237
127 229
25 141
83 126
86 136
166 285
109 287
127 224
60 88
181 266
37 143
158 221
164 272
71 124
22 100
41 142
82 123
16 63
176 251
165 236
52 72
17 80
176 270
34 46
144 225
98 177
134 251
79 97
91 298
90 260
31 92
4 16
164 276
27 99
135 222
140 262
20 93
19 112
22 93
103 201
118 294
86 122
22 123
137 225
18 48
99 237
149 218
93 263
55 109
109 236
70 142
44 49
163 300
190 279
53 90
136 201
49 130
12 40
104 203
107 203
69 90
45 66
91 193
38 97
160 243
115 276
8 46
63 74
53 131
48 96
65 87
26 32
58 132
116 208
139 233
184 297
88 293
23 74
167 228
134 276
142 296
13 136
63 131
129 261
172 282
145 223
83 113
150 249
127 267
150 239
61 100
131 280
25 53
91 291
14 48
120 186
181 297
147 235
55 92
191 275
28 84
109 175
41 62
19 93
37 51
142 228
54 55
28 73
190 277
43 130
118 183
165 235
36 52
33 43
144 238
64 83
33 131
156 228
90 225
40 97
88 198
37 137
99 261
91 204
114 235
58 102
156 226
6 98
4 98
170 293
47 84
52 90
145 243
91 272
137 287
37 75
51 119
71 135
28 78
7 113
134 209
148 290
170 257
187 268
94 289
108 230
91 235
50 72
128 201
29 48
5 51
134 197
115 230
139 299
146 241
76 118
7 123
168 273
175 254
136 225
174 248
134 235
50 122
143 273
103 177
98 264
161 272
56 83
34 113
78 132
40 104
11 30
19 99
121 224
134 300
95 263
53 136
95 239
113 201
22 98
30 41
96 211
174 275
136 292
6 92
34 39
182 261
60 111
35 111
53 120
108 247
164 277
144 255
125 204
130 190
98 238
59 144
22 94
191 283
118 257
149 251
94 203
27 112
147 294
65 109
154 266
37 80
41 97
126 252
35 105
104 197
88 263
71 140
102 197
118 237
59 129
3 139
133 289
44 101
189 298
188 277
115 277
17 132
144 285
33 37
19 48
70 127
77 126
183 286
102 294
92 182
106 194
68 93
39 83
34 76
32 88
133 207
43 89
86 144
31 46
179 263
61 96
125 196
148 207
104 269
137 269
95 220
102 193
155 243
16 108
32 121
54 131
118 185
105 265
41 137
186 284
156 292
146 275
97 273
104 265
51 59
150 233
127 227
170 235
146 260
98 210
141 288
43 60
35 80
134 204
158 235
15 96
19 140
87 138
31 68
37 42
17 77
78 126
155 261
28 74
47 143
22 64
93 216
4 30
103 195
119 180
22 122
78 139
77 110
47 72
181 291
120 222
109 202
104 234
175 241
61 71
150 287
33 63
99 212
28 63
88 284
173 269
53 80
64 97
183 254
59 83
99 185
41 95
2 7
54 134
146 217
41 117
143 220
136 202
93 179
190 266
129 278
133 218
46 128
109 258
36 60
28 117
182 284
55 103
108 224
148 223
102 164
158 233
39 97
156 242
141 268
56 81
130 289
108 213
106 237
159 293
98 162
107 285
51 78
49 125
67 140
174 265
148 221
135 255
13 17
129 279
155 220
33 145
118 195
20 116
188 300
38 86
144 208
160 297
117 222
35 100
28 100
93 254
14 120
72 112
136 252
98 215
68 105
44 109
16 27
90 204
31 37
150 234
66 122
42 80
135 194
102 281
177 244
104 219
60 125
46 59
99 160
68 83
90 183
163 256
38 57
59 94
149 296
165 269
72 115
37 115
49 118
46 65
35 48
155 217
7 79
11 84
108 170
64 88
72 102
125 200
143 249
99 183
131 271
78 141
91 245
143 285
112 271
107 287
65 134
129 193
47 63
71 111
171 253
175 298
43 75
190 270
185 300
34 68
191 294
168 292
140 285
120 296
112 269
161 287
147 238
92 254
112 265
44 46
144 209
12 39
27 28
61 126
84 136
102 248
40 100
46 122
23 118
85 129
88 257
149 274
175 255
40 141
144 259
159 242
44 70
49 140
53 116
59 70
99 289
48 90
143 223
128 218
128 241
100 258
157 231
55 83
29 124
107 251
159 223
189 281
83 140
118 281
115 190
7 142
144 258
53 83
40 58
7 80
145 207
19 83
32 106
92 288
146 209
5 129
109 295
10 75
149 276
7 68
109 189
47 74
141 211
84 134
63 124
10 66
109 228
8 9
55 145
35 77
143 264
139 278
93 240
34 50
38 93
102 165
150 241
174 287
109 298
40 132
44 60
64 108
182 278
157 244
30 50
11 37
63 139
18 52
134 216
98 196
39 71
45 98
45 47
130 235
88 159
130 197
91 262
75 112
190 274
139 294
104 237
67 84
129 223
37 76
85 133
61 78
112 193
132 254
115 192
145 285
124 278
144 282
110 247
149 262
191 300
148 285
109 197
103 203
126 207
41 131
87 134
106 274
119 188
5 140
128 208
72 122
184 279
148 262
169 239
164 234
45 100
17 127
16 21
46 133
185 260
147 211
133 196
129 195
181 270
156 299
59 106
105 245
98 217
39 119
48 137
24 126
74 119
102 209
144 242
22 143
93 210
78 121
164 236
185 263
100 279
144 273
146 281
69 133
127 263
167 276
87 130
188 295
3 53
169 270
164 262
128 258
168 257
106 196
26 86
191 297
68 100
82 144
157 275
37 126
181 300
11 114
173 292
57 117
57 80
92 199
25 79
129 215
174 262
7 28
128 278
115 191
159 269
150 268
181 278
77 122
174 239
45 112
173 273
147 224
104 289
173 237
184 275
150 291
23 101
96 178
47 101
127 187
51 129
28 71
58 80
29 61
103 266
41 136
24 78
147 227
62 118
19 31
138 234
131 277
3 44
53 96
79 104
39 49
16 111
46 126
109 293
31 104
166 294
4 143
43 92
86 134
39 86
4 88
16 99
143 291
41 108
136 271
89 274
145 276
53 104
3 25
166 261
67 83
145 228
52 136
153 233
125 273
163 233
104 241
177 263
134 274
38 104
33 60
49 110
108 273
127 186
7 91
90 162
94 174
141 297
127 297
98 298
95 190
146 230
82 139
64 74
102 240
55 137
176 258
120 283
97 300
178 287
41 112
129 250
150 219
129 188
93 197
27 144
130 239
146 291
94 260
116 269
120 269
61 138
127 223
24 134
177 280
88 300
21 63
1 61
49 98
92 245
186 270
133 242
183 266
51 122
185 296
129 287
132 263
116 242
29 47
119 181
83 141
128 299
19 55
109 227
46 129
149 238
16 43
99 180
112 281
133 202
59 118
122 255
81 105
56 82
185 288
27 104
39 132
43 94
183 269
98 220
168 254
183 265
162 227
26 111
90 202
149 287
112 267
147 276
125 206
15 115
5 26
128 200
40 105
102 244
149 224
135 280
2 99
97 283
109 219
155 288
121 234
157 270
157 282
6 32
124 283
112 180
88 210
91 226
135 258
93 299
88 209
53 121
181 258
46 107
33 97
99 267
28 88
88 148
83 135
136 264
69 104
165 287
146 292
113 286
61 72
141 215
10 57
104 263
118 293
23 85
4 120
104 190
16 22
46 132
183 264
133 257
172 236
4 100
130 280
75 128
108 202
24 35
188 276
161 247
136 214
11 63
93 277
90 178
104 243
36 40
27 109
110 289
46 125
26 122
177 279
139 265
136 195
125 294
185 275
129 202
56 109
54 129
18 73
159 283
136 234
56 68
79 116
126 279
72 96
64 113
96 190
134 238
98 285
89 183
120 239
159 270
79 144
31 79
88 245
34 128
39 127
40 71
133 277
88 200
98 185
97 178
123 219
99 281
17 110
144 231
166 235
9 47
166 246
91 219
146 219
28 119
47 76
45 132
44 80
35 132
124 288
128 253
70 101
109 217
145 290
117 256
67 123
55 76
154 241
51 107
2 103
78 142
125 291
43 113
55 100
98 248
182 259
13 74
186 281
55 98
51 110
167 254
53 123
124 184
76 143
134 217
91 282
159 229
173 299
136 289
75 94
66 111
110 202
126 256
46 136
102 239
117 289
22 125
126 242
7 52
62 80
93 176
1 83
103 178
31 58
31 44
183 271
23 131
133 294
189 266
169 273
181 271
133 271
104 201
167 297
88 229
13 110
126 287
55 105
99 285
175 239
136 232
31 43
88 264
61 107
79 122
133 224
149 212
30 141
62 126
69 109
81 143
126 271
42 97
110 237
106 213
69 112
148 259
34 106
144 204
150 296
18 112
41 65
14 71
95 268
102 175
44 57
182 281
59 120
171 279
96 255
16 132
37 43
144 268
5 139
92 242
170 272
33 35
117 231
95 299
9 129
103 292
168 295
182 282
154 295
122 283
93 178
31 33
90 186
181 292
170 278
140 215
18 137
145 293
184 290
148 245
46 120
106 241
91 161
80 107
21 132
44 115
190 267
133 209
80 140
167 234
127 252
97 228
149 247
103 282
16 104
150 267
124 293
88 272
179 274
91 215
20 42
166 228
34 117
107 226
34 66
6 7
154 289
5 120
98 261
67 137
136 222
90 196
70 118
43 64
172 255
12 69
27 58
179 249
16 143
37 68
18 116
127 202
92 160
36 119
91 156
109 280
103 234
35 115
62 89
95 223
145 214
31 105
189 265
112 197
124 247
19 117
145 249
61 133
80 126
92 171
55 141
41 66
11 101
172 245
92 228
55 96
15 45
32 69
182 254
72 141
184 288
35 57
153 255
78 108
101 169
102 219
101 260
171 255
62 73
64 137
58 134
164 291
145 248
61 118
122 235
133 241
51 73
104 287
189 271
156 255
97 298
62 105
7 36
158 219
33 137
40 128
64 105
188 294
91 210
189 289
99 245
4 39
155 235
13 109
147 215
72 143
103 280
137 215
141 280
172 259
101 188
77 99
154 239
135 201
191 286
47 91
54 79
151 234
11 58
45 72
56 57
11 35
21 118
91 234
71 91
43 119
46 88
27 59
44 78
100 252
35 121
16 44
140 283
126 217
115 227
76 122
59 64
70 93
84 126
29 111
92 223
83 134
159 235
2 122
107 189
61 121
167 287
83 121
44 65
119 207
158 273
61 131
145 299
57 104
87 131
53 127
112 201
103 194
184 257
128 245
98 275
140 216
103 169
84 119
69 96
96 200
48 76
166 278
159 281
133 195
145 208
28 65
90 170
73 87
15 100
143 279
114 297
73 104
188 292
104 276
100 164
34 64
143 218
130 253
49 58
104 228
172 246
168 234
170 290
72 110
48 123
81 103
42 113
57 83
181 252
27 118
45 141
129 205
141 216
140 221
103 298
37 65
177 273
47 95
48 60
43 111
144 215
150 255
91 266
166 263
65 129
39 47
159 221
144 233
98 188
149 239
5 16
17 87
37 52
45 69
8 67
144 272
32 109
179 296
55 123
5 97
33 144
134 211
26 96
120 258
94 265
90 165
46 60
58 120
107 201
80 137
136 286
49 68
103 216
27 78
91 196
24 131
115 237
126 185
83 116
57 95
15 42
134 289
36 110
165 228
32 47
131 256
48 132
21 30
15 80
75 124
151 231
182 273
109 243
146 251
39 54
128 279
98 182
6 145
35 58
1 72
115 176
88 192
171 256
73 115
98 230
101 201
115 199
113 230
38 107
65 108
65 91
26 33
57 102
179 276
5 125
186 292
174 243
166 256
18 138
49 103
13 86
101 207
108 226
63 134
28 92
20 46
59 68
183 277
16 60
152 296
7 12
47 92
165 238
31 83
6 85
21 102
146 218
73 123
10 17
59 126
65 126
175 249
72 123
22 115
148 227
45 138
34 104
103 192
11 28
141 226
39 100
42 98
31 90
95 225
47 94
52 114
95 289
153 251
107 236
120 263
76 106
60 67
61 145
101 202
106 230
2 114
110 294
84 138
61 105
133 212
72 126
93 163
115 296
88 193
47 58
28 53
33 142
33 94
54 102
42 141
125 217
16 35
7 8
138 251
73 131
72 111
149 226
72 93
21 99
41 121
144 212
44 47
18 51
155 290
24 61
7 42
103 296
100 265
109 186
88 244
150 299
17 79
162 249
98 278
40 112
11 110
13 127
34 145
128 252
166 277
182 270
154 216
64 73
38 112
98 242
128 297
90 243
82 126
5 47
171 266
39 75
53 76
183 272
155 274
173 281
24 63
17 46
60 110
167 288
20 86
107 264
37 87
150 218
121 300
178 264
158 245
165 270
68 133
144 274
107 271
183 296
10 37
108 197
95 285
12 35
156 288
16 66
143 208
18 31
164 284
99 206
123 267
155 269
77 120
118 186
158 244
184 258
159 220
136 290
32 113
10 67
51 105
75 115
177 277
158 239
132 226
92 272
25 63
61 86
133 203
29 99
147 210
75 140
49 90
40 48
150 245
113 231
7 9
28 122
2 71
33 40
123 183
101 183
26 104
42 52
20 50
158 275
165 240
146 294
112 236
107 166
53 89
63 105
60 87
129 190
155 222
82 119
11 77
173 274
26 114
110 191
176 278
3 89
150 230
54 121
145 219
59 134
45 50
91 206
4 67
42 53
144 252
61 73
19 70
127 194
164 225
3 62
60 82
145 210
99 252
29 59
19 67
154 273
126 250
159 299
120 255
109 181
33 128
57 77
19 88
177 272
190 272
42 109
176 274
158 280
20 121
41 90
27 77
147 278
136 229
102 255
166 281
2 132
136 210
91 281
69 128
79 110
66 95
109 213
19 115
177 286
23 45
145 225
7 144
121 238
85 117
166 262
118 201
28 77
116 298
64 123
183 289
23 32
131 248
110 243
6 87
71 133
33 130
105 291
78 104
25 29
112 190
156 293
182 274
16 120
40 76
122 260
115 182
53 71
145 263
44 138
100 222
104 189
139 221
55 140
90 210
181 276
136 249
40 119
131 228
16 71
27 30
72 92
147 265
39 69
156 221
90 264
12 130
145 251
116 226
130 207
146 271
12 78
97 293
49 137
97 243
9 92
76 128
34 132
110 183
56 97
33 127
59 105
168 228
143 215
129 253
116 280
15 135
15 83
146 236
93 175
187 275
126 299
114 262
124 244
183 284
164 235
33 91
43 70
37 134
47 103
16 138
112 207
152 300
147 300
76 140
88 227
126 276
7 57
125 203
53 63
104 245
98 288
39 122
83 123
123 217
155 251
149 272
3 83
91 225
141 254
39 62
2 116
133 275
56 85
76 112
173 268
98 197
112 282
165 278
145 286
42 62
178 247
110 250
167 268
76 141
60 75
34 127
169 233
23 26
145 239
62 137
43 120
127 216
129 285
69 81
118 298
126 244
17 95
170 234
18 93
129 194
167 296
121 272
108 182
34 36
93 252
76 110
10 28
68 91
152 254
128 207
99 211
127 260
11 112
159 233
81 142
167 247
67 88
82 132
64 79
64 87
95 258
103 211
135 208
82 140
125 190
29 43
5 9
158 227
175 264
113 229
92 181
165 282
11 119
18 60
148 292
113 268
73 114
164 248
70 144
91 220
7 96
15 92
58 103
12 77
4 61
155 238
62 74
11 47
105 197
173 277
34 99
124 292
150 242
133 230
125 266
135 235
17 115
97 234
73 108
72 98
28 124
107 267
15 19
46 101
182 283
134 224
168 240
179 281
136 243
55 106
191 299
144 224
17 105
174 250
121 259
17 45
7 120
149 219
92 157
124 194
144 254
77 125
45 80
184 293
150 288
40 79
49 142
107 202
126 186
115 213
44 124
103 238
183 263
79 112
169 299
84 121
157 220
190 290
109 190
86 139
133 269
18 43
51 114
129 224
24 79
92 224
124 253
129 251
125 272
59 123
18 57
108 174
104 204
95 277
183 297
182 287
125 211
16 102
49 134
73 141
16 28
62 141
56 105
35 143
58 105
73 140
61 94
127 221
60 95
136 277
146 283
144 243
158 278
100 243
186 271
118 216
190 294
136 205
125 251
159 259
97 275
28 107
22 118
104 256
20 80
187 291
36 109
135 300
144 256
56 76
33 36
76 115
125 219
2 33
56 144
38 114
147 221
24 33
98 252
2 92
159 227
48 114
137 289
128 284
114 192
121 213
142 246
55 138
152 233
123 255
78 103
27 33
180 300
73 129
131 192
65 81
114 220
55 118
123 229
51 134
117 235
172 275
6 120
131 273
98 299
186 262
105 268
13 104
121 250
126 266
20 94
169 243
105 278
5 86
11 98
63 100
45 115
98 283
54 60
68 86
55 93
136 251
126 230
179 255
109 223
109 194
65 83
168 287
59 93
112 226
103 174
14 26
16 106
62 134
131 289
7 78
184 267
149 265
168 251
58 127
93 154
54 141
143 300
118 272
69 84
145 297
136 242
126 241
94 261
39 114
41 110
70 91
49 80
42 90
167 266
163 266
22 52
144 286
68 129
155 232
117 300
68 103
85 116
33 111
37 45
40 131
50 117
135 293
112 289
40 62
21 97
145 222
113 205
31 119
164 231
47 85
56 136
173 271
3 55
41 133
15 118
32 43
53 91
80 118
128 189
106 294
49 135
155 292
58 83
116 222
46 72
165 268
46 95
125 233
146 227
121 240
116 219
107 204
56 134
110 276
15 38
178 284
29 114
43 133
163 226
172 281
159 300
51 81
170 254
67 104
74 137
2 86
90 167
72 100
145 258
49 66
80 106
55 122
47 132
142 266
53 101
164 298
75 111
188 266
107 188
115 185
82 108
54 74
78 124
145 237
22 65
27 43
117 255
22 106
7 128
45 56
12 53
78 145
106 247
144 253
58 106
36 124
153 257
94 266
127 199
74 123
164 232
56 123
62 108
56 121
62 112
136 235
5 53
179 292
3 102
18 54
34 137
65 141
101 239
84 120
33 76
20 82
103 232
7 85
12 74
167 229
58 118
124 225
7 20
139 272
15 54
158 288
143 274
16 112
92 197
31 70
23 139
105 231
136 209
171 257
109 264
115 236
32 41
74 125
76 126
46 104
84 129
103 162
160 264
118 188
74 122
8 17
132 262
46 141
186 298
165 225
136 256
109 272
90 154
112 263
81 111
56 65
134 208
61 83
103 248
12 46
93 238
146 279
63 96
98 249
133 243
131 217
37 59
7 77
153 213
90 190
150 279
108 216
174 294
2 52
155 221
13 112
139 273
134 280
188 297
183 292
146 264
127 189
60 145
23 125
88 208
103 173
133 291
6 60
151 289
151 285
95 222
182 297
15 78
76 100
64 122
126 221
75 130
104 174
136 282
115 282
99 215
114 269
72 106
103 228
23 136
64 77
133 267
156 216
188 279
47 118
6 125
73 130
16 145
129 288
178 277
14 94
161 238
108 271
16 70
112 279
45 140
149 215
16 39
103 222
128 296
117 195
98 300
105 212
59 104
94 290
27 44
104 216
97 218
141 221
93 159
91 256
128 221
109 257
16 24
39 58
69 139
144 278
41 56
12 129
86 132
103 284
80 142
112 198
191 274
183 260
108 167
160 293
90 249
164 267
158 242
148 258
22 134
66 125
20 104
177 250
126 254
65 127
93 173
165 294
29 145
22 71
3 52
92 238
113 219
118 222
159 276
178 257
116 274
24 122
71 114
85 144
11 137
16 41
155 242
71 86
18 114
59 133
80 123
40 70
40 59
56 63
13 129
69 118
72 137
17 19
18 20
129 266
59 108
187 295
177 252
39 51
66 107
118 261
27 96
157 285
41 105
174 247
64 118
22 85
122 261
142 280
113 260
76 101
141 253
28 126
98 262
71 97
95 237
38 49
15 20
7 22
166 245
115 285
34 63
149 213
139 214
143 233
87 144
128 255
129 262
149 245
48 99
157 223
150 211
59 103
18 70
60 80
39 138
49 112
106 293
76 104
73 135
20 139
98 292
110 180
91 250
137 216
95 195
162 263
156 280
139 259
179 251
143 253
3 86
18 39
45 107
99 176
53 111
134 215
44 113
10 61
93 287
34 54
63 142
37 70
145 278
39 72
36 68
99 223
151 242
100 271
99 236
159 244
15 94
33 139
177 299
143 228
159 286
69 111
86 141
108 233
9 39
149 271
125 224
100 181
61 75
26 99
157 290
65 123
34 111
115 197
155 300
32 132
68 82
157 250
61 84
95 241
153 281
37 78
79 135
10 35
51 63
166 259
127 279
115 179
32 91
126 203
98 214
98 265
17 58
143 286
166 280
185 279
41 94
19 39
72 109
98 223
120 257
30 126
57 75
60 64
153 249
120 213
22 60
103 275
179 271
42 45
129 189
106 218
56 101
131 234
41 144
100 159
64 96
62 88
19 58
14 55
134 225
112 297
80 133
60 135
187 263
11 44
190 278
68 96
6 10
131 200
28 42
176 293
41 77
33 121
56 75
156 224
169 279
118 250
159 264
136 268
118 280
106 219
107 247
62 119
109 178
104 215
126 193
23 145
77 114
131 203
73 103
95 255
156 295
149 268
156 231
46 117
118 283
127 249
156 266
14 139
164 230
24 120
44 55
18 40
60 127
58 141
49 57
7 31
3 140
22 47
88 153
176 242
36 56
149 242
170 268
77 105
107 275
16 23
166 273
178 279
179 287
119 270
72 99
83 127
135 259
172 277
15 28
98 190
166 233
90 273
172 243
145 281
129 213
16 134
127 209
13 114
88 260
38 133
37 38
58 104
53 56
164 250
55 80
147 279
70 88
7 30
21 64
143 257
32 37
145 250
34 133
17 130
83 144
20 40
35 125
43 93
156 238
149 230
114 202
62 124
118 204
77 144
156 298
60 70
140 202
118 284
167 257
33 79
3 108
184 256
181 288
55 128
95 200
5 13
143 230
147 281
60 71
128 234
38 72
61 143
54 144
167 264
126 296
164 251
166 260
109 198
73 93
92 192
100 255
134 294
76 133
36 95
21 36
28 33
44 131
125 229
90 175
99 260
28 43
159 262
91 159
164 261
115 229
5 69
125 210
180 287
139 241
109 234
71 119
118 274
105 280
60 99
187 277
91 194
153 227
174 273
189 288
16 92
108 173
18 41
22 129
122 229
46 77
120 273
32 78
39 88
63 118
38 50
31 100
102 296
136 197
89 242
164 275
150 229
117 297
20 65
28 60
135 202
46 76
172 287
123 197
124 262
108 168
84 145
67 115
102 280
118 279
156 279
98 192
32 81
36 49
16 136
153 270
34 37
174 297
98 277
99 230
39 89
125 281
4 14
21 86
58 124
175 261
115 295
93 186
150 247
174 261
39 59
109 203
59 127
139 270
5 100
129 191
88 277
63 123
20 45
34 60
93 228
153 280
121 228
52 64
23 47
143 243
168 268
74 109
9 138
171 296
95 248
183 262
57 118
147 285
158 297
38 42
41 91
93 279
39 110
52 137
110 209
149 279
113 283
28 110
125 222
155 278
33 96
146 266
16 85
43 96
99 247
108 177
95 282
143 281
2 45
77 117
78 130
104 249
178 262
6 48
125 202
68 138
135 270
18 142
127 220
134 296
35 124
61 68
169 295
174 251
27 106
88 201
112 273
135 266
65 96
147 250
127 258
44 85
158 217
168 248
69 145
20 41
44 107
25 41
32 120
9 140
46 102
20 118
149 225
40 52
134 234
25 123
187 294
22 43
42 145
86 143
39 118
7 62
157 234
54 94
29 76
44 74
133 240
108 278
95 287
1 91
127 204
155 275
143 203
84 135
92 271
106 198
42 140
157 230
41 60
76 103
4 131
19 51
176 257
189 294
179 275
64 143
77 123
110 253
3 48
173 263
61 89
123 257
47 142
55 85
85 122
46 96
105 183
177 256
73 98
174 283
171 274
182 295
92 230
45 104
34 44
185 292
51 145
39 46
134 282
55 114
98 218
86 133
167 277
174 278
127 232
129 204
68 136
12 62
127 273
40 56
162 286
32 56
83 120
96 271
24 59
29 139
71 143
124 210
162 224
136 217
178 300
92 278
120 226
89 283
3 12
64 126
27 103
52 135
97 250
73 106
92 200
106 239
6 132
17 111
93 164
63 136
95 235
59 92
181 260
95 171
78 106
174 237
2 62
123 299
120 230
33 48
39 139
40 96
142 279
141 285
76 131
91 195
32 92
87 133
183 281
45 74
97 203
35 55
105 216
74 144
13 144
139 236
24 110
189 269
83 114
44 88
176 276
143 269
42 92
131 241
155 233
150 259
147 220
186 300
16 53
155 216
123 293
164 279
7 44
148 241
4 145
162 243
38 59
89 191
94 240
149 260
14 131
24 111
61 103
69 124
15 84
90 179
65 112
156 225
107 175
57 111
12 49
123 287
58 136
127 205
123 193
85 132
92 180
182 291
32 94
133 244
177 290
182 298
2 79
118 189
47 135
39 115
133 198
101 167
74 88
59 143
118 207
37 63
184 263
91 190
46 134
166 230
142 211
80 138
30 52
46 61
28 75
29 51
43 86
32 82
184 291
106 268
120 232
146 234
136 254
118 226
126 235
101 171
97 193
23 62
18 45
142 286
38 76
168 229
145 204
44 103
18 139
75 139
118 198
19 125
136 247
69 86
19 108
109 237
126 300
179 289
143 205
17 108
136 200
139 239
101 284
36 123
119 280
33 55
125 234
32 112
179 254
150 264
163 247
46 127
136 216
55 82
27 95
45 128
179 273
20 127
113 193
23 87
102 183
43 139
150 277
37 49
22 50
135 223
84 137
23 86
34 62
33 52
69 105
145 289
40 144
104 207
55 61
65 79
167 227
135 241
58 133
131 284
32 118
27 88
154 276
167 256
93 184
44 145
60 141
133 273
167 283
34 139
51 137
118 286
166 290
155 253
157 296
149 259
102 274
46 64
22 23
146 273
188 267
181 257
26 55
119 261
19 54
155 297
61 82
73 128
22 61
25 89
74 132
105 282
96 243
100 182
171 259
133 210
92 236
74 104
50 113
147 298
34 100
124 202
173 249
94 242
17 88
126 286
103 231
94 276
34 86
175 240
161 259
125 279
19 41
80 125
166 266
118 268
113 271
128 300
98 263
108 260
155 249
172 289
53 122
46 57
157 239
172 280
94 234
42 130
99 271
128 273
98 286
148 225
113 217
10 49
157 240
54 71
99 166
151 215
187 282
76 105
42 96
32 87
78 98
7 23
109 274
44 127
59 69
37 91
55 133
59 112
128 196
186 282
164 270
53 60
182 293
15 145
30 106
177 267
25 65
93 212
93 229
118 259
173 275
108 180
32 35
43 99
61 102
145 244
33 87
166 244
30 59
150 209
65 78
102 167
97 291
39 78
10 113
15 27
18 82
181 267
117 263
97 230
81 132
107 300
11 126
142 265
129 216
135 292
64 145
59 87
116 288
25 131
98 279
64 99
141 204
21 69
142 223
143 266
58 139
26 124
1 95
104 172
188 289
154 248
158 298
89 256
49 109
157 246
109 283
127 288
40 68
108 232
133 272
99 169
104 210
61 108
155 245
45 111
93 274
43 66
117 187
81 129
117 274
139 269
40 45
164 286
68 81
32 123
44 102
159 290
170 289
40 44
135 263
163 281
35 88
44 128
164 292
154 272
128 194
40 81
125 276
135 296
59 88
86 121
39 68
125 249
138 208
168 245
105 217
167 242
159 284
112 203
166 274
55 87
20 84
30 142
19 23
126 206
110 278
26 41
190 300
112 183
60 102
30 131
115 235
150 273
148 288
81 116
100 299
42 64
170 288
146 233
17 41
73 143
182 258
72 142
59 132
18 85
15 82
31 121
115 187
88 171
190 291
118 249
33 117
108 263
45 71
147 287
101 262
109 288
11 38
32 67
131 219
19 64
41 52
127 212
31 66
20 29
65 142
79 109
62 103
147 290
85 123
141 270
139 296
53 132
131 245
3 7
27 128
71 102
10 42
99 181
157 251
26 110
78 119
183 285
185 266
150 282
63 88
150 262
128 209
54 130
28 116
119 232
23 57
29 100
61 139
88 173
127 292
29 112
39 64
86 142
79 128
103 258
124 220
157 219
78 114
36 132
120 205
177 282
104 188
186 285
30 132
1 5
126 259
99 293
46 63
17 72
93 192
64 103
46 90
163 289
109 294
179 269
31 51
120 292
72 139
149 214
18 34
108 183
99 249
41 138
91 170
153 215
171 254
40 145
120 282
155 224
54 62
87 140
24 82
129 214
27 71
23 63
60 97
158 268
78 128
126 226
16 38
18 62
10 85
33 42
99 292
37 113
111 243
92 151
91 286
107 281
110 169
135 221
98 254
5 31
62 70
179 300
42 131
7 118
135 240
122 199
90 251
90 195
38 39
168 293
112 296
90 285
135 211
181 298
134 279
95 240
162 280
128 292
129 221
34 122
36 85
91 197
57 103
30 48
45 130
16 30
156 234
131 240
10 121
60 109
43 118
166 239
97 188
170 260
48 127
62 86
125 240
8 88
46 135
47 100
162 247
53 82
167 258
157 248
103 215
129 219
157 277
31 89
106 298
43 126
149 289
33 68
116 228
6 75
101 270
74 115
173 239
9 27
11 99
65 140
131 285
96 267
166 268
116 199
176 273
112 232
165 280
54 75
13 35
70 119
33 75
183 278
84 112
63 101
110 241
93 185
15 142
144 222
79 137
157 286
102 272
170 263
126 293
94 205
44 136
99 284
129 280
20 106
41 140
63 108
3 143
113 187
11 145
171 250
108 290
11 41
181 284
74 92
133 263
62 101
100 194
182 264
128 220
46 67
15 18
126 258
15 58
128 261
119 205
4 79
166 229
158 223
49 62
159 267
75 137
116 300
54 112
101 182
146 242
92 266
32 79
16 54
130 257
69 83
16 76
91 152
123 263
118 270
29 89
78 123
4 77
92 152
107 227
121 282
65 97
73 127
71 94
55 86
110 211
177 300
120 245
80 143
186 299
2 107
42 43
150 276
53 140
59 81
110 291
32 57
172 279
58 62
110 296
107 295
31 132
74 106
136 297
186 263
45 58
54 113
129 294
148 234
173 252
51 104
141 213
11 19
2 143
11 93
139 292
121 287
146 278
57 144
100 280
160 267
150 295
93 193
125 283
20 111
104 262
97 194
96 270
62 72
42 119
187 278
44 104
44 114
78 111
40 66
158 258
165 297
22 101
18 111
124 254
30 123
31 133
143 277
170 284
19 119
98 176
108 208
120 299
94 223
145 275
92 203
28 66
147 251
15 105
136 241
79 138
4 128
100 239
129 208
44 106
103 218
53 67
171 298
107 173
96 278
7 87
33 93
51 132
129 211
93 220
68 106
147 230
115 243
29 137
163 258
120 266
88 235
166 250
44 54
97 258
33 120
29 105
32 38
163 257
61 137
159 238
99 268
36 88
58 64
23 112
49 89
95 196
156 258
46 137
69 97
43 127
13 38
137 259
30 137
90 224
44 68
166 286
108 257
170 287
37 90
18 141
28 90
166 293
123 233
87 137
74 118
13 93
8 32
116 296
33 98
187 274
117 270
162 238
174 291
32 65
167 298
136 288
150 250
80 116
84 131
30 39
56 107
21 66
150 269
84 141
23 119
141 255
112 239
124 251
1 116
4 135
107 253
88 271
35 96
75 118
117 200
31 40
167 289
30 55
136 295
40 51
127 207
149 266
96 222
168 250
131 193
59 62
41 109
19 21
143 238
129 291
183 290
136 227
181 281
102 178
24 123
125 230
164 229
169 256
81 104
150 300
55 58
149 237
62 117
4 78
25 113
7 10
53 58
144 205
23 113
38 65
99 288
169 285
144 250
125 221
144 289
143 260
112 211
126 192
183 279
41 81
75 95
56 114
6 20
167 281
33 45
134 193
177 247
4 49
143 206
28 123
27 130
111 213
98 268
35 139
48 141
96 156
173 235
73 138
27 98
7 51
125 236
158 264
95 167
54 100
143 213
174 236
106 252
28 137
13 52
62 100
127 295
27 49
79 130
92 201
67 100
108 253
189 272
168 260
113 297
70 103
65 118
128 197
18 35
185 294
91 290
90 282
33 119
123 215
83 112
46 91
107 250
42 81
104 185
144 269
10 70
25 110
7 116
188 293
78 100
60 84
181 265
165 271
135 252
171 287
117 218
62 144
9 113
92 270
37 124
85 118
150 270
98 163
6 114
92 259
37 77
130 285
156 256
35 135
33 105
124 235
127 239
74 131
57 58
118 260
107 277
35 138
92 155
128 243
145 283
59 135
70 107
144 234
73 144
42 87
130 200
126 213
144 246
35 46
37 101
115 268
34 59
43 134
4 52
16 100
140 281
157 266
79 124
145 233
121 255
38 105
93 275
166 232
118 194
27 125
145 271
94 222
173 291
150 280
57 120
147 271
44 91
58 125
16 87
130 225
101 250
44 125
157 278
112 213
73 136
144 247
114 209
73 96
91 216
91 191
92 268
33 64
106 181
139 245
88 255
134 292
155 265
78 134
156 284
136 273
51 65
165 241
121 232
156 275
143 284
13 26
76 129
174 253
4 101
155 214
147 262
131 198
16 127
80 139
53 84
158 225
21 117
101 238
109 276
88 269
123 276
75 97
90 213
37 135
98 253
12 88
48 93
144 294
149 253
165 298
156 274
97 158
172 238
136 213
22 45
32 102
19 121
116 276
128 222
107 171
4 40
47 127
27 45
3 141
91 241
102 271
37 104
20 105
10 44
44 139
189 280
143 255
179 260
4 84
98 201
12 83
98 216
76 99
44 143
93 172
3 35
156 252
45 135
131 259
58 121
86 120
178 272
146 243
27 32
113 185
185 283
182 288
44 142
133 287
13 101
16 26
73 120
186 277
134 239
54 65
92 187
14 61
1 135
168 241
95 209
165 234
74 101
60 79
13 76
162 299
188 282
133 221
130 296
148 209
1 70
10 126
22 137
18 71
34 91
90 232
119 211
158 255
147 239
133 251
60 130
155 223
186 283
88 226
44 79
120 227
143 295
26 143
108 291
84 115
5 71
60 85
39 42
69 98
59 131
61 90
10 83
124 186
17 114
40 64
76 125
36 62
98 243
172 262
53 143
154 222
120 188
77 143
99 244
26 46
98 273
183 267
97 245
117 258
133 253
128 244
5 61
102 261
81 123
39 145
171 237
161 252
143 207
90 197
45 81
127 265
69 130
39 73
23 40
62 83
128 285
51 61
22 36
78 102
69 125
11 139
23 123
106 195
108 192
174 266
11 74
109 210
127 218
68 140
125 247
18 36
33 115
168 276
148 224
131 239
45 99
127 213
5 37
17 65
33 50
19 79
112 175
53 109
63 116
175 288
115 254
36 140
187 281
73 91
18 107
95 296
99 194
41 46
132 255
64 134
56 137
105 248
64 115
5 22
91 283
36 131
36 102
75 125
28 89
155 285
104 296
146 215
167 273
100 202
158 265
73 121
172 296
25 124
136 274
167 275
70 113
161 286
117 253
107 289
134 237
99 209
125 238
40 124
7 58
60 119
16 119
136 233
10 82
16 115
167 235
25 34
4 85
129 267
167 272
105 279
45 62
136 272
107 191
149 244
62 98
72 127
91 239
99 278
35 36
18 77
139 213
105 276
46 80
60 103
27 39
158 293
122 228
7 133
69 108
65 94
135 239
157 293
102 213
20 37
90 261
17 67
92 209
62 96
33 58
129 238
98 296
11 29
18 81
30 84
37 44
22 109
34 143
159 279
146 254
167 259
101 249
125 263
60 91
74 94
13 91
29 95
78 144
64 140
94 293
3 6
59 72
123 186
173 300
33 74
166 257
166 249
55 142
28 94
2 131
78 118
141 267
110 262
28 99
126 196
38 103
19 71
55 73
93 231
174 296
143 259
40 82
63 84
69 106
15 114
155 284
51 87
172 286
128 224
135 260
40 77
75 96
2 53
112 227
12 27
7 97
153 288
5 108
106 236
56 99
2 68
33 61
3 144
173 296
71 85
114 242
54 87
95 246
21 122
144 280
126 282
191 279
72 131
147 282
145 270
46 111
63 125
184 300
47 108
20 34
15 87
184 282
144 277
11 61
86 129
20 131
39 63
60 122
143 276
36 105
15 104
4 32
127 210
41 107
128 283
94 239
122 243
158 234
45 125
103 175
28 109
10 114
15 26
18 121
38 83
88 268
183 291
93 297
13 107
65 135
173 256
126 239
100 276
91 288
113 258
144 251
115 280
101 279
125 290
163 239
145 257
107 220
157 247
172 239
90 298
58 88
75 129
127 253
149 233
22 116
71 98
11 57
170 276
165 251
44 45
113 190
4 36
104 293
16 51
90 292
28 50
18 132
93 289
100 175
178 255
49 102
19 90
13 19
168 296
7 94
99 262
148 233
92 275
39 116
171 236
189 284
19 78
91 187
23 80
40 106
115 225
133 228
28 59
168 259
169 269
36 51
128 191
12 31
130 275
105 171
151 291
39 142
10 90
44 71
72 118
175 275
128 295
153 252
146 216
42 74
98 173
183 298
144 300
153 235
118 209
112 298
123 190
25 91
34 101
23 30
144 299
84 143
92 166
124 279
166 284
133 201
158 263
108 219
3 92
53 65
125 218
25 71
39 74
45 101
79 142
3 45
49 111
169 255
64 129
127 244
185 295
25 105
19 82
103 251
18 118
55 94
22 82
65 93
15 30
189 278
133 278
88 239
22 86
71 106
131 225
16 62
141 296
134 196
188 299
121 207
107 257
52 130
168 299
16 122
18 78
186 278
116 183
99 182
53 137
133 238
142 205
145 247
178 271
129 289
109 195
34 35
99 257
89 163
2 63
44 67
6 121
166 240
20 35
136 245
144 297
125 225
6 113
28 64
120 231
40 86
64 135
46 139
103 166
33 133
88 205
144 283
24 34
44 98
125 254
143 234
125 261
12 138
12 25
125 216
85 139
11 142
131 251
57 135
76 135
129 290
47 136
133 290
149 258
72 94
45 134
146 277
36 142
72 90
108 206
144 227
15 47
158 256
106 275
156 259
64 124
183 283
65 101
33 116
170 292
104 285
125 188
121 276
39 60
15 141
3 67
135 288
55 102
112 270
120 277
139 203
69 127
120 242
62 93
143 292
47 69
139 266
127 233
159 282
168 231
60 83
43 59
143 227
126 194
95 275
49 70
156 241
90 160
6 23
139 291
152 245
18 22
85 141
75 121
62 95
175 245
112 181
129 249
103 207
129 201
34 124
41 113
37 57
128 271
117 268
142 238
61 111
10 59
129 210
113 172
87 135
126 234
88 195
83 137
76 132
39 107
10 63
27 53
55 119
145 256
174 270
16 42
151 220
66 105
20 23
108 196
48 61
146 298
16 34
135 226
108 239
125 268
156 229
95 250
56 67
129 200
88 186
64 139
116 184
37 136
72 125
112 257
29 70
128 211
183 287
97 186
33 57
147 247
170 245
89 263
75 108
97 212
64 76
20 75
24 42
108 212
116 175
15 55
171 286
8 64
176 290
76 96
12 47
149 263
150 222
186 272
51 84
141 251
26 44
33 118
48 81
41 75
108 270
118 258
38 130
176 265
131 247
158 286
44 69
44 126
156 243
174 274
13 105
145 280
188 271
21 113
88 162
104 272
15 95
90 252
43 72
168 255
133 254
152 226
98 161
31 94
117 228
27 111
96 241
25 76
158 222
107 214
124 298
42 57
74 136
12 93
80 103
182 286
185 287
147 272
9 98
116 294
39 53
99 251
158 257
128 199
92 165
106 299
159 268
129 298
179 267
148 229
157 261
138 237
157 217
161 241
7 32
20 124
2 13
27 31
153 222
9 82
23 115
112 276
108 222
26 57
163 229
103 171
178 256
145 291
115 247
147 223
127 266
144 296
131 286
60 81
97 215
186 295
96 210
43 68
158 229
145 288
147 246
129 227
108 176
155 237
158 220
73 112
34 83
106 296
161 242
63 81
16 103
115 297
136 270
74 110
120 288
188 283
146 289
131 268
76 142
53 124
189 267
129 295
11 36
69 138
156 246
41 45
78 96
40 54
102 265
179 286
9 132
6 128
5 142
158 249
52 109
57 69
21 31
104 205
55 144
108 214
7 107
179 294
11 135
133 245
118 254
40 116
128 214
21 35
70 141
62 111
167 262
104 167
104 181
105 299
37 97
101 193
60 108
161 261
44 52
99 163
11 15
45 92
166 288
100 235
88 207
31 57
53 54
29 73
90 275
60 77
145 259
155 266
116 253
152 273
143 270
28 132
81 112
21 78
147 283
35 110
156 287
76 130
147 253
169 240
154 294
108 237
128 270
3 18
93 191
170 241
30 34
41 47
11 75
128 251
1 105
92 164
150 215
46 106
10 104
174 252
5 8
166 296
58 137
28 55
171 268
36 115
161 267
56 110
102 295
53 95
17 28
122 200
184 283
157 295
164 289
32 107
120 274
63 85
165 254
150 214
124 233
160 227
180 295
64 127
59 76
133 296
127 251
174 258
183 256
126 238
133 300
65 90
147 249
45 127
40 109
85 121
126 191
157 291
100 170
47 59
50 120
155 271
80 120
39 113
74 107
147 266
17 106
188 265
91 214
149 285
6 65
155 257
167 255
120 252
111 245
40 98
57 81
6 123
135 234
158 294
128 206
2 129
109 172
109 241
95 221
32 117
77 102
180 254
54 59
150 297
37 125
179 266
157 253
121 195
107 288
20 132
58 77
2 5
35 62
81 136
158 247
24 27
145 206
12 32
22 90
174 254
38 98
46 48
94 233
147 264
150 235
53 106
113 199
163 285
18 102
92 212
158 267
145 213
10 46
150 253
145 294
29 32
128 225
42 66
44 93
166 226
64 101
99 295
80 132
117 206
139 232
22 31
35 38
146 235
38 125
107 194
129 257
70 87
41 78
65 89
21 123
122 287
150 216
114 234
112 186
62 71
14 118
108 275
103 286
134 285
103 240
48 129
183 299
151 243
38 70
32 50
33 53
183 282
52 83
98 246
174 298
133 276
75 110
17 104
73 95
94 217
61 76
124 282
59 85
117 281
61 79
42 65
53 98
41 116
99 272
189 283
27 102
118 292
76 95
7 26
110 256
138 276
169 286
48 64
145 292
22 68
72 108
172 297
170 296
16 75
23 114
81 114
164 300
151 280
31 145
125 205
109 289
57 82
126 290
177 278
5 122
92 253
164 227
181 268
159 261
32 111
5 7
141 229
100 294
28 108
78 105
124 263
156 289
166 298
103 197
5 68
28 121
64 141
118 179
50 104
99 213
42 68
16 80
63 111
35 39
99 258
65 143
9 68
11 88
65 130
141 250
29 134
118 180
78 131
182 267
135 249
102 300
77 134
56 128
90 207
127 264
63 90
12 42
152 288
102 207
55 67
149 278
131 210
91 270
36 47
34 81
34 96
118 203
126 245
105 196
56 143
133 229
115 198
136 294
134 252
61 141
39 108
15 130
79 121
30 81
48 128
43 74
55 90
72 136
92 189
177 262
67 90
6 31
165 264
16 82
59 140
6 19
75 127
6 80
125 214
28 106
165 259
99 233
164 224
84 130
125 226
190 273
125 270
166 265
98 205
127 243
134 195
105 250
94 218
70 81
105 273
184 269
166 248
107 265
5 6
157 228
182 256
164 249
72 89
120 203
188 288
121 200
165 226
99 299
98 271
108 244
153 276
134 226
82 114
93 219
59 119
94 275
5 55
177 259
10 29
118 275
45 103
33 123
28 81
40 122
91 221
32 86
76 123
167 267
104 290
130 241
37 99
6 115
46 124
24 25
95 180
13 37
49 115
22 124
12 140
82 141
66 114
166 295
123 277
184 294
10 55
46 105
125 228
37 102
102 234
145 221
174 257
108 255
160 294
169 247
136 262
133 248
91 292
170 238
127 208
118 282
166 276
59 136
92 162
34 105
146 272
112 220
185 285
72 114
84 114
65 115
23 133
129 192
153 258
104 255
18 136
55 95
58 111
93 249
33 109
90 255
95 182
166 241
163 245
64 112
156 297
162 232
163 280
125 245
19 76
150 224
144 220
170 285
33 72
149 241
26 87
96 209
68 102
171 232
164 269
117 236
171 246
11 72
126 294
45 91
76 145
120 253
108 199
127 255
86 125
56 111
106 174
156 282
74 100
16 55
16 46
92 244
104 298
102 284
115 293
76 114
93 208
43 44
10 47
165 231
128 294
128 242
54 63
86 119
156 273
41 141
143 235
73 90
156 239
155 294
127 248
53 126
8 128
174 240
133 283
144 266
145 264
176 287
7 127
156 267
173 261
86 124
145 298
4 10
150 260
49 108
54 89
68 117
123 268
44 76
80 128
103 250
156 232
33 126
155 252
80 102
166 282
133 261
69 93
46 144
51 133
16 58
13 34
156 300
109 170
22 138
23 93
170 267
6 21
104 165
94 165
119 274
55 130
27 81
115 239
118 187
88 150
30 31
149 234
66 88
99 161
10 34
109 256
39 130
166 254
47 110
135 276
108 190
9 91
23 77
182 277
46 98
58 95
11 133
37 73
3 72
98 251
47 105
107 263
33 51
128 205
104 206
86 138
137 264
150 246
122 222
95 208
5 48
99 207
11 60
118 228
28 44
177 295
167 295
31 65
17 38
120 264
157 299
96 253
42 101
118 199
19 57
7 17
147 275
133 235
145 266
92 159
39 120
34 43
43 79
153 293
34 126
65 139
126 231
121 273
184 278
109 180
83 139
171 273
74 105
28 135
166 297
32 76
4 91
62 106
35 126
98 169
95 260
127 257
133 199
187 279
43 82
34 48
171 277
41 122
25 26
133 258
191 284
112 238
20 133
172 288
184 289
20 49
133 204
112 285
99 174
93 218
4 137
145 282
182 271
3 41
102 258
143 241
4 46
6 18
108 288
62 90
170 299
146 287
188 270
158 285
35 89
127 289
80 117
41 120
118 251
99 177
34 140
131 208
3 111
134 220
127 230
44 63
4 7
63 78
172 284
99 227
94 224
44 132
46 79
73 133
83 117
149 255
10 31
60 115
46 87
102 220
181 285
112 248
110 175
37 47
111 176
45 64
145 268
140 254
16 79
108 175
22 78
26 68
125 292
55 57
164 268
64 119
63 110
171 245
146 232
164 241
24 50
39 87
12 54
44 58
93 225
103 241
72 113
55 97
28 141
18 128
177 257
187 273
80 111
120 243
7 71
124 185
55 129
105 260
109 292
49 86
46 116
49 92
115 274
129 274
17 59
23 143
83 111
104 208
120 229
149 216
109 211
101 275
66 115
99 263
119 185
98 240
49 119
141 219
55 108
106 183
133 226
139 226
53 117
167 248
70 133
72 124
175 269
39 125
145 226
60 126
45 52
135 290
85 145
39 44
82 117
34 77
61 142
4 117
102 273
81 138
55 84
165 252
133 213
129 282
55 59
83 130
183 261
69 120
128 281
37 88
69 137
108 256
156 276
47 80
92 300
15 133
155 299
93 250
167 285
29 141
147 257
164 228
103 181
126 267
174 246
16 93
175 286
171 271
42 124
46 143
39 82
40 75
156 220
119 182
143 258
57 65
99 197
46 138
42 93
171 284
68 124
51 57
144 235
58 115
164 299
125 243
55 72
180 288
90 208
141 227
4 26
3 75
64 80
126 232
141 298
4 5
3 128
100 220
109 205
22 39
159 219
167 244
75 114
7 84
157 216
140 210
158 237
118 190
146 223
48 78
41 93
107 182
49 99
58 67
164 296
86 127
187 271
35 85
99 187
150 252
17 47
125 194
118 232
5 44
62 145
71 120
155 267
129 199
60 144
185 278
33 67
39 124
31 123
33 47
43 115
34 114
149 252
10 60
145 296
60 73
175 260
167 282
136 296
139 268
68 99
7 115
3 113
19 134
9 63
85 137
39 144
45 97
59 61
38 77
126 275
143 272
37 56
15 113
T 258 150
T 160 299
T 78 88
P 224
P 288
T 4 170
T 166 40
T 299 20
P 121
T 119 167
T 64 89
P 50
P 177
T 37 11
P 60
P 1
T 52 164
P 1
P 220
P 129
T 185 111
T 257 197
P 86
P 63
P 228
P 38
P 68
T 300 54
T 94 32
P 231
P 285
T 30 95
T 216 39
P 16
P 162
P 30
P 142
T 83 92
P 182
T 67 85
P 91
P 196
P 15
P 267
P 61
P 264
T 173 75
P 274
P 23
T 129 163
P 60
P 210
P 31
P 155
P 273
T 215 199
P 173
T 168 157
T 222 45
T 144 99
T 39 54
T 274 261
P 56
P 2
P 91
P 47
P 70
P 213
P 234
P 300
T 31 25
T 252 76
P 269
P 185
T 98 157
T 210 244
P 131
P 253
T 163 193
T 246 114
T 250 166
T 19 283
P 285
T 7 115
T 179 200
P 219
P 82
T 75 50
P 79
P 297
T 239 33
T 185 257
T 267 2
P 141
T 296 67
P 112
P 203
P 43
P 216
T 214 121
T 135 115
T 29 178
T 99 75
P 28
T 300 128
T 197 245
T 261 252
T 244 122
P 110
P 297
P 102
P 40
P 266
T 102 69
T 269 65
P 201
T 87 240
T 29 122
P 188
T 153 237
T 88 6
T 274 145
P 228
P 206
T 102 48
P 200
T 282 123
P 160
T 260 98
T 203 266
P 166
T 195 18
P 291
P 46
T 81 27
P 179
T 127 183
T 69 87
T 81 204
P 72
P 296
P 135
P 138
P 68
P 149
T 74 205
P 120
P 297
P 68
P 256
T 123 95
T 72 91
P 95
T 116 241
T 230 118
P 271
P 34
T 229 193
T 264 293
T 53 236
T 169 141
P 80
T 40 53
P 96
T 189 20
P 128
T 275 263
P 36
P 220
T 176 171
P 58
P 118
P 115
P 89
T 268 290
T 184 217
P 235
P 235
P 62
T 8 115
T 266 117
P 25
P 299
P 154
T 136 213
T 29 82
P 12
P 283
P 120
T 96 294
P 133
T 156 275
T 228 120
T 70 39
P 75
P 121
T 102 222
P 222
T 26 58
T 163 184
P 130
P 11
T 243 126
T 291 68
T 66 105
T 245 281
T 155 58
P 111
T 194 106
T 213 194
T 45 158
P 222
T 234 224
P 99
P 201
P 147
T 167 154
T 61 26
T 219 221
P 100
T 101 26
T 240 104
P 219
P 64
P 9
T 121 262
P 295
P 121
P 273
T 44 79
T 250 192
T 29 284
T 29 243
P 239
P 84
P 140
P 200
T 22 66
T 198 138
P 296
P 176
T 278 107
T 91 204
T 201 274
T 101 78
P 87
P 182
P 57
P 149
T 40 61
T 230 31
T 242 179
P 23
T 87 123
P 86
T 15 79
P 123
T 229 166
T 83 30
P 250
T 23 286
P 289
T 20 122
P 265
T 251 299
P 165
T 4 125
P 112
T 42 242
T 262 141
P 56
T 59 1
P 19
P 179
P 268
P 137
T 29 241
P 122
T 45 219
P 191
P 9
T 112 88
P 297
T 266 185
T 192 282
P 23
P 175
P 42
P 213
T 107 175
P 195
P 28
T 79 111
T 185 128
T 33 291
P 230
P 133
P 172
T 157 251
P 221
T 140 230
P 276
P 178
T 84 32
P 56
T 38 279
P 23
P 185
T 43 152
T 88 219
T 209 13
T 109 287
T 177 165
T 231 187
P 285
T 267 205
T 72 232
T 164 40
P 239
T 81 141
P 97
T 148 85
P 100
T 250 216
P 69
P 210
P 78
P 123
T 161 269
T 140 224
P 166
T 139 196
T 261 9
P 101
T 142 215
T 298 261
T 45 194
P 297
P 49
P 168
P 137
T 71 32
P 24
P 130
T 48 94
P 282
T 251 93
P 99
T 146 51
P 204
