500 250 500
26 5 50 33 1 62 22 38 90 33 32 99 22 73 95 62 92 60 98 76 99 57 56 49 44 53 32 93 40 49 1 26 88 42 55 89 77 55 96 82 71 80 7 71 60 71 77 10 15 42 48 2 52 92 89 87 67 41 51 51 5 89 20 73 64 83 55 72 1 42 29 31 79 49 40 30 99 28 29 91 66 5 22 27 60 86 59 28 34 36 55 78 78 28 96 78 96 64 23 75 61 85 29 71 50 13 15 34 44 83 2 97 80 35 54 1 71 10 26 48 47 19 15 6 70 80 3 58 64 2 10 19 41 5 59 65 77 79 26 2 44 30 7 36 3 64 97 86 49 85 70 83 18 82 89 63 100 56 94 89 72 57 19 37 3 47 39 91 100 56 11 2 34 58 98 10 40 50 13 70 39 39 35 10 27 28 93 57 10 68 99 46 55 30 69 23 52 15 84 92 74 58 32 86 31 24 2 10 41 37 78 47 84 53 85 58 27 25 21 46 50 63 52 93 82 70 43 40 66 97 26 15 99 72 13 36 4 41 52 47 19 6 56 83 53 82 49 62 16 86 16 4 14 85 14 47 12 94 57 52 75 61 58 43 80 93 23 20 1 58 4 33 40 71 52 92 35 72 76 61 9 75 20 33 50 42 69 97 83 52 57 23 48 56 2 27 80 94 99 11 65 62 96 99 49 35 28 62 24 58 72 71 38 62 83 46 38 95 4 16 77 67 4 66 88 88 89 27 80 12 99 76 54 41 41 84 72 25 59 41 34 81 12 54 91 12 86 34 63 47 38 17 61 16 4 55 34 75 35 46 32 16 70 93 45 25 29 14 24 75 75 39 17 95 28 28 4 64 97 64 81 25 22 3 95 20 19 78 53 4 58 59 84 24 8 64 47 64 77 43 34 4 68 18 2 88 69 36 2 81 79 98 30 79 5 28 100 38 46 74 57 7 46 94 80 44 22 25 91 45 50 54 87 21 64 47 95 61 82 92 24 35 27 58 34 46 4 46 10 56 26 87 95 49 54 30 68 11 43 25 19 17 6 69 3 47 14 24 16 52 88 16 81 50 44 82 46 57 77 35 25 13 5 15 41 59 75 23 19 91 76 94 94 13 32 65 64 48 47 61
44 294
100 350
209 459
189 439
206 456
211 461
92 342
64 314
62 312
65 315
155 405
108 358
171 421
14 264
29 279
204 454
43 293
185 435
148 398
79 329
112 362
109 359
118 368
215 465
203 453
135 385
23 273
46 296
182 432
154 404
27 277
162 412
244 494
187 437
113 363
178 428
214 464
227 477
168 418
75 325
233 483
157 407
183 433
30 280
149 399
198 448
103 353
137 387
56 306
57 307
68 318
13 263
114 364
184 434
170 420
128 378
115 365
98 348
104 354
110 360
142 392
10 260
192 442
177 427
172 422
52 302
240 490
152 402
153 403
70 320
139 389
173 423
243 493
201 451
221 471
196 446
55 305
50 300
176 426
125 375
73 323
102 352
32 282
229 479
16 266
199 449
20 270
123 373
138 388
210 460
48 298
195 445
90 340
2 252
67 317
159 409
78 328
4 254
188 438
58 308
87 337
250 500
85 335
131 381
74 324
7 257
181 431
147 397
202 452
76 326
34 284
169 419
180 430
37 287
60 310
91 341
9 259
156 406
228 478
186 436
236 486
116 366
107 357
230 480
121 371
141 391
151 401
249 499
205 455
88 338
124 374
54 304
31 281
26 276
40 290
231 481
224 474
122 372
213 463
134 384
126 376
212 462
238 488
226 476
28 278
197 447
241 491
25 275
219 469
35 285
95 345
247 497
194 444
53 303
84 334
190 440
237 487
127 377
117 367
158 408
94 344
86 336
245 495
239 489
15 265
216 466
66 316
160 410
51 301
99 349
59 309
143 393
24 274
21 271
17 267
8 258
19 269
12 262
179 429
208 458
132 382
71 321
1 251
235 485
164 414
217 467
120 370
61 311
81 331
200 450
41 291
161 411
234 484
140 390
225 475
222 472
96 346
72 322
175 425
119 369
218 468
193 443
111 361
105 355
39 289
220 470
207 457
163 413
97 347
77 327
38 288
5 255
82 332
136 386
80 330
63 313
144 394
89 339
248 498
150 400
47 297
166 416
106 356
101 351
93 343
6 256
11 261
36 286
174 424
191 441
83 333
145 395
133 383
223 473
146 396
167 417
3 253
42 292
165 415
129 379
242 492
33 283
232 482
49 299
246 496
130 380
69 319
45 295
18 268
22 272
T 95 425
P 426
T 124 56
P 65
P 81
T 334 241
T 71 142
P 230
T 1 453
P 283
P 247
P 310
T 446 60
T 424 167
P 69
P 435
T 463 10
T 166 354
P 323
P 295
T 103 292
P 188
T 115 23
P 84
P 92
T 312 28
P 403
T 499 377
P 22
P 150
P 246
P 396
T 95 98
P 242
T 374 466
T 100 116
T 90 138
P 319
P 273
P 128
P 309
T 104 461
T 230 38
T 201 242
T 104 33
T 231 99
T 386 245
T 290 212
T 485 280
P 494
T 16 345
P 345
T 149 317
P 259
P 262
P 364
P 369
T 318 383
P 262
T 449 241
P 260
P 471
T 402 375
T 89 33
P 477
T 196 462
P 207
P 95
T 315 277
P 48
T 302 224
P 446
T 263 247
T 236 18
P 32
P 206
T 188 305
T 167 448
P 443
P 148
T 137 135
P 376
P 38
T 455 288
T 430 492
T 360 205
T 251 17
P 25
P 429
P 214
P 275
P 351
T 361 371
P 398
T 21 113
T 189 407
T 461 277
P 48
T 10 92
P 80
P 232
P 243
T 190 49
T 416 174
T 210 8
P 28
T 148 413
P 198
T 84 126
T 59 84
P 159
T 413 272
T 174 228
P 423
T 139 275
P 65
T 228 489
T 11 185
T 194 376
P 235
T 8 26
T 375 377
T 377 132
P 267
T 128 263
P 114
T 134 15
T 163 340
T 498 229
P 161
P 274
P 231
P 457
P 148
P 7
P 422
T 47 440
T 211 415
T 116 166
T 402 472
P 47
T 266 498
P 344
P 337
T 309 145
T 284 214
P 66
T 433 272
P 147
T 210 190
P 405
P 14
P 141
P 27
P 481
T 251 297
P 238
P 3
T 376 252
P 368
P 353
T 92 170
P 100
T 53 151
P 66
P 233
T 364 398
P 444
T 73 345
P 94
P 211
P 360
T 456 174
P 471
T 97 401
T 465 399
P 309
T 427 337
P 300
P 428
T 87 98
T 394 396
T 100 20
T 275 82
P 486
T 177 246
P 387
T 217 160
P 396
P 329
P 61
T 117 335
T 91 477
P 120
P 254
T 383 100
T 316 497
P 355
T 210 322
T 375 164
P 70
T 498 473
P 21
P 249
P 214
P 105
T 301 387
T 350 158
P 321
P 271
T 467 362
P 422
P 414
T 79 432
P 220
P 363
P 60
P 216
P 11
T 215 212
T 123 170
P 232
T 303 458
P 19
P 357
T 483 215
P 146
P 81
T 32 452
P 141
P 234
P 238
T 141 147
P 422
P 355
T 123 338
P 331
T 357 411
T 85 325
T 492 200
T 349 136
T 208 69
P 429
T 8 112
T 148 87
T 12 182
T 305 29
T 55 47
P 360
P 291
P 202
T 368 46
T 431 53
P 446
P 281
T 223 106
T 197 368
P 141
T 341 415
P 310
P 385
T 348 97
T 250 390
T 99 441
P 238
P 114
T 206 29
P 417
P 21
P 303
P 310
T 158 57
T 337 309
P 310
T 8 273
P 11
T 218 367
P 232
T 396 188
T 33 433
P 397
T 7 190
T 116 79
P 143
P 96
P 46
T 346 422
T 392 138
P 383
P 445
T 199 500
T 406 415
T 469 301
P 490
T 488 195
P 46
P 471
P 407
P 356
P 235
P 53
P 24
P 348
T 469 380
P 123
T 271 217
T 176 402
T 24 76
P 3
T 141 121
P 157
T 132 468
P 242
T 115 257
T 120 440
P 343
T 219 499
P 228
P 202
P 344
P 90
T 291 78
P 396
P 372
P 208
P 230
P 236
P 417
T 141 82
P 140
T 421 178
P 209
T 24 241
T 355 372
T 373 50
P 415
T 54 289
T 453 264
P 401
P 35
P 252
P 229
P 70
P 377
T 47 157
P 451
P 43
P 320
T 356 94
T 86 349
T 296 80
T 498 427
P 249
T 316 449
T 472 200
T 386 430
T 415 13
T 429 117
T 38 114
T 349 304
T 325 67
P 146
P 404
T 315 62
P 115
P 452
P 458
P 162
P 483
P 86
T 468 500
P 378
P 119
P 88
P 114
T 456 36
P 313
P 321
T 399 197
P 296
P 315
T 32 376
T 197 365
T 331 373
P 136
T 480 307
T 220 209
P 54
P 334
T 422 80
P 192
P 42
P 403
P 110
P 264
T 73 8
P 112
P 429
T 185 5
T 413 271
T 499 277
T 259 52
P 304
T 272 358
P 67
T 56 197
T 157 133
P 173
P 293
T 208 325
P 176
P 123
T 24 386
T 373 268
T 182 105
T 315 92
P 383
P 173
P 155
T 451 263
P 88
P 155
P 487
T 263 324
P 208
T 331 304
P 437
T 274 308
T 317 472
P 71
T 259 47
P 435
T 110 454
T 429 163
P 283
T 98 344
T 286 330
T 79 446
P 247
P 385
P 490
T 357 153
T 441 53
T 330 146
T 337 486
T 44 280
P 212
P 476
T 24 4
P 111
P 177
T 72 261
T 444 467
P 46
T 125 168
T 407 305
P 485
P 199
T 462 394
T 377 148
T 460 91
P 279
P 438
P 396
T 122 131
P 154
T 436 206
T 341 343
P 155
T 441 63
T 53 215
T 476 441
P 36
P 78
P 166
T 251 173
P 105
P 291
T 374 61
T 353 355
P 329
P 35
T 309 361
P 294
T 38 464
T 104 302
T 238 34
P 353
P 132
T 451 483
P 498
P 394
P 136
T 260 481
P 236
T 101 172
T 340 499
T 445 38
P 76
P 31
