500 498 500
19 35 100 72 69 64 74 7 62 23 19 25 100 54 91 90 1 27 4 85 47 12 32 85 51 38 36 18 50 77 76 35 85 26 51 40 14 70 57 71 35 43 49 65 44 4 17 29 52 46 39 52 14 96 55 33 75 24 85 56 20 70 76 96 13 12 33 4 70 86 10 97 71 80 2 70 88 33 21 39 40 94 41 95 80 83 60 66 7 41 53 65 63 51 10 6 36 85 80 41 95 7 45 16 22 85 69 82 53 93 96 55 88 23 77 44 20 9 37 38 8 79 86 39 41 78 16 21 81 29 58 32 79 91 21 48 25 89 47 85 55 97 63 37 44 25 21 58 88 92 37 76 34 66 53 9 69 39 7 92 71 99 74 18 61 38 48 87 77 68 80 58 78 30 66 64 91 73 34 43 65 6 50 11 12 24 77 1 81 96 62 50 29 41 26 54 49 81 44 18 92 72 49 74 42 13 2 10 5 29 75 1 10 37 25 17 25 50 15 38 11 77 24 66 84 63 15 89 62 4 91 3 29 31 71 88 19 64 76 19 68 15 73 1 5 20 32 45 68 74 69 14 65 55 61 42 45 6 45 49 95 19 69 48 48 28 67 86 52 36 29 70 31 41 65 62 43 58 12 12 98 79 26 91 95 91 72 52 44 7 41 53 18 66 86 49 73 29 9 46 90 30 22 96 53 9 52 77 53 33 62 56 80 39 81 39 50 27 100 83 33 97 78 23 15 33 8 9 61 51 92 98 62 98 48 66 14 15 69 48 53 81 85 19 84 31 82 5 41 56 53 54 39 81 75 52 91 90 74 94 76 44 73 83 15 14 48 76 9 57 14 95 36 28 91 25 4 81 43 96 8 17 92 89 46 2 11 53 14 58 60 20 65 69 43 83 28 7 25 56 18 38 69 1 3 40 23 9 34 46 97 2 37 57 70 55 72 21 39 7 22 70 65 19 29 86 76 54 25 3 92 72 16 26 81 63 6 46 9 68 4 60 49 14 7 85 62 48 27 27 53 28 55 34 16 90 88 88 97 28 54 98 10 15 11 37 9 93 27 51 52 8 30 49 93 67 44 7 17 13 78 81 15 34 30 87 75 67 37 43 65 98 72 33 1 72 95 97 23 87
63 64
355 357
425 426
91 93
463 465
323 324
465 466
199 200
119 121
375 376
103 105
91 92
193 195
425 427
341 343
363 364
429 431
281 283
105 107
313 315
113 115
141 142
431 432
93 95
253 254
475 477
53 54
363 365
429 430
137 138
213 214
23 24
261 262
413 415
23 25
137 139
43 45
471 473
491 493
443 444
299 301
403 405
183 184
433 435
329 331
207 208
375 377
249 251
239 240
169 171
75 77
369 371
185 187
475 476
131 133
217 218
217 219
189 191
3 5
15 17
27 28
365 367
199 201
109 110
259 260
237 238
165 167
343 344
463 464
259 261
321 323
163 165
191 192
5 7
263 264
377 379
437 439
173 174
37 39
189 190
59 61
469 471
187 188
271 273
223 224
417 419
205 206
361 362
145 146
195 197
297 299
411 413
337 339
309 311
37 38
129 131
325 327
35 36
19 20
153 154
283 285
11 13
367 369
333 334
225 226
31 33
353 354
295 296
439 440
231 233
33 34
387 388
433 434
479 480
195 196
291 293
323 325
401 402
45 47
351 352
317 318
253 255
155 156
303 304
39 40
113 114
173 175
277 278
179 180
367 368
435 437
145 147
51 52
305 306
229 231
377 378
379 380
383 385
103 104
117 119
211 212
411 412
369 370
61 62
65 66
455 457
135 136
143 144
75 76
115 117
203 204
357 359
1 3
139 141
5 6
335 337
297 298
107 109
477 479
285 287
349 351
421 423
77 78
381 383
299 300
445 446
457 459
41 42
319 320
239 241
451 453
399 401
105 106
159 160
101 103
273 274
209 211
457 458
483 484
357 358
427 429
389 391
391 392
193 194
99 100
17 19
151 152
275 276
181 183
337 338
99 101
177 179
287 289
57 59
437 438
283 284
219 220
191 193
247 248
359 361
11 12
277 279
371 373
311 312
61 63
81 82
161 162
187 189
489 491
339 341
227 229
393 395
81 83
383 384
127 129
85 86
207 209
235 236
391 393
303 305
63 65
111 113
25 27
379 381
373 375
95 97
261 263
209 210
33 35
351 353
301 303
17 18
143 145
49 51
7 9
439 441
459 461
223 225
455 456
119 120
495 496
447 449
13 14
85 87
95 96
175 177
163 164
71 73
361 363
221 222
233 235
9 10
21 23
181 182
171 172
435 436
77 79
473 475
55 56
443 445
495 497
79 81
493 494
441 443
125 126
101 102
47 48
311 313
295 297
237 239
225 227
59 60
451 452
273 275
347 349
115 116
415 416
401 403
293 294
409 410
405 406
397 399
71 72
57 58
481 482
347 348
271 272
167 169
339 340
53 55
269 271
27 29
147 148
97 99
415 417
327 328
121 122
255 257
247 249
447 448
497 499
281 282
245 246
211 213
69 70
473 474
257 259
227 228
487 488
333 335
385 387
159 161
45 46
205 207
477 478
385 386
449 450
289 290
139 140
1 2
353 355
365 366
265 267
109 111
245 247
251 253
155 157
487 489
423 424
249 250
387 389
423 425
305 307
309 310
293 295
197 198
67 69
267 269
301 302
399 400
123 124
243 244
331 333
121 123
395 397
87 88
413 414
183 185
65 67
467 469
459 460
275 277
79 80
151 153
47 49
285 286
201 202
19 21
55 57
243 245
177 178
355 356
467 468
221 223
149 151
161 163
327 329
213 215
291 292
9 11
133 134
185 186
331 332
219 221
39 41
67 68
197 199
341 342
89 90
279 280
89 91
153 155
445 447
343 345
147 149
129 130
87 89
441 442
409 411
461 463
73 75
359 360
465 467
407 408
83 84
117 118
157 158
489 490
321 322
231 232
287 288
25 26
319 321
469 470
241 242
93 94
485 486
21 22
373 374
279 281
97 98
73 74
51 53
493 495
135 137
167 168
483 485
307 308
407 409
43 44
453 454
157 159
479 481
229 230
215 217
449 451
307 309
83 85
267 268
381 382
419 420
481 483
165 166
29 31
131 132
395 396
127 128
69 71
461 462
171 173
241 243
255 256
29 30
125 127
289 291
403 404
7 8
107 108
313 314
427 428
257 258
31 32
389 390
251 252
169 170
393 394
497 498
453 455
179 181
315 317
263 265
13 15
491 492
123 125
345 346
235 237
431 433
49 50
133 135
345 347
141 143
35 37
41 43
471 472
201 203
421 422
203 205
349 350
419 421
175 176
397 398
371 372
329 330
15 16
485 487
233 234
315 316
111 112
215 216
265 266
325 326
149 150
417 418
317 319
3 4
269 270
405 407
335 336
T 490 92
T 476 217
P 271
P 380
P 90
T 414 453
T 352 433
T 262 474
P 41
P 355
T 31 228
T 274 372
T 247 213
P 362
P 289
P 284
P 98
P 307
T 153 233
P 473
P 67
P 36
P 218
T 219 392
P 318
P 23
T 193 387
T 77 248
P 251
P 179
T 179 307
P 37
P 114
T 433 171
P 208
T 19 361
T 116 64
P 180
P 2
P 14
T 88 77
T 219 427
P 241
P 72
T 492 104
T 99 27
T 245 8
T 406 366
T 325 215
P 6
P 312
T 482 151
T 28 26
P 364
P 395
P 383
T 477 43
T 59 429
T 50 474
T 24 166
P 12
P 415
P 441
T 294 434
P 489
T 183 348
T 163 478
P 408
P 464
T 110 280
T 307 173
P 180
T 34 200
T 500 127
P 462
T 387 211
P 258
T 179 484
T 10 149
P 352
P 165
T 495 393
T 402 165
T 323 306
P 297
P 246
P 11
T 342 42
T 370 381
T 375 1
P 205
T 222 246
P 65
T 36 262
P 101
T 52 284
T 283 122
P 159
T 333 432
T 99 46
P 451
T 391 38
T 101 65
P 85
T 69 108
T 158 113
T 204 41
T 153 280
T 88 10
P 350
P 111
P 62
P 277
T 375 264
P 255
T 78 364
T 34 437
P 147
T 286 408
P 446
P 428
P 191
T 119 112
P 13
P 40
P 232
T 400 218
T 68 472
T 231 199
T 333 330
T 424 200
T 105 421
P 414
P 39
T 387 290
P 48
T 125 494
P 341
P 370
T 183 265
P 476
P 476
T 146 456
P 407
T 425 344
P 358
P 345
P 243
P 99
P 78
P 496
T 186 425
T 248 364
T 259 497
T 308 448
T 50 220
P 189
T 370 300
P 379
P 264
T 242 456
P 326
P 23
P 440
T 37 184
P 176
P 404
P 294
T 196 108
T 291 374
T 301 84
P 291
P 416
T 35 211
P 300
P 353
T 306 248
P 218
T 362 127
T 259 364
T 324 41
T 361 139
P 467
T 74 123
T 267 315
T 125 151
T 173 385
T 354 161
P 457
T 348 364
T 130 459
P 39
P 208
P 394
P 466
T 317 309
T 17 355
T 16 382
T 99 94
P 172
P 24
T 275 199
T 6 49
T 375 47
P 323
P 486
P 144
P 400
T 324 442
T 241 202
P 278
T 168 380
P 254
T 2 308
T 485 163
T 96 479
T 106 286
P 481
T 281 126
T 339 230
P 285
T 485 285
P 132
P 492
P 243
T 90 17
T 386 98
P 443
T 266 106
P 317
T 175 469
P 170
T 182 294
T 224 353
P 55
P 15
P 225
T 38 450
T 23 493
P 279
T 298 480
T 353 157
T 207 215
P 340
P 350
T 149 302
T 144 406
T 70 325
P 338
P 480
P 204
T 342 296
T 375 427
T 328 342
P 145
T 257 208
P 85
P 414
P 271
P 429
P 268
T 480 5
P 69
P 198
T 221 267
P 1
T 147 280
T 220 215
P 380
P 407
T 192 409
T 430 54
P 398
T 406 192
T 173 411
P 489
P 491
T 56 274
P 145
T 444 307
T 220 495
P 37
P 395
T 478 320
T 472 277
P 9
P 185
T 422 298
T 335 331
P 468
P 464
T 265 74
T 344 201
T 48 84
T 122 31
T 406 351
P 421
P 110
T 352 280
T 56 410
T 446 314
P 57
P 191
P 229
T 494 14
P 370
T 256 12
P 180
P 430
P 187
T 468 328
P 99
T 184 242
T 246 127
P 228
P 161
T 249 163
P 337
T 93 92
T 410 279
P 186
P 282
P 147
P 256
P 66
T 305 195
P 377
P 361
P 202
T 86 406
P 94
P 404
P 358
T 423 427
P 30
P 67
T 178 119
P 206
P 295
T 74 308
T 244 348
P 417
P 177
T 113 473
T 253 38
T 72 84
P 253
P 237
P 485
P 92
T 377 413
P 61
T 157 393
P 116
T 260 409
P 288
T 365 213
P 401
P 229
T 187 382
P 374
P 480
P 89
P 197
T 373 468
T 240 452
T 306 157
P 399
T 221 356
P 397
P 151
T 45 430
P 336
P 66
P 109
T 459 116
T 246 302
T 87 409
P 252
T 394 188
T 498 307
P 238
T 146 20
T 332 392
T 228 320
P 65
P 324
P 215
T 76 344
T 25 38
P 457
T 443 160
P 310
T 438 476
P 58
P 245
T 22 432
P 124
P 320
P 225
P 304
T 169 82
P 11
P 24
P 64
T 446 266
P 390
P 180
P 290
T 267 225
P 1
T 10 145
T 478 237
T 405 14
P 399
T 350 65
P 110
P 171
T 7 130
T 157 309
P 492
P 287
P 195
T 363 383
P 326
P 485
P 392
T 177 154
P 367
T 161 81
T 53 83
P 97
T 291 3
T 354 286
T 239 167
P 97
P 29
T 47 295
P 448
P 140
T 353 472
T 37 214
P 328
P 338
T 308 368
T 235 216
T 324 167
T 464 419
T 306 272
P 342
T 158 474
P 79
P 440
P 316
T 80 110
T 263 207
P 391
P 324
T 48 62
T 184 418
P 149
T 254 490
P 176
T 107 410
P 53
T 486 368
P 151
T 53 272
T 57 121
T 346 162
T 306 2
T 104 124
P 168
T 277 382
P 224
T 13 180
P 6
P 340
P 466
T 116 436
P 136
P 125
T 250 421
T 268 466
P 319
P 190
T 442 308
T 151 136
T 237 17
T 370 435
P 433
P 65
P 23
T 456 161
P 453
T 43 339
P 126
P 300
T 268 252
P 468
