100 180 50
64 82 72 39 26 33 32 78 32 14 24 15 67 66 18 15 19 60 7 49 86 63 11 39 95 97 75 51 35 32 36 21 32 3 61 37 52 53 77 71 22 75 59 54 16 2 27 99 77 15 57 14 26 10 33 42 25 91 10 42 11 60 93 2 38 45 56 44 29 27 36 73 23 97 30 35 77 30 17 81 74 73 64 97 87 36 87 33 94 51 97 79 6 82 23 49 49 32 21 72
6 62
63 88
35 70
68 94
28 50
44 82
69 95
53 96
13 86
24 86
19 98
64 89
55 97
7 57
55 61
38 66
49 55
22 67
44 70
40 88
33 60
94 99
48 57
43 80
88 92
48 74
92 97
41 87
78 83
85 99
33 49
3 55
34 43
94 98
89 98
36 51
72 77
13 42
14 39
14 45
90 100
5 51
77 95
63 85
42 72
47 81
62 95
21 92
16 92
36 92
18 47
2 34
64 77
25 94
45 49
89 94
17 78
62 66
11 93
9 35
80 93
52 84
37 64
86 98
47 95
84 88
51 79
25 73
24 88
77 93
57 73
17 71
39 76
20 33
38 76
90 98
25 56
15 47
12 91
61 96
4 72
58 72
15 55
69 73
77 86
57 96
18 93
67 71
71 75
81 94
13 81
30 61
73 83
54 81
50 96
74 83
20 74
19 100
76 88
40 62
46 94
91 97
90 95
5 43
45 92
65 85
33 94
93 98
1 46
75 92
32 42
56 61
36 45
82 91
69 79
37 70
22 52
57 82
60 91
58 90
72 93
59 76
31 72
43 72
80 96
35 50
86 94
83 91
11 60
68 100
92 96
23 38
16 88
35 40
47 99
15 53
41 79
72 97
87 91
66 82
56 95
56 84
89 97
82 99
59 77
6 10
27 99
83 87
31 55
6 92
55 92
45 72
29 78
38 94
70 79
3 25
79 96
3 46
39 89
63 70
21 31
2 32
26 58
16 80
85 94
1 50
53 98
28 85
2 19
4 8
22 45
43 64
4 22
8 65
40 85
10 80
84 91
32 61
61 74
21 45
T 39 79
P 30
T 30 29
T 59 69
P 61
T 30 44
P 75
T 91 69
T 64 52
T 43 6
P 32
T 11 32
P 91
P 97
P 61
P 59
T 86 49
T 97 12
P 92
P 53
P 54
T 49 74
P 62
T 71 37
T 51 67
T 27 95
P 75
P 20
P 38
P 22
P 76
T 72 82
P 51
T 90 36
T 18 16
P 26
T 48 86
T 32 87
P 49
P 43
T 35 83
P 20
T 29 1
T 44 82
T 57 31
P 52
T 79 92
P 19
P 100
P 21
