200 1128 100
78 26 41 65 81 24 53 100 45 70 2 96 66 46 41 83 16 24 42 62 30 56 71 55 24 56 37 59 53 93 73 10 2 65 28 17 72 19 79 53 12 18 15 86 11 56 80 95 30 100 31 47 18 15 43 49 25 10 60 67 11 32 7 59 88 20 60 93 50 37 78 16 46 17 14 70 53 49 83 7 12 8 87 42 24 77 19 43 54 15 12 26 83 9 52 6 23 34 4 75 73 2 31 5 1 60 91 14 66 42 79 87 85 35 16 87 66 6 49 96 20 28 80 85 40 23 96 17 56 21 39 36 91 52 22 48 1 44 64 47 15 52 50 71 6 48 100 97 23 17 52 54 20 53 31 25 5 23 88 43 93 43 47 40 2 13 38 13 80 63 63 84 68 38 65 48 31 12 90 92 19 24 49 85 96 9 24 100 70 78 49 52 27 88 6 20 87 55 63 63
152 192
29 112
29 149
162 173
136 177
66 188
8 33
19 24
191 192
78 87
39 137
118 183
186 190
130 174
25 100
108 148
22 126
125 161
117 140
5 197
114 162
187 194
180 186
10 115
19 171
110 156
78 155
16 173
125 170
54 60
118 138
148 181
146 153
6 191
40 43
170 191
41 171
99 122
59 106
30 155
95 162
120 126
13 107
50 149
67 145
61 72
67 89
10 51
114 145
13 190
116 120
157 160
129 200
10 20
21 23
50 89
117 124
192 200
13 137
171 198
120 125
66 90
82 123
129 134
190 194
148 160
108 147
46 58
34 38
48 174
162 168
178 191
60 120
193 200
80 141
113 143
58 60
106 137
121 130
110 121
22 95
44 117
41 150
166 173
172 185
44 138
121 182
13 54
40 81
56 78
65 112
61 158
95 173
5 94
83 96
50 125
176 182
155 184
31 79
66 119
94 98
170 185
169 195
39 103
121 135
2 67
26 189
108 177
122 168
71 75
128 180
93 170
172 177
187 195
54 90
94 185
125 146
122 147
97 102
162 184
12 136
33 166
138 164
180 185
83 154
112 124
181 196
43 86
59 133
160 196
115 143
179 186
122 194
25 66
140 143
121 127
190 195
126 127
35 41
44 200
116 185
110 111
166 168
74 181
77 98
76 139
19 136
146 196
76 128
61 143
57 108
52 188
128 196
34 91
117 141
99 117
141 165
31 172
42 127
135 197
98 150
3 89
57 127
168 198
53 103
153 174
116 168
188 192
175 183
126 131
94 103
135 157
172 188
117 179
51 97
82 129
174 183
50 79
156 191
133 174
67 187
134 164
146 200
122 142
188 195
86 149
52 120
20 186
79 118
141 197
86 161
133 147
114 130
88 198
157 162
98 152
15 96
167 180
108 165
57 199
180 198
34 117
168 191
154 191
7 190
127 139
166 174
188 193
79 112
179 180
17 95
62 121
159 168
118 195
132 148
99 179
16 139
69 172
156 163
160 185
138 186
182 195
185 194
167 170
106 200
122 172
131 191
188 190
16 46
48 55
171 189
129 166
166 169
28 92
33 45
75 148
129 199
176 192
178 194
11 142
34 87
6 167
163 166
56 177
184 186
144 156
107 122
153 199
78 125
102 124
63 172
13 25
153 161
156 164
107 134
130 180
104 172
161 169
163 168
65 191
55 69
94 95
121 151
148 155
86 109
169 184
127 159
99 178
127 161
181 198
168 187
157 190
19 143
76 142
178 197
75 137
128 170
65 199
174 184
98 155
190 191
134 163
181 195
49 168
59 144
127 142
60 146
8 139
29 104
135 139
134 196
119 186
168 180
170 200
86 106
181 186
164 193
66 136
167 175
35 190
173 187
152 174
68 176
108 169
176 189
21 90
31 122
58 129
170 183
1 28
131 152
94 197
157 165
19 192
31 157
139 185
33 135
16 82
50 119
57 133
152 168
183 195
30 193
85 88
125 172
69 198
142 153
130 176
52 136
148 169
101 132
2 24
47 168
69 190
102 158
117 180
28 154
56 119
68 90
57 105
99 173
167 200
26 198
46 159
21 115
34 94
128 139
156 190
61 109
164 196
107 132
9 100
62 98
174 191
141 153
82 173
61 164
101 177
14 191
68 172
55 94
9 16
67 100
89 166
131 180
139 149
67 172
104 150
159 199
17 123
154 184
21 71
159 174
74 99
112 113
131 161
166 192
159 171
33 149
116 156
28 188
129 196
103 158
192 195
101 131
110 144
127 160
61 88
103 149
42 195
81 184
148 156
130 151
20 171
156 179
58 185
141 171
32 170
184 194
182 185
136 141
26 92
184 199
6 132
44 130
12 168
145 166
144 164
6 165
73 82
159 177
102 119
191 194
104 107
81 191
184 193
56 134
65 174
66 155
93 137
81 158
21 99
17 177
54 161
163 192
147 179
75 97
93 129
93 139
152 176
159 180
135 188
121 147
146 157
161 196
168 194
39 153
41 167
77 152
186 197
148 177
126 167
186 191
119 172
112 128
186 196
52 104
55 122
57 98
142 193
113 120
57 186
88 117
39 68
123 190
11 65
139 181
115 121
16 34
177 190
79 177
113 124
128 181
135 136
191 200
44 103
178 183
89 171
161 166
108 161
49 93
116 175
191 196
117 149
183 189
124 157
40 190
159 184
75 127
181 199
76 192
134 187
142 189
61 87
153 170
39 130
163 172
115 154
122 157
143 157
86 198
192 198
67 184
4 57
31 175
14 66
167 173
74 125
32 185
10 65
130 156
183 199
9 122
93 103
83 125
143 176
66 82
14 197
2 51
181 192
136 196
115 177
76 140
188 194
155 180
55 77
151 172
33 68
144 151
41 180
190 197
181 190
38 147
9 78
166 200
68 190
86 132
148 168
117 163
88 131
127 132
101 163
178 190
27 86
90 194
152 199
122 152
8 10
140 196
23 160
90 156
74 134
68 74
101 135
139 179
46 128
49 79
4 162
11 29
43 94
78 79
142 200
174 188
58 78
112 182
14 101
58 139
186 195
24 166
76 169
182 198
131 185
47 174
193 195
107 151
25 32
112 180
33 174
108 191
6 159
25 94
81 179
61 151
128 155
50 179
64 196
186 198
185 193
153 171
9 114
69 136
7 49
106 120
136 142
161 175
9 159
183 192
162 166
71 148
144 167
16 60
20 100
162 181
188 200
98 114
190 192
47 72
190 200
165 177
28 83
128 174
104 187
74 124
131 194
9 15
163 179
42 54
130 192
39 187
193 198
50 143
8 14
128 136
121 128
146 164
181 191
5 140
139 156
118 187
11 25
51 146
94 112
177 189
31 83
26 81
136 189
152 187
135 145
186 192
106 166
110 123
68 173
172 183
156 173
150 162
118 194
101 155
54 150
99 140
167 194
12 135
33 87
6 105
108 160
43 67
161 170
166 193
166 171
195 199
141 174
65 185
138 171
188 197
179 184
33 154
81 104
65 85
121 195
2 129
125 160
136 150
70 86
60 147
30 167
152 197
119 185
177 178
49 148
95 188
116 144
110 162
145 164
193 197
172 174
72 111
93 194
126 182
127 171
69 121
13 123
156 187
161 168
95 185
21 188
110 135
19 38
98 106
194 197
35 74
117 159
35 63
124 142
167 190
106 186
19 35
96 127
33 74
143 194
24 85
2 72
3 92
71 105
181 187
120 162
29 91
112 114
161 180
152 154
167 196
191 197
84 109
21 113
59 60
83 157
170 181
180 182
17 122
39 56
25 141
191 193
82 116
9 145
88 118
66 189
190 199
82 171
24 188
41 101
110 164
122 199
51 160
167 174
50 52
73 89
68 92
149 193
5 148
26 185
75 171
136 180
32 65
20 66
139 188
73 153
26 137
54 195
25 190
22 90
68 180
43 151
146 192
128 187
28 51
127 141
32 166
136 183
161 198
117 176
14 180
137 191
137 170
45 173
116 183
37 122
195 198
45 96
69 191
168 176
136 174
194 198
161 182
154 155
27 109
48 69
36 124
175 178
67 104
98 135
27 169
115 174
4 7
36 169
107 197
98 121
176 179
54 168
29 124
189 193
133 194
188 198
73 97
172 176
75 172
46 57
44 98
142 161
181 183
64 148
190 198
111 112
17 165
119 145
95 108
76 171
185 192
148 164
166 196
65 152
8 12
4 109
13 70
134 175
106 146
56 75
146 148
114 136
38 93
92 168
156 171
164 177
144 169
46 126
138 157
2 55
106 119
114 125
118 150
42 132
153 178
59 73
106 183
116 136
93 115
81 173
2 151
93 144
66 103
169 192
110 112
126 176
153 162
129 186
102 152
182 187
87 163
170 195
172 194
74 182
116 155
67 179
54 166
133 143
45 166
40 101
26 182
167 192
49 177
154 180
126 139
156 199
65 142
85 133
3 184
62 173
149 170
175 189
45 76
94 155
183 184
159 188
174 178
69 133
32 111
156 195
5 89
186 193
99 110
118 148
36 154
2 90
54 170
76 81
175 186
161 165
86 147
129 183
116 197
153 176
75 78
74 86
19 141
25 138
44 139
97 178
89 124
72 160
41 61
56 187
178 184
85 97
57 169
111 141
59 170
118 162
16 42
125 196
99 113
133 180
91 93
164 179
134 157
56 83
128 150
129 150
144 196
52 152
71 96
12 158
121 170
101 117
51 86
4 137
115 189
67 156
118 155
144 188
76 80
70 111
172 191
120 181
125 169
183 194
180 181
40 194
26 175
102 104
77 182
178 185
172 180
148 180
139 194
73 118
38 162
102 106
93 147
80 161
125 188
149 198
44 186
111 171
139 172
174 194
61 104
104 192
141 187
57 106
147 153
102 109
127 163
147 188
105 198
48 115
12 129
4 136
50 81
62 189
79 185
117 184
191 198
182 190
180 195
58 159
102 131
119 196
54 57
180 192
115 190
182 194
50 85
4 138
51 118
126 185
178 180
66 84
191 199
112 188
114 171
135 186
100 176
134 137
184 196
31 108
135 154
85 176
49 183
16 189
59 154
4 93
54 197
182 183
104 166
172 186
8 113
98 102
41 97
39 49
159 195
42 189
46 147
126 179
145 171
103 121
85 130
185 200
139 174
82 153
151 189
179 196
46 179
13 182
135 161
17 61
115 180
111 142
123 171
164 181
104 133
36 127
17 191
131 139
159 197
144 147
185 187
108 186
77 117
75 136
127 143
21 89
43 131
131 147
152 169
184 192
42 156
182 186
168 170
36 150
36 49
145 184
56 122
136 167
126 188
66 138
142 163
71 189
144 191
169 175
49 143
57 128
61 178
40 191
42 113
9 149
13 89
190 193
94 199
101 118
182 199
180 196
173 188
154 173
47 91
119 197
162 170
21 80
17 129
148 200
76 79
120 164
52 105
149 180
88 155
123 179
114 153
67 105
48 118
101 133
44 53
59 185
8 49
94 160
40 141
78 188
25 162
97 153
32 55
94 184
16 47
169 178
173 195
122 192
29 85
118 163
79 99
12 73
140 190
18 45
25 132
158 166
36 55
102 184
42 125
121 136
88 169
131 141
184 187
182 184
71 185
16 38
49 142
125 187
77 186
111 168
98 180
34 150
109 169
185 197
149 174
33 57
P 86
P 200
P 119
P 138
T 97 56
T 84 28
T 116 68
T 115 46
P 102
P 41
P 59
P 110
T 5 144
T 105 128
P 160
T 131 64
P 123
T 154 102
P 167
T 193 132
T 18 34
P 148
T 79 121
P 32
T 84 120
P 167
T 183 182
T 101 136
T 69 107
P 94
P 92
T 63 20
T 154 63
T 115 15
P 58
T 102 17
P 113
P 71
P 51
P 172
P 114
T 119 103
P 80
T 145 98
T 108 168
T 161 7
T 138 125
P 10
T 25 125
T 43 7
T 82 157
P 35
T 182 47
T 45 62
T 118 178
P 140
P 59
T 92 167
T 60 31
T 76 16
P 98
P 72
T 148 110
P 163
T 86 132
T 122 189
T 98 70
P 128
P 83
P 88
P 180
P 7
P 181
P 70
T 75 135
T 75 105
P 132
P 158
P 88
T 55 63
P 128
P 31
T 14 168
P 180
T 148 132
P 190
T 70 3
P 70
T 183 138
T 164 89
P 32
P 27
T 30 198
P 3
T 18 160
T 10 77
P 103
T 68 137
T 187 54
P 90
