200 408 100
52 21 80 23 14 47 67 54 34 33 73 39 29 9 11 67 92 88 48 23 43 89 25 44 62 45 20 47 85 97 99 85 71 28 61 69 77 90 48 95 30 77 53 80 9 70 92 20 9 21 40 54 22 13 99 86 41 95 17 75 10 70 57 27 32 53 55 95 19 97 9 49 60 32 96 75 8 42 11 67 14 98 86 67 44 85 17 53 14 51 64 94 72 23 44 81 58 94 98 25 92 44 25 65 10 41 29 5 87 79 23 93 70 26 27 92 30 93 87 100 19 81 42 52 5 40 54 4 68 8 50 3 10 35 55 48 2 11 67 84 53 51 24 4 9 48 3 36 61 93 6 33 10 14 52 88 54 82 16 3 17 92 65 53 40 24 31 57 25 55 62 30 47 59 21 83 45 37 68 24 48 21 8 84 50 11 30 34 34 2 66 6 84 13 12 88 25 47 79 8
96 149
154 195
168 172
162 193
111 154
176 189
51 149
8 49
154 181
77 107
155 182
190 196
172 195
85 136
122 149
4 123
181 195
86 102
148 150
118 147
135 139
95 145
102 108
120 147
87 132
165 200
183 193
125 135
177 187
17 81
13 110
24 67
79 83
174 191
158 196
149 152
179 189
61 81
188 198
61 95
109 110
191 200
130 136
68 80
86 127
64 109
49 60
75 88
90 95
147 149
176 197
1 67
141 146
164 168
88 140
28 96
2 36
185 197
136 145
125 130
160 195
73 81
111 117
156 165
22 124
155 159
7 139
56 88
174 196
105 135
108 138
33 117
73 109
139 153
157 168
82 129
186 199
46 48
50 108
186 196
42 152
156 160
18 58
27 144
14 33
160 165
142 148
46 133
2 108
45 121
192 196
46 72
65 117
186 198
195 200
103 128
67 152
133 149
37 70
97 151
65 104
6 68
110 153
22 149
42 100
79 144
50 92
101 140
166 187
190 197
114 134
110 145
112 141
150 152
124 135
24 49
71 143
171 196
187 196
70 120
37 42
30 142
28 144
44 142
173 179
18 72
131 141
158 186
136 146
106 155
67 104
68 122
106 151
151 152
74 124
173 191
57 95
169 193
113 131
122 148
123 142
10 49
93 134
41 149
134 154
98 114
43 130
163 172
165 199
164 172
117 155
96 150
114 123
176 194
13 109
44 46
97 100
34 44
38 76
45 94
121 134
26 156
37 121
113 138
155 169
89 115
52 130
84 107
42 135
56 117
66 77
16 146
101 156
16 20
47 119
26 84
190 194
41 125
92 106
168 191
83 89
20 148
128 139
139 140
23 99
126 153
91 126
140 141
65 83
151 153
18 33
140 152
24 115
156 185
115 139
19 146
180 195
40 109
139 152
127 148
22 29
178 190
63 153
58 120
20 110
32 100
163 174
96 153
88 147
56 65
55 139
123 140
66 133
97 98
100 135
59 141
85 139
167 185
119 127
174 192
170 197
130 141
40 42
184 197
31 116
109 139
7 128
51 138
33 148
168 184
128 138
138 148
2 27
146 150
19 128
73 140
32 62
159 176
1 150
188 193
54 106
61 63
105 109
134 140
106 129
94 123
172 190
143 152
137 152
142 155
27 72
175 182
55 72
175 185
30 103
8 138
131 134
161 166
76 94
16 49
3 106
144 150
29 113
109 123
62 134
64 101
49 89
187 193
50 115
149 153
30 145
64 155
145 155
19 117
48 140
66 99
185 195
107 118
21 71
180 184
81 111
182 198
21 25
14 36
76 140
12 48
57 134
104 146
183 194
35 121
132 152
49 70
87 111
172 187
60 86
196 200
86 154
146 148
9 39
35 68
192 197
145 149
115 121
15 153
188 194
129 134
185 190
181 197
129 148
152 155
153 156
171 187
118 141
78 112
11 95
62 150
189 200
76 98
143 149
112 150
38 47
45 92
81 95
158 189
148 149
71 150
181 196
165 175
27 54
20 133
95 123
80 106
178 198
95 113
5 18
70 112
131 139
128 149
21 90
91 128
54 88
180 196
124 128
44 108
32 87
71 115
36 38
85 134
15 111
40 92
25 34
135 145
59 100
78 79
171 185
141 155
166 179
15 77
58 125
28 137
129 143
100 136
170 191
69 89
81 107
93 115
120 131
116 144
91 111
99 112
170 190
83 124
38 117
7 112
125 139
10 155
89 132
57 125
146 147
135 142
134 142
137 138
54 116
48 71
47 73
1 87
93 116
113 142
150 151
23 49
33 78
187 194
120 151
60 91
194 198
60 112
105 106
189 199
39 78
145 154
114 117
72 143
108 155
9 145
53 106
26 123
175 194
193 198
P 180
P 180
P 90
P 141
P 63
T 132 105
P 52
P 31
P 149
T 106 135
T 94 167
P 147
P 191
P 179
T 89 4
T 27 23
P 136
P 9
P 72
P 1
P 198
P 146
T 138 136
T 3 24
T 55 25
P 5
P 161
P 5
T 13 185
P 156
T 196 7
T 114 188
T 26 128
T 190 25
P 72
P 167
P 9
P 52
T 102 105
P 127
P 19
T 168 135
T 120 119
P 127
P 108
T 182 17
T 4 185
T 75 116
T 183 187
T 175 148
T 128 52
T 129 112
P 77
T 158 69
T 13 33
T 125 27
T 127 39
T 74 77
P 147
T 55 102
T 84 144
P 108
T 30 77
P 196
T 68 152
P 48
T 92 173
P 120
T 117 74
P 77
T 6 4
T 29 91
P 18
T 64 132
P 3
T 77 197
T 187 100
T 18 159
T 55 173
P 135
T 141 79
T 126 11
P 146
P 191
P 92
P 85
P 14
P 79
T 167 74
P 144
P 114
T 73 115
P 111
T 8 174
P 135
T 148 51
P 20
T 164 13
P 35
P 114
