8928
77814
10412
30503
56198
29888
33727
13552
31489
3298
11094
65924
42610
11094
59905
80121
1366
27800
39643
9576
29888
65171
11094
38463
124
83821
31901
33008
23048
54315
61723
28099
282
28059
6969
52829
1390
62766
40609
8780
31983
34000
54896
32817
34000
13693
33727
33117
52213
26311
16190
50382
34301
4468
24755
92
39467
3373
33342
8319
10907
27651
76230
4216
14828
25841
37061
3373
433
5836
48278
64515
32532
63492
2725
85493
86535
17176
29296
55181
31992
34566
52298
45815
53169
14828
17775
69060
5634
5423
36293
50373
24310
2969
43242
2725
28099
29296
26311
19337
