23423
31079
60204
75788
54967
29187
29805
22747
53567
48356
27694
14905
53287
1250
12367
48786
16895
12525
6839
14905
47148
54903
3681
12367
22747
22861
14377
53287
5182
10544
60204
31349
23423
69788
42776
2981
60887
5182
1250
14377
8233
23444
31079
3238
50113
5182
47148
6054
6054
32645
14061
64129
53551
68250
10544
76945
2981
31349
76020
29706
79933
26419
26022
12525
1813
29706
31353
23444
23423
22747
10750
5522
26419
31349
3238
49797
12436
32281
41309
22861
50113
69624
10750
7977
6054
53551
4814
3303
60887
53109
27694
8233
6054
1198
3911
1813
11417
6176
59074
23423
