87417
4530
72253
18432
17808
26406
50329
54459
10545
12727
3685
59727
22454
33753
86530
40730
1527
25714
7763
56195
951
24745
36960
54115
4631
9754
25015
22671
2236
21292
6282
8724
44367
27657
28754
68682
3766
6804
10006
30812
32842
316
11767
56035
56856
6878
2357
46148
45705
19901
48896
2781
65560
3275
6116
67937
32219
73242
35726
10541
55165
74885
22448
3170
13728
37599
30671
38394
11924
21251
37118
8281
46995
12450
42139
13988
19008
59327
57096
84317
61234
28579
11457
45358
2268
18536
12300
30685
19049
6878
67498
39326
30816
4432
2911
21883
3211
38155
10290
2815
48843
40408
26653
22638
66586
1946
14401
41151
13702
69183
7706
14608
26655
49186
24034
12814
46633
65030
44178
41204
52641
71507
63629
40109
64243
2781
43396
40474
26805
20512
76172
8188
40067
17995
46041
575
55546
9309
60735
18941
79208
22725
92014
53991
50105
30718
34763
54661
10487
19085
39764
68148
47839
9376
66180
52957
72674
45020
16217
20064
18213
28316
29405
4927
26790
5103
57059
66598
35757
24056
18950
12263
5879
3915
29405
28688
31506
10988
18180
25607
34861
23140
35164
47728
58245
22481
54532
36862
3449
10478
10709
43980
60077
33263
4791
10303
13071
17075
1527
14492
17993
30400
83753
485
75911
45048
24157
24565
67740
12493
16848
7706
81402
3766
16526
15473
65022
53550
45358
13934
48852
3449
7244
37118
29351
25714
43672
52555
23195
33712
64854
19766
63727
6116
70433
29746
12300
26347
57680
8501
17483
69485
25652
78973
55166
10545
48510
33380
11701
5176
27685
10823
2586
2616
25946
80202
3611
14425
18745
33891
11162
55298
8802
15563
18587
24565
38060
23853
68726
2713
67821
13976
17858
33723
9115
35731
82716
20879
57059
57680
56856
9589
22514
24056
17082
35757
13069
22629
69326
2655
18715
14623
19049
93356
42837
79963
31034
2757
63497
36176
32211
20879
22782
18336
37032
66492
78015
49186
730
81223
31433
11823
17087
49647
33285
39538
1747
72817
16436
38905
19658
48987
43877
831
3288
36137
12195
51197
8500
19921
7571
4967
8785
55592
21200
46749
46029
3906
15344
70446
3651
36943
59727
95254
23889
9531
48767
7758
25784
722
30231
9589
82431
28724
64765
35801
21993
38060
23007
33873
7645
2128
14397
4726
42846
34413
11701
48899
4847
81217
20034
68642
8500
30718
16628
55312
37047
71459
549
58655
60081
24494
18336
28754
18055
16526
2272
13024
13814
25526
70386
8071
12409
9790
25559
62042
53405
8473
23889
3597
54459
17995
317
10823
62780
35490
42981
43540
33319
48852
30400
485
25526
32243
15718
30308
2080
1620
60540
69183
79319
9628
41285
543
62780
66235
38729
13976
2726
27043
21251
16091
85150
1982
22756
32243
28826
42266
4285
28963
15996
845
76550
17789
57031
10541
29064
16195
35010
45457
38394
33712
2757
2815
3906
421
2616
26876
37099
51509
21993
17483
36523
5536
549
37147
18941
6961
28114
5066
549
64007
64765
62764
10709
56844
41549
47181
29064
12493
18487
3288
57281
74768
34384
49388
25274
40748
11816
68659
32078
52732
13702
97186
17069
28935
38696
47728
12534
31002
9446
24262
19257
29757
34149
87146
24967
77137
11457
68821
22083
15246
8185
11251
20628
473
40870
22488
24591
3061
15861
23241
45705
4967
44512
79963
33882
38337
37259
93885
56271
36845
21883
19766
951
37457
69879
951
21214
8944
17291
13595
2926
72421
25191
5317
35302
70373
54765
15796
1561
60289
2462
2197
6675
43865
3488
2197
80232
36673
31156
17355
57336
15996
19255
51154
37288
11740
11740
40207
3564
76127
27582
38933
74653
32811
74773
24967
4791
27664
8724
14397
44242
65955
26682
30685
7356
15463
68018
48616
36176
4521
80630
76864
21251
21200
20034
34504
9658
54453
48966
575
29035
9250
84490
36264
15636
15463
71694
61859
57091
68076
9905
22481
14712
24520
59805
71623
44492
51154
7415
34591
70153
47626
37757
45425
87060
41663
9036
13714
18774
88502
17836
5163
66995
316
29200
2526
9658
51337
60580
60735
6656
32187
10545
8812
4726
61234
22756
46507
19599
60799
75911
23481
845
16861
13714
78746
2926
7930
66201
39745
25996
65341
23650
24550
53463
4419
73505
6675
15055
72082
25274
58748
76172
39206
43666
12847
24565
20058
5190
49476
54018
543
28699
3564
45425
88502
40870
30137
63929
18587
20708
30308
12670
29057
65044
23304
65397
22921
40688
45318
18587
26721
25647
30137
62042
24487
33161
40730
14676
38893
31864
2815
3747
43499
16157
10545
13595
10775
71309
59215
14176
80213
12842
4967
31579
35547
40153
5879
30205
76402
25807
19599
13827
18232
82397
42266
75832
240
19599
91344
36213
18232
55729
17069
240
3639
18788
6127
81573
23195
9790
10988
21993
8071
34763
47976
1377
62687
39262
56552
3906
43666
22920
18698
18644
7244
10912
5536
9589
5246
25559
5712
12642
2726
31790
35703
25607
1527
21993
70637
59327
15492
58924
46624
36862
20463
11251
30671
7900
50162
41707
51712
3449
15263
42139
48046
46774
18232
32376
80445
12995
6140
8961
12814
46614
55867
31927
2912
37040
23487
68694
549
38394
9631
29534
86778
11791
97901
82755
7763
29746
42646
66367
38696
27116
35776
2033
8961
61695
19775
16217
6804
3488
33873
75911
48899
19583
67498
7244
68809
35201
13264
67369
35158
37032
21993
10580
31864
30205
30454
3766
3564
17087
31002
262
29491
14642
3685
14984
21251
54053
83946
24794
11648
30235
38596
37757
2272
32415
30235
931
63987
1288
80208
27607
18788
549
26315
17372
22110
47355
56271
9531
15279
57096
21883
51973
22993
50162
24523
51973
22619
19766
508
28200
29860
54529
34363
84000
87195
4420
50518
63101
9528
24745
24853
68416
15434
8812
60799
69850
40870
65918
17870
3275
52617
38513
60398
27528
48767
316
21151
4285
64175
23832
543
4420
5461
87421
17023
17995
55312
4903
9628
1620
3170
22056
46029
30666
26420
43747
15563
33285
22671
39326
33212
81116
24523
12409
35165
38568
20073
39426
6871
14870
12501
68067
65560
33285
22638
24550
10545
54661
30816
32811
28200
17492
20463
1385
24034
46841
63933
18458
25996
35547
40748
52235
14809
25652
57680
57929
35703
1982
84411
20708
876
8188
10545
33212
9080
11457
24565
43540
39516
43238
12995
59343
64950
