9 34
9 45 35 43 44 11 11 9 11 31 12 32 9 18 50 39 18 18 25 19 25 24 27 4 48 40 33 41 21 44 46 16 31 10
43 4 47 44 14 7 4 47 49 7 50 27 19 11 4 12 44 42 41 13 25 5 6 26 45 18 12 49 49 12 27 17 21 16
7 46 4 28 5 27 48 37 1 3 48 29 29 30 50 46 50 40 47 43 36 46 22 41 9 49 34 13 42 47 3 35 45 41
37 33 11 7 8 40 15 13 41 41 36 32 49 28 44 7 50 20 17 40 49 50 46 10 21 48 34 27 45 6 19 5 47 45
12 38 29 4 30 49 14 27 29 31 38 32 29 39 13 14 40 14 3 41 13 36 13 27 3 39 9 23 11 42 36 26 39 48
9 38 20 43 23 38 24 11 4 17 43 22 2 17 41 10 18 46 13 46 7 20 12 19 13 31 5 48 29 40 15 21 6 44
37 15 27 2 21 25 13 35 39 13 21 33 15 5 31 22 32 39 15 9 16 47 37 3 43 25 19 13 2 17 1 7 49 7
9 28 49 39 23 41 30 36 35 29 14 26 44 23 4 1 41 32 36 31 31 25 34 16 16 3 42 36 41 50 29 47 30 37
18 27 39 1 15 20 27 18 19 18 1 21 4 5 33 43 47 13 34 30 40 43 11 12 50 17 19 8 42 18 47 43 30 42
