46 47
41 46 6 9 15 15 5 21 3 34 13 14 45 4 26 40 42 21 31 21 21 38 46 33 5 34 18 36 30 31 50 50 50 36 25 18 12 41 7 22 42 35 45 50 50 33 35
13 24 6 30 40 42 14 4 26 32 4 39 22 44 44 48 36 46 8 47 41 36 50 41 30 28 46 28 30 50 45 24 39 6 30 23 50 50 34 35 48 26 8 40 36 36 3
46 22 4 26 14 44 32 12 42 50 46 18 6 10 26 46 14 44 35 27 15 40 4 37 8 40 24 20 50 43 27 32 34 44 6 21 46 44 37 46 36 30 16 45 4 34 37
31 4 48 44 44 24 22 24 50 40 18 42 4 32 16 30 20 10 49 9 18 36 36 5 42 12 38 14 20 42 20 16 46 22 31 39 38 46 3 40 14 6 36 46 42 44 18
49 21 4 27 37 21 39 34 13 6 45 12 33 44 22 1 30 13 9 7 1 34 26 7 18 15 49 14 21 39 23 46 30 6 7 37 21 17 36 6 39 5 25 33 40 29 35
45 24 18 16 36 30 38 42 12 24 50 19 40 44 24 24 42 14 8 40 35 24 40 4 30 19 48 18 34 17 43 20 23 10 18 46 17 7 22 26 41 30 14 27 20 6 40
32 49 14 28 31 23 43 10 7 50 1 35 1 2 11 35 34 9 28 8 31 35 48 29 10 36 7 1 22 11 29 32 43 31 17 2 35 49 5 29 7 47 7 23 44 34 41
45 48 50 18 24 14 24 32 34 38 6 21 32 2 30 20 42 45 10 41 1 22 30 37 2 26 4 4 44 47 9 12 25 16 10 23 30 40 36 22 37 26 32 15 38 20 45
42 12 8 15 6 32 46 36 4 46 31 27 22 49 9 31 19 26 43 8 11 15 33 42 29 10 23 14 50 44 5 9 34 26 24 37 10 47 28 28 29 8 22 15 27 20 38
26 10 24 12 44 8 44 24 12 38 34 36 50 50 16 24 44 50 46 34 38 4 38 21 48 8 48 14 30 2 40 32 46 30 26 26 14 22 8 2 16 6 6 20 22 40 32
2 48 8 6 44 10 50 48 26 6 50 43 14 6 50 16 12 25 17 5 22 12 48 13 10 34 34 16 34 11 24 10 45 16 4 1 21 2 37 9 14 40 26 45 22 37 15
27 9 12 40 22 20 5 46 7 36 38 13 16 34 4 36 46 12 32 43 43 12 40 49 23 48 46 38 30 10 1 14 15 20 45 7 21 41 27 37 2 28 20 37 8 48 34
2 36 12 30 36 6 14 22 44 6 6 17 16 44 48 14 2 50 6 23 18 12 8 31 8 12 4 4 6 47 4 10 32 48 50 32 48 16 11 46 20 16 20 50 6 30 29
26 12 10 10 2 50 14 32 10 42 50 9 40 10 36 2 2 9 30 19 35 26 16 32 41 25 24 2 22 45 9 44 25 30 6 7 4 14 15 3 49 38 50 13 32 29 17
3 44 2 6 34 12 16 24 46 40 44 30 30 50 8 28 18 48 14 46 32 28 14 20 12 36 20 18 50 4 4 28 18 22 5 20 18 30 47 4 14 34 20 10 44 40 24
2 6 10 42 6 24 14 24 16 14 8 26 48 36 16 10 40 40 37 41 33 16 46 27 3 26 26 28 2 25 31 26 47 14 12 41 4 22 37 49 25 2 26 47 16 50 4
33 44 12 38 14 40 22 20 14 10 50 18 6 48 16 26 8 6 1 31 38 34 22 9 22 14 20 4 12 10 20 50 15 34 24 30 18 32 7 10 16 22 44 8 44 24 31
12 36 26 42 32 24 28 48 26 48 46 48 36 44 2 22 12 8 44 19 32 34 34 16 40 36 16 44 46 32 42 10 41 24 23 8 14 36 16 50 4 36 2 20 42 2 26
45 31 30 37 21 7 31 15 1 40 19 17 8 11 45 24 7 5 35 47 18 23 41 4 13 2 3 26 19 39 3 27 7 8 12 10 39 34 45 23 23 9 7 21 32 19 11
19 20 14 27 14 14 45 47 31 36 33 50 26 18 10 44 13 25 3 33 43 24 18 29 27 31 26 29 1 10 23 14 18 26 40 18 22 37 25 10 24 29 11 44 24 43 34
27 13 26 37 41 30 27 8 37 10 47 43 40 30 8 48 13 13 19 1 21 3 24 25 6 3 46 33 22 5 46 34 3 34 39 35 32 39 38 1 1 35 39 3 42 39 17
44 24 26 12 6 6 2 50 30 30 12 22 20 18 10 34 30 24 4 49 24 4 36 8 36 24 8 6 28 18 26 40 20 36 47 1 24 16 7 34 24 34 14 34 48 36 40
18 45 48 15 30 22 8 18 41 38 17 31 16 14 46 40 24 33 30 9 41 23 38 15 18 47 22 29 12 7 7 20 16 6 49 46 13 3 44 5 50 47 7 16 14 37 33
18 49 13 42 32 35 39 31 41 10 31 13 44 6 30 10 44 44 37 35 30 48 14 18 30 4 27 9 10 49 19 22 27 50 37 48 5 26 49 37 20 25 26 28 38 48 17
48 6 2 6 34 12 8 40 46 4 7 4 46 2 12 50 8 19 49 19 45 16 28 45 29 40 2 7 40 42 33 36 21 46 19 8 18 37 41 33 17 6 34 11 38 45 39
41 23 2 47 4 50 11 22 6 20 9 21 29 10 8 36 37 25 29 28 37 39 6 17 47 23 2 48 42 27 28 22 43 26 43 3 20 43 15 42 17 45 28 45 6 7 13
23 18 20 20 24 18 11 30 33 22 24 46 20 8 24 46 28 12 33 9 11 34 2 18 39 31 30 19 10 29 17 16 29 42 20 34 1 39 17 8 44 38 20 21 2 1 50
35 46 40 24 40 10 40 36 38 48 34 33 50 46 14 26 12 42 41 13 47 42 14 46 7 18 40 45 10 10 15 12 11 8 27 20 15 10 34 23 27 44 12 30 44 19 14
17 26 24 5 21 11 29 12 33 35 3 17 42 16 1 24 19 39 27 40 43 11 13 21 19 15 20 43 13 9 43 3 41 48 24 50 28 47 29 20 27 37 37 3 28 5 4
7 47 2 14 46 36 18 24 23 44 42 45 24 20 4 40 36 47 47 35 5 43 22 8 4 25 26 12 38 22 33 22 45 48 41 23 3 45 40 46 46 24 43 44 30 31 23
19 22 28 18 24 48 50 16 3 40 33 28 46 26 36 6 22 23 37 50 32 24 46 49 30 45 10 25 42 9 23 6 11 14 22 32 12 21 43 48 48 24 46 31 48 5 45
23 25 18 36 10 16 2 13 33 44 15 16 40 16 6 10 37 6 47 21 36 42 28 18 41 30 14 24 16 47 19 20 33 10 47 25 41 4 44 27 2 18 27 40 10 33 33
46 33 21 27 3 9 13 1 5 21 3 47 19 47 34 42 35 47 17 11 3 38 16 27 4 30 40 41 20 39 5 36 33 37 29 24 49 43 50 46 32 1 7 21 5 23 29
28 15 8 27 39 22 10 13 1 17 50 23 27 16 20 20 19 35 30 49 11 38 40 1 10 42 32 14 48 23 42 14 22 33 4 32 21 37 42 2 28 42 23 29 3 5 39
4 28 10 32 8 4 48 22 38 42 4 3 40 6 18 30 38 46 19 8 39 46 4 3 36 8 24 30 38 9 19 28 1 42 36 49 34 28 43 32 39 12 40 10 42 34 7
6 11 22 19 35 13 8 32 19 8 45 36 3 18 18 21 4 27 46 7 13 30 28 31 38 21 14 35 23 39 3 32 47 21 8 14 49 1 5 1 39 37 3 21 2 42 21
7 48 50 40 44 2 46 22 32 14 16 14 24 8 24 6 42 32 42 12 41 28 38 41 42 28 48 4 12 28 26 16 8 6 2 46 28 34 42 28 48 18 36 32 14 40 4
4 34 22 6 18 12 8 42 34 26 42 41 30 32 30 2 44 2 26 50 11 50 8 41 4 48 30 4 32 42 21 38 17 18 38 15 14 20 45 16 20 8 34 50 30 22 6
31 23 8 10 36 44 50 31 38 12 17 10 12 2 18 30 6 28 11 13 14 2 14 17 37 34 36 16 24 23 3 50 37 36 33 13 47 9 22 49 2 37 4 14 18 29 47
40 22 18 20 16 2 28 12 20 24 6 22 4 48 50 28 42 38 8 10 31 46 42 18 48 40 2 10 46 32 7 10 21 6 40 25 46 22 50 18 32 26 12 10 16 48 11
1 48 38 38 12 28 32 32 31 6 39 21 50 28 34 34 36 3 4 14 10 32 26 35 7 45 26 12 46 45 3 20 45 20 37 41 32 35 17 41 13 35 26 19 8 5 28
22 4 24 14 36 2 30 36 10 24 10 49 10 38 26 42 26 11 38 5 27 18 24 28 12 12 26 32 42 44 17 42 5 16 12 27 19 30 33 26 9 2 36 14 44 18 21
42 11 18 21 12 9 33 30 3 6 1 39 19 12 18 17 23 47 33 7 14 23 16 21 25 6 6 42 23 10 17 43 27 3 15 43 25 26 28 9 34 15 35 3 12 10 30
7 21 48 49 45 1 49 22 24 34 9 22 9 24 50 11 5 40 47 42 49 16 32 27 47 1 24 31 23 21 35 28 22 42 37 45 35 47 41 30 11 5 34 44 12 3 9
28 11 46 39 40 18 20 24 21 21 6 41 37 6 17 49 9 14 19 37 3 2 4 33 13 7 48 49 37 3 48 33 37 49 32 31 15 13 13 21 16 48 22 36 22 44 14
49 25 24 12 18 32 38 46 40 36 41 12 30 10 16 40 43 25 47 11 34 2 50 47 45 49 32 50 24 45 2 26 37 32 1 37 14 25 29 16 39 8 18 27 34 21 39
