41 42
14 16 22 33 12 43 10 8 2 10 49 7 43 31 47 5 42 49 30 7 36 10 32 30 14 29 47 42 46 4 6 47 30 10 1 30 27 12 43 50 5 40
45 28 8 2 49 1 24 33 17 4 46 36 41 36 28 31 6 43 49 20 30 45 28 33 32 43 21 49 18 9 27 1 15 48 8 2 13 24 8 46 30 25
33 10 9 43 6 37 28 49 18 4 21 29 32 38 33 15 34 5 8 25 32 38 3 7 45 49 40 7 43 38 42 31 27 41 10 30 3 33 5 1 41 5
36 16 40 8 24 12 6 14 14 34 4 23 4 27 30 30 48 16 40 22 46 34 46 33 30 16 17 6 24 30 35 20 37 50 50 2 26 38 45 28 50 32
25 1 3 9 9 34 42 46 31 15 19 22 35 3 19 50 7 45 15 3 31 10 8 2 9 12 4 15 50 27 10 36 29 42 4 26 15 21 37 33 44 27
30 36 7 19 36 6 42 30 27 50 10 10 13 49 38 8 38 44 12 43 37 12 14 21 24 17 23 17 36 22 43 37 21 24 40 22 26 26 30 8 48 6
42 12 42 15 18 20 36 40 10 38 46 21 25 10 23 24 20 47 46 48 7 24 36 41 18 33 7 42 36 2 25 7 17 34 39 32 47 36 30 24 29 8
24 34 42 2 8 9 18 48 17 8 43 45 45 27 39 4 45 50 44 15 31 8 29 46 38 6 23 47 4 24 28 13 32 46 34 28 1 49 44 32 45 38
33 38 1 3 27 34 45 50 9 14 11 22 38 49 34 21 45 22 8 17 23 24 15 28 29 50 7 33 4 3 15 11 47 24 41 26 14 9 14 11 43 25
33 8 1 45 17 29 44 19 24 41 13 7 14 27 29 41 8 47 8 1 30 23 45 29 47 15 26 11 29 19 17 25 1 31 26 21 11 37 25 23 45 5
26 14 36 4 40 12 44 8 17 16 18 12 22 47 6 16 39 32 46 35 19 48 19 7 30 48 35 37 50 4 46 4 34 38 8 4 39 49 46 28 26 20
23 9 13 21 39 11 44 27 33 42 41 21 7 33 9 19 25 39 37 29 5 29 36 40 7 5 21 17 28 33 44 13 41 17 35 32 3 25 47 10 23 3
26 18 50 38 18 11 2 18 3 46 34 4 9 17 34 23 35 25 22 45 6 44 49 33 7 47 32 19 12 11 31 28 38 24 17 24 46 29 37 40 19 12
10 42 38 21 38 26 18 30 42 22 48 36 1 41 29 48 18 15 16 1 31 46 11 47 38 2 42 9 20 2 3 26 21 50 16 18 23 7 5 30 30 30
32 16 26 16 36 36 44 48 8 8 20 26 13 28 42 8 14 12 42 16 30 38 50 26 14 6 4 43 30 42 47 12 24 32 48 12 47 41 48 34 4 28
47 30 46 40 24 5 28 29 35 2 35 48 14 39 24 47 29 24 28 35 48 9 50 13 3 8 15 37 4 31 27 5 11 8 37 2 45 13 47 49 32 22
40 26 12 45 8 21 28 20 28 14 3 15 37 33 29 20 34 15 6 11 1 10 22 17 24 50 46 19 32 28 3 28 3 26 24 24 7 40 9 14 45 46
12 8 38 4 28 27 12 32 6 18 36 7 38 10 36 2 34 46 46 34 50 32 8 46 14 32 33 19 32 32 29 44 45 38 16 10 40 31 25 28 4 8
44 34 20 32 48 42 6 10 34 38 32 7 38 30 46 2 34 14 50 38 14 42 44 1 44 2 46 16 30 40 50 36 38 48 44 18 37 5 14 28 42 20
10 20 2 20 10 12 14 16 17 10 42 25 32 10 40 44 13 43 8 49 42 44 44 27 28 34 29 46 10 28 24 38 43 26 40 36 9 15 26 10 26 48
2 50 28 34 24 40 40 36 16 8 20 43 24 50 31 6 40 18 10 22 2 12 4 35 10 46 22 27 32 32 27 34 17 6 16 34 6 21 11 24 26 10
20 40 46 13 24 9 30 27 32 34 24 7 21 8 8 33 42 9 19 48 20 23 12 45 31 41 33 12 12 17 46 7 37 21 33 34 1 46 18 38 3 31
41 36 18 33 43 15 13 37 44 16 17 27 13 41 17 24 27 6 20 37 17 11 42 26 45 45 29 49 1 13 39 17 17 28 24 4 42 43 45 19 32 5
46 40 36 32 16 28 22 44 38 30 38 9 26 33 26 18 48 46 46 16 26 50 12 8 34 48 30 11 48 10 35 28 8 44 6 50 47 21 20 50 22 38
30 26 6 8 16 22 4 14 8 12 48 47 15 26 16 12 32 8 50 8 30 10 48 35 12 12 28 22 18 46 50 26 50 50 32 32 45 36 26 38 10 8
20 16 37 42 46 39 48 27 15 40 10 26 25 9 36 7 13 21 18 44 17 2 15 5 23 34 30 3 28 29 3 48 23 38 11 24 1 47 31 46 31 32
10 30 16 23 4 19 8 48 41 10 5 35 33 5 26 23 50 37 20 17 25 12 48 37 12 39 19 19 38 31 14 19 25 6 12 44 33 10 27 50 29 2
12 30 18 36 36 30 32 46 15 4 8 39 21 1 11 34 16 20 44 29 36 14 7 10 6 50 19 9 12 6 7 46 21 40 46 14 47 24 31 4 34 24
38 12 10 33 22 29 4 42 21 16 29 9 50 16 21 15 15 3 37 15 36 28 3 3 19 8 3 23 46 14 36 18 22 14 49 50 11 46 40 8 26 36
27 8 5 5 40 31 4 43 48 16 22 41 25 35 40 32 37 3 2 44 41 32 17 31 47 15 7 47 36 5 27 12 9 34 48 42 47 22 48 16 38 40
20 20 44 20 34 25 48 2 35 36 32 37 40 22 37 42 6 1 50 9 18 28 39 28 38 30 17 48 16 8 6 2 7 12 18 44 9 43 21 28 21 16
7 30 34 24 36 9 31 5 36 2 27 7 41 22 7 34 33 48 42 15 33 42 14 28 30 15 21 29 25 20 6 25 37 8 8 1 48 31 31 30 48 27
8 8 42 30 6 16 16 6 14 44 20 33 44 11 34 46 40 24 42 32 14 46 32 39 16 44 5 6 6 4 45 22 37 36 26 2 47 45 38 16 36 12
14 8 22 28 40 10 38 32 13 14 6 3 3 24 5 16 25 21 22 6 33 48 49 45 40 29 35 50 14 16 17 3 9 6 30 8 45 7 32 24 27 30
17 30 14 13 11 49 40 3 33 40 13 15 46 24 39 9 12 39 15 30 44 29 15 42 46 25 3 7 16 34 27 9 30 46 2 2 3 50 6 11 10 6
30 50 44 20 14 38 30 30 8 2 10 40 41 10 48 30 12 34 14 26 2 14 48 28 18 40 46 46 30 36 47 14 8 42 50 48 17 3 48 34 30 26
36 20 28 10 14 10 34 20 42 36 44 33 20 37 44 48 18 14 32 20 30 28 12 3 42 14 6 32 8 22 21 28 37 2 38 50 31 29 50 38 26 18
36 48 46 26 18 14 12 4 2 38 4 48 9 38 9 30 26 40 14 28 40 16 11 39 42 26 39 23 4 36 37 44 31 30 16 18 25 11 7 20 26 34
10 44 36 26 24 37 30 40 19 30 24 3 41 17 27 26 2 28 48 40 14 44 26 23 50 24 31 45 6 12 1 26 21 42 6 22 33 5 5 14 10 30
16 46 32 22 14 17 40 4 49 24 22 38 19 8 17 8 4 42 48 21 48 16 35 26 4 6 9 37 2 34 23 16 40 14 8 34 43 6 33 14 17 30
2 22 15 33 40 1 28 39 24 38 19 49 3 19 16 26 25 29 10 8 30 15 31 25 35 49 33 9 18 19 41 17 9 12 42 10 33 35 7 28 2 14
