11 19
48 11 37 44 34 36 16 42 32 38 1 6 30 4 31 10 6 21 23
20 19 50 21 25 30 26 5 27 40 24 12 29 32 47 44 40 9 16
18 48 6 32 47 12 45 27 30 46 29 9 47 37 20 17 7 6 34
50 45 23 19 1 16 34 30 36 16 36 12 12 25 38 13 19 37 30
21 2 16 24 27 1 31 45 9 30 42 12 29 34 28 46 25 22 46
9 47 3 15 31 18 7 44 25 1 42 44 23 8 6 22 40 15 29
22 7 43 37 45 17 3 44 33 27 39 3 39 24 17 22 41 26 36
27 32 5 7 7 44 26 14 39 37 30 15 23 38 30 14 22 33 15
21 23 21 36 44 31 40 38 29 8 4 11 48 49 39 42 34 29 34
34 27 21 31 33 2 14 25 5 27 9 32 5 49 28 14 43 14 47
29 37 17 25 22 40 15 22 7 29 35 47 3 13 13 33 12 22 8
