16 22
50 6 31 5 24 26 40 49 11 21 18 29 9 17 7 7 26 48 38 12 28 24
19 2 27 3 26 48 30 26 21 13 29 25 50 39 2 5 30 40 2 15 16 20
2 20 41 4 16 30 30 6 26 33 40 25 27 27 18 19 26 45 42 7 2 50
8 50 38 6 12 5 20 18 41 43 39 38 37 17 6 40 26 28 10 49 38 18
43 45 1 47 35 49 23 11 6 5 28 1 18 41 7 40 12 49 11 13 11 44
38 48 45 28 10 33 28 24 31 12 16 28 29 48 24 49 26 49 44 18 4 18
4 42 17 44 8 9 50 41 2 13 11 31 23 41 22 12 16 5 29 13 12 4
43 47 39 5 50 7 31 34 16 32 28 42 46 19 50 29 8 23 36 16 3 11
35 7 49 13 29 9 50 48 46 44 10 1 26 28 37 45 5 31 12 12 47 31
8 22 2 46 8 33 38 34 49 39 48 25 13 1 14 4 20 3 15 7 6 26
1 23 20 37 6 47 6 21 19 35 14 47 13 11 21 45 46 21 27 35 25 44
41 22 5 10 3 32 12 20 16 2 6 5 22 28 17 48 25 33 28 4 20 20
39 36 37 30 17 11 4 12 15 8 5 49 9 41 49 27 2 39 37 35 13 42
38 32 29 32 4 19 36 9 49 35 17 47 33 17 44 32 4 26 9 15 37 30
11 40 27 27 26 2 17 32 39 28 47 31 42 11 32 44 18 48 34 35 32 29
23 8 31 26 46 27 34 15 25 39 1 18 3 47 36 6 10 16 48 1 26 28
