25 29
43 25 46 46 28 38 44 10 14 34 33 46 43 6 2 36 34 40 35 4 20 26 40 16 48 26 44 14 50
39 37 18 29 1 12 21 2 27 46 34 41 7 17 43 32 2 23 8 45 44 5 24 46 23 11 21 3 19
23 41 37 41 26 34 39 35 36 25 34 34 1 28 45 42 1 25 48 40 21 11 20 6 2 10 44 20 26
34 33 20 45 32 48 40 11 12 15 12 5 27 15 15 35 23 43 36 41 37 37 35 15 6 17 23 17 13
18 4 40 48 24 26 24 16 50 29 6 7 45 11 15 45 9 27 34 38 18 41 49 43 20 1 23 6 12
19 38 9 5 43 31 7 4 39 37 47 43 42 13 15 44 4 20 11 30 14 1 41 9 49 12 3 16 1
30 11 24 22 50 22 21 13 46 22 33 34 7 13 39 14 12 24 7 40 22 25 2 46 1 42 37 36 26
21 1 44 50 20 42 2 42 44 47 1 4 23 14 37 6 20 12 47 8 46 42 12 42 30 40 22 14 4
36 24 4 24 24 14 4 46 12 30 20 22 9 8 4 30 14 18 45 14 15 22 26 40 12 8 4 20 12
30 8 11 39 24 22 23 21 9 25 17 6 45 1 43 16 43 25 29 27 9 18 21 8 23 34 3 2 22
45 35 20 19 16 35 3 3 30 5 50 50 10 37 44 46 18 28 30 5 47 50 10 21 21 19 17 49 45
17 41 13 33 46 18 34 48 36 18 40 17 5 26 12 8 45 1 24 14 22 8 24 48 44 38 36 14 42
37 13 37 17 18 12 17 20 8 2 12 46 2 15 15 38 21 47 33 10 26 41 6 14 45 46 46 42 28
7 41 43 18 37 36 33 17 6 1 14 41 17 19 10 4 25 13 36 27 5 27 35 34 6 2 44 22 15
36 47 47 8 8 30 11 3 32 49 35 18 37 25 33 18 20 28 6 2 10 47 6 15 45 34 35 6 10
3 47 41 18 12 30 23 43 18 39 29 8 38 31 7 18 16 16 8 14 9 47 25 7 35 6 27 12 36
10 25 10 49 12 22 14 18 40 49 5 49 37 36 41 36 9 40 45 26 19 5 38 40 23 10 18 16 32
24 45 34 16 40 14 12 44 36 47 25 22 9 50 19 4 25 14 17 30 18 26 42 34 16 22 42 26 12
10 26 20 7 50 26 4 24 50 17 46 48 6 2 28 40 11 2 30 2 19 36 18 6 18 20 40 22 8
44 21 26 18 2 6 24 4 38 39 35 38 5 6 25 22 7 9 41 34 5 24 24 4 36 34 10 18 10
33 43 15 26 30 46 41 28 18 15 32 26 21 32 44 24 50 18 4 32 7 15 34 20 25 44 50 42 48
19 11 27 49 20 12 45 29 49 37 25 16 7 13 27 22 15 7 19 20 3 24 48 40 5 28 3 2 44
22 44 18 47 10 8 12 8 12 39 10 10 13 46 38 20 7 48 8 20 18 39 46 46 38 12 34 32 46
25 1 45 2 34 48 10 7 22 11 1 7 39 22 19 14 10 18 42 43 49 31 1 24 22 44 7 22 49
2 20 39 17 32 34 9 4 11 38 5 49 20 15 29 6 9 3 5 27 15 15 13 42 8 13 18 22 35
