19 19
15 15 32 46 3 45 33 20 18 28 49 33 40 26 30 36 26 30 25
19 15 46 39 30 32 43 30 49 1 30 7 32 35 25 6 21 24 14
5 48 39 23 48 31 2 15 38 8 14 8 7 33 44 7 13 47 33
36 4 21 12 50 3 40 27 12 3 17 42 16 46 14 12 24 31 5
36 50 28 9 31 5 40 39 9 7 34 34 1 27 34 12 20 36 11
50 48 34 9 46 37 28 20 9 30 22 4 50 17 50 27 34 2 37
47 33 1 10 13 44 12 41 27 5 30 40 25 13 7 39 15 38 43
36 8 6 50 5 29 3 36 16 28 4 19 24 30 28 43 2 22 41
37 50 12 15 7 23 31 48 17 30 21 30 45 50 8 29 29 2 11
35 25 26 31 2 35 2 33 33 50 37 35 35 46 32 39 23 3 14
16 45 23 38 30 28 2 37 36 45 3 2 37 24 9 35 1 46 33
24 3 19 29 34 2 47 38 17 44 12 9 44 43 41 38 32 24 33
32 14 36 46 7 25 8 36 5 3 27 3 6 1 4 15 18 20 6
45 30 7 26 40 20 50 39 28 40 24 3 22 12 31 19 36 48 38
18 16 39 35 12 32 31 17 39 39 43 43 1 34 43 46 27 47 1
50 14 8 38 35 32 5 17 39 1 24 16 48 49 49 31 16 28 2
29 3 4 40 23 48 6 50 5 2 31 8 23 50 2 20 18 5 15
31 37 29 20 50 13 13 6 3 6 14 46 32 30 14 3 5 47 15
14 3 22 1 6 3 45 37 46 35 29 6 23 39 14 47 22 21 46
