36 36
31 39 23 15 40 37 23 25 34 10 30 22 2 34 2 23 9 35 50 16 16 46 27 5 13 18 11 1 40 39 29 7 44 37 18 6
19 38 20 14 19 20 12 6 30 38 44 30 16 22 41 24 35 9 15 15 19 50 33 33 22 4 29 18 47 9 42 4 35 9 32 12
38 5 8 3 44 15 5 6 21 34 31 39 1 10 9 47 29 14 23 2 33 37 1 26 32 50 43 17 10 50 3 44 38 39 34 20
12 41 48 17 41 5 35 24 40 29 17 13 28 19 27 47 11 1 28 34 15 1 15 18 10 19 47 39 36 41 8 15 48 48 13 19
34 46 2 36 2 40 23 45 20 7 44 25 20 18 4 11 48 25 16 37 50 21 7 7 11 1 39 16 44 33 11 38 16 13 5 47
43 25 46 15 27 24 47 2 5 24 41 39 8 13 6 8 31 15 33 6 9 3 3 2 6 48 25 38 50 8 35 29 11 4 18 37
9 38 2 40 45 33 2 42 7 10 36 6 45 16 35 45 9 9 9 35 45 21 32 42 49 38 46 26 8 16 19 14 15 45 46 23
25 42 9 44 10 29 37 14 39 33 7 17 36 34 47 48 29 18 50 7 29 7 6 7 38 40 14 39 42 43 22 50 21 50 16 4
7 12 41 48 30 27 32 26 40 46 40 4 38 30 38 30 50 47 37 35 47 36 36 3 4 31 32 37 33 24 40 21 29 4 47 23
30 3 46 20 17 2 12 17 37 28 6 35 41 23 27 8 2 26 36 43 39 10 20 5 1 2 34 38 30 40 6 38 37 23 45 35
17 25 42 9 50 29 39 13 42 16 9 44 50 17 22 50 4 17 21 9 40 15 6 32 35 34 44 21 33 41 35 49 21 38 46 9
15 2 14 23 38 18 32 31 41 42 13 33 10 18 50 9 17 29 45 11 2 47 43 49 45 18 12 30 45 34 43 15 34 37 3 48
39 35 3 6 45 8 6 42 20 26 16 41 24 6 44 50 47 41 1 48 6 37 6 21 45 15 3 12 11 11 27 33 24 15 33 20
35 17 25 36 28 35 17 24 23 39 36 24 32 45 21 42 49 19 19 42 2 11 33 28 24 23 36 23 2 40 22 34 19 21 35 17
42 32 24 35 6 30 31 44 28 18 34 30 38 43 44 41 15 13 23 4 44 24 41 13 48 20 5 35 13 47 26 19 30 48 30 41
36 35 5 19 36 14 5 41 11 26 17 37 26 49 22 40 34 39 26 33 9 32 33 31 5 12 32 9 8 29 32 40 37 49 3 34
10 10 13 29 3 34 19 6 45 22 32 49 6 14 24 3 40 17 33 11 5 1 24 3 22 17 13 32 13 24 38 19 28 27 45 47
24 32 19 21 30 37 3 13 4 16 28 45 15 49 1 7 24 3 15 5 36 30 5 39 31 50 1 30 18 6 29 34 30 25 14 45
27 29 17 30 13 1 30 38 31 50 3 36 14 45 18 3 10 37 23 33 23 12 17 48 27 28 36 2 31 25 37 43 12 45 49 47
16 44 11 6 30 20 32 12 20 17 20 49 36 23 42 17 30 12 17 21 27 40 33 36 7 16 31 23 49 18 11 46 50 34 9 2
14 22 48 17 8 12 19 26 31 20 30 45 36 45 42 3 50 31 2 42 17 34 16 49 28 20 38 40 8 32 1 35 15 2 31 38
17 18 50 18 46 21 22 30 11 30 48 42 33 41 22 47 46 36 21 1 28 38 21 25 32 26 44 25 32 43 13 24 28 47 25 35
30 12 9 25 26 45 49 7 5 23 20 46 44 13 7 45 13 4 35 41 20 43 50 14 26 15 7 35 47 24 42 20 33 47 14 5
41 31 6 21 34 6 7 29 29 5 41 16 19 1 25 10 39 17 48 8 50 33 10 43 4 8 37 30 12 24 14 18 43 36 32 20
45 12 19 49 4 19 29 18 31 29 47 48 11 23 46 21 6 23 48 15 38 50 36 10 39 2 9 22 17 35 43 45 43 26 11 31
31 24 40 21 47 31 25 38 50 16 24 29 12 29 49 18 42 8 10 6 28 16 32 49 2 42 9 37 10 35 42 13 22 33 12 26
41 34 13 20 44 38 26 12 42 48 29 33 22 30 19 27 30 35 44 39 24 30 37 8 18 44 12 12 30 29 29 15 34 35 39 13
6 7 14 44 24 25 45 50 36 48 46 34 3 5 17 50 14 18 24 2 9 3 12 39 24 17 31 9 26 20 22 19 44 6 15 37
46 32 17 27 40 6 25 40 27 18 50 33 26 41 7 4 29 19 23 16 25 10 12 9 46 39 39 39 30 2 42 1 6 35 49 50
40 7 5 15 50 3 25 17 27 9 22 23 26 9 39 7 4 42 14 41 14 13 37 10 19 40 19 22 46 35 8 48 2 45 24 32
13 46 22 26 42 35 28 16 40 36 50 37 37 46 37 31 27 7 34 14 36 37 50 8 19 50 1 7 13 40 7 17 46 46 3 19
19 35 12 43 22 9 31 16 45 24 16 17 25 19 16 38 4 44 42 34 6 7 6 44 32 42 38 4 24 32 18 13 20 11 32 6
32 47 11 15 11 6 48 22 41 43 19 8 45 16 41 18 8 49 30 10 41 20 3 8 9 39 14 12 2 44 41 28 4 11 36 40
4 10 33 23 6 20 19 18 8 48 19 45 24 28 49 9 34 30 2 1 5 26 33 7 7 50 34 1 40 21 8 13 26 43 14 34
26 24 30 23 4 10 21 50 38 22 41 41 50 46 50 33 26 42 48 20 32 4 47 8 1 4 27 47 38 14 29 25 6 44 47 25
39 39 33 33 4 9 30 18 49 11 39 38 37 1 48 27 40 50 35 46 2 5 43 5 35 5 2 9 35 10 32 31 42 19 20 12
