44 44
24 25 11 42 3 2 4 3 21 2 2 43 42 14 42 47 43 47 49 23 15 5 37 40 50 50 18 45 34 1 17 16 43 5 26 9 5 5 17 2 46 30 9 11
35 7 29 42 30 20 19 41 13 17 3 14 37 18 3 47 13 20 32 50 36 19 37 14 9 40 13 30 46 36 22 34 42 4 2 9 32 9 8 16 38 47 37 40
43 3 10 31 8 47 12 38 16 48 38 28 25 5 16 19 35 10 26 30 44 29 37 29 27 50 3 29 42 40 1 12 21 36 24 17 10 47 39 10 36 26 6 34
25 16 34 39 48 30 48 47 42 50 27 21 44 39 8 46 8 8 31 3 44 22 33 4 6 42 10 25 43 6 21 49 42 39 48 13 7 2 41 36 5 29 37 4
23 31 9 11 47 4 36 39 38 1 18 11 12 49 9 12 27 8 4 31 48 5 2 32 14 14 6 19 43 11 42 10 47 3 27 16 27 8 44 24 45 5 26 2
23 47 35 42 24 33 3 8 37 24 45 43 41 39 6 4 7 11 33 1 28 46 33 34 27 39 33 20 8 3 41 22 19 7 43 32 4 40 34 26 21 31 33 16
24 2 48 10 28 4 40 31 33 21 3 4 30 28 6 16 28 3 15 40 33 48 46 41 25 10 39 23 22 13 50 28 41 33 14 24 11 44 22 11 12 49 41 34
33 6 48 14 22 33 18 42 34 26 25 6 34 13 17 37 45 3 8 25 6 36 37 42 7 42 31 2 29 18 21 18 25 11 15 11 45 5 8 27 15 40 22 27
9 47 36 20 17 39 16 9 41 33 17 1 16 41 20 37 40 29 1 40 16 20 44 2 36 33 28 9 38 26 8 50 35 44 36 32 34 42 45 13 18 27 38 46
19 9 19 31 34 21 42 49 22 33 26 11 10 16 49 48 42 21 11 38 17 46 31 38 2 11 13 44 30 1 44 25 30 42 43 28 34 50 48 22 12 47 43 19
8 27 46 35 48 38 16 33 39 35 24 8 1 12 38 17 6 37 9 40 2 50 13 25 30 14 2 20 12 36 7 25 41 14 8 47 19 8 3 23 47 28 49 35
39 12 40 34 2 3 26 27 25 8 12 16 43 40 4 48 16 10 17 9 36 2 34 16 13 12 13 48 11 40 45 23 50 37 49 32 28 14 10 42 30 47 48 19
14 20 43 29 31 13 3 36 30 38 26 28 32 16 20 49 1 14 10 14 7 34 48 20 29 17 41 44 44 17 22 29 33 33 38 21 33 23 31 22 9 4 47 9
47 13 26 28 43 28 26 11 14 5 27 10 29 34 22 5 23 27 45 28 21 35 50 44 24 15 47 46 14 27 20 10 12 13 20 29 18 39 28 21 2 29 26 38
39 17 49 21 46 7 5 1 45 36 3 37 34 13 30 11 41 5 32 26 44 27 12 33 42 24 16 17 4 43 27 1 29 40 23 41 35 36 1 3 42 16 17 5
3 28 26 2 48 7 47 29 28 9 48 49 35 28 23 37 24 48 4 11 20 26 35 30 41 35 11 45 43 40 4 36 47 4 12 6 24 19 38 2 47 22 46 42
13 28 41 34 17 5 24 46 5 21 21 34 24 23 41 37 6 48 47 47 9 10 28 12 11 20 3 45 32 17 17 3 49 28 30 46 50 12 22 31 29 50 37 21
46 17 49 50 8 47 18 42 18 5 22 8 33 28 39 1 10 18 25 8 1 23 11 41 41 2 3 20 2 5 14 42 47 29 29 48 44 3 37 17 46 12 31 39
15 27 11 22 44 17 48 15 16 46 42 31 34 41 31 7 12 47 45 15 34 36 26 8 4 35 6 3 6 41 40 26 5 11 12 20 7 21 9 28 24 14 23 23
24 4 26 40 34 48 27 6 16 45 16 17 40 16 29 29 22 3 42 18 10 2 24 5 17 31 49 38 9 23 50 32 7 48 50 13 18 35 26 42 45 6 3 8
48 42 41 36 19 12 23 4 28 10 44 13 3 29 6 30 35 31 42 37 2 48 44 42 7 42 25 21 20 22 5 24 34 19 4 36 48 23 14 46 43 17 11 40
39 16 1 50 5 49 46 28 42 19 47 21 42 1 12 48 9 23 30 48 50 15 18 34 35 11 24 24 40 45 19 4 37 32 40 7 12 21 37 41 6 13 10 23
42 5 3 7 24 10 34 17 22 24 33 21 48 46 42 47 29 21 10 29 46 34 30 34 28 10 13 48 45 14 11 31 43 13 32 34 27 11 12 11 2 3 2 50
26 7 34 25 20 13 26 16 5 7 7 3 7 19 21 39 9 18 29 17 35 27 41 31 10 5 30 7 36 43 14 5 28 23 13 1 46 6 24 35 17 44 10 17
24 19 29 34 46 22 26 7 31 8 19 1 31 37 48 5 2 34 13 6 7 8 7 11 43 5 33 13 20 14 43 23 4 1 38 33 15 42 1 6 22 9 31 21
1 44 39 10 33 29 26 24 22 32 45 32 50 50 2 5 40 37 30 8 19 19 30 47 42 22 1 36 24 28 22 2 19 31 40 7 32 6 23 24 1 38 3 21
19 10 24 1 14 47 10 47 11 29 49 37 12 17 28 35 17 50 33 38 13 32 31 36 42 2 3 30 28 40 29 41 29 3 4 9 5 25 30 37 47 28 7 19
37 15 49 20 50 43 6 23 15 33 4 12 36 27 39 10 23 2 8 21 5 18 41 5 29 29 48 48 49 35 20 45 10 2 4 17 19 26 31 38 22 19 48 43
21 45 29 35 7 48 36 30 40 19 44 10 26 11 49 31 23 25 23 36 46 15 46 8 47 43 43 35 18 29 29 31 17 25 41 9 4 48 4 49 39 2 24 44
7 1 39 14 14 28 15 37 29 16 16 28 33 8 16 2 1 16 6 39 2 24 15 34 35 28 45 36 24 32 49 7 33 19 15 1 34 20 12 7 28 26 35 32
8 38 18 12 49 2 38 45 37 21 31 42 41 47 48 30 49 11 25 22 42 9 18 13 38 33 43 38 19 5 18 26 23 40 31 31 42 21 20 32 49 20 45 8
50 15 24 3 7 25 35 31 34 1 14 21 18 13 20 16 34 10 43 49 44 39 29 43 44 4 39 37 36 22 48 45 25 42 26 9 9 15 47 42 29 49 16 10
44 27 11 45 48 39 36 13 6 4 50 10 23 42 17 17 26 2 41 36 19 7 19 49 28 36 17 37 45 39 13 3 2 36 25 5 45 26 42 45 4 44 8 26
4 23 22 6 42 30 47 28 38 30 45 4 27 12 31 20 33 1 12 2 31 43 2 28 12 9 4 7 33 21 47 23 41 28 30 6 31 1 7 16 50 13 22 7
38 46 15 31 3 2 25 11 39 19 46 19 13 45 13 17 2 32 21 43 15 20 18 36 46 23 31 33 1 21 45 26 21 3 4 7 5 24 1 10 21 1 9 19
19 16 45 24 3 36 43 49 17 39 4 33 3 28 13 11 34 21 27 27 34 19 37 41 31 18 6 21 19 29 6 38 11 36 37 36 41 42 24 1 41 5 6 48
46 36 4 15 41 30 48 28 11 5 28 19 17 26 13 9 17 37 25 35 11 18 46 3 46 31 12 7 13 4 6 13 44 14 45 45 32 6 33 45 23 24 44 38
37 42 25 31 10 33 50 47 39 8 22 49 49 33 40 33 36 2 37 4 14 12 26 38 14 10 14 37 14 48 23 30 41 12 12 37 6 35 16 12 12 44 17 20
8 6 44 15 34 32 36 36 47 21 30 14 6 14 36 39 22 28 23 6 43 49 8 20 47 43 43 44 42 24 30 26 40 8 23 34 5 7 30 20 2 14 41 45
46 1 38 15 20 23 28 9 36 36 39 42 44 46 34 44 12 33 22 50 33 12 3 10 27 4 38 19 48 26 5 24 44 37 23 20 45 22 26 4 7 31 42 2
33 48 37 11 21 30 35 28 36 16 50 38 32 14 12 1 48 37 6 31 23 32 12 18 43 49 24 19 13 36 39 38 29 2 12 24 26 18 32 13 47 11 29 19
48 7 6 50 33 16 11 26 6 47 44 38 9 2 19 6 32 41 40 32 3 12 47 24 24 46 44 31 16 2 4 31 44 36 17 33 11 47 14 19 20 17 43 46
1 48 10 41 43 15 8 14 1 40 43 14 27 18 13 15 27 31 46 38 18 35 40 32 27 23 36 22 22 10 13 14 22 24 43 11 20 32 49 1 3 37 38 11
23 31 29 50 21 41 48 14 14 17 11 33 21 46 35 39 28 41 28 25 50 46 35 18 48 31 21 20 7 7 17 1 38 26 21 33 49 41 34 32 10 32 20 48
