39 39
18 8 48 32 8 21 10 17 18 33 22 49 22 21 31 25 23 45 8 9 14 44 33 19 15 24 11 39 15 10 45 3 39 3 11 34 33 9 29
36 42 46 18 4 2 34 38 24 24 22 27 42 4 46 6 44 26 30 50 26 30 38 16 6 42 20 10 32 36 4 10 18 8 42 20 42 46 34
20 46 3 48 16 25 6 33 20 28 32 6 36 27 18 31 26 40 2 31 28 12 13 31 37 22 27 19 45 15 23 23 13 32 9 29 36 3 48
20 1 9 43 23 11 3 25 31 35 10 13 10 9 20 21 3 18 42 22 35 21 25 47 31 29 1 26 22 25 17 45 14 50 47 37 21 3 19
32 8 24 12 24 34 4 25 42 8 4 39 3 50 28 38 8 2 34 8 16 8 10 38 40 40 28 26 19 38 6 4 45 40 30 33 38 50 46
46 22 5 40 38 31 46 10 10 13 44 19 32 15 40 17 22 50 24 17 19 23 35 16 49 40 16 14 1 4 31 25 17 2 38 27 13 16 28
5 25 41 29 50 6 29 49 24 20 26 1 46 9 5 14 19 23 49 1 17 23 45 21 16 42 48 1 33 40 11 48 47 19 29 5 15 1 46
40 13 48 44 36 49 47 26 23 33 23 45 43 43 14 15 48 21 46 19 32 1 17 28 12 25 10 7 18 50 29 15 2 48 27 14 21 20 41
47 32 17 50 32 35 4 42 50 45 4 31 31 29 8 17 40 36 4 22 50 26 14 49 22 20 28 15 39 20 37 18 21 21 34 27 50 17 10
43 10 8 14 50 31 6 15 6 35 12 49 35 20 22 9 11 44 12 31 46 7 16 40 43 40 22 41 19 38 48 43 45 50 38 5 8 20 24
2 18 43 41 3 49 32 23 17 23 41 50 36 45 44 50 43 38 6 12 45 22 3 29 39 23 37 30 16 39 12 50 10 36 22 31 35 13 22
5 6 37 16 16 11 8 48 10 16 46 29 37 47 48 16 34 10 17 39 42 2 23 15 41 20 5 35 47 31 13 26 3 27 18 31 24 13 32
24 3 41 22 16 43 2 29 28 49 38 23 34 40 37 19 23 16 45 28 19 50 42 19 27 45 41 39 27 20 3 13 22 39 14 24 21 44 37
19 37 11 5 28 35 13 26 43 29 28 31 9 1 45 40 3 45 5 29 3 49 39 33 28 17 18 17 9 20 1 32 4 39 42 29 29 28 14
4 20 36 22 50 24 28 10 14 49 40 1 19 39 34 2 28 28 2 42 19 36 11 42 31 6 34 36 41 26 47 37 30 40 38 23 43 6 12
30 34 28 16 24 32 8 15 24 30 28 35 17 8 38 34 12 38 4 38 6 36 2 46 33 28 34 48 49 48 2 22 6 8 6 1 44 42 30
10 12 26 50 28 36 10 9 36 34 34 41 43 30 46 40 16 2 44 14 6 48 26 40 40 10 18 12 13 22 42 24 36 14 32 16 6 2 10
49 20 34 50 26 15 34 21 42 22 14 7 17 34 2 37 48 28 46 49 41 33 37 30 14 4 21 10 45 10 36 13 5 17 16 21 28 1 8
8 4 41 28 42 20 6 14 20 9 2 9 11 42 50 41 36 40 42 50 21 44 13 32 26 24 33 18 20 46 35 49 43 16 22 46 25 46 44
16 28 36 46 24 38 28 2 6 4 14 33 33 2 4 8 22 46 16 19 43 38 24 48 11 22 13 42 33 24 11 15 43 30 6 6 41 10 38
47 18 8 14 40 27 38 30 4 39 46 50 34 27 6 18 8 20 24 3 11 3 29 28 38 40 13 32 30 8 37 33 33 13 22 28 40 8 34
43 4 49 21 32 25 32 35 28 14 20 23 41 17 16 11 28 12 41 25 41 7 47 37 23 48 12 42 41 49 33 25 41 4 27 1 14 49 32
36 8 25 14 20 32 26 37 10 30 6 41 16 50 6 42 4 40 8 42 34 16 25 46 41 8 32 20 25 26 4 2 43 44 6 33 29 6 36
8 24 50 32 22 6 40 17 46 50 16 14 17 8 28 36 46 34 46 36 46 30 47 40 14 12 48 40 9 20 32 10 2 18 24 17 14 28 8
50 38 2 28 20 24 24 13 24 6 32 17 17 38 42 6 36 4 42 18 38 36 38 24 50 10 4 4 27 24 24 8 38 22 34 19 22 16 4
32 30 45 40 50 38 12 45 42 6 44 4 7 49 40 6 30 32 36 34 1 36 9 40 27 46 12 6 49 48 45 30 23 12 42 32 29 34 16
44 12 42 1 22 5 20 11 34 31 14 3 32 47 5 19 4 44 34 25 36 37 36 31 27 21 25 1 21 15 3 29 3 26 5 40 8 38 30
26 14 33 6 4 24 24 45 36 21 32 11 42 21 2 33 12 2 8 6 17 37 4 46 11 24 33 38 27 40 5 10 45 43 50 19 27 44 28
10 42 17 22 32 32 14 23 30 20 30 21 37 33 6 32 48 16 44 44 34 46 39 32 43 28 50 36 11 32 45 12 23 12 26 23 39 38 42
44 19 13 11 8 9 4 47 12 14 6 37 24 21 9 49 32 8 7 37 15 3 8 7 47 33 4 23 13 20 47 44 21 16 21 46 3 26 36
16 4 3 16 36 43 34 1 22 11 10 44 45 43 38 31 15 12 34 10 19 40 17 44 24 30 1 19 1 9 40 26 26 37 24 7 40 40 10
2 46 15 46 6 26 42 33 20 20 38 10 5 10 22 20 42 12 26 22 28 48 49 18 9 2 34 20 41 34 11 8 6 26 36 7 44 28 38
49 28 44 34 28 13 32 43 36 31 4 34 13 46 24 20 20 6 8 46 27 7 38 2 43 30 15 41 32 32 11 26 15 19 42 48 40 34 20
1 38 11 31 32 44 40 19 48 49 46 5 3 35 16 40 36 44 38 11 13 5 25 48 9 47 45 9 39 21 38 5 10 12 38 39 48 3 8
22 20 6 34 2 50 48 43 36 32 36 37 19 44 36 44 6 12 48 30 4 34 35 32 41 42 26 22 37 20 7 44 28 26 42 23 4 42 30
24 10 39 32 20 2 38 35 28 34 48 24 41 50 36 2 10 16 12 14 23 10 42 2 33 48 28 18 40 26 3 17 23 20 10 34 47 8 44
44 30 32 8 16 44 32 40 4 2 22 34 27 40 6 22 48 38 2 6 14 48 30 14 20 12 4 24 13 18 30 38 10 32 44 40 2 8 30
4 10 21 24 40 12 14 19 20 27 26 22 5 1 18 3 24 30 20 46 14 14 49 30 10 26 21 22 14 20 1 34 16 9 38 40 43 34 40
30 46 15 8 30 48 6 29 8 36 50 1 45 19 10 46 26 12 20 29 9 14 47 48 23 48 4 28 42 4 43 6 1 16 50 9 28 8 12
