34 34
31 25 45 21 42 15 11 19 27 41 31 6 50 19 45 30 20 19 20 28 50 23 25 39 46 1 35 39 28 14 29 15 30 45
36 8 48 23 50 16 10 4 34 31 12 22 4 23 24 16 33 22 22 3 32 47 42 8 30 34 10 14 16 37 36 19 21 22
34 32 20 25 2 36 4 44 32 28 18 20 24 32 37 14 1 10 16 37 7 47 10 38 6 36 4 6 8 28 35 19 35 44
30 8 41 9 48 6 36 42 20 23 24 24 7 3 35 4 13 6 28 44 47 18 2 29 46 20 26 49 2 33 25 33 41 8
18 29 1 27 14 19 44 27 17 32 26 35 11 43 20 42 48 10 43 38 32 16 50 9 17 8 48 25 4 7 29 49 41 22
34 46 2 9 22 8 10 18 24 18 44 10 20 7 7 14 29 42 30 42 9 26 34 14 6 28 48 6 28 39 5 21 41 26
10 28 4 48 44 1 32 35 43 30 15 47 45 12 19 43 34 22 11 8 15 23 33 28 34 35 1 25 30 18 4 18 16 17
16 50 2 39 32 40 2 10 26 27 6 22 43 26 12 14 45 38 12 35 28 49 1 10 30 49 50 8 6 23 32 29 22 45
3 3 39 9 24 30 16 46 5 10 33 45 8 30 12 38 25 20 42 14 29 18 38 19 50 24 32 22 48 48 14 29 43 30
11 1 5 19 34 32 34 42 28 9 39 41 24 36 23 14 7 30 7 50 27 37 2 31 4 15 48 35 14 3 30 4 35 45
31 44 33 38 34 38 4 50 26 45 37 30 37 37 41 4 13 24 29 34 27 43 44 27 10 49 14 13 24 9 30 10 33 29
47 45 1 13 32 42 26 40 28 35 44 46 15 41 6 32 44 20 36 23 29 13 38 29 8 29 26 3 20 20 4 3 25 35
10 28 5 29 28 38 50 4 34 28 32 4 22 1 30 42 30 40 22 34 37 24 29 34 34 50 50 8 40 8 41 38 29 46
48 16 48 43 12 38 14 26 34 38 32 24 48 12 13 44 38 14 18 28 2 16 49 32 24 12 4 6 4 38 23 34 21 19
1 39 26 33 50 3 48 26 24 8 28 27 25 10 29 38 10 46 45 35 26 37 8 11 16 17 8 50 20 39 7 26 13 19
4 10 45 35 30 4 20 38 22 28 43 42 12 23 31 10 37 16 46 33 31 36 33 36 20 48 26 12 50 33 6 8 46 46
38 2 44 9 46 16 28 49 44 6 38 41 20 28 18 8 13 43 31 43 38 42 32 49 11 18 10 24 19 23 15 36 25 25
40 28 44 30 14 40 26 40 28 36 12 44 14 38 10 16 20 6 12 32 31 40 28 50 20 26 18 40 44 18 32 44 6 27
18 6 46 14 30 6 22 28 44 42 42 40 28 28 4 32 6 12 48 50 47 42 3 4 34 18 16 34 38 42 10 30 13 1
34 46 40 41 4 44 18 36 30 48 34 50 30 20 34 48 18 16 42 28 23 28 44 32 42 50 18 42 26 30 34 20 34 29
48 21 40 48 14 38 16 12 43 10 35 9 17 16 34 48 19 8 42 38 44 18 36 31 42 48 18 42 45 29 24 19 29 4
44 3 39 35 2 48 44 22 10 41 10 50 25 23 39 42 15 24 38 5 29 25 18 45 4 7 12 32 38 19 46 15 13 45
15 29 31 45 18 50 5 1 18 1 48 12 6 13 1 50 13 24 8 1 16 40 4 1 18 36 46 35 3 17 25 17 7 1
45 29 19 7 2 10 26 41 25 50 26 50 47 17 27 6 18 10 9 27 30 19 18 35 36 39 26 37 43 49 27 25 7 35
8 2 22 3 22 26 34 42 32 50 24 6 36 35 5 40 8 48 20 35 40 8 12 22 4 40 18 48 36 16 24 6 34 7
22 22 22 6 30 32 44 4 16 22 8 2 38 39 21 44 26 26 34 29 14 43 22 36 38 6 46 36 22 18 39 17 5 22
2 20 35 7 4 18 38 36 48 8 47 6 22 11 15 28 27 30 18 17 21 41 27 22 38 13 20 30 28 3 18 28 31 10
20 43 12 4 5 43 37 34 15 1 48 44 50 32 38 46 10 12 6 27 24 4 27 9 28 5 3 44 41 21 49 23 21 39
2 34 10 31 6 8 28 6 48 29 18 28 35 30 12 38 12 14 30 16 44 11 21 11 46 4 40 30 8 7 11 37 4 1
18 46 44 10 22 28 16 22 40 34 44 46 50 24 6 22 20 22 48 42 23 34 13 2 6 18 2 28 34 42 18 38 26 42
2 32 32 47 30 4 28 46 48 22 38 36 10 34 22 24 28 26 8 44 23 44 23 50 22 30 2 50 40 6 41 4 29 5
10 27 42 32 49 13 41 22 49 17 50 33 41 8 9 39 20 40 19 23 1 46 39 17 10 37 17 7 7 17 21 35 3 35
46 30 23 48 46 44 38 2 46 38 2 42 34 36 14 30 8 46 24 8 33 20 3 20 16 24 16 24 4 26 49 20 14 50
34 32 28 23 18 42 22 16 22 14 22 46 28 23 47 12 42 20 24 39 16 50 34 4 32 20 38 2 32 40 47 1 43 2
