42 42
24 18 6 32 23 33 46 14 19 50 28 5 27 33 22 14 8 22 22 8 35 30 42 5 14 50 45 30 22 49 30 33 17 38 49 14 12 46 47 42 47 16
32 46 14 9 18 28 20 10 2 32 18 2 16 21 14 12 34 6 36 2 16 19 42 18 6 10 50 16 32 48 30 1 40 6 4 8 36 46 4 6 28 34
2 18 36 41 34 12 24 14 42 40 48 39 31 19 41 25 38 36 24 38 3 7 37 5 48 36 28 14 31 17 47 49 5 32 40 36 6 34 48 32 44 8
27 32 25 34 2 49 18 44 25 14 2 12 5 43 4 31 5 16 20 31 28 6 35 5 4 7 2 18 48 35 22 1 5 16 5 6 8 16 17 6 1 42
26 28 1 40 11 49 29 2 36 32 24 2 15 22 33 1 5 41 7 23 38 32 1 1 30 5 4 37 47 44 22 47 47 14 34 17 1 2 21 39 37 14
16 6 26 50 42 10 30 18 6 6 6 45 29 6 34 25 18 10 14 17 8 8 49 27 2 48 6 28 28 45 6 6 14 36 2 50 48 36 42 20 50 50
30 8 32 12 48 44 16 38 20 50 30 14 8 18 36 22 28 4 10 22 20 27 22 28 8 10 50 34 26 40 10 50 10 24 16 28 40 26 50 10 6 4
50 8 47 23 34 42 4 2 8 32 10 48 23 24 45 17 9 50 28 8 49 40 13 2 28 42 3 32 26 19 28 39 1 34 46 18 28 18 27 2 47 4
10 24 14 39 6 30 18 24 46 28 36 27 12 6 12 46 2 16 14 18 6 26 2 20 28 50 12 20 42 46 50 37 35 44 18 10 40 44 19 34 6 16
36 22 44 35 15 7 34 4 26 40 11 27 35 28 21 4 32 20 46 48 44 35 11 43 26 23 2 30 29 1 21 23 36 48 25 13 48 8 48 18 44 20
10 38 26 13 15 41 30 29 37 16 36 13 10 18 21 25 22 8 4 24 33 6 11 18 40 25 16 4 1 47 29 9 5 14 9 40 30 4 15 50 1 10
6 8 12 3 36 9 20 42 34 16 2 17 12 32 42 18 36 12 40 2 11 41 25 39 44 18 6 28 38 6 2 1 37 30 28 30 12 34 13 48 14 16
36 42 3 20 41 1 14 43 48 19 30 30 26 4 36 48 38 33 30 3 25 23 14 47 44 3 11 35 39 41 17 50 11 24 38 15 28 36 25 43 37 48
18 18 35 12 44 13 4 32 48 24 32 33 33 29 38 30 49 4 50 28 39 4 8 40 20 32 28 36 31 41 18 21 45 4 24 30 28 32 35 42 24 6
49 4 39 1 1 23 13 23 37 13 41 2 4 32 34 4 45 6 44 7 43 39 43 45 50 38 37 37 38 29 9 21 37 10 10 23 2 46 43 39 39 29
2 30 37 48 25 38 18 2 1 8 47 26 15 10 24 37 45 36 8 39 8 1 33 41 14 46 18 12 35 22 34 27 35 26 34 18 48 48 12 28 28 40
42 36 24 20 18 28 34 10 2 6 28 50 16 34 24 44 34 32 18 46 24 38 18 10 2 30 28 46 22 48 32 15 22 50 48 44 28 20 19 16 46 4
20 8 4 10 6 46 20 50 24 2 14 35 46 36 16 28 44 22 50 24 30 28 10 46 44 6 26 2 38 26 16 23 16 38 26 48 22 44 31 36 20 10
26 44 11 43 38 12 50 39 45 14 48 32 47 38 50 13 5 34 41 5 38 45 9 28 47 42 41 23 1 39 48 14 27 42 38 33 34 27 7 10 17 28
19 48 21 23 8 46 46 35 29 46 33 9 21 23 13 3 32 24 5 5 14 34 11 6 10 23 11 26 9 2 24 39 38 26 28 6 44 30 9 26 23 24
31 34 47 19 10 1 22 29 25 32 15 25 29 43 37 41 19 15 3 49 21 43 27 36 43 46 38 45 35 16 34 47 3 34 18 9 5 10 41 7 47 40
10 1 6 36 2 15 21 37 34 32 27 8 31 8 6 12 43 47 4 39 46 38 40 48 3 4 9 1 12 22 28 48 28 26 28 35 9 5 46 46 30 23
30 42 14 47 12 22 34 38 48 6 42 19 39 4 12 41 18 38 4 21 21 3 37 6 16 8 4 26 26 19 46 9 17 42 2 42 38 50 31 2 34 4
38 40 28 42 46 21 36 10 2 34 50 11 50 23 34 25 23 32 14 3 29 23 47 33 24 44 26 36 23 1 33 2 7 42 2 32 14 4 50 26 6 4
15 46 42 35 33 19 27 46 49 13 3 10 31 20 28 25 39 43 10 49 19 33 35 49 27 40 25 2 16 45 7 49 24 49 26 48 26 10 46 43 47 41
4 4 34 3 24 20 24 30 30 28 50 36 23 15 32 20 36 30 16 32 44 12 27 14 44 26 42 46 2 23 42 49 35 42 28 14 2 26 15 2 12 8
47 27 6 5 19 39 40 4 36 8 23 5 40 7 27 50 21 14 13 27 40 40 19 41 42 50 48 13 2 6 30 26 49 12 2 33 2 24 37 24 46 31
2 44 10 38 26 29 32 44 50 14 44 8 35 3 32 25 26 2 26 8 36 26 33 3 48 20 22 40 44 32 33 48 50 8 12 14 42 28 19 42 12 40
15 16 10 30 4 31 14 42 1 38 37 33 38 23 35 5 20 46 43 1 27 4 49 10 16 37 44 13 27 12 8 29 31 28 33 1 26 45 9 2 17 30
40 48 8 42 50 20 14 24 40 26 12 12 48 49 22 34 30 8 10 44 36 8 24 34 16 42 2 34 42 6 6 9 22 32 6 40 34 8 45 30 10 14
22 30 14 45 34 15 6 29 7 6 50 49 20 33 35 49 5 4 8 15 9 39 1 50 34 20 42 7 35 37 6 40 3 4 5 21 36 44 7 29 36 10
27 33 18 13 49 3 29 20 22 17 1 1 17 3 47 49 29 39 45 13 9 15 7 9 31 32 15 43 26 45 49 42 27 21 44 37 12 34 31 9 7 17
4 40 14 2 22 24 34 4 30 40 36 27 19 21 40 26 24 46 40 31 12 16 24 38 28 44 44 6 22 26 8 29 1 44 2 14 32 38 36 18 26 50
46 50 44 35 30 14 36 12 32 46 24 41 16 49 38 34 30 32 26 4 32 42 6 11 46 50 16 2 18 47 2 17 16 34 2 34 46 46 31 48 46 32
32 6 40 26 20 38 40 34 30 14 44 45 34 15 46 2 2 8 20 25 42 26 27 44 44 22 26 22 2 28 40 43 41 4 34 32 34 50 10 22 44 46
44 50 42 31 20 21 34 40 48 32 42 11 33 1 3 18 41 14 26 38 44 1 47 29 32 50 47 28 33 33 2 11 13 18 32 44 50 38 25 48 44 16
22 40 38 39 8 45 6 40 34 20 20 41 10 18 27 15 25 20 50 18 7 34 11 27 48 40 17 44 3 24 48 7 35 50 9 48 4 36 41 8 35 24
13 22 19 1 32 49 28 47 49 16 25 3 41 7 20 46 42 21 15 17 11 45 40 6 8 28 31 14 33 34 10 50 11 8 28 21 20 30 16 9 27 28
23 10 25 33 48 6 32 44 4 26 12 23 32 6 2 23 2 50 18 49 47 18 31 26 36 38 41 32 10 29 17 28 47 2 18 24 2 20 2 22 19 32
40 12 33 43 30 14 4 22 41 16 38 17 11 39 17 5 10 48 22 12 17 50 32 34 28 45 21 35 23 28 28 41 5 34 6 19 50 28 5 36 17 12
40 16 38 36 14 5 38 4 6 36 50 30 13 21 38 29 23 38 28 17 12 29 25 23 22 34 16 30 12 21 23 26 7 28 22 42 18 12 19 44 42 48
14 20 31 43 18 39 24 6 3 44 2 11 34 48 8 27 14 26 48 33 23 8 21 1 44 28 13 12 43 21 21 19 11 38 21 36 42 8 48 36 43 44
