26 26
38 18 13 31 27 17 13 30 7 35 21 34 42 48 49 16 21 2 3 44 22 41 50 41 2 12
44 3 15 9 12 14 31 15 40 30 39 48 14 49 34 49 15 38 50 22 37 8 46 43 18 42
50 7 18 40 45 39 20 30 36 50 50 24 37 40 47 2 23 25 47 4 39 21 48 27 9 49
1 32 9 25 23 18 27 24 12 3 15 33 39 10 16 48 7 43 34 20 47 34 5 31 14 5
27 6 29 11 6 34 37 9 31 20 49 37 22 36 1 33 21 48 43 42 34 27 45 27 28 45
3 47 6 19 29 10 22 29 7 3 36 17 6 38 1 23 26 46 6 38 15 24 44 28 11 4
31 22 8 11 13 8 17 7 23 43 32 11 34 28 14 2 11 46 26 7 7 2 32 33 3 11
2 8 28 5 42 44 3 17 43 17 39 38 21 35 41 22 12 39 19 37 38 19 22 17 29 11
35 35 1 27 37 10 18 20 28 30 20 16 46 12 34 4 50 49 7 32 28 24 48 3 44 3
50 46 23 46 49 36 14 6 13 31 23 49 14 2 29 28 47 7 37 29 22 15 14 3 21 22
35 12 4 41 15 5 14 41 9 13 12 50 50 41 16 9 5 34 47 17 19 12 35 34 23 38
45 45 47 48 24 29 5 40 21 32 21 30 47 45 34 9 1 19 45 11 5 41 16 30 18 1
14 1 43 6 29 12 27 38 45 4 40 37 26 40 39 50 40 28 20 9 36 20 37 4 6 14
34 24 6 27 41 39 33 3 24 14 12 23 48 20 50 38 4 40 22 14 12 26 10 30 2 31
10 34 41 44 38 49 48 47 17 12 34 23 39 5 45 23 6 25 18 1 36 27 37 30 32 45
43 8 40 37 6 31 25 48 16 38 5 44 15 2 29 15 40 39 14 44 48 23 12 48 3 6
45 9 7 13 25 41 28 3 34 5 40 32 37 31 39 40 50 43 1 10 5 50 27 1 35 45
8 15 39 27 36 44 2 35 39 3 26 46 10 21 46 8 39 38 35 5 6 47 24 46 22 4
34 9 9 39 49 43 30 49 5 25 31 32 28 18 9 32 35 14 9 37 44 23 40 39 2 15
8 30 17 8 4 18 28 1 47 1 9 6 39 10 8 18 18 33 27 17 5 38 17 30 36 39
13 21 42 32 12 22 37 34 29 3 8 22 39 26 9 18 36 33 16 48 40 28 12 23 25 39
25 42 8 34 13 20 43 14 16 30 3 42 37 19 6 45 32 26 6 47 36 39 49 40 41 30
36 38 23 14 23 5 42 16 23 25 31 46 28 21 7 13 45 16 14 21 22 37 45 4 37 17
34 47 9 18 28 2 42 45 12 35 43 36 23 20 30 40 44 48 31 4 12 25 31 31 43 35
13 11 5 17 4 11 4 16 33 50 37 42 27 30 43 18 50 33 20 2 2 50 31 36 46 7
42 41 35 40 5 2 41 7 42 32 2 46 43 27 50 47 41 23 47 33 46 45 40 41 46 48
