15 15
23 24 4 8 14 22 5 19 31 20 22 19 46 17 9
21 48 26 20 10 8 18 49 22 44 11 43 44 27 49
28 19 1 4 49 7 8 1 48 32 15 45 11 43 33
33 1 29 8 32 49 35 28 14 40 1 11 43 5 5
23 16 20 16 48 30 7 32 42 30 31 31 14 4 42
20 48 24 13 16 37 5 6 5 14 44 4 30 17 37
18 26 12 30 22 26 8 16 16 12 50 13 50 17 8
33 44 30 29 42 45 19 34 48 45 27 19 23 49 7
21 1 22 1 14 18 27 30 18 12 35 9 7 2 16
41 36 10 22 8 19 2 1 5 10 34 17 46 5 42
21 47 48 21 15 45 9 43 8 35 21 3 31 13 31
24 38 48 16 34 26 36 21 22 18 49 2 18 7 8
28 34 22 26 44 26 11 36 33 40 11 37 25 18 21
13 22 38 44 38 10 48 4 10 50 37 39 36 3 26
1 36 28 28 16 16 14 14 36 38 8 13 2 27 12
