22 22
15 35 28 23 4 49 7 34 36 33 49 30 40 33 45 9 37 30 32 47 5 39
34 21 4 21 18 12 42 24 6 11 34 4 48 28 33 40 2 50 12 34 28 13
26 31 20 7 26 34 38 22 30 8 6 14 14 44 29 14 28 23 40 12 12 40
46 43 36 31 42 44 36 11 34 40 38 36 8 20 23 34 16 39 20 46 24 24
9 42 24 20 42 16 5 27 29 29 23 31 22 37 9 16 18 45 34 33 49 36
31 31 11 25 14 38 16 46 44 25 23 24 47 44 46 30 31 15 16 8 32 46
46 34 8 44 46 22 10 48 8 18 12 40 46 28 17 30 26 37 14 4 14 26
42 27 2 4 8 41 38 20 10 39 19 26 40 10 41 17 13 26 27 22 27 7
34 20 49 27 14 48 42 30 17 31 2 34 21 21 25 20 1 11 6 10 35 31
21 14 45 3 2 28 38 1 18 7 31 13 28 6 8 46 22 36 44 44 14 49
23 23 42 27 49 28 44 4 7 39 48 16 11 38 47 40 7 3 16 24 5 31
5 49 12 25 26 48 28 2 48 42 23 40 8 32 47 40 28 33 26 32 6 16
18 27 29 50 48 40 2 43 49 4 50 43 13 32 14 10 50 33 2 50 46 7
3 49 43 25 31 9 41 1 35 6 20 14 5 3 48 24 35 36 23 11 3 27
50 35 24 32 46 42 18 49 34 33 42 12 42 14 49 32 16 45 34 6 8 10
40 1 17 36 45 45 44 39 45 29 16 45 39 4 31 30 29 43 22 7 37 21
42 1 38 42 16 22 24 18 8 30 12 34 32 32 38 50 10 32 34 8 14 46
29 14 7 48 32 30 7 3 13 13 11 44 45 4 8 8 43 37 46 50 23 14
15 18 27 19 20 34 46 13 37 20 16 28 28 22 18 48 48 19 16 18 24 17
8 49 9 25 3 16 24 13 46 6 49 2 19 2 38 12 24 48 6 22 42 12
26 39 49 33 8 32 32 48 36 29 24 32 50 40 22 24 34 26 28 36 34 7
9 31 42 31 24 38 42 24 22 22 48 36 48 14 15 36 44 3 36 38 22 21
