78 49
11 36 6 25 40 8 50 49 32 10 48 47 6 37 26 33 13 47 14 31 33 10 27 2 50 41 33 50 2 17 42 24 17 29 15 27 47 22 5 49 17 11 16 29 1 10 23 44 15
47 33 14 41 29 22 50 9 9 24 37 22 32 26 29 45 47 26 1 26 14 24 12 24 38 10 15 6 18 19 18 32 3 8 33 32 7 18 35 29 41 34 44 44 29 9 1 16 3
3 3 45 12 8 12 25 4 2 13 1 5 20 24 22 33 3 6 12 39 7 34 1 39 5 47 17 23 43 8 40 19 26 23 10 28 4 23 7 29 11 39 4 1 46 2 36 50 40
49 22 10 10 24 18 33 36 18 17 49 7 36 4 21 40 20 50 13 47 26 34 18 41 41 5 13 10 36 24 36 4 8 39 10 42 31 50 35 47 24 9 6 47 18 17 1 33 2
50 23 40 11 10 45 50 23 41 6 13 4 31 23 35 24 49 42 14 28 35 47 43 22 5 13 27 50 16 46 9 37 39 2 7 40 34 50 50 7 43 26 48 3 47 4 4 14 37
45 17 50 4 10 21 39 42 45 35 20 5 50 41 4 31 43 5 29 26 37 38 16 44 12 22 12 27 49 13 29 47 11 9 46 18 37 25 24 5 33 10 45 30 5 48 12 42 22
47 28 19 50 50 30 48 8 11 17 7 39 16 43 23 44 36 50 23 18 1 2 33 21 3 5 48 26 36 29 23 46 17 5 9 50 46 20 36 23 13 8 14 4 25 17 24 37 23
3 1 29 29 26 6 29 35 7 45 22 11 22 2 11 15 17 12 41 31 48 6 34 13 32 30 14 48 45 1 36 23 6 9 13 33 9 49 10 26 48 37 31 20 44 33 49 49 13
8 10 3 2 13 7 45 2 9 37 32 32 47 27 37 20 19 34 35 17 17 17 32 16 20 41 39 34 21 43 18 20 34 19 18 15 16 31 9 24 30 8 34 47 49 11 31 25 19
29 27 14 50 2 12 4 42 13 2 15 28 29 4 19 13 40 11 20 13 8 43 18 36 8 13 28 19 23 28 4 48 33 4 44 37 31 15 46 16 2 14 49 15 46 48 5 30 9
29 16 25 25 46 8 38 45 14 11 28 19 48 14 10 38 5 30 29 46 20 46 30 2 7 38 12 39 23 45 1 10 34 6 23 40 25 31 36 4 20 38 16 42 15 34 48 35 29
1 34 32 46 23 45 25 27 13 3 12 25 37 5 5 41 13 27 50 30 4 34 7 19 11 29 23 32 38 13 11 11 35 26 45 42 8 34 6 22 49 5 18 6 29 9 40 47 25
35 28 9 3 36 16 10 47 42 1 31 16 11 19 47 9 28 42 2 16 24 25 38 33 16 38 31 48 30 41 42 20 1 3 8 14 2 6 49 44 15 15 11 5 41 24 15 12 38
36 31 13 45 4 5 23 49 4 28 37 34 44 23 10 8 46 38 5 39 29 40 46 39 11 35 22 25 48 40 30 4 4 17 7 9 24 45 41 42 46 15 35 26 20 1 50 10 41
9 50 36 49 27 31 33 8 24 41 40 12 3 11 50 41 3 8 3 1 17 44 43 44 30 29 45 43 48 23 31 41 37 11 3 42 28 49 18 22 24 18 6 16 42 46 45 30 22
34 49 5 10 2 17 6 24 22 28 49 43 5 4 7 16 27 13 6 12 9 36 36 35 17 2 42 2 13 49 40 20 9 21 1 1 1 7 31 10 4 11 39 38 11 3 28 44 21
21 38 35 50 15 32 11 13 12 10 6 29 28 50 19 12 7 12 13 27 25 20 23 10 44 13 29 16 39 12 1 31 20 28 40 49 46 48 32 19 7 22 3 27 48 10 49 48 36
13 34 50 45 17 44 15 46 1 9 17 19 10 37 49 2 17 4 43 47 41 38 44 50 19 32 29 19 28 10 47 29 9 15 28 23 31 44 25 4 25 3 38 40 19 5 11 28 4
47 22 26 36 46 5 1 15 31 29 8 6 27 2 14 15 15 38 10 4 6 9 47 9 19 45 44 41 22 41 14 1 22 41 37 11 31 42 12 12 40 32 42 26 10 33 29 9 31
3 7 26 25 39 27 20 22 11 17 39 7 48 24 6 20 40 8 3 8 23 45 33 41 41 10 11 18 23 15 36 29 20 3 31 12 20 42 11 45 49 31 31 3 20 28 45 2 6
14 5 5 13 41 43 31 47 6 14 2 2 11 20 23 38 48 39 43 20 10 43 13 6 29 12 10 48 33 25 7 33 1 18 27 1 1 40 11 5 44 25 22 28 3 9 43 17 18
40 27 45 47 9 8 49 20 18 42 50 45 27 5 19 32 47 6 10 11 9 14 23 44 28 29 16 6 31 38 31 1 2 30 46 34 2 26 5 38 5 27 47 12 43 24 23 49 4
10 20 43 41 49 35 13 41 11 32 29 42 6 26 19 26 29 14 9 16 30 30 40 49 9 30 30 37 33 45 44 43 6 29 16 46 4 49 34 41 32 40 28 15 11 36 6 24 49
27 6 2 33 45 16 12 50 47 48 47 35 24 7 28 46 28 4 35 32 40 11 26 6 4 22 20 34 22 5 11 45 3 34 29 25 23 42 6 35 32 21 39 19 5 47 37 13 41
38 39 42 40 50 36 15 3 1 7 43 46 28 27 1 5 42 32 31 47 8 16 45 37 48 33 38 17 41 10 46 25 19 11 23 24 7 35 31 9 3 25 7 29 15 10 7 3 26
45 48 26 19 36 3 45 13 34 49 4 21 2 42 39 24 41 7 23 1 45 47 2 49 45 43 34 28 40 32 31 19 26 25 38 14 21 33 36 21 10 8 48 50 44 21 19 33 3
14 8 24 35 36 26 5 12 46 12 20 34 2 37 3 38 21 1 34 20 27 7 42 15 4 13 50 40 23 21 6 25 36 25 7 43 3 17 14 31 50 16 35 44 39 27 49 43 48
35 49 36 43 28 39 49 33 17 49 12 34 38 1 27 25 38 16 47 22 10 45 46 12 29 10 9 1 49 1 23 33 31 33 37 6 1 25 17 48 44 23 36 37 31 49 43 35 36
46 14 40 13 23 25 8 23 19 35 9 26 4 8 16 40 35 17 40 10 25 32 11 45 45 32 46 13 47 36 25 12 29 37 22 12 44 10 33 4 50 21 43 31 7 3 7 1 11
3 11 40 37 41 30 49 42 6 20 12 18 43 27 1 32 19 1 14 41 39 30 15 11 27 29 37 26 28 32 33 48 45 26 11 42 48 2 42 35 41 43 41 47 11 9 4 21 14
7 46 24 1 25 26 27 24 45 44 17 48 39 27 17 25 31 12 14 28 4 48 29 16 13 8 27 6 42 43 22 8 14 12 2 42 21 45 30 14 43 18 30 40 25 49 1 50 33
34 28 35 4 24 24 48 46 27 34 20 27 1 31 39 35 47 47 32 30 41 48 36 14 33 43 19 23 43 2 48 41 8 22 16 37 37 48 21 14 34 41 32 32 13 7 33 39 3
36 27 38 15 47 18 21 41 50 41 20 19 27 29 47 14 9 22 38 22 18 34 9 21 18 5 8 3 33 16 17 6 37 40 34 32 43 22 15 29 20 27 40 38 45 44 31 27 13
24 34 34 18 20 45 7 7 17 3 30 14 45 39 29 9 31 16 8 31 37 49 5 10 26 5 35 35 2 47 18 18 48 32 25 12 12 3 24 36 6 44 4 2 39 17 7 24 48
47 45 38 40 46 43 27 25 39 29 42 30 16 31 2 5 3 1 39 47 41 45 42 10 17 23 1 34 33 49 1 33 14 37 25 12 34 4 27 28 46 3 35 33 39 47 14 4 38
41 2 16 15 10 22 7 9 3 30 42 36 14 50 34 39 36 12 11 38 45 32 34 48 47 35 42 50 44 27 17 23 43 20 16 37 3 6 25 16 45 37 14 36 1 26 50 12 20
5 34 39 43 19 29 40 29 26 6 30 17 14 38 26 5 12 39 3 38 25 37 34 50 8 40 37 49 50 29 6 45 13 26 13 31 16 16 40 13 10 7 39 14 13 13 16 16 16
48 12 5 21 36 9 17 46 31 46 31 12 13 35 39 30 23 36 43 49 22 50 16 29 13 35 6 35 25 22 48 10 35 33 39 17 18 27 18 39 25 3 12 29 47 48 13 43 1
12 35 40 37 21 38 18 10 9 34 39 20 24 13 43 30 29 8 2 40 48 20 25 9 14 48 23 7 21 20 32 25 47 39 5 24 15 38 41 19 50 34 36 50 22 45 26 18 48
35 25 19 36 31 16 30 37 31 8 41 50 28 3 12 36 9 9 12 15 33 49 28 7 37 8 9 29 32 49 46 50 12 24 22 34 38 11 14 28 27 41 13 19 9 2 37 10 39
38 42 43 10 33 39 49 17 44 21 37 48 38 42 18 17 5 14 33 12 30 22 23 12 43 26 17 23 5 12 42 11 1 37 40 41 7 47 35 22 2 17 3 39 22 49 14 32 1
3 9 50 42 42 8 31 8 24 19 10 13 14 46 24 5 20 35 48 26 15 19 3 21 12 29 29 22 15 8 6 10 39 49 3 39 6 14 8 26 31 4 38 18 7 21 5 35 16
40 29 7 35 7 2 12 39 47 34 13 43 38 4 42 9 25 14 19 22 43 24 50 33 5 6 49 18 46 50 13 48 4 20 41 21 2 25 29 19 28 31 16 34 20 18 13 8 18
10 36 10 33 45 29 29 48 17 4 24 44 28 34 25 26 19 23 21 46 13 29 10 19 13 46 42 12 47 48 6 32 29 49 34 29 14 31 20 25 8 25 25 44 26 3 44 10 46
35 37 39 16 46 7 35 2 35 4 45 20 36 14 40 49 27 5 47 7 4 50 10 22 26 20 13 18 29 5 15 13 40 32 4 18 34 20 1 18 2 45 14 50 33 49 23 44 27
48 45 49 18 11 19 2 10 1 20 35 23 40 20 8 13 38 30 12 16 34 28 46 17 39 47 29 48 27 27 22 34 43 16 12 4 18 6 26 45 44 29 1 15 46 11 29 23 48
18 11 35 47 41 30 26 15 15 9 24 47 7 36 33 46 28 34 35 15 12 4 17 47 14 19 24 16 25 48 9 46 8 17 41 28 28 9 50 49 12 33 27 4 47 44 20 38 15
2 21 45 35 27 28 46 4 10 12 45 26 28 34 46 23 48 13 48 43 1 48 36 43 19 39 39 40 49 5 17 49 20 50 26 36 29 37 34 3 14 13 13 13 32 31 29 5 29
34 22 12 17 40 14 10 24 50 7 18 27 32 36 34 22 49 4 32 40 27 22 4 15 18 32 40 24 36 21 14 28 33 6 9 33 40 10 8 37 11 8 35 30 19 19 38 14 1
17 3 31 43 31 19 2 24 13 37 21 18 34 39 12 44 13 16 27 31 49 14 7 38 16 38 28 16 22 36 8 2 9 35 25 34 50 17 49 38 20 37 16 12 15 50 14 42 9
45 19 33 24 33 19 42 6 34 12 24 41 45 40 43 43 3 39 33 8 15 20 34 36 13 44 21 31 35 44 24 47 38 26 20 43 7 40 30 31 7 43 48 33 8 10 45 19 20
7 14 44 35 32 32 14 21 34 5 36 10 1 37 38 5 40 14 39 27 10 31 33 50 50 46 50 45 38 11 43 24 19 8 15 22 30 9 13 27 36 48 6 33 15 12 12 10 26
8 34 33 17 45 21 31 23 41 33 10 11 44 35 2 25 7 43 26 42 5 49 46 47 33 17 45 37 21 45 29 4 46 4 50 12 12 44 4 22 10 13 28 19 28 32 14 49 14
27 42 7 36 41 46 18 36 29 37 2 49 8 40 14 13 34 6 36 34 24 4 13 6 25 35 38 28 27 4 48 28 22 48 14 20 19 4 45 17 10 42 27 43 8 49 24 3 35
30 43 1 35 37 38 5 25 34 9 40 1 20 45 45 11 18 27 1 24 40 39 9 44 9 41 6 29 39 20 29 19 3 48 36 5 18 15 9 36 41 35 39 19 37 13 13 23 35
7 14 37 2 2 4 28 49 36 30 42 3 23 5 1 30 40 9 4 44 27 44 48 37 48 41 3 5 10 49 24 21 35 45 36 42 16 9 47 12 48 7 7 30 20 22 44 32 28
46 16 47 35 24 42 7 46 48 46 19 25 18 12 8 38 14 1 14 46 40 30 22 24 9 19 36 22 29 15 36 37 14 48 28 47 38 33 3 46 15 41 45 20 19 35 2 6 12
15 19 4 43 20 1 39 24 37 7 40 41 23 2 1 13 10 13 15 3 8 36 47 17 5 41 35 43 6 45 31 33 34 50 21 15 18 27 47 22 24 32 22 41 35 22 31 25 50
14 23 5 3 49 14 13 15 2 34 7 22 26 8 30 13 4 27 3 43 34 30 2 44 39 2 50 7 16 8 32 44 32 15 5 3 44 2 35 24 34 50 46 15 45 41 12 49 20
20 35 11 50 46 30 38 4 1 1 15 37 44 39 23 30 6 2 35 1 2 13 22 40 5 6 44 34 15 29 27 41 2 8 19 33 25 4 46 41 44 17 46 17 41 28 44 16 37
41 49 21 31 16 35 33 34 13 18 32 12 25 3 15 17 8 12 39 32 4 42 14 38 28 13 46 21 3 46 7 10 16 13 8 31 18 31 43 47 15 36 30 47 25 13 43 24 26
41 47 1 35 34 41 11 5 23 13 2 35 7 25 43 24 45 13 23 20 27 48 46 11 15 23 12 26 24 30 34 26 42 4 37 5 4 16 6 6 35 37 3 11 39 3 8 42 50
17 12 12 4 4 46 15 22 37 26 30 32 10 16 29 42 18 48 29 23 10 29 37 36 38 2 26 31 48 33 43 28 42 37 28 39 26 29 23 5 49 22 12 28 44 20 27 19 35
42 11 39 32 45 13 18 4 21 9 40 25 21 37 16 35 50 47 13 22 12 27 6 38 42 28 29 43 39 34 42 1 39 48 15 49 41 19 32 1 1 7 8 10 29 26 38 30 47
14 15 5 46 28 23 14 28 23 49 13 3 15 32 1 2 12 32 13 49 13 22 3 9 29 7 7 31 45 35 46 1 35 14 43 25 36 44 35 9 28 5 31 19 46 25 19 36 19
26 31 1 8 40 12 14 18 40 7 47 3 42 8 42 44 21 23 27 47 35 39 31 49 19 30 3 2 4 47 27 28 40 9 46 18 48 8 40 34 41 35 49 45 25 45 7 18 31
7 38 23 3 5 47 41 35 24 4 27 2 5 18 45 26 35 24 13 8 7 21 33 27 23 37 38 3 50 37 18 48 22 25 41 47 44 12 34 25 34 46 14 36 20 39 39 24 11
18 42 10 20 37 38 29 3 24 30 37 14 13 2 43 10 49 7 44 29 37 37 28 17 14 16 48 48 25 3 14 38 43 16 12 29 17 33 32 34 9 31 12 12 24 20 30 27 20
41 33 25 38 44 27 5 9 28 6 26 27 37 16 45 47 41 11 41 23 13 48 22 11 27 22 48 8 43 50 37 28 50 48 37 36 7 9 48 21 44 44 4 39 48 9 27 38 30
30 42 20 32 46 17 33 37 31 6 10 28 7 16 39 43 50 17 40 3 1 24 16 26 41 31 11 5 22 13 6 26 10 31 12 38 41 26 36 42 36 4 12 11 32 42 27 30 4
16 22 5 37 26 22 8 20 16 22 28 21 28 17 38 16 42 42 31 50 5 27 39 22 23 25 2 1 33 22 2 45 23 43 22 28 27 20 48 33 37 45 25 37 39 45 15 18 2
25 25 16 12 21 41 32 20 3 26 44 21 1 29 41 44 42 30 23 2 6 31 29 24 9 16 27 29 11 4 46 3 18 38 27 5 18 32 18 19 6 16 17 35 26 41 22 11 23
13 33 32 28 26 38 2 7 24 2 25 48 37 9 45 15 22 31 19 6 39 25 41 20 21 26 1 41 29 19 7 50 1 1 42 44 32 41 40 16 24 25 14 16 33 38 11 26 17
1 5 46 22 35 6 22 28 29 33 27 10 31 50 21 36 25 49 38 5 42 37 45 47 5 2 9 13 2 14 24 49 7 9 18 21 46 23 11 14 50 6 47 26 10 38 8 21 49
30 40 31 41 38 13 35 2 39 23 3 49 14 38 23 44 29 4 4 43 49 25 25 12 49 25 10 20 48 50 7 45 32 12 3 12 2 5 18 46 28 38 20 19 40 18 37 29 36
47 47 11 25 34 6 20 35 44 44 20 17 33 37 6 2 16 25 19 1 48 48 22 41 33 20 2 33 4 17 22 47 8 46 48 25 46 50 16 42 14 8 3 3 15 5 2 14 10
40 27 50 16 8 27 19 41 45 20 35 22 40 4 34 3 31 16 5 24 46 14 17 14 36 41 26 35 26 15 27 49 10 1 42 24 36 33 10 23 29 31 41 38 23 31 27 16 20
36 3 39 32 5 11 13 7 2 49 3 48 36 14 1 7 39 48 38 25 27 32 28 44 22 45 19 40 15 39 4 29 49 10 10 14 49 5 22 20 20 12 19 43 46 14 13 48 19
