66 39
24 17 5 38 47 19 2 34 41 26 44 7 22 47 32 4 6 1 23 43 17 47 37 8 28 13 48 23 18 26 50 3 44 36 22 43 50 5 42
39 14 28 38 19 6 36 1 10 9 45 46 29 4 27 19 19 7 6 41 5 20 28 37 6 18 28 31 4 21 33 7 41 4 49 37 30 9 27
22 38 31 4 40 24 14 21 3 8 49 16 24 50 29 3 2 31 25 43 6 4 21 21 47 28 43 45 12 5 49 37 26 35 43 23 4 50 38
18 4 29 22 26 14 37 27 20 25 14 18 34 27 4 15 7 37 13 20 33 40 49 18 17 29 39 33 44 31 7 43 38 12 38 44 33 37 1
19 15 42 2 29 19 2 33 9 33 36 39 47 26 2 7 24 44 23 28 2 44 28 4 42 1 28 29 34 7 38 6 50 14 42 11 45 41 29
11 5 14 17 35 37 5 48 43 38 21 8 47 17 45 35 12 45 2 46 14 4 47 43 33 50 32 5 23 47 26 33 11 49 1 27 42 7 8
50 31 18 15 24 18 19 20 11 29 21 46 37 44 49 38 6 10 2 40 43 20 42 1 11 47 41 8 25 27 22 44 8 2 50 18 32 22 5
46 45 11 15 13 5 33 3 26 13 22 4 37 35 36 34 34 3 31 3 42 33 25 33 5 5 19 47 16 38 3 40 29 48 10 29 33 39 47
6 32 19 47 41 37 15 15 30 3 36 37 26 32 20 36 26 8 35 24 4 37 33 47 10 43 49 22 23 13 3 26 25 39 35 15 31 9 33
19 35 21 33 26 49 20 24 42 14 20 9 24 23 12 43 20 1 2 5 11 38 11 50 21 17 40 48 47 29 4 41 35 45 1 38 33 30 23
37 36 5 4 45 38 3 17 16 3 50 2 48 7 44 4 10 39 37 22 1 15 39 43 38 2 28 44 11 1 3 3 29 24 9 29 9 32 6
46 19 4 19 20 2 5 39 7 44 42 8 12 29 36 45 34 6 23 47 38 33 38 16 6 26 2 6 12 5 50 8 2 7 21 38 43 50 45
3 43 42 41 43 17 3 7 24 46 9 7 7 23 45 11 35 40 24 16 23 13 27 13 1 38 31 5 47 1 2 19 5 19 10 23 14 25 40
24 21 1 42 15 36 35 1 28 10 38 15 35 4 21 14 48 50 36 35 2 5 43 50 7 28 30 18 48 18 38 33 48 8 48 25 27 3 1
11 5 24 31 27 46 28 34 38 16 23 42 32 18 50 23 34 33 22 35 49 25 16 29 28 14 7 12 46 26 49 48 11 2 26 32 8 40 13
42 39 39 48 48 50 3 17 8 27 47 17 37 25 19 47 5 19 2 39 18 7 7 23 38 15 29 11 15 29 28 4 35 3 46 27 29 31 24
26 30 49 4 41 17 49 39 36 23 12 34 4 22 5 49 5 48 32 2 33 50 47 17 44 37 12 34 35 27 39 37 19 12 40 35 16 33 19
9 32 18 46 13 44 23 10 16 19 46 26 33 19 1 1 49 25 14 39 17 33 22 33 47 43 17 10 16 34 33 9 34 50 30 11 5 24 25
27 5 45 37 15 49 42 20 42 33 35 21 47 26 6 24 36 36 20 3 32 19 50 24 24 8 14 26 43 37 42 21 7 31 21 22 35 45 40
32 27 22 24 5 31 24 44 17 22 11 22 45 1 11 33 31 11 19 2 20 25 18 33 11 16 44 48 27 47 31 27 22 41 47 50 48 23 45
43 8 31 37 26 22 49 27 5 19 39 4 47 49 2 22 19 8 23 2 27 26 43 44 2 7 6 2 21 30 11 13 39 7 6 18 49 18 18
35 10 27 43 9 3 37 48 39 28 27 14 10 10 16 45 30 44 36 12 16 34 12 18 1 38 41 6 32 14 21 42 10 11 38 2 34 9 13
2 10 19 5 19 4 28 9 16 33 34 48 2 21 11 37 47 36 8 44 19 34 34 30 26 49 22 15 14 17 8 28 30 48 15 38 43 28 40
25 22 15 6 50 48 38 39 16 47 13 29 12 31 46 6 29 26 29 50 13 32 40 18 35 1 22 49 11 26 16 15 10 45 46 44 38 33 20
2 34 3 42 31 32 31 5 3 50 14 16 33 17 47 45 8 37 6 8 12 37 47 19 35 40 47 26 48 1 12 35 8 18 5 40 28 39 46
10 7 43 47 32 17 29 11 44 13 3 20 17 9 47 39 3 3 31 46 34 7 31 46 22 4 22 44 8 41 24 3 34 29 31 15 44 24 48
5 44 18 32 30 6 47 7 44 15 40 9 39 2 26 22 36 3 31 3 6 47 20 38 39 15 39 32 21 9 4 22 25 16 11 9 18 2 44
7 26 10 11 18 1 26 25 10 23 22 49 5 14 28 26 25 46 30 33 5 10 45 15 1 30 37 45 16 37 23 31 19 6 4 36 4 29 14
23 32 41 16 2 9 1 40 14 8 31 15 29 19 43 8 37 46 32 13 27 7 7 25 17 48 14 18 50 42 27 21 14 19 31 20 29 14 15
50 17 43 11 43 2 47 18 36 8 44 41 30 6 45 32 12 10 23 8 30 31 22 10 20 42 22 34 45 18 2 40 1 42 23 15 27 22 12
37 11 35 23 42 3 12 6 26 25 35 41 5 46 45 41 17 27 15 13 24 13 50 26 36 17 25 25 4 13 27 19 3 8 30 17 17 16 49
1 24 18 31 44 28 24 1 35 28 7 30 24 20 41 25 33 10 20 3 43 22 34 7 2 36 31 14 41 5 4 7 4 45 34 45 5 12 38
15 44 15 35 20 13 43 18 9 38 25 40 17 40 40 24 20 4 50 17 35 50 1 1 37 44 29 33 48 5 16 45 28 50 4 15 10 6 21
7 46 20 17 29 48 28 17 48 19 8 9 41 33 20 22 48 28 34 24 38 48 36 35 15 50 19 34 20 42 33 21 45 25 27 17 33 49 32
44 4 33 17 17 36 43 12 11 47 48 23 23 3 22 45 39 20 4 19 42 20 29 8 43 8 31 29 33 9 3 1 5 19 48 21 37 19 46
2 5 14 45 30 27 45 7 30 17 5 19 40 7 45 33 26 11 6 4 18 31 45 1 44 13 22 40 45 20 38 34 3 40 22 4 4 2 32
1 23 1 19 50 1 23 22 15 33 35 33 33 44 1 25 42 25 6 17 41 40 31 35 35 7 22 38 50 28 41 30 9 33 50 33 31 33 34
6 21 30 34 34 41 33 50 21 46 1 17 39 18 23 22 49 6 39 28 23 8 30 16 38 2 32 20 18 37 13 9 1 6 5 7 14 17 33
4 25 19 8 23 22 41 41 43 6 50 42 1 6 30 21 48 12 48 7 37 4 40 35 16 25 20 20 33 45 17 43 15 16 2 35 28 36 3
38 49 26 31 43 26 33 2 20 22 31 48 1 3 13 50 33 42 44 35 47 26 37 29 14 16 46 5 41 47 4 38 10 2 14 9 37 48 45
11 21 48 13 26 1 32 22 33 10 32 21 49 43 44 17 48 44 3 10 17 6 14 16 36 31 24 8 22 39 30 11 47 45 3 38 38 28 33
5 50 49 5 7 38 47 43 23 33 32 40 26 23 16 12 23 37 46 27 20 30 10 15 5 32 31 46 8 31 41 9 43 6 10 13 35 50 33
3 25 16 19 16 21 32 50 10 12 11 19 39 26 30 6 30 27 20 31 49 48 18 27 5 43 38 22 15 23 9 6 43 16 37 33 11 28 6
21 11 2 32 19 9 21 11 29 40 34 34 12 23 22 15 18 24 21 20 12 8 21 17 4 7 38 41 39 27 22 11 39 42 43 15 27 27 9
15 15 46 26 36 23 29 47 29 40 36 14 41 3 12 32 41 48 26 11 3 23 39 47 5 32 11 13 22 50 25 30 17 31 37 20 35 39 30
1 49 26 40 9 17 20 42 16 44 28 43 28 38 30 45 19 9 50 11 48 28 37 31 32 41 18 11 4 28 28 34 14 10 34 14 33 30 7
15 22 17 7 42 40 50 15 44 38 19 39 49 7 39 46 43 16 13 47 9 2 25 49 36 22 43 25 38 15 34 15 16 28 7 18 47 15 39
30 1 42 48 1 14 40 24 12 26 27 36 17 35 23 23 8 17 42 34 23 27 12 3 19 50 12 33 39 46 38 18 47 2 35 18 36 7 23
45 29 27 42 50 11 23 14 39 41 50 8 9 30 49 24 4 18 22 18 20 14 3 49 10 15 27 13 32 19 29 16 6 46 20 39 26 20 40
42 4 18 50 8 9 28 33 16 48 48 39 14 23 32 38 36 3 21 15 11 41 2 9 13 48 40 49 34 49 45 19 18 32 11 28 20 25 33
13 8 11 25 19 39 47 49 47 11 32 5 41 3 23 20 8 27 34 21 27 6 48 8 23 30 10 30 27 45 35 38 27 23 29 6 33 40 36
32 13 9 43 13 19 21 14 4 38 5 4 10 18 23 35 9 26 34 7 3 26 45 38 27 45 38 34 29 17 27 34 4 1 9 43 21 7 38
43 21 8 16 33 1 1 21 26 45 22 10 14 18 43 36 20 23 21 28 34 17 4 5 23 26 36 4 29 50 13 33 20 50 30 37 47 45 45
37 39 22 35 38 41 38 2 17 22 47 32 29 43 27 37 14 38 48 49 17 29 36 34 13 12 36 10 11 42 7 49 28 49 32 9 13 28 23
43 1 35 39 32 37 26 12 48 6 37 27 28 15 24 35 6 2 11 17 45 41 24 18 11 29 49 26 15 32 27 2 10 46 21 30 8 41 49
12 36 46 22 19 17 22 45 48 25 48 6 13 3 13 5 24 27 47 35 15 19 36 35 12 7 3 12 11 45 41 33 1 24 10 45 39 45 30
22 47 45 38 46 47 33 11 10 40 48 11 45 16 41 50 30 29 32 7 25 36 49 50 33 27 50 24 8 15 3 24 4 49 50 13 18 31 8
49 4 23 28 9 29 19 19 37 9 34 50 12 12 13 26 43 12 26 14 37 9 43 27 7 3 36 50 46 7 10 4 7 12 3 6 31 36 8
30 23 12 13 11 39 29 29 27 1 30 20 12 37 22 29 17 17 44 25 35 45 31 50 18 14 15 19 6 8 27 33 45 11 28 25 13 1 43
18 36 33 25 12 6 48 22 18 26 4 42 42 2 31 18 18 22 26 13 31 18 21 37 49 11 20 44 41 27 35 21 47 13 3 36 19 9 36
31 1 44 3 30 32 14 37 16 25 9 14 44 41 8 14 44 22 37 6 44 6 19 17 28 7 37 22 28 17 44 25 2 4 9 47 36 32 10
13 29 12 49 41 27 18 20 6 23 8 47 8 26 15 45 14 14 14 3 48 6 50 26 16 39 4 38 28 15 9 7 37 4 23 2 43 23 25
50 40 25 29 11 37 11 25 49 33 15 42 18 5 45 48 35 1 11 1 20 27 10 37 39 46 49 38 19 33 11 18 30 6 34 4 34 50 36
12 20 40 1 22 19 42 20 17 47 16 24 16 1 39 9 34 43 44 2 5 50 30 10 13 21 2 43 38 39 3 39 50 11 27 45 31 39 19
37 30 18 42 47 43 35 4 8 33 14 1 49 4 5 12 7 45 27 13 16 4 1 46 12 1 22 44 12 30 5 33 49 7 45 50 31 11 32
43 50 2 38 31 44 6 34 2 42 32 48 46 42 16 27 29 36 5 31 1 21 41 19 45 20 39 36 4 20 11 44 48 46 3 6 28 12 22
