69 42
28 48 28 4 12 22 10 39 40 40 48 8 15 20 50 19 10 46 47 44 22 47 44 12 16 6 24 12 26 18 8 40 16 12 40 36 36 30 26 50 1 24
44 42 48 42 36 48 28 14 24 44 40 14 8 8 9 39 40 8 5 30 34 13 46 2 30 48 16 48 20 20 46 48 34 8 32 12 12 48 42 32 33 22
8 6 21 25 47 34 15 32 13 9 32 32 50 3 14 5 26 21 49 27 49 6 22 50 28 23 37 3 49 39 29 40 9 3 40 21 38 34 13 15 25 10
5 18 38 44 39 20 45 7 25 42 18 28 28 2 13 31 28 6 31 39 38 17 40 2 36 3 20 6 8 31 18 11 13 4 6 24 14 36 15 27 17 4
4 48 8 34 8 49 7 48 49 2 20 2 14 28 1 34 32 16 35 33 46 9 1 48 14 49 1 48 1 47 40 15 39 34 30 48 40 16 37 19 5 7
18 2 30 10 50 40 30 14 14 20 38 2 8 28 47 11 44 22 7 26 44 5 32 38 26 42 10 4 36 4 24 6 22 28 48 48 20 34 50 22 44 34
28 9 30 35 20 10 2 28 8 17 1 30 18 33 2 28 15 33 39 11 36 19 40 3 7 37 10 17 10 24 27 4 28 46 18 15 26 25 36 36 42 50
14 28 12 16 19 4 31 45 42 9 47 39 22 34 40 10 16 46 17 1 46 2 3 24 2 5 46 5 9 7 24 6 40 15 42 30 11 40 22 46 4 43
39 31 47 50 37 27 13 25 39 19 21 22 8 32 27 29 3 33 37 21 9 36 38 1 19 21 42 30 11 26 13 9 44 1 9 32 41 38 38 19 1 4
36 50 48 44 44 32 47 48 16 18 27 31 14 38 21 31 9 40 5 50 48 39 41 5 33 38 34 23 15 29 8 34 44 8 1 25 16 4 4 13 13 24
46 3 8 45 48 39 17 2 4 42 28 18 17 7 15 47 43 22 29 11 36 43 34 41 21 21 25 26 27 47 24 48 34 39 46 27 12 19 42 38 33 23
33 29 29 35 5 19 17 13 40 25 7 33 9 8 49 48 23 47 5 39 49 50 41 41 45 2 24 49 38 47 46 13 27 29 33 19 19 19 29 2 7 38
10 49 20 42 9 24 23 36 45 49 26 38 20 35 42 23 6 33 17 29 27 9 41 50 30 32 39 8 16 14 14 25 35 3 28 2 32 2 39 6 31 37
7 8 14 48 31 26 11 29 41 10 16 32 42 24 23 15 4 4 45 17 2 12 14 4 6 15 23 6 24 11 30 25 17 4 32 30 48 30 41 9 3 18
25 48 20 12 31 34 14 44 46 2 12 40 25 30 3 41 2 18 19 25 30 15 30 24 16 32 18 8 8 31 2 2 13 44 48 6 32 20 41 23 3 27
46 44 44 4 38 20 12 44 50 12 6 22 6 6 39 7 6 28 20 28 30 45 14 20 36 10 40 20 34 38 44 30 42 10 40 28 38 6 48 46 44 24
13 28 28 26 25 23 33 50 41 28 34 46 8 44 25 6 10 50 3 39 12 7 6 34 12 21 14 18 20 37 6 36 11 4 48 40 20 8 25 49 1 19
43 22 12 32 7 48 18 21 34 35 18 24 33 11 15 5 44 36 37 25 19 1 2 44 22 14 15 50 20 1 44 48 1 48 50 37 22 42 10 45 43 1
4 34 28 34 40 8 32 22 4 50 18 26 12 30 10 14 18 26 38 30 12 2 16 2 14 32 36 30 38 22 42 6 24 18 46 12 16 36 15 32 10 48
48 47 41 27 43 21 49 35 36 5 3 7 3 9 28 6 36 34 20 31 4 28 36 30 46 37 9 14 24 14 48 45 39 43 33 45 42 19 45 30 46 12
2 49 37 7 8 17 44 21 12 21 8 21 25 38 33 4 49 6 1 39 36 38 19 11 45 36 16 5 44 7 26 49 15 42 38 49 19 3 7 26 33 6
11 40 5 34 39 14 16 1 37 16 38 4 29 3 11 47 44 36 49 12 21 49 37 18 16 7 30 32 1 49 44 17 8 6 42 24 42 40 45 49 38 24
40 32 24 50 24 13 45 31 8 25 4 44 44 26 41 20 8 14 17 31 10 25 45 18 28 43 31 48 28 16 33 39 35 17 16 36 6 48 32 9 38 32
26 38 36 36 50 48 34 44 38 2 4 38 49 40 14 28 2 44 49 20 40 9 24 32 42 22 26 22 20 2 44 16 6 34 34 38 26 40 43 20 39 49
18 14 27 14 19 3 32 41 42 11 8 27 35 40 36 44 4 5 4 1 18 27 12 44 24 40 39 15 32 49 33 26 1 10 26 43 47 50 46 9 38 6
16 11 4 6 46 50 17 11 22 15 42 29 13 9 33 47 25 16 21 41 5 21 41 11 41 3 26 24 27 22 46 34 33 23 21 28 18 42 7 50 22 45
50 34 26 17 45 42 42 48 28 24 34 16 29 6 41 23 50 4 37 39 41 49 4 32 22 22 2 14 3 41 34 11 43 48 34 2 28 34 6 3 19 34
43 35 14 14 47 12 38 2 19 7 26 40 16 44 30 11 27 19 33 24 37 45 21 29 17 4 37 28 32 25 17 23 21 25 1 27 39 34 47 48 27 1
37 47 1 22 48 13 24 42 23 36 20 3 16 26 45 19 50 18 33 22 27 44 28 32 38 2 45 27 32 24 39 42 22 37 4 5 11 4 39 20 45 15
49 18 38 13 4 41 44 18 12 15 14 48 1 41 38 27 8 18 25 38 43 25 41 36 36 40 23 6 12 20 18 21 39 17 23 17 35 25 21 1 19 22
10 42 42 44 40 12 20 47 12 10 28 10 10 8 3 50 20 20 17 19 30 27 14 36 46 25 48 40 44 38 22 36 26 42 48 50 18 14 11 8 46 7
5 10 17 19 4 49 35 48 44 11 50 32 3 31 26 43 17 13 20 44 43 30 35 9 5 34 30 13 49 9 10 46 45 21 13 32 7 8 35 30 35 26
28 48 8 14 9 36 26 38 24 26 44 34 6 4 45 1 16 24 47 34 18 48 16 12 42 39 30 30 20 43 46 12 10 34 32 10 40 12 2 42 22 49
37 50 41 19 15 2 18 19 43 5 5 26 37 5 41 21 50 17 18 30 35 41 13 34 16 1 4 20 31 9 44 35 23 12 44 28 22 22 25 34 2 10
28 28 48 4 35 38 12 37 38 42 2 32 15 4 21 13 32 38 39 22 22 32 20 18 4 2 22 20 8 17 6 26 42 4 42 24 28 20 38 4 50 15
17 4 6 2 8 5 44 20 35 20 34 50 31 43 17 18 38 22 5 14 6 13 48 16 24 23 13 48 26 23 18 50 27 2 26 4 50 4 7 24 14 43
17 42 30 26 6 25 32 35 21 27 4 22 49 36 27 45 2 29 37 34 24 27 43 10 14 35 27 48 2 40 22 46 9 18 34 16 20 4 45 27 25 35
21 37 8 45 23 33 7 47 39 1 23 25 47 44 3 5 44 50 46 44 26 19 34 24 16 36 7 11 18 49 20 27 26 16 20 14 17 18 12 8 9 22
50 25 9 8 7 17 23 49 29 36 38 48 17 18 46 21 15 12 25 6 11 29 49 33 29 3 39 5 32 32 21 6 16 2 48 36 26 47 11 31 43 12
25 30 50 38 41 28 31 49 13 41 40 32 4 27 1 25 6 11 17 49 34 18 4 32 10 37 7 48 37 45 20 7 14 28 46 29 18 10 35 41 27 9
12 21 11 18 16 14 40 28 19 4 31 39 41 43 14 44 29 5 31 17 17 29 4 13 13 28 10 18 4 48 39 5 35 11 16 15 37 9 47 32 37 16
42 49 31 41 25 50 20 49 18 34 25 28 40 31 11 13 48 15 41 18 24 37 15 32 40 19 34 46 29 17 15 27 26 34 18 36 30 20 3 14 41 50
4 24 17 49 11 34 49 37 23 3 6 14 14 31 40 41 34 11 1 40 1 20 4 7 42 9 39 19 25 20 37 31 46 42 44 25 34 9 22 27 41 26
18 28 19 1 9 44 46 12 45 43 26 42 4 4 9 13 20 9 41 49 34 24 27 32 20 1 2 36 47 13 49 17 45 46 30 34 4 36 27 1 5 12
36 2 24 18 18 40 19 13 32 34 48 22 21 48 19 49 30 6 27 41 34 13 12 4 28 4 22 40 22 12 38 17 31 46 44 14 48 24 41 36 38 3
34 16 38 2 32 22 16 4 20 40 2 14 34 42 5 11 24 42 29 20 14 15 14 10 6 10 24 24 42 40 22 28 10 6 46 4 40 2 43 44 24 27
15 23 5 45 21 18 35 9 11 11 4 21 15 14 16 50 41 12 42 30 38 11 27 1 21 17 14 25 14 12 24 45 12 30 10 29 35 21 48 7 40 49
11 2 8 48 2 47 23 44 14 12 32 28 41 23 44 38 22 18 21 28 12 19 27 46 12 10 15 16 10 41 14 24 42 48 38 12 38 38 40 15 36 7
35 22 23 45 29 47 46 47 24 38 24 8 19 49 10 3 44 1 25 19 31 19 42 29 8 35 11 22 49 37 33 4 9 44 24 45 46 46 19 28 21 11
41 30 19 5 49 2 5 15 19 32 26 18 46 22 36 6 23 10 29 49 11 7 28 13 17 50 9 19 42 3 5 26 34 39 22 1 38 11 17 29 21 38
15 26 34 42 24 21 3 21 47 31 2 18 28 34 45 12 13 13 14 39 34 42 17 29 15 35 33 44 5 46 50 40 22 12 50 30 24 11 27 5 47 45
12 44 10 12 47 42 14 8 48 36 44 38 46 42 35 15 46 44 3 41 24 50 48 10 38 5 26 4 6 36 40 50 3 36 26 46 2 8 13 1 14 49
5 22 32 38 32 37 43 43 9 39 30 24 29 36 42 5 40 34 26 2 46 35 31 36 22 11 39 50 48 34 10 16 42 42 24 20 24 42 27 47 31 25
46 24 27 5 43 35 33 10 16 40 20 34 24 3 33 20 46 38 7 42 17 44 3 40 12 30 11 5 8 20 31 43 33 15 10 38 2 44 48 37 10 13
21 6 28 20 50 46 6 39 5 32 13 3 18 14 19 6 19 2 7 41 28 28 44 13 1 26 37 47 22 35 43 15 8 10 16 8 31 1 7 23 3 41
15 50 37 24 38 2 36 28 25 44 29 35 45 20 17 8 36 45 39 13 32 49 26 30 30 31 50 8 29 37 43 29 28 46 44 23 35 26 27 47 50 27
38 39 21 50 47 35 31 19 33 34 42 16 43 47 22 11 31 39 1 5 29 34 50 37 13 39 13 21 11 47 46 27 38 43 2 39 24 27 47 31 41 29
4 30 21 50 25 50 24 22 41 25 47 34 11 36 30 38 33 25 37 3 16 48 6 49 13 6 23 30 25 12 8 33 26 2 44 32 42 17 33 26 32 36
50 5 7 24 17 49 49 43 13 37 48 46 39 35 5 41 18 25 21 25 43 8 14 39 5 3 33 27 39 9 35 29 34 43 10 37 23 37 11 7 29 17
24 30 16 20 1 8 38 3 18 22 42 46 12 28 18 35 34 6 41 27 40 5 16 2 50 31 42 40 14 46 18 43 13 38 18 18 24 10 11 2 40 23
48 36 2 10 12 40 22 48 6 50 30 16 22 22 8 31 24 8 18 38 4 15 12 44 4 6 2 38 48 26 14 16 10 2 40 48 14 4 17 12 8 18
1 14 5 35 3 39 30 29 25 12 3 4 29 30 6 12 4 45 43 5 49 11 49 42 44 19 41 26 44 43 35 28 50 27 50 9 30 14 7 45 27 37
38 30 27 40 9 1 14 11 11 4 25 46 36 26 41 37 44 21 23 35 22 23 27 43 35 39 42 42 9 11 8 15 34 30 6 4 22 19 49 43 23 30
47 39 36 50 26 12 36 19 2 40 4 31 42 7 10 20 7 43 37 30 27 40 24 25 41 24 48 4 30 45 44 33 29 1 11 23 2 26 32 27 27 43
41 31 4 48 39 16 50 15 38 37 38 28 21 23 35 19 33 40 34 35 31 20 43 3 7 1 49 38 1 3 45 27 30 16 28 16 8 41 4 13 41 35
31 30 33 39 7 32 28 31 41 25 24 40 12 36 1 7 12 15 33 38 23 46 8 46 4 21 21 3 14 30 32 39 49 3 5 36 15 23 30 43 13 47
12 30 6 30 28 30 34 48 20 32 2 30 43 4 27 27 10 10 41 36 34 19 26 4 28 14 40 38 32 3 10 34 48 28 38 42 30 6 10 48 41 8
38 18 36 18 32 12 28 17 10 4 4 18 22 48 39 16 2 30 20 18 14 9 8 50 2 10 34 44 16 3 38 20 14 2 18 26 38 26 45 13 30 19
50 25 40 6 17 36 42 37 21 33 4 25 23 37 38 23 14 1 19 15 3 26 7 30 24 49 25 10 17 38 39 17 22 6 21 33 4 17 3 21 4 26
