63 37
20 1 44 24 6 12 33 40 4 7 9 40 46 37 17 31 27 39 30 38 7 38 28 45 15 24 20 38 24 30 4 38 21 23 44 22 23
33 28 31 32 36 2 43 31 17 22 50 27 6 11 25 20 41 38 15 1 45 31 26 21 21 39 39 22 5 11 44 45 14 48 43 34 40
1 14 31 11 36 44 29 34 11 7 45 27 38 12 49 25 21 5 25 16 20 40 48 42 2 31 1 27 3 28 41 1 1 48 16 27 6
5 7 16 41 32 34 33 19 6 38 19 29 2 50 48 9 36 24 10 22 50 32 48 37 31 19 32 34 3 44 17 31 9 13 9 18 48
24 31 41 8 18 41 30 20 1 31 4 35 10 4 41 12 25 42 39 32 7 28 25 35 42 20 27 15 7 42 45 9 35 49 4 8 9
8 7 36 35 33 35 9 4 12 19 5 33 21 8 13 8 23 14 47 16 6 42 12 31 6 33 33 41 40 17 1 21 32 45 38 17 14
41 8 27 20 27 14 36 12 15 9 49 21 34 14 31 48 35 34 49 21 17 10 26 11 13 14 10 41 47 5 43 5 28 21 20 6 34
49 20 15 8 10 2 33 36 43 12 9 27 15 49 47 48 29 46 42 39 24 27 21 19 9 4 28 30 35 12 12 3 32 5 11 28 44
46 28 16 23 46 9 41 19 22 48 40 4 44 32 2 18 19 2 13 29 2 4 48 32 20 25 24 6 14 4 26 38 28 7 48 31 8
38 16 46 34 38 10 13 48 40 16 24 4 7 28 28 32 9 10 1 22 30 36 50 11 15 41 3 22 26 14 16 11 31 7 14 23 26
35 25 43 21 3 1 31 32 50 27 9 7 42 19 26 32 18 11 9 45 46 31 22 8 15 27 23 48 23 19 10 25 33 14 7 39 47
34 25 5 8 13 11 2 50 29 6 29 27 27 5 31 44 7 42 4 44 7 25 18 21 24 3 34 37 50 48 23 50 16 37 15 9 5
48 4 38 3 48 10 21 11 24 2 17 42 23 20 28 22 42 46 27 4 50 34 24 2 42 32 11 12 18 18 26 26 8 10 40 44 20
50 35 24 45 49 14 38 46 43 21 41 5 8 1 17 25 27 47 24 50 14 21 32 31 29 48 2 8 20 28 38 27 11 34 5 37 15
48 49 13 13 44 8 32 9 45 15 38 25 41 21 38 36 12 10 25 15 23 31 13 34 20 31 20 8 20 24 7 17 42 26 14 37 18
37 13 42 46 16 2 33 1 17 25 8 22 18 10 11 12 49 41 29 50 38 16 9 32 35 44 43 43 19 27 42 35 3 23 14 10 30
2 16 24 4 12 20 22 37 6 18 26 32 11 6 8 24 50 30 14 30 38 8 2 30 42 16 15 42 30 44 14 50 12 26 12 32 30
50 11 8 16 13 35 1 32 26 10 28 33 35 26 11 31 22 42 7 23 33 37 23 9 27 17 7 43 49 3 37 12 33 12 5 12 12
36 12 20 10 24 5 41 39 50 50 45 24 35 10 38 28 3 42 24 36 50 32 18 50 26 24 1 50 40 38 20 25 42 30 28 46 24
16 20 25 17 36 49 5 39 10 29 19 36 5 46 24 39 2 20 21 21 29 18 44 49 8 50 8 27 18 42 41 11 37 25 5 38 18
14 29 41 7 46 29 14 22 15 20 2 8 14 42 47 21 19 41 13 16 16 32 18 12 16 2 36 36 28 19 38 34 37 33 16 46 39
42 44 40 38 23 13 28 29 40 44 26 10 7 34 28 44 7 4 27 46 34 50 48 26 4 9 17 12 22 10 50 45 3 46 14 47 4
24 14 40 40 40 12 40 48 40 18 20 6 29 38 8 4 12 8 16 10 28 2 8 2 20 12 12 36 24 44 12 20 12 8 16 38 6
22 32 44 40 27 50 41 22 37 1 23 1 30 48 33 14 18 45 15 45 11 19 31 28 26 38 29 47 33 24 17 21 1 18 32 15 15
28 42 40 10 20 2 48 43 44 16 11 18 19 6 36 14 28 42 26 28 20 46 4 42 28 2 11 36 14 12 50 48 16 18 38 32 10
40 20 6 5 41 10 27 2 14 14 40 44 19 30 24 20 29 14 11 11 12 48 8 6 32 46 13 10 30 8 12 8 14 5 46 39 6
30 50 42 27 40 24 49 3 30 42 34 32 31 4 26 46 32 44 45 1 12 20 26 20 13 39 35 26 36 23 48 33 18 37 32 5 8
34 36 34 16 12 4 15 41 2 48 3 24 25 28 10 48 37 30 47 6 14 12 10 32 40 15 28 2 24 2 8 3 42 38 44 24 4
22 34 32 10 40 14 30 9 32 16 10 20 16 44 22 32 9 46 29 16 34 26 20 24 14 34 35 48 34 34 40 26 36 20 42 2 42
2 7 27 39 38 30 27 41 38 16 36 46 45 17 42 9 26 22 39 13 20 17 40 4 31 17 25 33 30 17 36 18 1 27 39 34 3
18 3 43 1 49 50 1 16 23 26 49 33 21 29 37 8 4 16 17 14 49 49 42 33 27 38 30 22 45 26 39 32 3 23 34 14 45
34 26 1 10 34 49 18 23 37 8 23 33 5 22 23 19 26 12 20 26 25 45 2 37 6 40 44 6 6 35 37 17 45 37 27 14 26
41 4 9 45 35 47 1 31 44 29 39 47 3 1 42 13 22 31 11 5 14 20 50 1 11 41 23 40 3 39 25 31 41 14 12 2 47
38 49 22 47 34 13 15 25 43 19 11 27 33 9 46 25 19 50 9 47 22 6 14 46 18 39 48 29 32 29 7 29 19 7 10 41 42
18 36 32 23 14 13 41 8 48 18 30 4 43 30 20 10 36 16 23 23 30 12 2 20 50 32 10 32 22 14 10 2 26 37 38 36 22
45 25 19 32 25 48 1 22 16 1 42 45 46 3 36 4 4 20 33 23 2 22 36 24 35 7 40 14 19 50 44 38 40 36 39 21 15
48 26 50 3 24 29 18 9 50 38 21 28 31 10 1 24 35 48 36 20 6 4 38 15 13 28 19 3 18 15 4 29 15 23 20 16 42
19 50 11 33 45 48 18 46 26 10 17 29 9 2 38 5 47 11 27 15 30 19 35 4 50 17 13 24 31 38 11 4 42 47 44 7 6
30 40 12 15 8 20 50 13 4 16 18 38 43 50 17 50 21 8 36 49 44 6 4 50 48 49 26 14 2 40 18 4 40 12 30 3 30
33 13 48 50 18 7 33 1 24 30 15 44 9 29 7 43 38 43 25 11 24 45 25 9 17 12 44 9 33 41 31 41 12 38 3 24 12
8 16 38 32 50 3 4 11 12 1 11 9 20 15 6 2 2 48 22 2 13 16 41 17 35 25 31 15 29 32 11 6 33 38 2 31 48
45 27 39 3 42 37 49 22 48 22 10 38 18 18 50 4 18 27 46 50 14 39 16 16 22 41 38 9 21 29 18 30 21 2 48 17 45
34 18 32 50 15 1 29 14 4 33 45 10 46 8 31 20 18 6 33 37 32 38 34 27 33 35 3 7 16 5 9 24 23 41 46 30 10
2 13 18 24 38 24 39 13 12 29 15 37 9 25 50 38 36 32 21 36 28 16 27 24 27 43 6 37 44 31 21 43 31 1 46 41 32
30 19 8 50 4 15 2 22 23 33 44 29 29 35 48 48 5 18 2 50 29 49 14 44 23 11 32 25 24 34 41 7 18 39 35 41 23
9 15 45 24 47 33 21 11 43 47 28 21 29 9 41 1 34 40 49 5 9 9 11 33 17 9 1 20 27 40 19 19 9 49 28 24 6
37 41 11 30 16 8 10 42 8 4 44 12 42 24 43 35 38 3 32 15 41 9 2 12 1 12 14 39 7 39 18 5 13 38 15 24 40
30 46 24 6 32 20 38 34 10 16 22 36 17 8 30 12 44 2 33 30 40 38 18 16 26 32 25 34 32 18 38 16 18 28 36 6 16
44 26 20 13 14 10 13 17 36 36 36 20 41 8 26 6 24 22 47 24 40 32 4 48 10 36 37 36 30 14 46 19 44 46 30 12 40
6 1 36 2 7 34 13 6 2 40 29 22 46 28 41 48 47 22 7 36 37 12 32 22 35 17 12 6 29 15 34 6 1 32 11 19 31
19 36 11 23 13 28 33 16 39 44 6 27 22 48 28 6 7 8 31 29 50 5 10 9 49 11 40 10 4 5 11 11 48 28 19 49 14
20 20 12 31 40 7 19 15 16 42 46 22 43 49 42 8 28 50 21 21 32 9 39 18 35 10 22 1 11 49 46 48 49 45 27 30 20
33 34 2 4 37 33 2 11 45 9 5 38 10 19 1 16 14 24 2 17 44 46 42 1 21 17 23 46 17 29 46 3 19 13 38 49 22
50 50 22 3 9 48 34 13 24 15 5 41 39 26 1 42 44 36 15 38 28 50 44 1 37 5 45 29 40 17 28 7 35 25 18 30 2
24 8 48 9 49 31 35 9 1 31 19 46 11 26 5 48 21 28 33 36 44 44 8 37 15 19 19 1 45 7 39 21 29 23 38 27 40
14 42 30 6 12 1 25 10 18 19 26 31 9 46 49 32 40 28 45 45 38 34 36 29 45 25 5 37 31 9 11 50 15 49 2 11 2
39 39 18 1 9 3 21 19 10 42 24 27 49 40 12 43 31 40 44 10 38 33 18 2 39 50 44 8 47 39 17 39 16 34 40 39 34
6 10 12 1 4 47 15 31 32 40 30 38 46 18 43 24 19 30 15 35 26 20 28 9 4 7 19 2 16 34 32 33 42 45 12 25 50
50 17 26 17 26 47 46 3 22 11 7 25 25 20 34 19 1 2 13 21 26 4 40 46 47 9 2 9 28 6 19 16 3 5 12 25 24
47 42 29 7 48 13 43 17 42 27 44 4 36 39 27 41 49 15 42 43 24 29 25 47 46 3 11 32 35 31 37 8 10 42 49 31 35
6 40 26 45 26 7 28 27 22 2 30 14 25 4 24 30 37 6 44 29 10 50 46 16 36 33 13 4 42 22 36 15 18 40 20 8 12
48 50 2 29 46 37 44 39 36 10 7 11 25 6 28 46 27 14 7 49 10 40 32 16 38 48 47 12 4 3 8 30 18 45 26 5 34
29 21 39 22 18 11 50 30 5 13 29 18 1 10 24 18 13 5 9 19 38 35 21 48 46 31 48 50 37 19 14 38 5 24 34 44 34
