75 50
3 46 16 49 42 14 37 9 37 26 34 8 31 29 2 44 36 6 11 31 35 25 49 4 10 48 24 22 2 50 2 42 50 5 33 44 39 34 12 37 46 3 13 43 23 6 37 14 11 45
17 29 9 42 17 46 30 3 19 10 34 19 17 7 50 37 32 37 48 34 6 2 16 2 12 31 4 1 8 17 14 17 9 44 31 11 26 43 21 6 12 42 36 40 4 34 45 25 46 44
27 25 17 20 49 22 17 8 34 20 18 13 12 13 1 48 47 16 39 43 10 1 2 29 50 33 5 35 46 37 13 27 45 16 43 11 34 4 46 2 10 43 2 42 24 13 9 35 29 1
28 12 6 28 20 15 30 44 11 18 15 17 18 7 50 29 27 1 9 45 39 28 25 31 6 31 7 47 41 12 6 20 18 32 39 13 22 14 24 39 7 40 19 12 38 45 33 13 30 12
11 2 30 1 4 26 37 11 8 4 34 34 5 14 37 44 18 26 8 10 19 14 28 8 2 7 34 11 37 14 23 47 33 24 25 29 7 5 14 5 47 45 50 3 40 37 11 12 3 22
41 11 14 4 29 48 1 47 23 6 32 47 2 23 24 37 25 15 6 36 48 50 2 28 46 44 47 31 6 39 10 38 20 42 33 21 4 48 46 46 24 10 16 34 48 33 33 15 12 40
21 38 36 49 6 32 1 38 39 32 20 1 8 47 32 50 35 49 46 13 14 34 26 22 32 8 50 7 8 46 14 40 29 38 48 35 26 40 24 2 40 42 22 22 34 31 10 6 34 42
19 42 29 41 1 40 2 41 24 20 22 5 42 29 27 32 41 36 3 28 47 25 17 26 39 10 39 47 47 3 4 29 18 29 6 47 24 14 26 10 24 8 13 27 20 39 42 41 36 39
17 8 7 43 48 8 48 30 13 44 26 48 10 44 13 34 3 38 48 5 40 30 28 24 22 36 22 5 10 18 38 24 50 30 20 2 36 22 2 42 28 50 42 24 50 2 40 34 16 46
8 27 9 29 2 13 23 7 7 18 31 45 2 2 4 22 37 5 22 19 18 12 21 6 21 21 13 24 4 27 39 14 34 40 43 48 23 43 5 47 32 27 2 3 19 44 41 25 33 1
32 3 24 18 3 30 39 41 46 8 21 39 1 45 33 6 6 17 47 48 6 24 44 22 30 6 47 23 30 44 10 32 13 45 5 1 24 7 42 40 16 8 36 50 8 42 18 40 2 50
6 14 42 1 27 5 35 46 15 7 48 12 34 50 44 34 38 3 3 39 11 18 9 18 25 45 13 48 5 47 19 12 43 45 44 18 24 16 12 7 49 27 17 25 48 21 6 20 9 49
7 46 31 18 24 30 40 48 49 46 10 22 6 12 25 32 9 31 24 4 48 36 6 48 40 28 20 8 38 46 48 16 2 44 28 18 46 10 16 48 2 44 22 38 20 22 22 42 14 26
2 19 34 38 50 48 30 8 32 40 41 12 2 12 7 45 31 40 34 28 15 45 32 12 26 46 22 27 2 31 39 41 39 46 21 34 49 49 19 25 22 7 28 8 29 3 17 43 18 22
3 24 24 14 41 1 49 21 39 35 46 22 2 43 26 44 2 18 21 30 40 21 7 26 39 44 43 12 43 2 22 41 37 30 12 22 8 6 3 16 11 33 6 35 30 24 14 5 19 30
20 45 37 26 2 46 39 26 38 50 3 23 3 8 45 26 7 44 19 8 42 38 20 22 40 16 24 41 38 4 40 42 35 38 22 33 12 43 28 48 2 30 30 22 28 37 19 26 42 34
38 27 10 25 19 37 32 3 24 5 49 8 16 12 38 38 36 49 22 44 16 15 41 15 25 17 23 30 14 34 40 49 19 26 31 49 1 10 41 16 16 21 9 41 27 10 18 18 28 20
5 40 38 49 18 50 11 24 19 26 16 24 13 5 9 6 2 25 29 10 6 6 10 32 30 38 27 28 36 34 34 21 43 36 16 23 24 31 24 8 28 18 48 18 36 19 26 44 36 50
6 47 20 41 48 38 15 8 9 50 23 12 17 49 35 23 28 13 6 37 47 15 9 43 14 42 33 41 25 1 33 49 27 35 31 31 3 37 43 34 40 45 18 46 43 40 36 18 1 7
34 17 5 9 37 20 14 13 26 26 41 42 22 46 42 32 3 40 9 16 25 45 36 40 1 14 45 34 44 32 19 43 20 49 8 13 28 44 36 19 13 28 47 41 36 14 3 31 50 41
22 4 19 15 38 24 26 33 45 24 39 49 49 43 28 20 38 21 6 11 35 35 16 16 32 8 3 47 41 45 38 8 5 7 22 47 2 5 13 5 18 8 20 2 1 16 19 21 11 19
49 18 48 26 32 36 38 50 33 22 22 14 22 12 5 8 10 30 12 18 22 50 2 18 12 14 41 14 28 18 20 22 20 20 12 40 28 32 4 36 34 40 38 28 38 42 14 8 8 14
14 40 4 30 46 42 8 22 43 44 50 18 48 18 46 6 26 16 4 28 10 12 24 50 18 30 8 38 48 34 28 50 36 40 10 24 6 16 12 14 28 30 18 30 34 44 50 32 24 32
45 50 28 46 46 30 21 45 7 2 7 17 29 19 36 41 1 39 31 14 40 12 2 44 2 50 15 39 16 33 24 47 6 28 39 21 26 2 23 42 36 44 22 22 28 21 5 38 48 20
32 2 46 40 2 16 42 46 31 38 4 48 22 30 41 18 31 31 34 32 24 20 2 44 46 24 3 10 42 48 50 50 44 32 22 36 20 50 40 42 46 34 14 26 4 28 40 6 28 16
1 17 46 29 36 49 27 20 3 7 46 24 43 30 26 16 6 37 15 16 44 49 13 29 16 20 9 22 16 1 46 44 17 5 13 2 28 1 2 26 35 39 22 41 17 41 46 16 41 21
32 8 18 8 22 8 20 42 11 30 10 34 6 36 50 26 31 49 4 25 2 20 16 8 22 30 1 20 14 34 26 2 24 38 22 28 42 46 44 36 32 32 18 2 32 30 30 14 10 2
21 37 43 36 1 22 33 31 33 28 33 44 27 7 43 17 28 45 21 43 8 22 40 30 46 20 13 39 33 19 28 12 44 10 1 33 12 49 19 21 28 35 44 20 5 1 31 15 24 16
36 2 31 36 46 20 18 37 11 28 49 11 11 13 20 21 11 11 13 3 44 22 22 46 8 38 46 5 34 5 6 41 19 12 33 39 4 29 48 42 30 26 26 2 48 34 4 18 28 34
23 8 11 49 10 40 21 44 3 30 18 10 21 29 31 20 5 43 6 48 42 36 26 18 22 24 30 24 18 16 26 13 37 31 12 17 36 29 16 26 50 38 12 40 40 35 44 4 48 38
27 28 28 17 3 40 5 29 32 24 41 40 14 41 5 14 29 50 2 49 2 1 2 15 34 16 19 35 37 46 19 13 45 9 31 45 40 30 3 36 15 49 40 34 45 18 43 6 15 37
34 5 2 46 19 46 47 6 21 43 5 34 42 10 32 32 41 34 22 39 42 15 45 27 7 8 35 17 28 7 27 11 50 16 49 49 15 12 4 22 36 47 18 2 26 33 4 18 36 14
2 10 35 2 30 40 47 39 21 4 11 32 34 33 21 44 49 3 23 41 34 24 40 50 34 48 35 18 34 25 28 18 23 47 33 49 18 19 44 14 28 42 20 22 20 30 15 24 22 16
16 39 33 27 11 44 16 43 19 23 27 11 16 49 34 21 3 49 39 9 44 19 25 2 40 48 12 20 6 3 31 41 38 22 7 50 20 17 15 32 13 19 47 43 16 40 7 42 27 35
16 36 2 1 38 2 43 46 29 17 20 45 11 6 11 16 32 16 1 11 37 9 11 13 49 3 19 45 29 44 45 11 38 25 48 20 40 49 38 20 9 21 8 48 24 17 33 16 46 44
12 6 7 50 13 44 41 14 43 8 3 29 11 13 35 33 9 22 1 37 25 42 47 11 44 34 21 32 4 10 45 8 9 7 34 42 31 19 45 43 26 35 23 5 10 9 10 49 45 17
32 29 30 48 41 28 39 2 30 19 22 41 49 10 29 26 7 14 19 35 5 22 10 29 27 24 25 22 24 50 16 10 43 36 36 48 37 38 3 34 16 17 24 43 49 30 2 37 21 46
12 10 5 18 21 18 41 33 31 18 11 35 36 4 3 14 29 42 9 32 20 24 24 4 16 30 25 47 12 30 16 6 36 12 14 23 34 33 40 22 42 34 22 24 26 41 48 44 4 36
17 36 50 39 18 48 38 6 33 2 42 17 7 3 26 14 9 22 22 13 34 6 38 26 30 26 45 14 14 14 40 5 49 28 4 27 18 27 32 6 14 30 48 8 28 15 42 28 26 44
21 48 29 41 30 18 48 18 24 16 34 42 28 9 7 24 13 15 50 5 10 32 36 4 34 40 47 17 38 32 30 14 7 40 16 28 12 24 10 26 18 4 2 38 6 43 4 28 40 22
45 17 40 5 33 15 15 3 10 47 50 24 11 3 42 31 24 40 36 37 13 20 1 48 2 44 16 23 5 50 48 33 46 2 42 41 37 7 28 43 1 12 23 4 31 34 39 20 20 20
20 3 23 25 48 50 29 24 5 22 25 47 11 45 36 27 8 19 25 9 7 31 15 48 6 19 47 43 44 21 47 5 47 23 49 22 50 49 36 38 38 31 24 42 3 1 5 45 35 42
29 49 26 9 35 12 16 3 44 2 27 49 28 37 34 34 25 32 43 37 40 17 46 15 8 25 14 34 49 35 20 6 41 5 47 36 21 6 42 25 23 11 11 30 35 1 33 23 42 27
40 30 23 19 38 35 6 29 44 48 9 1 3 25 30 11 50 13 29 1 34 33 17 46 38 11 38 19 5 27 12 5 46 20 47 8 29 50 33 3 37 22 37 14 33 2 39 24 50 20
14 26 19 23 49 14 16 37 46 24 28 2 11 23 14 3 5 43 32 37 37 26 24 48 11 11 17 23 47 28 38 34 37 17 37 36 50 47 1 34 37 26 30 1 32 24 50 10 45 44
10 49 39 47 23 12 19 49 49 10 5 11 21 43 39 15 26 43 46 22 38 3 26 22 28 42 13 21 9 41 18 28 23 14 41 37 30 3 1 41 48 48 18 14 42 23 6 21 26 34
19 22 47 39 45 14 21 15 31 6 39 28 47 14 29 21 15 37 12 22 48 19 27 10 7 19 46 24 8 15 14 10 29 6 24 30 1 49 14 3 34 8 40 17 3 41 28 4 22 24
33 10 24 30 30 11 13 29 40 9 3 13 5 43 3 15 43 35 38 19 11 20 26 37 20 18 29 3 33 33 39 6 29 31 37 2 34 11 19 5 40 42 32 28 15 5 38 3 24 38
33 31 17 15 28 34 18 24 33 5 9 7 37 47 5 42 38 7 23 18 49 47 44 5 48 35 40 38 1 27 20 36 31 17 44 28 4 44 32 3 40 35 12 42 15 35 1 29 17 1
35 24 40 7 29 30 39 37 19 46 15 43 7 9 4 33 34 38 25 6 36 42 20 2 16 12 5 2 46 48 26 37 9 38 38 39 30 14 13 11 20 10 26 10 43 2 22 47 34 28
21 50 12 33 47 34 2 38 13 47 42 9 16 4 17 32 13 45 45 33 30 1 14 47 16 3 40 36 9 14 14 1 13 40 24 27 27 24 33 31 37 45 22 33 11 5 17 19 21 35
6 26 3 3 18 26 22 36 2 22 24 28 4 5 17 38 44 1 8 34 44 18 48 28 22 10 34 49 48 20 22 39 37 16 24 1 44 37 40 10 36 10 8 50 8 13 10 38 16 6
23 47 15 41 35 34 12 50 6 50 5 26 3 9 47 8 3 7 8 37 18 47 42 43 50 2 1 45 5 23 6 28 46 21 41 31 44 48 3 35 42 36 48 34 33 22 42 19 13 31
6 33 18 13 32 9 49 29 26 20 44 49 39 8 24 6 44 45 24 32 24 24 46 10 39 25 27 33 17 24 32 31 32 15 42 1 32 14 39 43 9 13 29 47 33 42 11 19 2 19
50 48 29 23 44 46 16 34 12 26 46 44 14 35 13 46 9 38 2 34 36 38 20 40 48 46 4 17 22 40 30 10 29 22 16 44 34 21 12 32 38 4 36 30 34 43 50 12 34 4
29 12 12 28 40 15 43 31 11 35 42 28 38 32 1 8 3 31 28 1 39 7 17 16 8 36 4 27 18 26 3 5 3 50 6 17 25 27 37 38 38 40 19 6 40 9 34 38 49 29
37 12 36 18 35 32 41 25 19 13 30 12 31 18 49 20 13 29 7 20 4 16 28 41 4 23 10 38 40 21 47 45 48 33 8 30 13 22 14 2 14 10 15 27 4 31 4 17 50 13
3 13 15 23 10 4 26 25 9 4 37 24 23 1 23 16 44 49 10 41 1 21 45 2 25 25 35 3 47 4 48 17 29 47 11 31 6 32 7 1 28 30 49 8 45 19 13 46 43 44
10 2 36 42 14 26 40 46 15 14 46 50 10 44 50 16 13 34 20 35 48 48 44 12 12 32 45 30 20 26 14 28 34 44 20 10 8 14 12 38 26 38 48 24 14 14 48 18 48 44
18 12 1 46 40 24 32 24 27 10 36 37 50 10 25 42 19 11 24 3 18 50 28 46 44 10 16 14 8 12 42 50 23 4 4 40 22 44 2 2 20 18 12 14 12 35 6 10 28 24
43 28 4 24 12 22 50 10 47 12 22 14 10 22 48 48 39 2 46 23 6 34 18 34 18 18 4 31 34 44 26 26 34 42 38 36 16 20 26 20 8 24 36 2 42 11 38 20 12 10
8 39 12 8 4 17 39 37 40 36 40 45 43 12 48 13 15 1 45 27 29 15 16 4 43 13 17 39 25 50 19 29 24 40 34 45 10 43 6 8 41 48 4 44 31 31 10 32 10 15
46 47 18 10 6 25 38 1 23 39 30 41 14 9 40 13 45 11 27 7 26 27 35 29 32 25 7 29 27 49 40 33 33 24 5 41 30 30 45 15 16 40 19 24 28 43 46 7 16 3
8 23 27 3 1 20 49 37 7 45 19 19 26 6 14 24 40 46 43 38 40 19 33 11 50 39 49 2 23 44 23 29 13 34 40 36 35 28 2 13 47 16 5 3 11 30 26 36 45 19
17 27 2 17 10 12 49 46 18 16 29 35 22 8 12 12 37 7 43 37 34 32 28 30 2 40 7 3 12 24 4 19 10 24 46 35 16 10 40 8 24 20 28 28 24 35 40 24 50 40
18 45 1 13 44 38 37 18 46 26 24 19 17 12 12 6 5 25 41 48 50 8 40 46 4 44 41 31 18 14 16 38 33 39 48 29 24 47 2 20 32 10 38 40 34 14 12 30 10 36
41 27 45 25 2 26 24 47 23 26 36 36 9 18 35 45 45 29 28 19 32 14 6 14 44 30 9 33 2 13 26 25 3 9 23 16 6 3 42 17 18 36 30 18 20 21 25 12 12 22
35 9 42 15 28 48 22 21 5 48 18 26 23 47 13 5 34 5 25 41 15 33 36 36 2 41 17 27 43 46 28 26 24 39 19 5 2 8 46 43 36 27 6 28 35 43 45 1 32 20
47 2 15 36 14 16 40 34 26 40 40 43 20 44 25 32 9 11 40 17 22 38 24 22 26 8 10 3 34 48 36 10 10 16 36 8 4 14 42 40 10 26 42 8 34 47 10 40 34 44
49 25 42 39 23 22 19 23 30 38 5 22 22 9 21 21 27 31 9 19 50 7 44 16 6 5 35 35 8 14 26 9 22 7 35 30 2 18 37 37 28 40 46 16 32 29 14 16 46 38
13 46 30 17 42 32 17 21 49 10 25 9 30 6 40 30 31 50 31 13 48 26 8 12 18 16 49 9 36 6 38 39 30 2 14 44 22 33 2 24 30 22 8 24 44 39 8 24 14 20
38 24 18 12 8 34 42 32 33 34 2 32 34 4 27 48 44 5 26 24 34 46 8 30 12 36 36 50 26 48 46 36 42 28 14 42 28 22 2 6 26 40 8 26 38 45 28 40 50 32
33 22 16 19 20 39 19 29 35 20 36 11 11 48 43 43 1 9 11 14 45 36 30 31 25 25 10 3 25 15 41 37 7 8 43 11 21 23 24 15 1 9 49 49 22 11 23 23 11 17
18 43 22 43 24 14 10 25 27 36 42 31 42 7 29 10 32 19 2 23 22 5 32 24 16 31 22 13 17 25 16 28 39 11 23 47 28 23 30 8 28 20 28 22 49 15 11 46 26 3
14 46 41 7 32 14 24 20 12 18 18 44 14 23 40 6 25 17 38 49 24 42 2 18 50 46 5 43 22 16 10 10 9 38 26 41 44 48 4 6 10 44 20 30 48 19 32 38 38 34
