69 45
33 36 40 20 46 17 12 19 34 37 47 33 27 45 45 11 8 10 38 25 9 42 28 27 43 39 13 19 16 6 8 10 6 1 21 41 23 8 49 28 18 22 16 11 28
42 36 1 29 34 46 40 40 40 49 14 22 11 40 24 46 32 41 23 46 33 11 28 15 18 34 35 26 15 24 32 18 5 46 15 17 17 48 42 16 19 1 8 36 15
36 30 50 8 42 30 18 28 46 42 50 32 4 26 42 4 35 22 38 18 22 8 12 37 16 38 1 42 32 34 48 46 40 28 26 27 43 14 4 16 22 24 44 26 42
4 30 35 9 34 23 4 31 34 36 24 22 39 41 35 44 11 48 40 48 24 32 6 18 25 20 12 9 20 49 3 24 6 45 5 40 23 41 40 21 41 34 49 39 11
18 45 42 39 46 20 25 48 30 33 26 32 12 18 17 3 9 49 28 27 30 44 23 17 23 4 24 38 26 47 18 24 10 34 44 7 9 20 34 12 32 17 32 28 46
40 39 17 39 26 37 39 15 22 40 26 37 48 27 30 16 13 6 44 18 8 49 22 23 12 42 42 24 32 22 22 11 8 34 10 32 31 2 27 16 1 28 32 47 26
32 15 2 6 24 16 29 16 34 34 32 6 23 25 18 32 34 2 14 24 48 8 31 17 12 38 45 40 14 49 31 22 6 14 8 30 3 44 38 38 31 14 1 2 43
43 19 45 22 43 33 8 5 4 20 20 34 10 6 22 45 2 15 24 34 31 33 32 25 38 22 42 19 43 8 8 6 44 29 22 24 14 31 2 16 3 7 19 5 38
9 32 7 28 30 5 5 27 11 49 34 31 26 37 17 11 45 30 46 43 33 32 3 13 45 11 26 6 14 46 35 36 42 18 27 19 39 38 30 31 35 48 14 10 16
8 31 33 47 24 12 45 46 42 10 37 10 2 18 43 48 47 6 4 35 28 28 37 37 7 40 32 46 32 47 32 4 36 36 46 32 19 18 4 24 49 9 10 40 27
2 26 38 34 8 32 50 14 18 46 44 4 44 2 20 2 38 16 16 40 14 46 27 18 8 32 43 30 36 3 12 20 28 38 38 2 14 48 46 34 22 40 6 24 32
12 28 26 12 14 8 22 50 42 18 48 50 48 18 28 10 41 18 12 36 8 46 35 7 6 42 24 46 4 25 20 10 34 10 26 28 3 16 38 2 25 10 30 22 30
33 37 6 31 13 45 14 41 47 32 33 29 31 25 18 22 12 16 30 34 20 27 2 21 32 3 5 34 38 23 27 35 16 47 23 50 44 43 46 26 26 15 20 17 8
22 18 32 19 19 17 3 47 30 7 2 10 1 4 21 32 46 7 21 34 42 6 22 42 18 43 27 19 36 47 6 18 35 25 38 24 11 20 35 11 49 23 9 9 21
8 18 26 14 28 16 42 6 10 40 14 28 36 20 6 42 18 5 6 24 44 8 2 22 20 48 37 48 26 26 36 44 48 4 34 32 2 46 36 38 50 40 8 4 6
18 33 33 49 38 34 23 48 28 50 32 24 40 3 41 2 17 23 26 14 24 26 49 49 2 42 32 22 12 9 20 14 34 30 24 37 34 22 10 16 3 30 46 18 44
28 3 21 20 40 7 44 15 41 42 27 8 9 26 35 42 45 11 40 49 41 24 15 27 41 10 23 22 6 15 6 6 8 28 26 45 23 2 8 15 32 8 30 8 11
17 45 35 24 44 20 28 35 18 12 5 48 28 22 47 28 37 31 6 45 9 2 15 34 35 36 16 10 42 15 13 50 6 22 48 19 24 4 50 26 22 29 44 34 27
46 24 21 31 7 39 9 49 7 12 45 29 17 14 43 32 45 49 11 43 29 19 23 15 25 4 23 39 30 10 43 28 33 24 33 2 17 7 45 45 24 7 38 38 15
9 45 3 24 26 6 20 43 35 32 23 21 36 2 15 27 44 37 13 3 43 48 39 5 13 30 33 42 12 1 15 40 18 48 37 29 23 20 12 1 49 44 24 6 1
12 44 12 34 44 27 30 12 41 30 7 40 4 26 47 6 4 16 33 42 25 6 41 6 13 43 26 26 50 48 16 39 20 41 34 3 12 49 40 40 18 23 11 18 15
10 49 37 25 18 16 30 14 10 20 32 30 2 18 28 14 25 9 32 6 48 30 13 40 50 28 27 34 38 45 8 10 16 44 32 12 22 10 42 8 12 46 44 6 36
39 48 19 33 36 33 4 32 43 10 39 33 19 19 3 6 29 33 11 22 22 36 33 29 13 46 1 6 11 7 12 4 40 22 28 10 27 25 42 40 49 43 16 36 1
40 21 43 39 24 1 39 49 43 18 11 7 31 23 9 34 19 25 46 33 41 43 37 39 19 41 19 5 2 45 38 42 9 30 17 31 1 1 5 25 50 19 2 22 25
49 29 7 2 42 31 40 11 26 19 13 40 33 6 29 49 40 11 33 50 15 23 44 19 26 13 23 22 27 4 21 28 19 44 15 42 37 46 6 31 41 21 18 18 15
45 47 7 31 20 8 39 19 14 47 45 26 46 50 32 49 42 12 44 21 47 16 32 16 21 20 8 6 24 13 8 8 4 16 40 1 8 16 12 21 37 35 46 50 17
32 11 46 38 4 6 12 32 50 36 2 10 42 20 48 12 4 22 8 38 46 8 45 39 2 48 13 28 28 34 50 34 32 12 26 6 48 18 14 34 42 50 2 12 8
25 35 19 31 16 15 45 1 19 21 29 26 17 47 33 44 44 9 10 45 39 49 47 34 37 35 33 35 23 23 28 34 5 24 33 33 1 47 35 31 49 31 13 19 29
32 33 49 42 4 28 20 14 44 42 46 46 42 48 21 28 13 5 44 42 30 28 10 16 8 44 25 30 50 24 14 50 8 48 48 40 18 2 14 16 8 20 40 32 8
5 35 23 17 32 8 32 43 11 42 29 43 15 9 37 16 28 13 33 25 7 45 35 21 27 21 25 24 45 5 26 42 43 42 1 43 37 44 21 3 8 33 6 2 12
42 10 48 19 28 8 19 30 8 24 34 20 2 45 11 45 50 23 36 19 2 20 15 5 44 32 13 38 16 8 38 10 4 10 26 32 50 20 50 32 5 15 34 8 32
35 43 27 23 3 9 43 27 24 44 41 38 24 17 40 37 48 21 26 18 6 11 7 44 31 33 2 32 11 13 43 6 14 25 42 48 7 17 46 29 27 19 5 1 48
12 33 47 47 48 6 49 38 2 47 35 8 28 29 1 7 23 45 50 18 34 2 3 33 37 50 10 20 2 41 1 32 46 2 22 35 42 24 46 16 19 28 48 32 1
34 11 23 35 30 44 35 36 40 32 2 24 16 32 34 10 3 39 22 2 16 38 15 11 3 6 37 50 22 3 30 14 40 42 48 11 21 14 42 40 20 13 36 14 28
19 7 12 11 14 27 2 19 39 50 48 33 46 27 44 46 46 22 27 13 30 12 17 49 43 2 29 25 16 42 27 5 5 10 32 14 42 38 29 27 50 34 48 14 22
31 12 9 34 7 35 31 17 35 15 39 8 20 21 25 32 7 23 27 28 2 20 48 46 20 20 10 7 26 5 11 5 18 15 12 21 45 23 7 15 12 10 7 5 33
21 18 13 21 43 6 47 10 49 8 32 20 34 9 6 25 45 45 43 10 41 3 49 13 21 11 23 14 44 50 39 1 30 11 8 43 33 43 37 6 38 15 32 9 47
16 39 9 21 16 10 29 36 6 3 25 29 26 11 15 49 26 41 6 29 31 28 29 21 32 4 47 42 18 35 24 36 14 6 12 19 28 48 4 46 33 12 36 22 41
44 5 12 29 32 28 1 6 2 18 35 32 2 37 43 49 41 23 20 7 34 46 46 32 6 22 13 50 22 21 14 28 22 24 32 33 31 18 46 46 8 31 16 50 50
18 14 20 24 38 42 14 44 32 34 36 32 22 4 28 14 22 32 12 20 48 48 17 46 6 22 15 26 48 16 10 26 18 28 22 48 13 22 32 10 3 22 46 14 28
22 50 25 44 14 37 11 17 44 39 38 5 47 9 21 31 25 11 34 17 35 17 41 42 34 21 37 25 18 32 28 33 31 7 28 49 27 11 41 33 37 23 30 6 25
13 9 47 10 46 14 25 20 28 8 8 9 30 29 3 23 25 32 6 10 22 46 1 23 13 4 50 40 30 36 20 38 22 4 16 5 22 30 24 30 18 15 24 42 33
11 47 31 49 40 12 21 47 47 49 23 39 17 13 33 21 28 2 24 2 6 8 17 11 17 34 42 40 4 41 17 12 2 34 24 3 25 10 28 10 8 17 48 2 22
17 23 28 8 31 9 33 45 6 15 18 23 19 7 21 7 15 41 22 17 16 18 7 6 44 47 17 19 12 38 8 46 31 28 42 13 9 33 21 44 16 22 9 26 22
35 13 37 27 37 40 15 23 40 30 8 7 36 34 43 22 8 44 18 40 37 26 14 27 48 26 3 18 43 17 24 8 38 50 20 37 32 13 33 8 5 20 8 19 31
49 9 37 19 4 33 47 36 47 26 4 14 39 39 14 22 13 12 14 41 16 25 21 47 4 18 35 16 44 41 39 40 43 32 31 31 2 6 18 25 20 8 48 13 28
46 21 47 49 22 32 35 15 1 48 35 29 20 44 7 6 36 37 43 32 24 14 32 5 16 48 4 7 28 7 41 33 38 14 12 29 37 18 36 14 12 41 1 33 36
41 27 11 21 12 12 30 33 38 25 38 18 36 16 4 10 30 14 49 12 35 8 46 15 40 40 35 22 22 7 2 7 12 1 4 47 23 37 21 30 12 30 3 7 8
27 48 18 37 15 42 11 6 11 25 1 31 27 25 44 27 20 42 50 33 36 3 6 19 37 21 50 33 31 45 34 13 48 14 21 9 35 50 29 41 18 11 28 5 18
32 3 39 26 4 14 23 40 6 31 46 6 33 38 47 30 5 31 26 50 3 35 7 4 11 30 44 23 27 20 3 3 30 26 46 42 36 11 32 42 2 49 38 24 14
30 47 46 44 2 42 34 44 2 38 26 42 10 4 21 10 19 25 16 20 28 16 3 41 47 12 13 46 2 3 46 12 40 26 24 4 18 12 50 12 17 10 20 40 36
10 12 31 8 40 12 1 46 50 14 8 4 44 46 39 34 49 39 8 20 28 36 11 10 46 16 29 12 44 35 12 22 34 6 44 25 44 12 32 36 11 36 36 40 34
35 33 4 27 34 48 46 50 19 29 45 29 2 31 24 14 10 1 26 1 37 9 17 25 5 36 26 2 15 3 43 6 1 49 17 10 11 9 4 48 32 42 50 3 30
30 28 41 17 2 44 33 46 44 32 4 22 24 43 18 39 9 3 20 42 8 30 35 13 49 4 19 38 12 18 6 40 32 16 12 17 29 42 44 46 45 42 8 44 14
21 32 13 22 24 41 27 50 9 37 30 37 44 37 33 8 5 5 46 49 43 18 3 31 45 29 39 8 25 50 14 40 32 30 40 21 35 32 48 3 31 49 32 42 49
27 47 44 44 12 49 3 40 18 6 42 9 3 37 46 20 4 6 16 35 22 39 25 39 42 22 15 2 23 3 23 5 14 17 47 5 14 25 23 44 10 40 20 24 4
24 29 45 37 18 29 19 1 37 19 6 29 20 50 21 3 21 39 29 6 23 38 22 36 36 44 9 33 15 34 37 9 16 22 39 13 12 37 45 8 39 27 3 10 48
8 27 44 14 5 2 15 14 2 28 41 32 8 10 3 7 23 50 24 35 12 35 46 43 15 13 46 47 35 31 42 42 38 35 11 3 41 38 16 21 30 48 23 21 13
32 6 4 12 14 46 5 8 21 16 6 38 19 40 47 24 18 32 24 39 38 4 47 9 17 32 43 11 41 29 19 50 26 6 45 13 10 41 27 34 48 27 4 43 22
48 27 23 7 32 37 40 17 41 23 29 44 1 33 16 49 49 40 1 28 50 18 42 17 8 17 12 16 16 33 3 38 31 36 38 10 44 43 28 41 49 12 26 40 33
13 10 1 38 34 13 34 50 49 12 39 43 7 24 49 19 20 48 13 48 4 21 8 38 43 17 43 19 30 26 48 36 30 28 19 18 28 44 20 41 35 46 1 18 2
10 19 48 22 16 30 16 18 20 14 44 16 4 14 28 32 48 40 24 4 28 46 34 30 26 38 25 46 36 36 40 42 22 10 48 2 4 6 2 2 13 40 2 32 46
3 35 24 41 4 24 35 39 33 17 37 20 43 18 5 10 42 49 8 35 44 24 41 34 25 29 28 26 41 43 50 24 9 17 23 23 33 41 9 4 2 34 14 45 28
46 14 49 18 16 48 44 37 35 19 30 28 20 13 33 40 18 4 15 41 33 23 10 44 14 39 38 19 33 9 2 10 8 36 8 1 37 8 9 27 12 14 11 25 25
29 35 5 41 50 42 17 33 13 19 2 48 19 48 39 45 29 10 37 17 11 4 17 13 31 4 28 24 14 46 16 34 10 20 18 27 3 34 48 31 35 33 46 34 31
18 27 27 44 12 42 23 28 34 17 12 30 2 33 24 31 37 42 50 25 17 18 24 29 6 16 13 6 20 33 50 16 4 12 26 42 35 48 36 22 37 13 44 20 34
24 29 4 14 26 8 32 50 22 6 22 12 44 20 30 8 21 32 10 24 28 24 37 21 27 10 23 12 4 43 50 26 34 12 40 37 21 24 10 48 39 44 40 34 28
2 40 26 44 36 2 46 40 4 28 24 28 8 36 44 30 42 24 38 10 48 44 32 47 30 32 7 4 10 22 44 30 44 30 12 36 4 48 2 34 43 28 44 12 20
47 3 49 17 20 2 45 29 40 47 47 3 13 13 23 13 31 47 40 3 7 40 17 29 29 6 6 36 14 25 33 46 44 2 28 27 45 34 22 22 34 25 50 4 7
