26 15
8 38 14 17 13 34 28 16 10 37 15 34 7 28 34
4 20 27 8 15 4 12 10 34 49 41 21 45 36 3
14 46 4 19 41 36 29 42 13 27 28 30 13 14 46
34 44 34 46 26 42 50 16 36 12 7 6 29 32 44
22 38 33 11 1 14 14 37 20 19 4 50 6 24 5
46 16 48 6 35 44 19 46 29 32 31 24 45 6 28
32 12 36 34 44 10 4 27 5 43 45 20 14 23 9
12 12 14 36 32 30 38 14 25 44 5 16 38 2 6
8 44 24 27 33 2 15 6 28 11 15 49 12 47 33
6 18 46 46 45 40 28 18 7 28 1 46 7 10 36
39 18 40 46 9 1 23 18 41 37 37 22 15 23 43
43 50 34 37 5 46 6 46 2 48 8 2 2 36 14
2 6 6 11 39 48 29 11 3 28 4 13 16 24 20
30 22 4 4 23 32 21 41 48 41 24 4 45 45 13
36 33 32 33 43 31 2 29 28 10 30 7 27 37 23
30 16 40 44 18 10 44 12 23 25 49 20 16 18 20
34 48 10 31 10 2 20 50 45 16 17 17 33 46 43
13 34 8 8 32 14 12 16 14 9 21 47 12 41 13
11 24 11 46 10 24 28 7 48 39 14 34 16 40 43
15 26 27 30 37 42 21 6 38 34 36 28 13 29 40
15 32 9 50 33 50 27 2 43 16 33 5 4 30 19
17 48 28 43 23 28 6 47 43 15 15 11 3 48 4
30 40 47 19 10 22 17 30 41 16 47 28 41 39 36
50 36 14 39 1 50 18 28 3 22 37 48 35 42 45
42 38 27 39 32 2 10 19 15 33 17 48 13 34 3
18 27 34 3 1 46 37 19 42 27 9 26 42 12 4
