32 22
4 42 10 42 36 30 28 29 48 34 34 18 46 12 31 44 12 2 42 21 20 40
1 7 42 35 27 33 39 32 19 37 33 15 30 16 19 15 45 31 26 28 7 9
22 47 8 2 34 38 7 3 47 34 27 44 10 27 47 38 42 4 24 19 38 32
4 10 32 12 8 5 9 47 22 21 44 9 1 5 16 31 5 46 35 4 13 16
33 25 17 21 31 7 39 19 27 11 15 22 48 8 17 26 19 15 27 22 24 19
38 36 32 50 10 21 26 6 50 40 37 48 34 3 35 18 22 29 34 50 38 3
25 6 40 26 34 37 4 39 18 34 30 30 18 27 27 30 41 20 50 6 37 14
48 20 22 11 17 6 6 7 30 46 22 24 17 3 33 20 3 24 43 50 9 12
14 5 14 22 7 48 36 13 1 36 37 49 26 43 13 31 18 42 28 5 19 3
23 11 21 18 28 47 7 40 31 4 31 22 14 36 41 44 47 11 6 4 43 35
4 31 10 46 29 41 10 33 13 24 11 44 16 41 7 31 30 11 44 50 26 28
30 8 14 46 34 30 39 20 32 42 31 20 46 47 25 24 32 24 42 45 22 10
24 15 27 30 9 23 14 8 31 1 13 21 15 5 12 12 47 7 5 39 7 21
30 10 46 12 8 12 44 6 12 36 8 32 22 11 18 32 12 46 20 27 46 18
31 13 32 17 28 26 23 24 33 26 44 27 40 5 9 7 34 36 21 2 47 17
6 28 34 26 16 4 30 3 16 26 42 24 38 3 31 8 36 23 50 17 12 34
28 31 32 41 44 34 47 7 12 36 26 14 36 35 14 1 44 45 18 17 50 46
31 9 33 35 43 34 10 20 27 26 21 24 27 2 37 36 12 13 11 12 16 27
19 41 15 34 29 25 23 41 47 6 45 46 44 1 16 9 41 22 36 31 7 41
32 26 44 8 16 10 40 7 24 6 50 2 4 11 29 8 14 39 10 1 2 15
6 10 2 48 14 44 14 38 42 30 4 8 32 22 37 40 40 46 46 7 6 36
2 22 40 30 27 30 1 37 34 12 41 42 24 48 8 43 42 23 38 38 2 45
44 17 12 35 7 19 37 19 35 47 6 25 20 13 31 17 44 34 2 33 44 33
4 12 42 32 9 42 49 21 38 26 1 30 22 40 13 45 18 31 40 34 39 30
30 44 46 36 21 22 31 45 6 34 46 50 6 27 8 38 28 21 42 49 28 43
7 34 16 28 48 13 26 43 36 5 38 25 35 3 24 35 24 22 19 2 44 25
47 45 12 25 32 24 20 9 11 41 29 27 28 35 38 16 25 27 30 44 47 48
36 40 30 37 45 42 14 21 34 8 34 14 38 46 23 12 32 6 4 2 22 37
12 26 1 9 24 26 35 10 8 6 45 24 25 23 48 5 19 14 21 27 29 12
24 27 20 11 25 13 47 36 46 44 43 5 6 1 13 11 25 15 26 42 15 36
44 6 24 10 37 4 40 26 32 10 34 34 38 15 41 46 22 33 34 47 24 18
24 24 38 19 14 41 22 15 42 32 37 46 31 40 16 39 23 19 47 10 15 25
