38 29
43 19 34 5 10 15 44 27 40 15 24 34 49 46 3 33 32 32 36 22 48 40 22 3 25 48 10 38 40
44 2 22 35 41 49 24 15 17 24 14 10 23 32 32 2 8 20 27 3 25 43 11 21 9 7 40 34 45
24 47 4 11 23 17 44 27 21 48 7 29 42 3 41 27 6 35 35 23 3 29 7 3 15 16 15 45 40
14 29 36 30 14 2 8 8 48 2 40 10 38 32 48 19 38 30 36 36 12 11 26 12 45 42 10 24 50
7 7 32 7 41 15 40 7 40 14 14 5 45 34 9 19 19 36 27 45 47 32 21 9 49 2 22 33 22
30 11 50 40 12 9 32 43 32 16 3 26 14 12 17 5 2 46 26 26 48 41 34 50 46 6 4 46 2
21 7 10 23 25 37 21 15 16 6 48 36 7 29 34 38 15 30 42 39 8 40 25 45 15 49 40 3 18
23 8 10 36 32 35 26 29 34 11 44 14 22 10 11 17 2 6 34 44 16 31 50 12 3 48 20 38 38
47 27 42 49 7 31 6 23 46 16 9 18 3 9 18 1 22 48 12 34 27 32 44 3 5 10 20 22 34
11 14 25 32 20 21 14 18 36 9 15 17 20 13 7 8 13 12 5 30 17 1 50 41 7 45 11 50 27
32 16 40 2 31 18 9 32 48 42 42 18 24 9 4 48 9 32 22 11 7 2 28 33 44 43 26 21 22
47 3 8 17 28 8 50 4 20 30 41 34 17 8 40 25 12 40 22 46 40 34 8 48 18 20 18 30 28
40 3 44 33 10 23 50 25 30 10 34 2 10 48 33 17 34 22 44 14 17 37 27 2 33 20 48 36 10
24 10 6 8 34 8 14 36 26 16 23 24 18 34 12 7 8 42 10 4 30 31 28 48 31 24 50 16 36
7 7 28 5 17 12 36 49 17 3 17 1 33 3 14 44 38 42 34 31 38 17 31 26 45 7 2 8 44
13 2 15 6 7 35 6 40 19 50 36 8 43 38 20 38 20 20 35 23 39 13 1 7 4 4 1 13 48
2 5 48 37 6 35 26 25 36 40 10 32 25 18 35 47 32 20 16 26 37 19 8 5 26 34 34 28 2
1 41 16 41 27 32 40 42 40 11 5 28 7 31 15 2 48 41 5 23 11 9 29 40 10 13 42 23 36
44 28 30 18 50 34 37 28 24 32 39 19 25 19 37 19 4 30 39 10 11 15 8 30 11 17 40 14 8
21 29 38 27 47 34 48 11 35 21 44 19 39 18 30 38 28 36 27 5 34 5 31 6 23 50 40 47 50
2 29 44 1 34 8 36 34 6 36 29 26 9 32 40 22 44 32 36 46 40 3 2 30 32 16 6 24 22
12 22 30 28 38 28 6 16 22 46 33 26 5 14 30 38 12 34 10 34 50 1 28 4 11 32 14 6 30
21 8 42 45 7 39 5 6 29 47 44 11 15 23 9 35 44 32 30 37 21 50 37 45 15 3 3 19 3
25 42 44 47 40 5 24 38 18 28 25 49 17 9 47 41 42 30 44 9 34 9 43 5 34 42 32 14 9
16 49 36 23 2 19 28 48 36 24 39 22 50 6 10 48 32 20 4 44 14 25 48 10 22 50 10 44 46
2 19 34 17 1 12 32 48 24 31 32 19 22 32 37 6 32 18 49 47 48 31 17 23 34 36 18 45 41
36 28 34 44 18 10 26 4 32 42 12 8 30 26 10 14 46 50 44 24 30 23 14 36 39 18 24 8 10
8 37 38 47 40 32 46 23 46 39 8 3 2 43 13 1 22 38 36 12 18 47 34 48 47 10 30 30 24
42 1 14 3 2 46 27 1 45 19 47 15 4 4 6 50 30 44 24 10 34 42 13 33 5 16 50 39 17
23 25 36 11 50 39 24 44 38 50 17 6 17 20 49 13 22 6 14 26 8 42 2 16 34 24 8 30 46
33 5 36 27 38 5 40 40 50 3 31 38 39 32 4 39 42 24 28 20 13 4 9 23 33 36 46 37 32
10 46 18 30 40 36 4 36 46 18 41 16 18 44 26 40 48 28 14 18 4 8 2 26 27 40 24 14 46
44 10 17 36 33 10 47 46 27 13 32 29 46 47 39 26 14 6 2 27 39 46 19 18 29 3 15 1 26
38 23 35 1 32 50 45 24 41 2 33 40 27 5 44 5 22 22 27 34 41 42 23 6 25 31 17 38 1
40 44 40 46 8 5 36 40 46 38 50 49 4 34 19 24 46 30 4 26 32 17 6 40 11 24 20 38 46
31 38 26 18 30 19 48 31 31 35 33 30 4 7 11 8 29 26 15 14 36 29 6 30 27 31 40 13 16
35 50 31 11 12 11 36 4 15 8 27 32 29 9 1 27 19 20 17 32 11 13 41 13 32 30 35 3 45
1 20 36 49 15 39 38 11 26 14 29 20 19 33 46 1 36 28 6 37 10 5 34 26 35 2 26 21 8
