24 18
7 18 38 38 14 24 34 39 40 36 6 38 24 28 20 23 6 48
48 36 31 49 38 7 18 40 19 17 25 5 12 3 38 39 20 10
3 6 50 19 19 27 12 26 36 18 28 21 49 49 10 26 49 29
30 41 40 11 39 39 32 7 34 15 17 15 31 39 37 14 50 14
20 30 13 1 8 49 8 12 45 12 29 8 15 8 34 5 35 10
50 46 48 42 42 42 23 31 9 22 48 45 8 14 12 12 50 35
19 35 12 20 30 28 28 11 17 12 4 3 6 8 2 1 31 26
8 25 1 15 29 23 38 10 26 47 41 27 25 5 48 27 19 17
49 34 31 14 34 46 8 41 13 8 19 31 22 10 14 36 15 36
25 10 18 30 20 6 28 39 41 44 36 16 30 34 32 13 45 4
7 47 10 37 30 36 2 3 46 16 47 11 46 19 43 42 8 14
3 20 14 2 50 1 34 39 46 49 21 50 50 47 8 41 35 15
11 18 10 46 26 2 50 13 47 48 33 7 28 8 2 44 29 18
36 20 7 25 14 18 34 44 27 14 6 22 15 30 40 42 19 22
15 35 12 11 35 35 9 5 47 39 35 37 17 47 29 43 28 2
16 14 3 37 6 34 3 32 41 38 13 10 25 8 3 24 15 20
14 31 46 48 16 32 4 15 23 28 10 26 12 24 16 33 29 2
25 36 8 40 46 21 41 48 1 24 13 19 24 15 32 5 25 39
18 20 42 42 34 22 10 10 21 46 34 40 46 32 18 19 42 24
45 27 3 7 24 47 35 49 29 43 44 19 7 27 7 10 23 36
6 3 39 11 9 6 42 44 16 28 48 31 45 39 48 1 42 36
4 8 33 21 2 48 44 46 31 8 47 14 4 43 4 37 50 40
1 8 15 18 22 38 24 23 8 50 49 29 4 43 50 49 13 16
9 32 49 50 14 45 38 18 49 23 32 40 25 34 17 13 2 14
