30 36
21 8 3 3 38 10 30 7 17 36 40 17 11 45 42 29 14 1 32 7 6 4 42 32 37 30 11 28 22 12 21 31 3 33 11 11
9 48 13 49 21 42 30 12 46 28 45 47 10 29 34 36 47 15 33 24 18 44 11 49 26 48 48 43 28 22 9 19 42 34 21 37
12 42 15 34 17 33 22 50 10 1 37 24 1 24 40 40 1 19 10 17 45 24 49 49 5 44 2 29 12 42 28 21 22 49 16 6
19 47 7 6 10 47 40 5 9 14 29 22 48 17 28 40 36 50 29 29 46 14 1 12 30 6 1 31 30 38 40 29 31 6 37 41
11 30 10 23 37 37 10 28 38 8 37 6 4 5 14 31 38 9 44 13 8 5 49 16 27 39 6 18 22 30 12 46 17 41 20 32
46 32 25 46 18 28 18 23 9 36 16 43 22 34 26 42 36 28 15 2 20 26 21 45 18 18 46 19 21 48 16 26 28 41 36 14
39 21 9 19 3 6 49 15 42 21 13 31 23 41 43 27 6 24 22 41 6 21 5 48 33 12 25 38 3 5 20 32 11 12 12 5
24 2 12 23 38 35 29 1 21 2 3 44 28 7 2 40 15 47 7 6 42 11 31 38 32 41 22 9 30 4 29 39 32 32 12 50
22 6 36 49 27 7 8 7 36 12 15 41 43 50 21 48 33 7 8 28 1 14 46 15 40 19 11 2 16 33 8 20 5 42 15 3
43 33 13 31 2 31 10 39 21 4 27 40 21 39 9 42 14 13 26 41 18 41 23 2 23 37 1 5 10 44 30 24 48 15 4 36
13 41 32 4 49 19 35 35 46 23 41 20 4 35 25 13 3 49 44 4 13 9 38 13 38 17 35 3 9 10 9 25 34 15 35 1
33 3 7 15 48 16 19 18 47 31 42 50 20 20 25 46 14 3 38 26 20 6 13 42 42 18 7 13 13 16 44 16 23 43 42 4
28 25 37 34 21 29 23 41 30 41 2 20 16 1 28 37 42 44 13 46 48 30 9 44 17 9 43 8 6 46 47 33 35 46 22 18
14 24 31 13 25 25 27 45 41 1 13 14 26 25 23 29 46 40 15 50 22 29 12 17 30 46 47 19 10 33 49 5 13 28 19 21
11 35 46 40 36 42 3 17 50 46 7 15 43 49 21 30 28 13 36 6 28 42 50 8 24 2 5 14 42 43 20 1 11 40 22 48
32 35 31 10 17 27 49 12 48 49 23 32 22 12 47 6 36 28 12 43 25 3 39 29 32 26 3 23 15 11 8 41 18 29 22 8
33 19 49 49 21 37 5 30 35 14 18 10 46 5 46 9 24 46 18 41 3 40 9 46 34 49 38 11 42 41 5 4 46 3 8 13
49 23 20 15 43 41 4 34 4 4 35 44 1 13 6 3 20 24 26 32 1 35 21 21 25 41 38 23 31 9 39 35 49 46 41 37
12 2 17 17 44 5 35 10 24 47 39 13 27 34 5 43 15 13 32 26 15 4 25 38 32 45 27 7 9 32 49 23 14 24 29 44
50 18 33 23 31 31 39 1 6 37 11 16 26 44 36 47 10 50 10 24 8 15 1 17 13 14 43 15 16 38 32 43 8 27 28 32
17 28 2 4 24 1 2 49 43 35 14 9 32 20 46 28 11 40 17 8 5 27 27 13 37 50 21 8 34 21 19 34 12 37 46 29
41 43 28 50 17 48 17 11 45 11 38 24 8 17 22 22 38 5 38 23 21 5 2 14 16 50 19 24 3 50 23 11 16 28 41 13
17 18 7 40 12 27 35 43 19 2 20 12 32 6 47 1 19 4 30 5 16 37 39 20 11 49 43 40 13 2 43 16 4 29 8 35
47 33 2 12 33 13 17 17 8 47 13 3 17 48 10 27 3 5 25 37 42 44 7 19 37 39 20 11 30 42 2 44 46 33 50 7
48 20 2 30 8 48 38 15 31 16 41 2 12 32 42 13 29 14 49 14 24 12 34 34 14 22 35 31 31 33 17 30 36 5 11 46
41 19 22 15 16 50 11 19 38 16 28 26 48 14 46 50 22 33 40 27 8 11 23 3 43 35 10 18 43 45 9 27 42 30 17 13
28 33 46 1 13 50 35 47 41 37 49 30 11 12 41 7 1 15 28 3 17 22 11 24 7 34 2 16 7 27 15 49 4 39 8 44
19 17 44 11 39 47 47 21 9 16 19 24 8 2 36 1 25 22 18 8 42 13 14 5 31 26 39 47 1 42 24 6 29 11 11 42
31 9 19 50 15 23 20 24 28 11 21 40 44 5 2 39 1 27 2 8 22 48 15 40 38 26 48 44 47 13 22 42 17 4 12 22
44 10 19 1 14 40 30 42 17 2 32 2 30 3 11 33 11 28 29 11 25 31 43 30 29 33 40 40 50 6 12 25 37 26 15 12
