28 44
13 23 47 41 19 9 41 13 1 3 11 27 8 41 19 13 41 35 40 11 22 11 28 34 34 20 23 9 27 15 44 19 8 32 2 17 18 5 32 11 25 15 33 42
37 44 25 12 30 10 21 31 47 47 27 16 24 3 6 10 47 48 20 19 12 2 6 38 2 28 5 14 12 38 19 36 32 7 42 29 12 45 14 50 42 18 40 24
21 43 45 42 45 5 9 43 39 50 25 35 32 26 34 19 1 15 22 1 37 29 13 44 17 7 11 15 14 15 12 11 36 3 38 42 7 23 2 33 15 1 31 10
45 29 27 29 49 18 25 8 29 47 46 33 2 27 38 2 49 47 30 35 50 35 42 34 18 6 21 8 45 41 12 41 44 25 41 43 46 11 40 17 34 30 5 38
45 1 23 7 33 48 23 7 33 7 29 13 42 20 10 15 39 37 24 23 32 34 34 44 16 36 43 49 15 2 5 25 44 41 34 23 22 11 24 30 43 28 6 44
50 13 35 49 23 46 45 39 15 48 47 48 48 7 7 43 33 14 22 40 16 10 19 18 22 3 19 6 30 24 33 35 40 10 21 27 18 5 34 13 36 39 47 33
21 12 10 29 33 44 27 39 16 22 27 11 14 19 20 30 21 4 42 27 18 33 44 42 16 8 19 22 49 19 15 15 32 6 46 45 7 32 50 40 1 30 2 8
34 41 27 5 25 3 13 41 29 45 11 28 9 32 20 47 27 26 39 11 10 36 19 2 45 33 17 16 25 12 25 39 24 47 35 47 43 13 6 35 31 1 3 48
31 23 17 7 19 24 13 21 25 23 25 6 50 10 38 50 32 5 6 31 22 50 26 38 22 32 8 44 23 13 1 14 18 6 36 3 16 27 24 42 14 50 20 26
22 43 3 30 46 14 29 21 14 8 2 45 46 26 8 22 25 8 20 3 40 30 10 50 2 38 18 8 29 31 7 39 2 7 36 7 30 25 44 46 22 2 3 6
43 34 11 32 34 50 35 40 31 11 5 29 22 6 4 16 5 21 32 29 30 37 38 48 22 2 31 38 49 23 15 9 44 37 11 41 22 28 28 32 3 42 3 28
44 8 43 9 3 28 15 49 46 43 31 27 36 1 2 8 31 26 40 19 4 27 30 46 8 46 6 12 9 43 46 43 6 47 48 20 29 41 20 10 40 14 8 44
24 5 1 3 48 22 3 19 29 13 9 45 24 34 28 12 5 9 6 22 28 2 42 48 26 34 50 16 39 19 13 39 24 5 28 17 1 5 20 2 10 44 8 48
34 1 5 11 27 45 49 47 40 41 39 19 28 24 18 25 22 24 4 41 27 26 48 34 7 15 45 33 43 25 38 15 25 29 29 47 26 49 19 15 32 7 49 1
50 2 36 16 39 10 39 50 9 32 47 25 46 10 38 6 37 40 50 43 30 34 34 12 2 32 34 30 29 41 45 11 4 3 34 49 7 3 26 24 34 24 3 40
6 15 22 48 25 11 35 37 22 14 11 49 31 13 21 20 18 35 18 45 38 45 23 5 8 3 21 47 48 7 31 17 22 9 45 20 17 23 40 7 13 6 11 1
42 47 20 11 20 42 3 25 17 39 40 47 28 10 30 45 47 37 22 32 32 16 43 2 40 38 37 21 15 27 21 10 14 10 49 35 49 25 20 19 41 33 22 16
19 28 5 45 36 49 10 1 47 36 21 12 12 50 24 33 13 46 34 42 45 28 38 41 41 45 1 9 47 39 44 24 48 15 37 1 8 9 17 17 12 33 17 30
8 48 28 5 33 49 15 22 35 15 39 31 28 46 34 36 32 35 6 6 4 26 31 38 18 4 33 2 37 2 1 30 32 35 14 13 3 23 32 16 29 50 34 44
4 5 21 18 31 34 46 49 19 18 2 29 6 40 42 10 16 27 18 33 30 4 50 44 42 30 40 6 40 21 35 37 40 34 6 43 45 29 48 2 38 48 9 10
26 3 7 29 37 27 9 17 26 5 17 23 46 46 20 14 41 5 44 44 4 10 39 24 5 38 45 23 6 33 47 16 18 3 7 7 37 21 28 5 43 47 2 38
35 21 9 41 27 25 30 49 28 45 35 49 22 29 38 26 21 7 38 13 20 40 19 46 43 49 27 26 19 13 25 2 14 15 32 3 31 47 44 49 3 46 22 24
11 23 18 31 25 16 32 12 50 1 15 40 4 1 44 6 31 43 18 35 42 43 23 30 14 26 6 16 2 48 18 28 50 15 4 37 45 7 8 19 33 40 20 48
14 8 25 7 9 9 19 49 21 29 5 31 6 14 29 49 44 12 11 19 42 1 12 18 1 39 10 19 13 42 7 31 8 43 11 39 11 11 44 35 49 31 7 24
16 17 23 31 39 12 44 49 12 2 17 41 40 35 4 30 50 1 8 11 42 24 40 4 18 20 48 34 11 7 16 40 38 14 14 29 47 29 10 50 44 42 18 10
30 43 21 34 9 30 29 49 4 19 6 27 16 36 4 7 10 18 44 17 5 14 32 6 39 26 26 22 4 42 16 19 7 6 38 42 40 7 36 45 14 5 42 5
45 21 3 31 12 30 46 43 7 33 35 25 10 40 30 12 3 13 28 5 48 49 39 34 4 46 48 43 43 32 29 31 8 19 22 27 19 46 6 40 1 40 12 4
26 19 29 23 19 4 25 4 31 8 12 47 32 4 48 16 41 5 10 40 50 10 18 10 24 18 16 10 19 3 1 27 40 21 16 30 27 29 2 22 18 2 49 50
