100 30 31 91
58 26
24 87
65 22
72 17
31 68
17 70
93 36
33 67
5 42
83 31
62 67
91 75
59 61
38 68
80 38
55 7
30 96
73 95
21 85
25 51
18 27
36 75
14 36
1 68
9 33
81 39
3 7
6 36
32 25
41 35
96 67
66 7
51 3
79 55
15 97
53 23
95 47
42 10
61 45
48 7
94 7
57 91
35 75
40 83
64 51
54 33
49 75
98 75
97 55
84 89
2 24
100 39
8 25
43 58
46 70
29 68
78 97
88 75
67 68
26 13
27 36
44 91
47 7
19 17
99 3
85 90
69 4
12 96
82 100
23 51
56 90
11 75
50 3
52 70
68 3
4 25
13 70
76 85
45 48
87 70
20 70
37 62
89 23
75 65
10 97
60 85
28 95
70 65
86 36
92 72
71 60
90 97
16 4
74 72
77 53
22 7
34 55
39 17
63 46
28 16 1 9
24 2
7 27
8 10
13 24
4 28
15 10
16 23
3 24
9 4
5 22
14 2
28 2
22 12
17 13
11 12
19 2
18 10
10 28
21 14
6 24
12 24
1 22
23 13
2 27
26 22
20 28
25 5
20 14 9 10
1 6
2 11
3 4
5 3
6 4
7 17
8 11
9 2
10 4
11 14
12 19
13 10
14 7
15 17
16 15
17 4
18 11
19 4
20 9
40 32 31 10
29 39
3 20
38 32
18 31
40 23
19 5
23 21
10 23
9 36
2 5
30 21
7 10
31 20
14 32
1 3
6 37
27 17
28 39
13 5
17 21
39 5
20 5
24 36
4 35
26 31
12 19
34 32
16 17
15 7
33 1
35 24
22 19
11 36
8 35
21 36
32 21
36 19
25 17
37 19
33 5 11 21
24 1
2 26
29 27
14 6
25 10
21 3
20 10
17 12
11 10
30 32
31 16
23 8
8 33
15 16
27 12
28 6
7 25
6 10
18 33
9 27
22 25
4 33
32 14
33 32
26 10
5 33
13 27
19 13
16 14
3 33
1 3
12 14
17 16 11 13
14 1
3 2
8 7
11 2
4 7
13 17
17 5
1 7
7 12
6 5
12 16
9 10
5 1
2 12
15 3
10 4
19 18 15 4
3 11
17 10
16 11
6 16
1 17
14 12
7 2
2 8
15 6
19 10
18 6
5 8
12 8
10 5
4 19
13 5
11 5
9 5
13 10 9 3
4 6
12 7
7 11
5 6
10 5
2 11
8 2
1 6
11 1
9 12
13 2
3 5
37 36 20 32
31 15
2 16
9 18
36 30
35 18
26 10
27 37
23 9
1 22
12 11
8 37
20 6
28 9
29 24
13 22
10 17
4 11
30 13
15 8
34 7
21 19
3 1
11 7
6 2
24 8
14 27
16 1
33 9
18 1
37 16
32 35
19 9
17 30
5 35
7 14
25 27
37 14 2 12
13 4
15 37
17 22
34 25
8 18
30 33
32 22
29 26
25 26
20 6
19 22
2 27
37 23
21 29
11 28
4 5
26 28
31 11
12 25
1 11
6 22
16 10
9 29
18 11
7 35
14 11
36 28
27 5
10 22
22 26
5 19
33 19
3 29
35 24
23 28
24 29
20 7 12 4
19 9
7 18
6 16
10 18
1 17
17 19
12 20
15 5
4 16
8 2
13 5
18 5
2 13
16 13
11 16
5 9
3 19
20 15
14 19
12 10 5 7
2 3
5 9
6 3
8 5
4 7
9 7
1 3
10 5
12 6
3 5
11 5
11 3 6 2
9 3
8 1
6 2
1 5
3 1
11 7
2 1
7 1
4 5
10 8
22 14 1 3
15 11
14 2
7 20
19 12
4 17
21 11
6 21
2 20
8 2
17 1
1 7
20 11
18 11
9 11
11 5
16 21
22 17
10 13
13 11
12 11
3 11
39 11 35 29
37 5
32 35
11 12
39 16
36 24
31 10
38 25
8 31
28 31
14 5
4 28
6 33
19 16
30 29
35 5
33 3
26 12
17 24
34 12
5 8
1 3
22 24
16 10
10 25
27 31
20 1
24 2
21 33
23 39
13 19
12 29
29 10
7 8
3 8
18 34
15 33
9 14
25 2
15 13 4 12
4 15
12 10
10 11
15 8
13 15
6 15
5 7
1 10
7 8
14 8
2 3
11 8
9 11
3 11
34 20 6 25
16 19
23 30
24 32
15 19
11 23
22 23
20 19
31 9
3 25
12 15
7 3
6 26
14 15
29 19
13 15
2 13
30 19
1 19
25 30
34 25
5 23
4 5
28 30
10 1
33 19
17 15
32 13
27 12
21 13
9 10
26 9
18 33
8 30
12 4 8 9
7 8
5 12
2 9
12 6
1 11
8 3
9 12
11 4
3 6
4 3
10 3
19 7 9 15
18 9
8 12
4 7
19 7
5 17
1 4
3 2
13 11
12 5
2 14
10 17
15 4
9 5
7 5
11 9
16 10
14 5
6 17
38 2 11 18
24 16
9 29
28 15
32 29
25 38
27 30
6 29
8 17
15 32
18 14
31 12
14 17
34 10
12 9
23 12
10 30
11 21
2 23
17 20
22 34
37 26
20 29
19 5
4 10
36 7
35 29
33 24
13 24
7 17
38 20
21 30
16 6
30 29
1 24
3 38
26 5
5 6
30 2 28 10
7 13
6 30
23 19
19 9
1 2
12 29
14 26
17 25
15 23
9 18
13 25
2 30
26 2
5 17
10 13
4 15
20 4
28 15
3 23
29 10
8 26
16 9
30 27
24 17
11 10
25 19
21 4
22 27
27 18
45 13 18 42
3 25
28 27
12 8
19 18
39 4
11 27
44 23
1 23
14 45
15 24
6 23
33 35
30 18
42 35
23 10
40 24
38 45
37 24
16 2
20 35
24 16
2 10
35 25
22 10
31 45
21 16
34 2
32 9
5 16
43 2
18 29
8 25
36 29
45 4
13 8
9 39
29 4
17 9
10 39
7 9
41 8
27 29
25 39
26 18
48 15 21 12
21 9
39 11
33 4
47 25
16 14
1 41
2 4
24 28
4 35
32 2
22 46
5 14
7 20
19 43
26 46
44 26
45 43
48 47
27 34
18 35
25 15
31 13
17 28
37 23
43 29
29 48
3 34
11 47
34 44
20 9
14 48
36 25
28 15
35 23
9 31
41 44
38 20
8 29
6 11
23 41
42 1
10 13
40 31
12 26
15 10
30 1
46 10
47 7 47 39
41 22
20 22
42 2
1 43
23 37
10 14
16 22
21 29
15 44
29 42
8 36
9 42
24 2
7 36
40 25
44 31
45 43
33 44
14 27
12 25
32 1
31 27
13 31
38 1
22 5
46 42
19 44
5 43
34 29
43 2
6 1
35 25
26 37
11 14
36 24
3 24
28 31
25 5
37 24
2 27
47 12
30 14
18 5
4 37
17 29
39 36
25 22 2 15
20 11
5 16
12 10
25 21
14 3
22 9
3 8
18 24
9 4
17 1
24 12
13 5
1 18
2 25
16 23
7 14
8 19
4 13
10 2
21 15
6 20
11 17
15 22
23 7
46 13 6 32
12 33
19 33
9 33
45 33
35 33
4 33
17 33
26 33
15 33
25 33
23 33
42 33
13 33
18 33
31 33
40 33
34 33
39 33
20 33
8 33
6 33
28 33
38 33
24 33
21 33
22 33
44 33
46 33
3 33
36 33
27 33
32 33
10 33
5 33
14 33
16 33
2 33
29 33
43 33
37 33
41 33
11 33
1 33
7 33
30 33
71 28 26 33
6 47
9 19
61 64
69 22
42 56
56 8
2 18
22 47
30 17
7 20
12 62
20 8
58 47
32 36
31 17
15 69
18 64
8 47
39 71
62 59
13 4
64 8
55 29
46 29
38 45
63 30
70 50
60 33
53 20
1 67
59 63
44 8
24 21
33 52
48 19
67 56
5 34
57 64
71 23
54 47
26 18
52 63
4 30
19 16
29 31
21 10
43 17
27 41
11 53
34 52
16 22
10 30
47 17
28 66
23 63
35 59
14 9
68 56
51 43
37 64
66 47
45 66
25 62
49 47
3 53
65 52
50 64
36 64
40 41
41 47
67 54 31 50
6 37
40 37
55 10
41 45
28 15
53 44
36 25
49 5
54 64
34 9
11 25
52 5
45 44
65 64
61 4
50 34
5 33
15 10
13 59
59 34
62 5
51 45
30 33
58 56
9 2
31 52
67 57
42 52
22 30
57 4
19 59
25 30
3 44
46 57
39 12
56 59
43 4
47 45
32 37
21 12
18 25
4 26
60 56
38 26
20 64
12 30
35 10
27 23
64 23
17 12
10 9
8 39
26 2
2 33
44 34
7 57
48 9
29 39
14 15
63 56
23 2
37 23
1 15
66 52
16 26
24 39
77 7 67 71
74 5
71 62
30 2
31 36
17 44
49 5
58 34
53 25
44 34
1 74
75 24
68 17
73 22
9 28
23 42
57 7
15 29
24 22
60 43
47 62
34 62
51 28
19 14
26 6
52 33
38 21
70 32
14 62
56 75
32 73
29 21
2 10
37 44
33 15
67 55
59 1
4 32
46 58
42 10
13 29
77 36
20 50
43 22
72 62
45 41
50 51
66 8
76 23
40 34
12 36
22 58
35 57
55 58
64 21
39 41
63 11
18 47
28 43
48 52
27 35
16 18
5 44
61 60
36 40
8 42
10 62
65 58
25 62
11 70
54 38
6 73
3 23
21 34
69 14
41 14
7 21
89 85 68 7
59 24
9 25
57 24
27 69
50 33
13 69
12 24
36 3
39 31
81 24
64 25
23 5
77 33
71 31
61 31
68 5
48 5
49 69
74 25
72 17
60 50
76 72
78 17
54 24
69 33
26 25
34 5
2 25
22 31
17 3
88 69
62 24
79 33
10 24
53 69
21 72
8 72
18 31
32 17
11 31
42 50
55 33
37 24
44 50
38 25
25 50
29 17
40 72
86 69
14 5
56 5
58 33
30 72
7 25
80 50
43 50
46 33
75 5
24 31
16 31
67 24
83 69
41 3
4 3
15 17
87 33
6 69
84 3
52 69
35 25
20 3
66 72
28 17
89 3
63 17
19 50
1 72
31 33
73 17
85 50
45 5
47 3
70 17
33 3
51 25
5 31
82 50
65 5
91 45 90 43
80 36
22 60
31 49
44 85
68 37
48 24
39 3
58 13
35 84
33 14
86 36
78 43
62 30
38 74
43 24
30 48
72 79
16 51
11 36
66 60
63 84
47 30
83 40
36 79
53 11
21 79
64 84
81 24
37 14
56 47
87 46
45 61
85 74
42 14
13 70
82 68
50 22
70 9
73 30
91 59
76 60
61 7
9 85
34 24
52 14
7 12
88 40
69 30
6 57
17 4
1 24
90 40
2 79
54 7
46 21
71 34
84 46
75 2
18 90
40 43
12 43
14 1
89 61
59 38
60 74
77 85
8 24
32 48
10 14
4 46
74 1
79 51
20 19
65 75
23 88
57 9
51 43
25 74
29 42
15 40
67 35
27 74
26 25
41 46
55 46
49 44
28 32
5 14
19 27
3 84
100 14 62 100
75 97
81 32
48 97
26 39
27 15
1 74
40 39
45 97
22 24
65 5
79 8
97 18
3 39
4 20
37 15
30 32
47 58
9 15
43 15
55 86
53 32
95 20
82 5
88 24
29 70
19 39
52 32
64 74
36 58
35 70
61 97
15 18
89 8
83 58
49 15
34 58
56 70
87 97
86 8
74 8
77 39
46 74
92 70
72 5
2 15
57 24
31 32
90 100
23 100
32 58
17 74
16 32
80 100
42 18
20 100
5 58
13 5
7 39
91 39
62 20
44 23
24 23
67 20
68 5
58 23
71 32
99 18
41 23
50 23
8 18
25 24
98 23
78 5
6 100
39 97
21 70
94 100
33 8
69 74
18 5
76 8
84 74
51 100
14 18
73 20
66 20
10 70
96 74
28 8
11 97
85 70
70 24
59 58
93 18
60 20
38 24
12 24
63 15
54 23
100 20 2 21
36 2
31 97
84 25
81 26
100 98
93 97
33 54
11 73
43 5
57 86
94 99
30 47
26 98
21 63
56 51
66 10
34 25
82 46
32 73
6 28
7 35
67 33
76 79
54 14
18 94
28 80
16 1
97 14
48 27
29 47
52 28
46 34
73 14
99 15
22 71
9 95
42 28
65 40
62 70
20 15
68 32
50 54
78 2
90 61
10 53
49 25
64 88
85 66
60 21
70 42
77 15
63 29
58 14
27 14
14 53
35 39
39 14
45 21
71 77
44 31
61 46
1 98
83 58
8 46
74 26
17 40
69 26
41 13
86 5
98 10
40 86
15 66
5 66
87 15
38 98
75 98
4 78
37 97
89 72
91 52
92 25
12 67
53 47
79 48
2 33
24 38
55 58
23 75
3 80
19 89
25 47
95 10
13 40
51 43
59 14
80 47
96 72
88 61
72 59
76 65 43 28
66 61
2 53
20 66
75 66
62 32
52 27
46 30
58 6
9 30
69 6
64 6
25 61
21 59
68 53
35 30
15 30
31 37
55 30
40 59
54 59
30 12
13 32
67 66
73 30
4 59
41 53
74 61
45 59
19 27
50 12
72 27
14 66
63 32
8 53
76 12
7 27
65 6
16 61
44 6
3 27
32 59
17 61
37 53
39 66
1 32
6 12
57 37
5 6
49 66
34 61
10 61
53 59
70 53
12 59
22 53
38 32
18 12
33 37
43 66
71 12
26 27
60 30
56 32
61 32
29 6
51 27
23 12
48 61
42 6
36 30
11 27
28 66
27 32
47 53
24 12
100 87 100 59
35 95
21 31
12 35
85 50
3 61
87 17
15 74
73 70
92 88
8 23
54 6
6 53
50 83
72 35
23 77
40 7
84 1
75 83
2 17
51 28
90 23
13 94
76 3
45 99
56 70
42 41
65 20
70 28
77 17
91 17
36 27
39 35
19 1
37 97
64 72
41 23
22 17
95 53
74 99
68 72
58 23
30 35
78 55
83 86
4 39
62 47
67 53
69 74
100 87
43 37
48 76
61 27
88 82
10 19
31 41
71 17
20 88
93 41
99 35
60 14
25 23
46 14
27 82
7 95
49 83
5 77
24 3
55 17
1 86
79 32
38 95
57 39
29 83
18 12
63 79
80 44
47 25
82 23
28 6
66 80
89 59
44 1
11 59
96 39
34 36
14 42
16 53
86 77
81 28
33 29
94 77
53 82
59 53
32 61
98 67
9 32
97 78
26 59
52 48
4 1 2 3
1 4
2 4
3 4
5 3 1 5
1 2
2 3
3 4
4 5
