26 37
26 26 9 25 49 44 31 45 10 32 28 32 9 21 26 45 4 38 48 40 16 4 39 18 5 28 26 19 4 49 10 36 50 32 32 8 36
36 21 47 47 8 35 3 18 42 38 10 9 40 50 2 50 2 44 7 11 28 22 25 14 8 38 24 29 11 12 24 39 26 2 6 12 18
2 6 23 15 2 21 39 22 36 45 12 32 14 21 48 11 2 2 11 10 23 44 8 24 13 42 47 28 17 44 18 13 50 8 1 9 19
20 10 27 29 43 6 26 27 4 32 20 49 9 37 20 20 40 9 14 21 40 29 4 12 23 30 31 45 6 6 26 1 6 46 22 13 6
12 20 22 35 14 25 46 6 36 4 16 19 8 45 37 34 8 2 50 19 38 8 27 30 43 18 11 21 28 50 12 5 44 44 47 41 50
33 12 23 29 1 49 3 36 22 27 4 36 17 35 11 41 31 45 47 23 22 7 41 38 43 36 1 37 32 14 17 13 42 19 49 36 39
22 24 39 41 50 33 33 37 32 36 37 32 33 34 46 40 26 7 1 33 18 44 3 26 42 36 29 25 20 13 37 42 36 2 4 41 6
22 9 28 36 46 39 1 10 32 14 26 23 30 7 21 3 44 50 9 19 31 19 43 42 49 34 25 43 34 6 42 24 6 42 25 11 50
12 27 50 31 48 49 49 44 22 36 18 24 7 29 23 46 2 24 14 30 37 18 39 40 7 16 31 38 39 18 32 46 18 12 16 41 46
44 46 14 34 36 9 27 8 24 28 48 15 5 36 13 12 4 26 26 23 34 8 34 18 21 16 13 37 8 6 10 15 20 48 39 19 16
22 14 29 5 38 44 47 16 18 36 14 32 21 45 3 27 2 40 22 22 34 43 49 46 34 44 46 8 2 7 37 37 38 46 39 19 22
8 10 15 9 5 35 6 29 29 23 4 16 31 9 43 9 22 4 39 33 39 30 1 29 19 10 16 3 36 3 27 25 20 37 44 6 36
38 11 21 44 12 32 15 39 6 27 15 36 20 19 5 23 11 9 3 10 39 23 30 24 42 42 36 38 11 39 50 13 28 50 19 35 30
41 10 37 39 16 31 43 43 28 40 46 50 7 17 33 4 44 39 28 11 36 5 7 40 46 22 47 23 16 19 32 49 40 50 47 21 16
30 36 18 4 9 18 39 20 10 42 8 33 3 19 34 18 2 44 22 17 14 14 34 14 24 50 46 11 4 44 14 19 10 14 4 11 22
46 22 8 25 34 29 23 14 34 48 32 21 47 34 13 26 48 42 9 25 33 44 31 4 41 40 17 12 2 34 48 47 14 42 28 43 48
44 37 43 27 12 40 17 5 6 22 47 37 21 2 3 7 17 31 42 43 18 33 44 16 32 30 14 48 4 4 44 24 45 39 19 41 9
50 2 28 23 42 15 27 34 12 8 36 27 25 48 8 38 22 8 18 3 35 46 41 16 30 36 5 48 8 8 22 10 32 28 32 13 36
10 30 46 19 27 5 39 10 10 24 18 27 20 5 10 26 16 2 16 19 41 42 17 10 20 42 34 3 7 46 38 13 14 30 26 27 38
23 11 35 6 39 20 7 27 31 43 38 21 21 15 33 21 9 33 6 15 49 27 41 18 50 37 41 19 11 13 3 33 3 30 11 28 43
8 10 50 21 12 36 15 38 22 16 40 41 28 23 46 1 30 31 41 25 47 15 40 2 20 50 21 37 48 40 16 47 8 22 11 33 34
29 19 21 46 16 16 35 33 15 12 30 23 3 29 9 14 39 11 48 3 44 45 29 39 18 15 7 34 23 10 45 16 33 20 23 40 9
48 13 19 26 6 1 48 36 40 24 2 15 48 4 15 44 36 20 50 45 46 29 31 18 3 20 49 47 11 50 10 34 4 48 42 37 42
43 7 1 24 48 6 27 15 26 27 46 42 29 48 43 47 8 11 43 40 36 17 40 30 24 34 40 36 38 29 12 36 16 22 12 5 46
42 17 13 9 26 9 3 23 1 11 47 5 29 21 27 36 2 26 25 19 27 24 27 50 15 5 38 30 24 27 27 22 32 43 8 36 25
19 17 3 50 29 46 35 26 12 41 19 31 19 1 29 8 22 49 35 3 9 13 39 34 50 19 48 23 6 15 1 27 46 27 29 50 17
