26 26
31 39 38 30 20 37 17 18 50 30 13 25 42 48 4 38 34 46 24 29 20 41 4 14 34 10
8 44 21 15 25 19 34 43 33 5 36 10 49 4 49 23 10 28 8 33 36 35 36 41 49 44
8 20 38 30 18 47 17 14 42 8 3 47 40 44 46 10 13 25 7 49 21 47 28 15 40 26
27 49 35 17 23 38 13 19 1 23 1 25 31 12 41 18 33 10 21 1 41 18 22 45 8 22
39 29 11 22 25 39 2 41 32 45 6 22 40 9 12 48 31 38 13 26 2 23 32 30 39 10
21 50 19 8 2 47 25 32 17 13 49 18 34 44 40 41 12 45 10 28 29 7 24 30 7 23
38 35 48 27 13 7 16 11 1 39 45 24 23 44 6 2 11 36 35 36 35 41 35 42 31 37
46 8 33 28 18 4 15 4 20 10 26 32 38 12 37 22 1 46 9 14 49 26 9 28 12 21
5 39 7 27 48 48 12 31 48 44 12 43 47 46 35 14 48 20 1 29 20 42 2 22 39 10
30 19 38 28 20 2 23 44 23 7 32 20 38 19 21 41 39 13 19 10 42 31 18 3 38 28
30 5 6 31 3 7 18 44 31 33 4 24 28 14 14 18 2 16 43 21 22 43 4 28 41 33
16 31 1 1 27 17 28 11 37 10 2 46 6 20 5 2 26 36 39 23 28 34 33 10 6 38
22 36 6 43 22 46 37 28 23 17 27 34 45 7 36 45 1 23 30 29 35 36 12 43 2 11
46 23 24 33 36 13 49 15 43 10 10 3 49 50 22 4 25 38 42 2 8 28 9 14 22 5
48 15 23 12 39 45 26 6 26 45 34 45 26 30 47 1 34 38 39 20 20 47 4 20 35 44
27 7 9 8 9 13 12 43 39 16 32 8 3 20 28 43 32 7 17 13 44 23 22 42 26 47
3 2 14 20 2 48 16 39 30 11 26 2 23 20 44 10 26 2 5 38 2 6 1 8 15 27
45 6 29 10 35 36 33 18 50 1 22 4 28 13 49 43 1 27 7 14 4 18 18 19 22 6
29 49 31 23 39 27 22 39 7 17 38 5 15 37 27 39 32 4 15 35 38 34 46 47 3 45
15 37 17 8 49 24 27 35 26 1 2 34 22 17 11 25 10 10 19 44 14 42 38 32 46 20
50 12 15 10 48 22 27 12 34 49 39 45 37 10 20 35 13 31 14 36 23 34 34 2 34 13
36 43 10 17 44 23 14 33 29 16 12 19 36 7 41 20 43 7 48 48 45 21 34 43 24 23
9 50 24 26 36 42 31 48 22 45 49 18 28 16 46 27 2 22 30 28 50 14 19 47 12 11
21 12 47 30 41 6 32 1 43 18 29 40 26 7 19 23 31 22 16 29 8 36 35 19 39 41
21 26 26 13 15 25 38 50 33 10 35 10 25 2 12 25 50 49 35 47 19 28 39 35 31 36
9 34 45 12 21 11 8 19 42 24 37 31 19 33 41 47 10 1 28 6 4 18 22 9 22 29
