49 49
17 36 49 24 33 39 7 11 31 17 8 2 43 24 34 37 18 5 22 5 24 30 35 1 39 23 34 17 23 41 33 1 45 8 39 4 38 48 19 45 48 23 47 4 32 29 11 7 25
13 32 49 50 5 49 18 28 17 43 2 15 39 23 42 8 17 40 3 3 12 49 22 33 6 40 45 23 39 39 45 29 46 22 37 8 46 14 29 16 30 12 6 24 16 33 44 31 12
47 31 49 44 20 35 42 26 39 24 6 2 24 23 26 19 42 9 20 32 40 14 18 1 5 49 6 21 14 14 40 19 4 44 50 21 47 22 25 1 5 45 50 25 3 15 46 2 41
8 20 48 49 4 28 28 13 1 13 36 29 24 25 21 37 25 43 14 33 41 34 49 36 19 3 18 48 36 11 38 47 42 35 33 4 31 25 6 12 11 28 32 17 9 16 24 29 46
37 28 37 35 47 31 47 40 50 45 47 44 1 16 37 37 40 27 26 13 46 5 23 50 19 25 5 18 25 50 40 34 16 6 17 21 3 3 7 21 24 32 12 21 18 3 20 6 25
5 25 9 11 26 26 45 41 12 29 7 39 46 6 50 1 44 34 36 46 40 35 10 47 12 8 15 50 44 29 49 29 1 12 45 7 26 6 7 1 47 27 31 8 39 42 11 38 48
4 37 29 15 41 19 7 21 7 23 4 21 28 48 38 8 10 21 25 19 40 22 15 46 23 41 37 17 38 44 17 24 40 13 29 5 32 25 10 19 33 10 11 12 37 32 42 38 24
24 8 12 24 40 39 11 20 14 33 23 33 34 7 41 36 25 47 41 1 26 45 30 36 32 32 30 4 38 25 39 2 32 30 21 14 23 30 34 16 39 13 33 21 22 5 24 21 26
27 47 34 45 42 32 18 12 33 27 3 23 47 43 25 46 24 32 7 22 27 50 20 20 8 8 32 39 13 2 19 2 19 43 12 14 13 28 3 26 42 6 26 26 40 44 26 16 50
31 11 50 22 48 20 5 15 23 20 41 21 49 36 3 14 49 28 49 45 49 47 47 48 49 47 15 32 39 25 50 15 46 34 47 27 6 1 45 26 9 42 21 7 34 24 22 4 36
45 22 47 26 2 46 5 1 15 10 9 27 7 14 44 50 45 10 6 50 48 15 21 25 6 24 36 4 27 17 40 24 32 24 24 9 2 15 24 41 41 47 39 30 6 19 18 46 48
7 42 13 36 28 15 39 50 1 38 7 4 4 47 29 22 1 40 42 46 8 8 50 19 44 34 26 34 25 27 43 34 32 27 3 10 41 38 30 7 23 24 37 33 37 18 16 46 28
30 19 44 12 31 10 11 4 36 8 13 18 2 7 25 45 16 40 35 14 20 45 30 10 11 24 47 44 34 4 12 34 46 32 45 11 21 49 48 7 42 21 32 50 32 45 49 13 47
9 20 8 11 36 14 29 8 36 18 14 40 19 5 13 29 47 33 50 27 4 49 22 20 28 50 39 42 48 41 33 2 27 20 15 19 36 3 13 32 18 25 6 40 28 49 26 47 38
37 14 18 49 4 2 19 21 9 21 10 16 42 28 20 13 8 34 27 49 31 35 5 41 49 15 7 20 34 33 50 20 1 46 32 42 33 11 47 45 16 46 25 38 41 47 16 40 4
31 19 21 22 9 4 45 50 36 1 37 14 7 46 3 43 32 16 5 19 12 35 6 35 26 31 45 44 38 17 40 4 33 47 34 13 17 40 48 49 44 8 44 48 1 7 40 5 18
16 32 19 25 2 46 43 25 35 24 4 16 35 20 35 5 34 22 21 7 24 19 32 19 4 14 19 32 26 14 36 42 31 31 41 17 31 11 17 19 24 28 4 28 48 41 1 45 7
39 47 9 28 14 34 8 31 31 35 16 34 47 9 22 38 14 15 4 29 2 35 22 6 21 9 42 27 33 34 28 18 23 12 17 40 33 20 29 37 19 15 25 15 31 24 27 49 48
16 1 3 42 22 23 20 39 4 6 24 36 42 4 25 30 33 7 33 12 12 27 16 45 18 36 25 37 21 41 14 11 38 1 29 38 5 39 35 11 49 21 34 38 31 29 40 31 10
13 2 37 14 6 11 41 32 8 50 1 48 10 33 26 26 40 45 39 35 31 36 22 13 44 41 44 42 35 24 10 19 41 23 41 33 18 49 50 2 22 6 27 8 8 28 34 4 6
13 11 50 15 1 30 13 20 40 45 2 43 19 38 35 45 46 20 26 49 49 8 36 38 41 30 48 8 36 43 12 11 16 17 38 45 19 19 12 14 7 3 21 20 26 50 48 12 49
22 3 3 13 8 7 26 43 5 45 44 15 49 11 24 27 15 20 22 6 4 19 42 8 46 28 13 38 33 35 24 34 6 10 36 32 38 21 33 3 19 30 45 42 38 7 41 16 5
11 29 11 39 22 17 32 17 22 3 24 42 47 44 23 38 47 13 43 20 17 27 10 16 11 39 1 50 50 34 48 31 44 19 45 20 50 25 26 47 15 14 7 3 37 43 15 25 43
11 5 7 24 24 14 40 43 13 4 10 7 49 2 31 31 33 11 15 38 11 46 45 42 41 23 47 18 28 45 36 29 49 21 23 3 46 30 27 7 12 44 44 25 42 15 50 2 30
30 6 46 35 10 23 6 46 47 21 20 15 45 32 29 14 31 26 3 30 43 43 15 7 33 16 24 19 10 31 50 49 33 47 31 46 6 15 9 32 9 37 31 8 15 8 36 6 13
30 40 27 36 15 24 7 31 14 34 48 44 33 38 9 49 31 2 27 37 29 29 25 21 42 14 14 40 7 8 26 31 34 6 3 41 14 26 43 48 2 16 20 22 16 35 11 22 1
3 40 22 41 47 2 45 50 36 6 47 1 14 45 23 8 38 9 20 4 28 2 14 21 2 40 27 17 29 14 29 4 22 38 47 23 8 24 22 4 32 9 1 4 28 39 27 18 4
18 43 47 22 37 2 31 26 23 8 38 11 25 19 16 18 14 38 2 48 41 6 11 27 36 17 49 20 38 11 7 34 49 17 16 8 9 12 32 6 31 36 45 38 9 31 12 43 43
30 23 37 30 11 46 33 20 15 2 24 23 26 14 14 7 43 23 18 25 41 44 45 19 30 49 23 31 30 17 13 13 15 36 47 44 21 36 15 18 28 4 8 13 8 36 30 21 50
18 4 31 19 3 32 49 2 7 9 17 5 39 49 7 45 26 25 16 29 10 36 28 41 17 12 22 43 14 42 36 46 22 7 29 47 21 12 1 13 8 38 50 28 49 38 7 4 41
28 10 29 14 28 36 23 9 50 5 12 30 7 20 1 42 27 21 50 35 24 7 17 33 23 40 44 19 47 30 28 35 9 22 1 11 47 29 11 18 14 43 7 28 48 19 47 29 46
16 36 12 44 2 19 7 39 34 31 40 31 26 20 4 4 8 25 44 27 24 41 39 18 38 46 2 3 45 4 48 32 2 24 43 21 21 30 30 36 48 44 8 36 22 44 45 12 49
10 11 10 14 37 36 35 10 47 31 33 14 43 19 36 35 20 10 41 39 2 24 28 9 36 9 18 18 21 19 19 39 2 16 15 16 6 20 21 20 45 27 44 26 7 10 39 42 35
44 12 11 27 42 4 14 22 14 34 19 48 19 3 24 46 16 20 28 21 12 41 42 34 11 10 2 2 25 2 34 22 43 39 45 35 34 46 31 32 4 17 12 28 23 31 40 24 12
28 5 37 42 39 50 37 23 11 28 2 24 3 47 32 4 30 10 30 50 9 8 18 17 7 16 27 39 28 21 50 45 4 45 41 19 33 20 29 6 44 38 27 17 21 50 24 36 34
31 38 27 22 38 21 6 45 44 20 31 38 27 9 19 31 5 38 48 25 41 46 9 39 5 27 3 1 34 10 21 21 24 23 3 17 7 9 39 7 12 28 18 2 47 16 25 26 4
23 18 5 21 41 37 4 33 44 11 23 34 4 24 3 8 32 17 44 3 17 10 3 41 19 50 23 44 19 19 8 11 43 42 26 16 20 47 15 23 12 25 50 26 34 26 29 31 21
10 44 13 15 17 15 17 27 49 20 23 12 33 40 50 19 34 24 29 13 16 45 33 8 27 47 2 8 15 24 33 31 5 21 47 23 21 14 32 17 15 39 12 27 49 12 19 38 28
34 18 33 12 45 14 35 42 15 43 37 19 9 26 49 33 4 20 48 50 24 50 6 10 19 49 7 28 48 27 22 28 1 32 36 34 6 39 26 19 23 38 4 28 41 32 17 44 39
44 5 11 44 1 5 21 45 2 10 9 35 50 28 24 37 9 22 3 10 2 13 25 27 49 42 10 14 40 44 8 39 9 37 49 17 1 18 48 12 43 43 50 38 7 36 48 36 3
14 48 34 33 36 19 50 16 47 26 12 4 16 40 16 23 20 37 50 37 2 34 18 45 38 48 25 36 15 1 18 2 6 17 20 5 10 42 39 39 4 16 27 14 42 25 11 36 14
33 36 17 3 22 37 5 48 30 30 46 39 1 22 12 48 8 40 34 46 32 39 45 12 42 27 8 10 46 22 14 27 10 48 42 4 41 5 32 47 36 23 19 13 47 28 50 43 15
7 13 3 32 31 23 37 15 2 1 50 39 20 22 38 42 29 6 19 4 16 26 2 15 12 48 31 50 15 22 7 33 40 2 44 13 14 20 22 7 20 50 20 24 11 42 45 17 42
6 30 30 31 49 49 21 46 23 45 10 24 23 10 21 1 33 24 5 43 26 42 11 2 9 42 20 30 5 25 30 38 11 4 29 7 5 8 45 3 13 40 20 36 47 42 47 34 44
20 16 17 32 42 1 30 32 1 10 18 45 37 15 44 19 2 49 37 18 23 1 5 3 19 8 10 50 37 50 9 16 39 14 41 14 48 41 32 35 9 1 18 29 24 38 31 9 42
20 43 23 8 29 43 10 4 10 13 32 46 11 32 33 15 49 23 27 17 11 28 47 17 7 21 33 36 7 11 1 39 34 24 45 25 23 34 12 50 10 11 10 34 9 35 42 34 19
41 39 39 8 34 8 49 3 34 41 37 26 10 46 7 42 9 11 17 27 42 5 23 5 12 3 11 41 32 3 1 22 32 41 40 41 45 6 20 41 30 44 34 48 18 27 6 2 38
24 3 19 2 36 34 10 9 27 20 2 40 49 50 29 39 19 22 31 7 11 28 1 6 11 9 14 36 32 9 10 31 47 1 4 10 38 32 33 43 44 41 37 31 10 5 29 11 44
14 21 10 3 35 3 19 9 27 16 19 24 30 34 42 12 12 12 33 6 30 6 16 15 49 9 2 22 39 15 8 35 40 45 38 38 10 50 38 2 17 19 28 13 14 21 11 40 47
