47 47
49 35 46 30 7 35 50 48 9 50 30 25 23 35 47 26 12 28 3 20 35 43 20 21 15 13 5 47 9 12 34 38 21 37 13 37 33 23 29 4 20 19 10 28 16 36 3
7 1 39 38 18 44 17 13 46 24 20 17 27 39 50 9 9 43 36 38 21 50 29 37 39 49 28 49 50 1 16 8 3 26 24 11 2 15 31 11 23 43 40 2 44 19 46
19 39 27 41 26 11 24 31 11 14 45 49 41 27 20 10 24 16 26 31 45 10 3 17 23 37 10 43 19 47 17 5 31 36 3 42 22 14 41 43 5 43 17 48 38 21 34
3 31 12 48 50 48 15 19 39 26 34 37 20 6 36 18 22 18 2 30 5 8 25 7 6 18 50 40 48 47 28 14 1 24 20 8 50 41 46 2 29 11 36 35 39 21 18
24 10 14 40 34 4 44 24 38 48 28 38 24 24 50 26 24 20 42 26 42 28 14 20 38 33 24 18 2 16 16 28 46 22 40 28 22 30 28 36 22 40 6 34 4 37 30
17 23 4 35 36 30 22 4 47 34 22 13 28 27 12 26 42 20 22 8 16 28 15 13 10 23 50 50 48 9 36 4 37 48 32 16 42 15 26 31 27 46 16 6 44 1 18
41 31 26 20 18 30 42 18 20 40 50 38 14 8 8 14 34 28 50 48 50 38 18 31 36 25 28 29 4 36 8 42 21 48 36 42 11 49 4 4 43 34 18 47 45 23 16
9 43 3 34 38 32 44 11 49 36 24 42 28 17 12 12 26 28 48 18 12 14 49 32 44 18 14 15 46 39 21 18 39 36 42 18 22 1 34 3 3 47 4 31 13 11 36
41 42 22 20 28 40 34 22 20 16 4 16 44 14 4 18 28 24 8 28 44 44 48 31 32 49 48 2 16 4 34 46 46 30 2 8 42 32 34 8 30 24 50 42 20 30 44
47 50 18 5 44 44 18 29 46 42 4 42 48 14 2 14 22 12 36 42 46 16 16 37 28 31 46 40 50 31 8 18 43 4 22 14 41 45 50 22 25 7 8 44 50 39 36
34 32 18 7 30 16 15 25 36 22 20 25 36 10 20 14 42 48 36 24 13 26 38 38 10 31 16 8 42 12 46 14 3 34 50 30 13 47 12 12 31 12 50 17 36 16 14
31 28 2 40 32 44 13 45 26 32 24 42 36 14 30 36 12 30 20 30 11 34 46 9 34 44 26 36 34 22 12 38 36 28 20 14 41 22 6 50 37 9 10 14 43 27 46
38 46 8 24 14 38 41 18 2 50 42 44 20 24 26 34 24 30 28 8 27 22 36 41 30 20 40 38 46 2 50 34 22 20 40 38 42 2 18 46 38 43 4 24 5 37 28
28 30 10 18 42 48 32 38 6 20 50 34 42 44 8 34 42 44 42 30 16 4 12 21 32 48 24 10 36 28 30 42 42 26 44 2 4 16 50 12 6 26 24 6 14 18 44
49 30 8 20 8 14 45 20 8 40 6 8 26 12 32 50 36 10 24 16 7 30 8 5 16 15 30 42 24 36 26 20 50 48 24 26 3 29 6 4 31 25 2 13 34 45 48
29 1 47 10 50 22 39 29 18 2 16 6 16 49 8 11 17 34 12 30 35 32 5 50 46 24 34 4 29 21 32 33 48 48 14 36 14 39 16 2 14 27 12 11 39 17 4
13 28 16 30 30 8 11 32 46 4 32 32 4 48 22 26 28 16 4 14 32 14 2 27 16 9 38 4 16 22 4 22 40 48 30 48 42 30 48 42 29 22 44 20 44 21 34
30 29 21 34 20 20 24 6 4 38 16 17 42 44 42 13 2 26 34 48 39 42 1 27 4 20 20 19 12 12 26 50 19 22 8 30 13 49 18 4 2 47 48 48 25 45 30
35 32 13 25 7 36 32 35 31 26 46 23 23 37 22 41 13 33 43 1 15 1 35 31 2 27 12 18 11 8 25 31 43 5 11 21 43 45 37 45 23 45 16 30 48 46 14
23 49 33 49 26 47 48 8 16 10 18 45 29 14 42 3 27 46 36 28 17 14 29 19 34 2 18 47 13 49 9 15 46 44 33 13 45 17 37 39 37 20 2 5 6 50 14
49 40 38 6 32 26 17 4 48 28 8 36 22 6 2 44 12 12 34 40 29 20 30 32 18 35 32 12 38 28 34 42 46 36 36 38 24 20 48 42 16 6 32 20 14 34 30
46 30 41 50 2 28 39 5 31 44 29 49 37 13 30 21 28 50 46 38 37 42 32 43 2 7 48 40 50 29 33 24 8 24 8 6 41 23 8 31 28 27 10 24 49 31 30
11 23 3 6 14 22 23 26 13 8 49 25 43 49 48 18 33 32 4 36 8 20 44 33 39 39 2 49 30 15 26 25 1 36 16 35 36 23 29 43 3 46 45 24 9 15 44
49 48 48 46 30 24 5 6 34 18 38 2 30 46 38 16 44 14 6 8 14 22 18 27 20 48 36 14 50 14 42 48 18 40 34 20 39 9 16 12 23 13 12 44 50 41 10
35 39 21 35 45 50 21 43 38 4 33 19 24 39 49 43 35 9 43 35 44 33 35 20 47 47 5 24 21 26 35 39 44 4 5 49 39 5 40 9 13 7 46 9 39 30 40
5 32 8 4 34 36 11 26 12 12 48 22 40 26 38 18 22 30 34 12 5 12 8 5 40 45 34 6 28 22 34 46 18 42 18 24 4 36 36 40 18 37 10 44 40 4 4
7 50 8 47 14 1 48 48 4 18 29 38 41 26 18 29 50 9 50 44 33 27 25 3 14 5 29 29 3 26 45 3 11 28 46 45 14 27 25 42 17 18 41 4 30 35 14
40 14 10 12 20 8 6 42 26 48 38 16 32 38 32 30 14 4 38 26 22 24 10 9 18 17 32 4 36 42 20 22 30 34 28 46 24 2 42 10 37 34 32 32 50 20 28
21 30 6 30 22 38 3 34 42 46 2 17 2 50 22 16 36 48 16 6 3 28 50 5 18 4 14 21 38 32 40 36 33 44 34 38 36 7 10 18 5 12 6 16 6 29 20
7 4 32 43 6 36 41 6 40 40 44 10 32 4 30 22 30 4 32 8 17 48 4 3 2 36 50 6 24 34 26 28 30 4 26 34 30 12 44 32 50 10 22 14 42 17 4
44 8 41 35 48 16 15 13 25 26 47 50 35 38 28 28 3 44 46 48 41 26 38 35 24 13 40 4 10 41 35 4 2 40 20 47 43 1 47 7 11 19 14 42 5 11 34
37 21 39 45 22 20 5 20 23 32 4 14 11 13 40 40 32 12 42 4 16 46 40 4 47 43 48 38 29 49 33 34 50 40 8 11 29 43 38 21 11 31 24 5 47 8 30
5 37 10 32 46 48 41 4 42 10 8 24 5 39 6 27 48 20 34 44 37 32 49 49 28 7 34 7 22 1 30 26 4 46 16 28 47 14 36 1 38 16 28 19 40 41 38
7 41 23 15 2 10 36 8 49 28 7 34 12 14 24 35 50 1 16 34 31 20 28 32 1 2 40 13 13 47 34 43 4 32 7 42 10 33 35 29 31 34 17 44 9 39 34
49 47 46 29 6 46 13 27 46 22 22 5 42 14 8 13 20 44 36 6 4 12 22 47 34 42 30 23 2 21 16 36 49 44 30 20 32 43 8 40 1 13 22 37 32 21 34
38 20 31 37 15 33 26 37 44 26 37 29 23 40 38 32 44 44 8 27 15 48 37 9 25 33 9 6 29 45 13 15 49 48 19 23 4 37 50 18 27 18 29 42 36 47 28
34 34 2 21 28 12 22 32 11 14 6 41 40 38 40 18 16 34 42 34 22 4 32 7 14 15 48 15 42 14 6 10 32 34 2 26 47 5 18 22 25 43 8 3 7 33 6
41 2 42 50 24 42 50 29 15 8 46 50 17 49 30 46 8 8 10 36 21 50 45 37 24 14 14 42 21 5 6 22 38 34 50 41 32 35 14 41 1 37 50 44 39 16 4
16 4 28 50 39 28 24 14 9 19 19 50 49 4 19 17 30 43 37 31 3 4 13 25 12 15 50 44 6 14 29 35 12 5 23 6 11 43 8 41 5 18 13 5 13 28 49
33 5 44 46 39 11 18 20 33 24 5 19 7 31 44 20 45 38 36 10 22 38 39 37 20 3 14 17 38 44 33 30 14 12 16 39 19 47 41 9 35 5 4 25 30 44 50
13 29 32 1 7 25 37 16 30 4 39 4 41 25 26 43 22 27 27 32 39 41 1 5 29 5 41 43 29 30 41 13 15 20 47 31 43 41 33 44 12 19 19 5 13 5 2
1 4 18 1 2 48 25 15 26 2 38 22 46 10 44 20 8 26 46 6 35 30 22 25 20 28 46 36 10 14 44 16 32 30 4 6 6 30 10 50 11 22 34 42 20 7 30
1 5 2 18 43 23 6 24 45 23 37 5 23 4 5 29 2 15 47 13 29 7 5 13 23 5 19 1 17 40 33 43 26 9 47 22 43 3 50 9 27 40 7 7 3 46 50
18 13 47 45 6 14 40 30 8 36 20 45 14 24 50 20 2 16 38 40 36 40 39 39 46 43 8 39 42 36 14 30 45 12 48 4 41 28 10 13 19 6 20 24 16 33 34
19 45 27 44 36 26 48 4 37 26 34 41 17 25 36 37 38 2 14 26 20 30 2 42 24 47 48 43 32 13 16 22 45 36 4 1 27 11 27 13 42 37 32 9 48 41 16
3 43 20 8 4 26 17 44 23 48 30 50 26 12 26 45 46 36 4 50 38 38 21 18 6 11 34 7 25 17 28 10 3 40 24 12 49 27 14 29 46 42 50 7 20 33 14
17 44 2 48 46 22 27 12 18 38 38 16 22 36 42 2 26 50 30 10 9 16 24 36 42 49 12 20 30 35 46 16 50 48 28 42 31 6 10 30 37 36 22 8 42 43 24
