37 37
18 6 38 26 50 34 42 5 46 8 1 22 26 50 6 24 16 34 50 34 32 43 29 11 46 28 2 20 2 20 26 28 10 34 12 18 30
12 33 17 10 18 11 21 42 40 47 19 3 8 43 14 19 1 34 11 19 49 30 13 27 48 22 26 36 18 22 4 14 41 8 4 50 25
23 40 12 28 6 22 46 43 12 18 11 38 10 35 44 33 5 50 7 35 36 3 32 34 6 50 26 33 21 14 43 13 48 34 13 46 13
34 26 8 27 30 14 40 46 4 30 11 39 42 25 42 13 39 38 17 36 14 9 4 25 14 32 5 41 36 27 15 32 18 39 25 29 30
28 40 38 30 32 30 22 10 4 38 42 6 38 22 48 8 36 4 46 42 44 20 29 39 20 18 20 12 30 38 16 44 10 20 2 6 10
48 16 2 33 44 20 34 26 47 26 13 48 48 11 14 26 10 25 11 28 28 25 46 41 30 8 24 33 22 23 12 10 10 46 9 25 46
14 22 2 40 46 28 9 21 44 38 15 34 20 28 24 30 42 47 18 16 36 9 23 27 4 14 30 50 16 44 50 4 44 44 50 18 6
1 16 9 7 30 8 16 39 8 48 21 43 34 5 20 30 3 5 42 17 38 41 41 26 22 31 44 29 11 40 33 11 12 39 1 24 30
26 34 8 36 16 32 21 21 14 21 5 1 46 44 26 40 40 9 46 38 14 9 22 18 44 6 44 12 6 20 11 50 8 23 7 50 44
20 2 34 18 14 50 6 40 16 32 11 20 20 10 38 14 44 19 22 16 48 1 21 38 12 24 24 30 22 38 2 38 6 46 15 14 20
38 30 29 23 34 10 37 17 19 3 24 27 34 41 8 15 7 35 13 7 22 30 6 33 5 16 42 17 15 39 25 24 12 17 18 30 24
4 8 33 44 24 24 1 37 6 37 31 5 50 26 12 23 19 49 3 12 4 45 37 20 22 38 43 27 37 7 35 38 34 7 27 32 39
38 10 34 46 48 24 24 45 30 32 15 48 26 30 48 12 32 28 18 16 44 14 34 34 22 38 34 36 14 28 38 44 44 26 6 36 24
28 38 5 24 14 42 29 24 42 23 44 16 30 16 46 46 31 28 6 22 32 29 24 4 22 12 4 39 18 32 9 46 42 17 28 46 36
47 18 49 45 21 26 45 25 30 16 39 23 6 23 5 42 31 45 17 19 50 39 45 31 8 17 12 35 3 11 11 25 10 11 19 37 24
14 42 24 40 28 16 44 13 20 34 23 14 50 28 24 40 34 27 14 46 2 8 2 28 18 24 8 21 4 18 2 36 16 45 2 16 38
9 24 32 3 34 8 31 42 27 12 35 9 22 23 12 40 17 43 29 16 44 4 38 6 16 18 44 39 47 24 35 20 42 37 34 24 2
34 26 50 8 42 38 39 33 44 19 3 17 36 28 40 13 7 17 24 2 22 41 36 5 12 24 26 35 36 17 33 38 8 41 5 24 8
28 6 39 49 10 34 23 19 3 7 7 43 12 37 26 37 3 17 9 44 16 11 38 42 50 6 1 6 44 11 5 14 38 22 36 6 31
10 42 42 38 6 48 5 40 8 10 33 9 38 16 44 16 20 34 48 30 16 7 29 43 26 16 20 2 16 38 14 40 18 10 37 50 10
8 44 16 37 36 2 5 49 18 50 45 9 2 10 4 35 29 45 36 30 18 49 15 37 48 20 2 4 12 5 33 16 26 22 29 26 28
39 9 21 42 20 50 27 45 46 5 32 33 8 39 8 49 33 24 33 47 6 5 19 49 13 16 12 20 5 50 35 14 47 41 45 42 47
44 22 15 39 18 12 19 25 44 44 32 49 22 32 20 47 15 50 34 20 6 9 37 20 50 10 21 44 8 37 37 12 50 43 20 6 42
3 43 31 11 22 26 47 39 5 10 3 29 31 25 8 48 27 2 13 35 50 25 12 22 49 26 29 20 26 23 41 38 34 27 36 24 44
38 48 36 40 22 16 46 49 30 24 38 44 18 12 14 50 16 2 38 46 28 14 14 28 10 22 44 39 22 34 44 14 30 29 6 34 30
45 44 40 32 48 47 23 23 50 30 27 24 26 44 3 28 13 5 3 23 30 47 46 1 27 38 1 33 11 3 5 36 20 2 29 11 44
12 48 28 28 16 32 11 18 40 9 45 21 20 20 6 11 48 8 40 8 38 30 8 39 14 18 10 18 48 8 10 32 14 48 45 44 2
46 50 35 24 16 44 44 32 10 44 9 48 20 30 32 13 26 16 12 8 38 35 38 41 12 8 36 18 28 26 24 22 28 8 5 2 16
8 36 7 36 18 4 16 47 18 41 44 26 32 4 22 29 9 29 49 30 46 46 9 19 13 46 38 37 25 35 47 8 16 45 25 12 6
45 43 16 10 50 12 9 39 12 11 17 15 3 32 27 5 25 3 7 35 28 1 25 49 35 46 44 41 49 34 49 14 49 9 15 22 23
12 4 38 9 42 48 44 32 2 11 50 3 36 23 30 11 29 1 6 18 14 38 34 11 4 34 7 19 36 18 47 4 10 13 35 39 8
34 38 17 26 40 6 2 27 18 23 12 11 40 28 48 3 40 45 26 28 6 29 10 49 20 50 41 21 24 31 42 36 40 25 23 49 8
25 13 39 50 25 48 47 44 46 9 47 35 36 29 31 5 37 44 39 43 45 50 23 1 47 24 33 40 43 6 14 12 23 32 37 50 5
2 4 20 26 22 16 4 31 2 28 21 30 20 20 32 32 38 37 8 40 48 48 10 15 44 8 26 20 18 22 22 44 20 15 28 38 26
38 6 42 26 33 9 6 31 34 49 34 2 42 17 8 16 6 50 27 50 47 13 2 45 6 5 16 31 18 13 50 49 1 47 33 13 46
29 33 36 7 30 46 7 1 21 24 21 31 18 13 40 1 34 30 33 42 6 3 18 4 41 46 11 3 39 25 20 37 22 5 41 42 49
12 48 14 14 30 2 46 13 12 50 17 5 2 20 18 14 26 9 42 6 38 5 13 13 38 10 10 2 14 48 33 26 36 29 49 38 32
