50 50
29 30 12 13 12 43 32 44 25 18 18 47 20 19 16 20 35 34 34 47 45 25 29 6 6 26 46 21 15 50 43 26 5 49 20 50 33 24 30 8 11 8 6 28 46 27 24 39 25 35
26 30 41 39 28 48 2 10 10 2 34 3 26 7 37 8 32 13 31 48 36 20 32 26 46 48 24 44 44 20 27 9 49 41 14 14 38 46 10 36 29 32 16 12 11 19 12 19 12 2
28 29 41 19 25 33 45 3 7 12 25 1 10 5 45 19 29 20 48 2 47 25 23 39 16 41 10 46 42 2 18 45 49 5 45 48 3 33 16 23 19 15 11 7 25 31 7 48 24 19
24 14 37 47 45 9 46 50 6 12 22 28 46 31 3 10 20 27 46 12 26 42 42 24 10 46 26 10 6 34 12 11 41 19 18 48 41 14 48 18 45 38 46 49 48 12 25 29 8 8
40 14 49 4 4 40 6 30 28 42 45 28 16 30 23 34 18 39 48 32 10 32 11 48 38 48 40 14 10 42 6 37 44 24 16 14 5 8 44 36 47 26 26 18 31 1 24 3 30 10
25 1 12 5 47 1 28 19 33 44 44 27 2 29 10 29 7 4 7 26 11 36 46 35 6 3 14 7 6 32 27 9 2 23 41 17 28 19 50 2 23 44 24 24 27 27 18 32 25 15
37 11 8 15 22 13 37 7 2 14 17 27 9 23 12 42 42 32 19 41 13 43 50 5 42 15 2 18 30 13 25 43 45 43 8 21 24 23 12 36 15 33 30 13 49 3 27 19 11 9
25 24 19 31 19 31 14 4 33 46 37 10 32 23 43 31 38 23 45 34 2 1 23 30 36 2 42 50 6 38 15 45 45 20 22 49 48 17 4 6 29 10 12 37 13 45 46 17 49 26
28 26 20 46 30 9 32 28 8 26 13 20 26 42 16 28 20 35 16 34 44 48 27 6 44 48 6 42 46 18 26 46 42 34 16 10 28 22 34 42 23 30 48 42 10 9 8 29 50 6
36 32 34 29 15 47 44 40 32 24 3 18 38 20 31 6 46 23 35 28 48 1 7 12 10 28 44 30 28 28 25 3 35 50 30 11 49 32 36 12 39 32 48 33 5 1 42 31 30 36
10 1 26 7 26 14 8 49 13 38 45 16 36 23 30 48 1 41 29 32 2 17 24 36 49 48 39 10 40 5 15 40 22 16 37 42 12 48 37 50 21 37 25 13 36 6 14 49 41 30
7 37 4 24 38 40 14 47 15 20 44 15 31 7 2 45 17 32 21 30 46 15 31 49 24 3 4 30 43 29 21 15 26 40 27 49 11 9 8 48 17 23 2 48 1 17 25 31 46 43
8 36 20 8 26 19 30 4 2 6 35 6 8 48 49 46 4 26 40 46 14 40 13 10 18 44 2 38 22 48 41 39 1 14 10 30 33 40 12 10 30 42 2 18 1 41 41 37 6 18
12 16 6 18 48 19 20 48 28 6 31 50 8 30 36 32 18 9 7 20 4 12 41 38 8 40 6 36 20 8 36 6 46 16 46 36 43 6 24 8 1 8 6 38 32 35 36 27 28 16
38 10 10 5 25 14 38 50 32 24 43 2 50 49 28 6 6 39 30 46 46 16 32 38 6 8 40 4 12 36 37 45 27 32 12 34 45 41 26 26 29 8 34 15 9 13 7 12 2 24
26 9 46 23 23 5 30 50 12 8 12 7 33 28 49 36 21 41 37 9 47 15 34 39 26 30 4 29 47 1 15 33 44 5 13 49 4 33 4 32 20 48 50 23 13 12 14 37 47 2
21 3 25 40 23 2 14 43 25 34 2 28 48 47 37 8 12 23 19 30 40 44 8 7 50 44 38 9 25 6 33 49 45 7 42 9 30 27 42 48 38 12 44 38 35 11 15 50 38 39
25 1 15 31 31 20 47 7 1 7 29 10 34 35 4 35 43 35 14 3 32 48 20 11 16 14 22 10 6 3 1 35 43 28 14 26 45 24 15 5 30 47 39 47 42 50 41 46 27 21
38 12 30 2 36 9 28 22 4 2 25 36 42 50 19 42 4 25 2 50 12 18 49 16 28 6 28 50 48 46 10 28 16 6 46 16 44 2 28 14 25 38 26 14 39 41 25 47 24 34
41 48 1 49 44 46 30 12 37 34 29 10 4 44 32 38 21 34 14 40 12 39 38 25 14 48 50 20 16 14 43 14 35 27 2 4 27 1 32 36 17 4 28 39 43 47 27 5 31 9
36 46 35 15 27 9 48 26 36 42 34 4 30 29 24 40 48 11 16 22 16 3 36 36 8 28 44 20 42 46 33 35 35 11 34 46 43 42 38 20 43 18 44 13 19 25 1 12 49 30
8 40 10 24 10 11 50 10 46 14 29 16 6 36 40 16 6 36 14 30 22 42 11 36 28 30 12 26 20 40 34 14 2 44 14 10 40 32 46 36 49 42 42 20 26 10 49 48 24 12
39 44 18 3 7 16 32 18 23 44 17 29 20 31 5 27 24 43 2 44 10 9 5 49 32 44 38 46 17 20 7 9 20 5 22 42 11 45 36 4 16 28 20 1 47 13 19 2 35 1
50 28 31 40 24 38 36 32 26 2 3 12 18 32 21 20 20 47 2 10 14 4 17 26 46 44 32 46 14 28 3 44 2 36 42 32 40 26 40 10 17 34 50 48 13 15 32 15 10 26
50 32 25 6 20 37 42 14 2 46 5 2 48 42 37 42 28 41 38 12 42 6 7 20 8 4 44 32 12 44 27 36 44 48 30 22 35 44 14 26 5 20 50 11 50 7 6 49 6 42
10 14 33 28 22 45 48 2 42 10 1 47 36 40 44 20 6 41 46 14 46 20 22 26 46 6 14 14 48 40 31 37 1 27 24 44 1 38 38 30 1 50 48 33 47 48 32 47 40 28
46 28 30 28 32 18 38 32 30 24 1 2 30 30 32 36 10 46 14 44 10 28 35 44 30 6 18 18 50 22 12 26 34 22 4 40 42 34 50 14 21 42 46 6 4 18 37 43 6 24
15 25 29 21 50 11 19 21 28 32 21 41 26 15 33 40 2 11 12 49 19 27 30 35 7 11 8 32 7 26 23 41 11 10 1 21 15 23 14 24 39 33 48 15 25 14 3 2 23 21
19 4 41 22 16 17 38 4 24 30 21 10 46 39 16 40 26 26 23 24 16 45 5 28 4 8 14 36 10 48 15 9 25 12 24 23 20 49 2 12 45 28 10 18 18 35 8 35 5 27
23 27 6 48 3 37 18 16 13 6 31 21 50 31 31 45 11 19 27 22 20 43 19 1 16 44 10 41 5 20 4 19 10 36 20 3 41 41 12 24 41 44 12 25 37 30 15 8 5 37
30 34 20 6 46 27 30 16 18 16 43 26 38 32 20 48 8 22 13 32 20 16 20 6 4 44 16 26 8 46 6 24 40 50 26 32 26 46 16 34 7 6 46 44 14 1 25 18 34 20
39 47 1 7 29 9 7 39 17 33 33 13 19 35 1 27 7 37 9 25 8 41 20 33 5 45 28 28 6 3 21 13 29 18 19 22 41 27 8 1 18 25 7 35 37 3 49 5 49 27
42 30 6 8 6 5 32 16 24 20 1 42 34 20 39 18 22 17 46 22 44 38 27 38 4 20 10 14 6 14 6 36 30 26 32 36 9 8 14 40 7 28 50 30 44 26 8 25 10 2
4 49 45 38 35 44 26 50 28 32 9 17 18 7 10 14 45 25 48 28 2 48 20 13 8 28 30 39 29 13 13 37 46 29 34 44 33 3 32 10 27 14 42 47 43 24 39 46 13 24
2 34 28 4 30 24 10 38 42 8 7 31 12 29 11 10 26 45 2 36 46 34 24 50 44 40 30 10 40 12 47 29 48 49 20 50 3 44 22 34 13 24 28 29 13 7 8 47 50 18
50 21 5 32 1 31 24 15 41 6 9 29 16 26 50 17 21 22 46 2 33 1 19 29 8 8 3 20 44 25 41 45 17 1 12 29 7 21 28 49 49 14 16 21 6 43 5 1 10 1
36 32 50 6 10 34 26 44 46 48 41 12 28 48 18 28 40 44 28 14 2 16 30 48 26 26 8 22 4 4 2 8 4 38 38 2 50 26 2 34 32 24 28 34 32 42 15 18 32 8
50 46 5 17 4 9 34 6 30 30 9 27 40 7 11 9 18 28 41 30 34 19 23 28 6 46 18 34 38 38 43 17 10 29 48 13 41 47 10 10 8 20 36 13 19 21 17 29 47 4
16 30 36 44 22 44 42 14 38 32 23 2 50 4 44 28 26 26 46 26 50 30 43 12 4 14 50 32 12 8 42 24 36 20 34 42 4 20 16 32 10 50 30 46 36 28 20 15 46 20
2 2 27 10 50 12 8 12 2 46 2 12 44 15 21 20 36 49 23 2 32 14 34 22 18 18 42 48 6 8 21 35 15 21 14 14 24 30 6 38 28 32 16 47 9 28 7 21 39 24
25 47 37 48 20 11 9 37 46 24 18 11 23 40 39 48 6 17 27 21 27 17 26 34 36 5 40 12 29 4 45 24 45 6 25 31 1 45 43 22 17 2 17 7 1 29 4 29 21 11
37 29 28 12 43 32 4 21 1 28 12 8 50 2 13 48 42 33 35 21 14 3 32 42 8 44 40 20 47 17 29 18 19 28 48 39 17 23 20 34 44 36 46 4 29 7 31 39 20 5
17 14 30 28 5 37 32 42 23 36 12 21 26 21 31 17 10 21 33 14 50 26 33 20 14 40 22 10 47 36 42 7 21 27 50 46 21 35 26 50 42 24 18 37 5 23 3 2 37 25
16 18 28 4 50 49 46 2 42 20 30 22 30 6 8 36 40 42 14 4 40 30 40 4 18 44 14 48 18 18 34 30 24 50 38 48 10 22 8 4 3 40 12 46 8 3 27 48 20 24
7 44 39 35 1 21 12 26 16 42 11 17 14 5 37 46 36 5 13 20 34 17 34 34 38 16 30 14 6 16 30 39 39 47 50 40 39 24 2 10 32 46 44 13 15 44 17 30 9 20
37 43 20 31 20 15 18 10 9 14 38 39 6 35 33 38 5 7 33 15 9 27 25 9 24 42 6 1 5 5 43 26 45 45 39 26 44 43 2 38 7 24 40 15 7 11 26 11 23 19
15 39 12 25 44 12 18 25 24 38 28 41 11 29 16 46 19 24 37 3 43 11 39 6 26 35 27 16 9 35 36 11 35 1 4 1 19 30 44 44 45 8 48 25 21 49 41 9 47 13
50 38 41 40 22 9 24 10 22 50 46 23 38 20 36 4 10 26 46 40 30 26 39 38 12 10 42 6 24 44 37 34 14 42 48 30 9 18 48 42 31 28 34 5 21 46 1 43 42 40
34 12 15 28 22 15 44 14 26 10 3 12 34 44 28 46 2 35 50 20 20 2 9 16 42 4 44 20 18 24 38 2 28 32 14 8 32 36 44 12 13 26 40 40 39 33 41 46 30 12
47 50 19 26 18 41 10 30 39 20 22 12 26 27 39 49 19 4 13 6 24 21 47 23 18 10 40 45 19 18 12 45 27 13 20 31 3 29 8 50 47 12 2 45 45 19 11 7 11 29
