29 29
35 40 8 50 49 14 20 50 18 26 24 24 30 3 32 20 14 36 25 35 17 28 26 10 48 42 29 27 36
36 6 20 14 49 33 22 22 9 42 38 21 44 21 14 27 38 49 6 16 47 50 28 9 22 5 6 47 42
7 11 17 28 34 3 4 26 49 6 27 33 2 47 2 25 46 13 32 1 34 20 19 49 48 7 43 49 24
36 16 14 35 16 38 30 46 27 8 24 48 32 41 34 48 29 21 11 11 24 26 50 13 10 48 33 44 37
21 18 18 42 25 4 12 18 12 28 42 42 12 28 12 19 2 4 13 47 33 4 50 4 24 10 39 4 16
25 40 47 13 40 7 2 44 10 2 46 9 20 41 43 11 36 5 36 19 29 50 25 43 36 15 35 41 17
44 12 12 40 12 28 28 36 36 36 42 10 2 11 8 45 40 3 9 11 22 26 2 28 6 26 7 45 8
28 44 40 4 37 44 48 40 24 42 50 26 40 8 16 2 12 24 4 8 6 50 48 26 4 46 7 44 40
12 7 17 6 19 25 31 46 21 32 23 19 46 25 25 24 36 45 5 21 25 33 26 46 44 15 9 38 33
8 18 30 2 29 9 32 8 33 14 16 36 8 27 12 48 48 14 38 27 47 50 40 36 12 6 49 49 16
16 29 28 21 30 11 41 11 13 29 39 39 47 37 26 49 43 23 45 29 13 3 50 23 33 37 33 29 3
10 46 26 9 25 31 24 12 19 40 30 35 50 6 16 29 45 16 18 25 43 28 7 38 2 24 16 23 32
47 14 22 10 33 30 26 32 2 6 28 8 2 10 38 24 20 38 31 37 6 42 48 8 16 40 19 40 22
19 29 5 14 33 17 18 32 43 9 44 35 4 48 37 32 47 3 1 33 39 24 42 6 22 5 37 29 18
14 33 44 9 40 31 44 36 28 43 49 15 29 25 48 10 50 7 34 15 28 39 12 31 22 25 21 29 35
26 18 38 14 16 38 16 14 45 24 6 2 46 1 30 24 32 8 21 41 22 22 10 26 18 46 1 14 6
46 30 12 50 43 20 48 24 36 40 4 44 20 38 34 2 6 4 9 17 24 10 20 4 26 6 1 43 38
7 14 31 4 7 7 28 2 29 32 22 14 12 11 26 12 34 1 30 17 37 20 32 38 30 14 39 11 42
35 4 9 32 29 21 48 22 11 4 16 14 4 46 40 32 30 20 44 21 9 42 48 35 8 48 24 35 42
35 46 1 14 23 5 34 6 3 9 10 17 19 8 18 18 19 32 48 41 29 50 38 44 41 22 6 10 3
42 18 29 50 27 37 14 18 9 24 43 42 32 23 48 50 6 24 9 25 31 24 17 41 33 25 49 12 26
10 36 15 33 25 21 36 4 19 10 20 1 24 17 14 30 28 18 49 29 15 16 41 4 17 9 3 16 10
36 12 11 47 37 47 40 36 48 12 24 50 44 36 22 27 2 28 49 49 5 30 12 33 28 24 41 49 26
46 22 2 44 6 42 22 8 6 40 40 22 24 20 48 24 30 34 23 16 30 24 28 12 18 26 10 12 18
12 4 2 24 47 33 11 23 23 19 49 29 16 43 19 19 39 31 31 6 47 37 36 6 5 12 34 12 49
23 9 24 21 17 3 37 42 26 8 2 37 14 40 18 18 23 1 26 33 11 18 29 31 42 17 14 45 41
25 32 8 46 27 40 16 40 18 8 26 4 22 11 36 18 6 38 23 45 6 50 34 28 28 8 18 2 10
27 48 33 7 19 39 16 28 9 38 46 4 34 17 22 23 30 40 15 27 1 10 18 28 30 36 9 13 15
43 6 2 5 45 27 28 20 9 8 36 49 20 13 38 44 24 12 19 15 21 8 30 26 24 42 37 46 34
