37 26
47 1 20 25 1 15 17 28 40 8 21 45 29 9 40 20 33 37 17 25 30 50 43 4 3 23
22 44 5 20 49 43 7 6 17 20 4 21 16 25 8 49 11 14 28 8 42 29 43 6 18 47
45 44 49 47 37 32 28 9 29 17 7 41 45 49 28 8 6 44 15 16 15 45 19 40 32 37
22 24 5 1 27 39 32 33 7 11 23 46 22 31 9 40 2 37 43 8 5 48 48 33 31 33
25 8 19 42 20 10 6 14 14 44 42 20 2 45 20 18 16 45 6 16 23 1 14 26 18 40
45 6 38 26 39 9 12 4 17 15 24 24 36 38 1 33 16 43 14 48 12 37 13 28 12 17
8 20 20 26 10 28 38 9 11 34 18 25 11 35 50 18 34 46 31 29 22 39 42 22 17 49
19 8 42 12 15 8 26 24 24 30 17 50 8 33 40 34 23 47 48 33 17 42 2 48 37 35
36 19 44 28 47 36 26 24 43 42 26 48 24 34 34 31 43 14 12 50 8 49 32 10 24 17
6 33 38 26 41 27 24 16 19 47 24 19 20 19 24 36 38 26 26 41 15 21 30 47 42 34
23 33 39 37 20 23 16 10 31 38 18 20 24 40 47 35 3 30 27 36 5 1 42 18 5 13
43 35 14 7 36 10 26 29 47 9 44 20 39 4 39 42 15 27 35 13 33 9 30 49 23 38
4 40 15 43 5 33 18 17 34 20 8 10 1 5 25 17 37 1 9 30 45 27 50 30 8 34
23 26 48 39 9 17 19 20 2 10 19 15 45 46 37 16 26 24 1 42 17 37 1 11 10 4
39 25 18 31 9 43 31 41 48 24 34 9 29 44 19 12 23 9 48 25 24 28 45 28 21 37
29 20 2 44 32 25 42 3 14 39 20 25 27 37 17 21 11 14 26 2 7 45 48 14 19 15
40 42 35 31 3 12 17 6 37 34 34 39 17 48 24 45 12 41 17 19 27 26 12 25 37 7
11 18 42 12 39 17 1 21 34 36 9 33 22 41 1 26 42 15 5 4 43 48 29 13 46 22
11 22 31 38 26 21 47 31 27 3 22 43 40 45 5 29 2 8 31 32 3 17 19 29 34 42
5 34 11 1 44 48 15 8 4 19 13 43 16 22 42 24 8 14 48 41 2 41 31 29 33 21
41 29 46 49 6 49 27 9 10 38 39 34 47 47 4 17 43 37 49 21 32 12 15 21 6 40
49 47 43 26 34 46 22 27 49 42 44 31 11 2 32 19 49 18 21 40 33 22 36 26 26 37
43 29 10 9 23 50 32 34 31 30 11 44 28 34 44 50 17 32 30 2 23 3 43 34 49 4
22 46 25 14 35 3 7 38 13 39 13 41 49 5 6 4 50 37 7 42 44 25 38 16 31 6
2 39 9 11 39 1 26 21 31 5 2 9 49 28 5 19 1 19 25 47 45 29 35 21 39 36
39 40 36 33 25 27 1 41 50 18 45 39 5 20 16 28 28 41 48 16 25 39 42 28 40 36
34 1 50 13 45 14 1 20 26 7 42 29 4 5 20 29 39 31 33 36 2 11 46 33 29 40
44 42 41 43 49 35 42 47 25 22 41 42 28 24 4 7 43 9 10 39 4 39 25 18 29 25
32 34 2 28 18 44 10 19 33 40 38 13 18 50 42 26 48 13 29 23 31 17 43 14 18 34
37 7 38 21 27 30 3 45 11 2 36 38 7 15 21 27 13 1 10 15 10 33 4 20 2 33
43 9 50 19 42 48 19 26 16 12 37 38 47 22 27 41 5 46 24 15 10 24 27 9 21 48
23 39 32 48 33 21 6 15 25 30 2 8 32 17 50 32 33 43 38 39 36 12 13 33 24 38
44 21 46 31 5 18 12 48 50 41 24 29 18 38 29 9 32 44 30 28 30 21 15 31 33 16
31 5 1 4 4 46 17 9 50 23 22 23 7 27 46 40 6 2 24 34 36 48 32 21 26 17
9 15 26 43 21 22 45 17 30 6 9 11 14 2 12 34 30 16 27 20 11 43 31 50 40 25
23 45 14 3 7 6 32 50 36 32 16 38 40 25 24 37 28 20 2 18 4 16 2 47 15 38
7 2 30 5 39 38 27 47 26 41 23 43 21 3 4 38 22 34 36 24 9 14 46 42 8 32
