72 44
18 19 9 22 16 12 13 46 25 10 45 11 6 45 27 47 3 40 2 27 38 35 50 15 43 20 5 38 5 49 8 22 35 7 6 6 31 8 49 42 33 22 31 39
7 6 50 29 10 29 3 47 31 42 10 30 9 41 41 9 25 12 11 23 16 42 22 26 28 22 25 39 47 37 25 13 16 4 40 38 3 40 30 8 22 34 9 29
36 11 17 17 5 22 36 26 42 20 32 28 8 1 21 13 13 30 31 38 5 30 3 4 42 42 35 2 40 38 10 33 10 49 8 13 4 44 41 16 47 6 19 34
47 30 4 8 47 13 44 40 20 10 34 42 20 34 2 18 15 28 40 16 50 16 18 3 28 35 38 45 50 30 48 1 28 45 21 27 43 29 46 42 50 11 6 10
4 50 43 39 10 3 4 30 31 28 36 15 39 3 4 7 41 37 12 44 22 41 26 38 11 32 29 46 30 19 39 11 3 5 26 40 10 30 39 45 20 2 32 22
6 14 42 18 27 44 27 50 28 13 20 15 43 15 33 44 20 20 11 46 50 38 48 3 6 28 32 4 32 41 14 9 35 38 2 9 5 47 38 21 42 28 34 3
33 31 26 30 42 15 34 3 10 2 27 9 33 44 49 9 20 37 31 42 18 24 13 7 15 8 32 11 30 21 4 2 28 14 1 23 30 5 37 5 15 44 15 47
13 12 47 21 26 44 12 22 38 21 31 37 24 16 4 31 35 49 37 41 43 29 4 28 20 41 28 39 49 37 22 27 39 4 21 36 39 50 26 3 9 39 26 6
24 38 45 30 16 47 23 23 38 15 34 27 8 13 3 9 21 42 49 21 25 38 39 50 13 4 25 13 48 30 37 18 42 30 18 18 33 28 12 27 32 7 49 40
16 39 29 43 50 41 32 9 7 36 11 29 2 22 11 10 1 22 42 41 42 48 19 11 45 7 25 10 40 18 47 25 13 18 38 19 41 50 25 44 12 22 38 26
26 4 15 37 24 8 9 27 41 18 30 42 33 1 25 32 11 41 29 39 37 34 13 19 15 7 16 15 47 38 3 42 15 38 19 3 19 14 9 10 31 25 6 29
41 26 20 30 47 9 37 43 2 45 41 45 7 17 13 48 39 20 37 32 18 48 16 46 50 10 13 40 45 44 48 12 38 32 38 18 35 19 29 26 28 26 42 38
48 31 49 31 34 26 27 33 39 13 27 18 1 34 9 21 9 42 37 31 41 42 42 30 37 1 8 27 30 41 30 6 28 5 39 1 42 26 50 41 22 18 14 15
36 44 9 10 2 17 17 35 36 39 34 30 26 17 24 5 17 15 26 1 6 8 48 2 26 25 3 14 7 20 2 11 11 5 29 32 10 11 28 1 22 45 6 8
29 11 12 1 3 3 36 28 13 36 44 26 40 41 18 3 36 30 18 20 24 8 23 45 16 23 28 44 28 46 35 44 11 33 49 5 10 30 8 47 48 16 45 50
27 39 38 9 33 38 30 8 21 42 1 30 42 34 42 45 35 33 8 23 49 16 41 24 25 6 43 35 36 18 22 3 47 23 41 9 7 39 14 3 38 31 44 28
44 20 11 34 1 45 24 11 1 10 43 13 41 34 6 17 1 36 11 41 33 1 41 43 46 15 8 6 34 19 34 7 43 50 26 3 4 2 36 32 5 27 41 6
11 48 30 34 27 16 28 33 8 19 27 46 48 21 45 19 18 2 12 28 43 22 18 9 33 48 41 15 6 2 40 41 24 25 3 36 15 35 24 32 45 14 7 21
20 10 48 42 28 26 47 37 9 28 20 21 44 7 46 6 43 44 20 12 31 42 33 48 36 18 12 37 18 9 28 7 38 39 11 37 24 15 2 14 16 24 10 49
12 12 31 3 18 1 42 17 45 28 34 41 24 43 44 27 12 21 34 28 31 11 7 40 17 16 27 47 10 46 15 7 37 13 26 12 25 33 41 34 2 14 39 30
19 42 1 33 19 8 9 5 6 26 30 35 17 6 31 19 20 24 32 20 2 36 6 21 3 5 19 10 40 50 31 38 26 1 33 31 43 3 22 46 15 19 20 16
30 30 24 34 4 16 19 43 10 28 27 48 33 29 6 45 26 25 6 35 23 26 48 31 41 31 18 14 31 49 5 23 29 6 35 33 20 4 30 33 19 29 32 9
28 42 7 50 5 42 35 32 33 37 45 20 24 3 16 39 18 1 33 50 41 20 3 21 23 2 19 25 36 32 21 44 31 5 34 11 35 41 10 29 40 50 26 16
13 47 23 18 36 27 41 32 27 10 39 18 17 33 3 33 2 9 33 24 42 27 32 20 5 36 25 31 14 47 16 19 34 38 49 44 17 49 18 6 23 33 38 33
48 36 46 15 22 50 48 20 37 26 5 2 15 41 31 31 20 1 41 41 22 40 8 35 8 17 47 38 43 15 6 45 19 49 32 9 40 18 27 29 19 26 35 49
47 47 17 47 14 17 2 6 21 13 6 36 47 32 41 17 7 44 6 19 22 49 31 45 27 24 47 48 46 27 34 6 38 46 48 45 11 42 41 27 33 46 10 33
30 49 20 49 49 28 31 28 44 49 40 33 49 50 10 26 5 43 7 23 7 48 46 3 13 44 8 43 29 34 47 20 4 21 35 16 9 48 4 9 13 42 35 32
43 31 29 2 40 50 48 11 4 1 48 26 28 2 14 21 16 30 4 8 45 2 47 28 31 4 9 45 10 13 26 9 23 24 20 15 49 10 38 41 40 42 10 18
31 15 27 34 24 27 21 30 50 8 4 13 4 32 28 41 47 41 27 40 8 23 41 20 30 47 7 42 10 10 5 8 1 20 5 30 23 19 15 7 46 5 34 8
48 44 29 6 46 8 18 37 29 47 38 48 1 10 42 16 36 38 47 21 8 1 38 46 35 21 29 32 18 21 18 37 29 48 13 11 20 45 50 39 35 46 5 19
20 12 18 44 18 28 7 17 45 32 39 21 11 21 21 26 3 49 36 32 14 15 13 24 26 42 17 20 33 39 40 22 30 34 22 39 45 50 40 16 50 11 49 5
10 8 14 22 4 8 15 10 27 14 5 4 31 31 41 7 12 1 27 42 39 38 42 48 12 25 14 23 46 19 11 15 22 48 24 36 22 12 9 40 32 9 49 47
37 13 17 6 17 7 33 19 10 49 38 23 1 10 23 46 29 34 43 43 50 23 38 37 35 7 30 36 10 13 45 3 31 30 16 4 10 19 35 34 19 16 41 12
14 16 29 9 35 30 3 43 8 30 40 30 32 28 15 13 11 29 20 20 25 47 46 12 3 7 41 29 47 47 48 3 24 32 14 48 29 31 41 48 15 16 10 5
14 50 23 7 10 24 2 29 22 47 13 25 44 33 20 19 4 48 19 28 36 49 41 39 45 41 47 12 32 15 15 8 10 36 32 45 29 43 13 50 1 41 24 27
36 25 40 5 17 24 35 21 4 14 26 41 45 15 29 16 32 39 38 3 25 30 44 38 14 24 48 47 28 44 20 1 7 31 26 39 14 46 36 38 21 33 18 30
11 27 12 23 7 34 15 28 3 38 12 18 39 6 22 8 19 6 48 8 35 50 40 17 38 25 13 1 43 8 11 14 26 21 28 43 4 26 22 25 3 17 17 14
39 20 19 38 40 16 6 22 50 10 47 21 29 20 12 29 37 44 4 14 18 28 24 26 6 33 13 42 21 14 5 49 29 30 30 21 3 19 10 29 49 49 19 34
12 12 44 10 30 39 17 39 15 8 46 27 28 13 46 22 33 35 6 42 12 19 46 9 44 12 4 20 26 8 41 2 8 36 37 50 44 16 15 23 31 17 8 40
24 44 37 23 29 13 15 46 14 3 47 18 1 24 4 15 36 4 6 46 6 4 12 11 13 13 45 14 30 21 6 17 10 35 10 36 32 21 32 44 2 25 5 21
38 9 42 12 13 3 1 41 41 10 2 45 31 1 37 8 21 6 48 34 25 29 36 15 35 46 12 41 8 29 22 50 12 11 21 50 26 27 42 44 3 24 12 35
16 34 17 3 25 18 7 47 18 21 26 13 46 47 41 50 14 48 29 2 3 30 17 40 43 36 21 1 50 27 30 26 46 50 38 33 40 7 17 40 43 38 37 9
6 12 17 5 11 8 49 49 10 33 36 3 29 29 34 11 44 19 5 30 43 22 17 15 17 44 46 35 48 40 45 27 19 39 46 2 18 8 38 13 42 20 41 1
16 43 29 7 30 2 7 50 24 42 14 8 22 8 42 4 5 13 18 9 35 10 42 39 2 15 6 23 19 1 42 19 19 16 23 1 40 40 48 3 8 32 15 40
27 26 12 50 50 1 10 32 29 45 19 12 46 18 3 16 28 35 41 32 5 39 17 35 11 30 6 13 36 26 10 5 33 38 4 29 49 49 18 9 26 47 14 6
49 47 12 46 21 46 28 5 6 6 23 8 7 38 32 22 49 20 13 17 16 30 37 23 13 11 42 9 21 23 35 30 34 10 36 16 8 41 46 44 19 34 47 48
22 30 18 11 32 5 39 36 36 36 2 18 29 23 6 5 34 1 34 50 36 30 48 9 32 38 10 9 49 16 21 20 49 37 12 37 45 35 24 38 23 5 8 4
29 1 26 35 2 50 40 29 33 30 34 23 21 45 21 48 21 50 5 16 16 2 20 1 32 19 6 47 2 17 28 27 13 27 44 4 37 47 31 47 44 36 31 31
17 46 35 25 40 14 10 21 15 7 17 34 24 23 4 5 42 43 48 16 26 50 5 12 34 3 9 3 11 9 1 45 38 11 14 3 45 49 34 22 42 47 41 17
39 11 7 24 8 11 42 47 27 29 31 28 15 43 16 7 20 13 22 33 42 7 44 41 9 18 27 24 12 23 44 49 28 43 8 31 1 32 20 50 2 44 42 22
18 20 13 43 20 13 12 1 43 34 44 9 9 18 50 5 26 8 12 47 29 9 44 33 14 1 15 23 18 8 4 5 14 48 29 36 44 13 18 26 36 1 26 34
43 4 10 42 23 10 30 29 9 9 47 19 17 12 16 20 40 7 38 29 26 34 15 10 35 5 5 48 9 46 20 43 6 5 11 27 38 40 26 40 34 44 34 40
48 27 18 47 46 44 13 12 42 40 10 17 36 28 36 22 49 37 37 17 35 7 29 48 40 35 28 1 18 20 47 5 23 23 9 34 41 31 13 38 18 24 10 36
26 25 31 14 22 4 29 47 29 50 1 30 37 17 47 9 41 45 26 15 1 45 49 16 24 28 42 45 9 20 11 49 43 15 37 43 7 2 15 26 24 20 33 27
5 17 40 3 12 7 44 49 28 10 35 5 10 32 4 49 29 33 13 33 18 41 37 45 29 49 32 44 20 9 11 49 8 13 22 32 28 26 49 38 14 24 21 11
26 46 18 31 4 14 41 37 15 15 50 22 12 38 5 20 22 24 16 42 45 37 26 12 19 26 21 20 32 22 35 9 36 24 14 26 46 7 3 4 47 14 25 48
44 2 30 26 38 46 29 46 36 17 47 21 48 2 27 46 27 27 21 43 22 18 3 10 15 19 36 49 21 46 30 45 18 22 23 20 11 21 30 15 37 36 24 10
25 21 6 2 20 28 42 1 8 35 35 21 4 28 15 38 50 28 27 42 42 25 40 36 20 34 5 6 5 15 48 42 12 23 44 39 44 28 20 43 44 5 28 20
33 46 45 8 2 30 2 37 50 33 36 21 34 43 33 4 7 45 6 31 5 32 29 32 35 26 36 31 14 22 43 39 31 39 3 32 14 32 20 25 33 37 37 33
45 12 25 19 36 50 46 9 26 7 27 4 49 8 35 15 46 25 16 44 49 36 41 15 25 12 35 8 38 38 5 37 48 28 33 42 19 3 36 3 38 48 38 23
29 6 4 11 9 19 39 10 49 30 28 44 48 5 6 17 3 31 23 13 20 44 48 3 46 2 20 7 50 31 16 30 1 6 19 2 24 45 4 15 14 35 38 4
44 24 26 29 21 34 37 18 50 29 27 35 27 27 39 45 8 2 33 1 28 27 40 42 13 19 9 7 29 39 27 5 15 39 14 1 3 31 35 47 32 29 11 21
7 21 6 33 33 35 20 27 1 3 42 4 29 24 19 17 5 7 17 10 24 23 32 20 43 29 37 28 7 34 21 11 21 26 48 34 48 33 1 38 11 8 17 21
21 18 44 6 25 41 28 4 24 3 25 6 3 27 46 33 25 26 47 26 24 2 16 28 41 28 4 20 5 20 29 42 20 21 13 14 39 28 29 19 18 21 6 49
14 34 20 19 48 32 10 19 19 8 25 1 11 41 8 21 20 13 43 26 11 42 5 29 1 50 16 33 45 5 44 29 39 23 43 32 38 33 15 28 21 9 8 36
24 20 38 43 30 40 43 8 21 11 26 4 50 38 19 9 13 48 46 21 34 10 29 15 12 16 22 23 25 48 10 27 45 16 18 19 50 48 38 14 18 39 50 24
22 42 40 15 38 27 7 45 38 32 8 31 40 28 13 45 32 31 23 27 33 5 44 13 36 46 50 22 16 29 1 19 27 36 40 1 11 30 25 18 22 36 39 10
17 37 15 33 12 8 30 16 12 46 34 13 31 32 26 6 24 25 23 41 26 38 7 46 15 3 32 46 24 23 15 30 28 28 9 39 17 9 42 15 45 10 46 15
40 29 19 46 14 32 19 49 46 36 32 10 23 13 6 13 42 7 26 12 21 40 49 10 21 35 27 50 24 23 7 26 49 9 35 37 1 27 45 37 42 4 4 1
50 44 48 4 17 26 1 36 9 35 19 24 6 6 29 12 8 23 5 30 40 30 18 42 22 24 49 5 35 26 40 27 42 38 8 38 37 11 43 22 2 17 22 48
28 27 21 19 49 4 5 9 41 41 11 17 14 50 46 22 34 34 18 11 33 1 44 4 3 7 27 6 33 32 6 9 14 12 41 8 4 15 5 33 4 38 40 33
41 38 46 19 1 8 3 50 11 42 6 31 40 22 9 3 27 38 9 47 31 40 29 30 15 12 29 15 26 15 3 19 35 33 23 8 26 27 3 17 8 16 25 35
