63 34
4 44 27 5 33 45 8 6 10 47 2 7 11 15 33 43 15 47 46 50 8 22 1 11 3 43 40 20 34 5 23 34 28 25
3 38 43 18 27 39 15 17 35 44 30 20 28 27 50 14 10 43 38 1 12 21 20 21 46 27 34 43 27 18 15 43 22 39
32 29 26 33 3 23 32 8 39 22 30 28 7 5 15 8 27 25 46 10 16 44 12 29 5 4 43 1 20 33 2 2 35 1
7 20 38 1 24 9 2 25 3 43 8 16 1 47 3 9 42 44 36 13 46 46 34 33 31 19 18 45 30 45 3 33 11 4
2 14 50 38 45 43 15 28 29 49 23 37 12 39 30 28 40 33 45 27 11 48 23 8 2 19 12 41 30 13 44 39 36 43
1 24 28 39 26 41 16 38 34 32 23 35 32 26 24 8 22 33 29 21 26 32 33 29 20 11 44 2 43 7 29 26 11 28
39 31 1 25 20 1 33 18 1 39 32 32 21 27 25 48 24 30 5 42 36 25 26 41 37 45 29 39 8 32 30 14 50 16
12 30 22 44 18 32 26 6 48 8 13 48 26 34 36 14 22 44 10 24 38 3 26 34 10 16 12 44 42 2 4 4 30 42
19 29 9 33 34 10 13 8 34 1 44 42 47 7 14 43 2 13 19 33 24 19 12 8 50 12 49 49 2 11 41 41 14 37
9 35 20 1 36 1 42 38 15 26 21 41 43 39 28 46 48 40 3 19 25 25 3 34 4 32 25 7 16 26 18 37 25 50
43 16 16 22 25 48 40 7 12 37 33 1 25 16 22 27 42 11 15 33 44 2 15 47 19 44 37 10 49 3 24 27 27 47
50 20 38 33 29 12 38 25 28 50 31 2 39 10 40 44 33 6 24 32 6 37 48 43 9 16 14 23 32 50 26 18 24 24
18 20 32 10 38 4 16 30 38 10 37 18 18 40 36 18 2 8 38 40 24 7 50 43 29 36 22 29 30 40 48 28 12 20
4 25 7 29 19 30 50 9 49 2 5 44 1 31 11 30 14 6 12 13 8 1 46 24 33 49 41 31 48 45 12 20 43 45
27 38 36 30 8 29 26 30 3 20 7 18 20 46 11 23 35 37 43 21 34 36 34 9 11 16 29 35 24 37 45 11 38 31
8 45 48 33 6 23 18 39 36 16 13 40 44 28 30 24 1 46 48 42 3 7 26 45 5 36 6 15 8 40 2 40 46 30
17 25 40 37 17 11 9 44 2 9 9 43 27 43 19 45 39 31 21 14 44 13 35 3 37 9 48 45 44 24 22 2 17 21
22 44 39 18 3 25 24 39 15 16 44 42 27 20 25 24 31 7 42 33 20 30 30 24 25 34 30 45 45 46 41 19 1 45
32 37 10 33 11 6 47 30 36 23 21 50 25 42 44 42 7 19 8 16 27 9 24 48 22 9 18 22 28 36 18 36 7 26
20 13 11 5 40 11 4 35 43 43 23 42 4 9 41 5 16 33 15 5 43 32 40 29 4 47 5 23 15 7 12 28 13 28
37 19 41 23 13 15 32 17 46 47 26 35 22 10 9 18 41 31 21 41 2 49 33 46 39 39 46 7 22 7 16 47 43 7
4 3 40 35 13 33 29 6 27 15 5 12 17 4 44 20 41 50 2 32 39 10 36 19 38 41 44 43 50 36 30 24 22 36
38 29 39 46 38 29 46 3 29 9 33 28 22 47 3 26 2 21 45 4 20 10 4 8 41 25 39 35 1 48 33 47 40 36
6 7 24 36 26 18 25 28 34 46 24 39 34 18 42 29 39 3 14 23 27 50 49 15 20 10 31 39 26 42 27 32 8 8
20 22 16 37 22 50 26 19 11 14 24 41 26 12 41 44 33 11 40 43 3 39 30 3 27 9 33 44 10 2 4 28 11 30
46 8 36 20 42 22 40 8 24 30 24 48 30 18 32 24 17 2 24 14 30 7 38 45 42 20 18 21 40 26 24 38 10 48
9 27 27 13 46 10 41 22 49 47 10 6 47 11 22 1 44 25 47 39 25 17 30 15 49 50 13 45 48 15 27 36 11 5
33 50 27 18 7 40 10 47 42 34 20 1 46 10 36 36 2 40 1 13 29 24 49 42 36 21 41 2 31 44 39 38 33 35
38 35 22 27 25 21 33 42 31 31 46 49 20 32 5 27 26 43 36 5 3 28 45 1 35 39 37 42 9 8 50 19 38 7
46 26 21 20 49 3 8 1 31 28 27 16 5 12 3 39 7 28 15 49 45 34 34 31 36 20 28 46 8 10 23 49 28 38
18 50 35 12 30 17 49 44 11 13 6 1 32 44 40 12 2 46 5 44 4 46 13 39 37 14 16 9 45 13 17 22 10 20
17 25 10 42 30 41 7 9 31 21 41 2 10 42 40 4 6 20 7 14 30 36 10 25 2 6 50 4 3 33 9 47 3 49
33 32 24 43 16 20 27 17 13 39 7 28 39 30 38 31 26 5 45 34 12 41 16 8 40 26 22 30 9 4 32 34 16 25
33 15 13 7 17 21 8 31 30 9 38 29 8 21 36 7 3 23 17 9 10 3 17 9 17 15 47 49 22 39 29 24 19 14
31 15 41 23 19 2 30 11 8 50 24 47 32 17 27 14 34 43 5 34 17 37 9 43 44 44 43 29 15 46 25 26 32 41
44 6 46 19 50 12 12 37 19 21 19 34 23 50 14 36 15 40 12 46 44 5 2 34 47 10 38 47 2 44 34 26 8 6
17 40 34 42 45 48 50 29 39 22 6 32 50 14 42 47 48 12 4 43 10 19 42 27 19 50 48 40 6 13 41 3 45 4
8 42 35 22 31 9 31 34 30 23 28 49 29 39 2 7 13 44 41 44 48 37 11 32 31 39 33 39 50 17 49 18 25 48
30 9 23 42 3 25 44 21 3 3 46 38 1 25 42 3 49 23 39 37 9 49 20 46 20 42 35 20 2 1 33 7 42 9
5 16 4 37 49 32 16 36 19 1 13 1 47 22 10 3 23 13 7 50 31 14 25 37 7 39 2 14 45 8 38 25 15 38
48 24 6 38 22 18 50 41 38 50 21 28 4 16 20 10 34 34 48 34 50 10 6 22 18 36 30 18 34 8 38 22 22 24
20 40 14 23 9 38 20 13 8 6 30 8 26 34 24 34 21 20 30 14 18 47 2 18 15 12 40 34 10 4 10 34 34 36
4 11 22 34 24 10 14 6 49 16 12 26 27 31 2 45 20 14 23 6 14 32 2 5 48 47 13 5 12 41 43 25 3 33
4 46 42 29 32 36 42 19 34 49 41 8 20 28 22 22 17 16 12 30 47 19 32 28 11 48 18 15 8 14 48 30 23 14
4 6 44 47 31 43 17 15 29 9 25 28 28 22 38 4 43 20 10 4 17 45 6 15 42 14 40 45 40 22 40 24 9 48
9 42 47 5 44 21 13 5 48 27 34 26 29 11 19 26 49 3 36 15 5 28 42 3 45 48 10 26 20 16 26 4 26 2
9 49 48 48 45 27 19 39 37 16 28 48 21 41 22 36 45 29 18 34 19 50 30 1 19 39 14 23 44 6 26 26 9 22
38 39 16 2 44 33 32 44 5 41 10 35 29 26 27 40 13 34 29 2 2 7 41 7 45 6 30 39 10 35 50 31 37 39
12 40 24 32 33 46 20 37 10 28 17 24 4 30 28 38 19 32 48 8 28 12 12 30 13 16 46 26 10 50 28 4 46 4
34 36 44 14 13 41 2 15 20 46 30 2 29 39 5 50 41 48 26 36 47 47 4 19 10 35 26 37 8 42 50 48 27 46
4 14 32 6 45 35 26 31 43 8 33 32 45 26 50 44 41 34 32 50 17 12 10 25 45 32 24 11 14 30 34 50 10 10
39 33 30 48 23 41 4 39 39 5 5 40 6 48 23 9 43 40 7 29 44 23 36 30 46 27 30 1 18 44 39 25 7 16
8 8 20 48 27 11 46 19 17 34 48 48 3 2 8 16 7 14 48 34 18 19 48 13 23 24 22 33 8 26 8 14 6 34
6 15 45 9 29 13 31 48 4 40 27 18 33 4 44 42 7 32 38 24 45 50 12 15 8 29 26 25 6 22 4 36 34 50
1 7 13 9 25 2 34 31 36 13 13 37 27 15 24 7 41 32 29 7 31 6 8 10 11 39 38 17 12 12 18 30 37 29
5 35 38 21 24 31 29 2 40 1 22 38 20 1 23 47 9 2 3 15 1 17 30 45 41 11 44 35 37 18 24 26 19 49
41 26 2 17 27 20 4 45 25 42 30 18 26 32 30 35 32 9 7 32 22 32 46 30 14 32 12 44 3 8 50 38 1 43
30 30 12 4 22 38 14 21 48 10 4 22 4 2 14 24 2 40 20 10 2 36 44 37 46 48 38 24 50 16 50 48 44 20
28 2 24 24 7 24 44 27 39 14 17 50 22 24 32 44 43 48 44 28 40 3 10 45 45 36 14 21 4 16 28 46 10 6
18 47 17 32 8 16 5 33 43 39 50 16 35 29 6 48 1 15 33 9 1 13 32 37 31 47 42 25 42 23 50 6 7 34
40 14 34 6 42 2 42 48 10 8 16 8 34 22 30 24 17 4 46 2 46 23 36 28 32 38 50 46 26 20 36 24 32 8
1 11 17 37 16 43 49 14 5 9 24 32 39 10 48 40 13 22 12 14 5 21 48 5 7 23 48 22 42 16 40 10 37 28
26 18 31 22 42 47 17 41 32 29 42 32 33 11 35 44 45 49 18 28 7 1 50 25 16 26 9 4 48 2 18 10 22 34
