75 47
16 15 5 29 30 13 15 16 36 19 25 34 19 5 50 46 29 36 39 11 31 5 47 37 50 4 15 13 28 24 20 46 6 31 12 44 35 6 35 30 27 42 38 21 27 5 9
40 50 2 32 16 10 26 9 46 11 48 41 44 26 30 7 39 28 45 13 42 30 34 15 33 38 6 14 16 18 28 5 3 47 26 7 10 49 41 1 35 24 7 43 45 29 5
40 10 26 30 45 2 46 30 36 41 16 5 6 17 28 20 15 39 26 19 20 9 26 22 37 49 7 30 2 46 3 50 38 21 48 22 29 25 29 20 26 41 40 4 32 10 37
1 35 41 8 33 3 44 23 29 21 10 25 31 34 2 1 12 24 23 25 40 32 43 24 5 23 4 33 42 12 41 50 20 30 15 25 30 36 31 21 44 24 17 30 4 28 50
45 45 16 18 15 9 34 41 2 43 8 42 33 40 43 1 39 23 21 9 30 12 1 46 26 2 29 7 29 49 14 27 42 8 29 26 13 47 2 11 40 8 13 44 24 22 17
45 48 28 35 38 44 18 3 42 43 32 29 45 2 42 35 23 4 26 29 9 31 15 3 19 5 2 42 37 40 2 4 6 27 30 30 15 10 1 16 18 47 2 21 46 41 11
4 17 37 41 39 41 4 41 11 3 31 4 27 18 25 24 37 28 19 19 29 48 3 28 10 46 40 47 36 35 7 32 21 21 19 5 30 39 45 25 4 40 19 11 15 42 15
38 24 44 37 37 18 10 37 9 9 30 25 18 9 40 5 43 27 38 3 28 8 16 7 25 29 40 34 41 12 38 45 30 39 24 14 32 7 12 30 4 49 50 18 46 35 16
14 40 32 1 28 42 46 8 22 26 36 38 6 14 12 34 40 44 10 44 14 42 12 10 14 2 50 28 18 18 35 10 6 26 18 32 14 32 8 14 38 6 6 18 42 38 34
19 28 30 27 24 32 50 1 38 4 8 20 20 1 4 2 42 32 18 24 28 30 46 30 10 18 14 18 34 28 28 1 24 20 2 18 42 43 11 50 30 6 12 11 4 30 18
14 39 49 50 33 26 2 4 1 43 35 18 16 49 11 43 13 14 26 35 18 45 29 10 12 22 14 17 38 43 26 34 4 41 10 5 50 11 47 46 31 21 26 5 3 36 19
29 34 44 25 35 14 48 12 12 40 47 5 37 15 29 29 7 12 8 33 15 32 12 6 29 44 25 38 14 9 41 28 8 24 20 38 28 26 12 17 21 2 10 5 32 30 47
31 44 18 31 34 2 18 44 44 22 22 22 18 16 10 26 40 40 26 12 12 32 5 10 20 32 10 50 34 44 43 23 36 20 16 40 14 1 4 40 40 50 4 12 6 14 46
32 41 23 42 21 13 8 26 4 7 47 22 39 36 37 19 25 39 5 19 14 44 33 1 46 40 43 29 47 49 14 3 49 43 48 34 47 16 49 47 46 15 5 50 50 34 9
50 31 45 44 25 22 47 1 27 16 7 23 16 2 18 21 4 3 46 17 24 12 30 46 7 23 24 29 17 28 8 44 10 44 25 26 16 48 28 26 47 1 15 35 24 47 10
30 46 30 5 44 11 36 50 9 34 8 14 30 45 20 1 23 30 44 46 41 33 27 40 8 26 2 32 35 30 42 11 44 45 1 24 40 35 3 44 28 50 32 21 18 22 4
48 44 40 3 5 40 42 2 10 34 22 2 14 10 34 19 7 32 6 32 17 10 41 44 24 26 46 38 24 44 17 19 26 38 25 6 24 25 42 10 10 30 20 21 50 28 8
18 14 40 13 3 36 22 42 7 38 4 14 6 34 26 41 25 50 50 6 49 43 44 34 22 44 8 2 31 42 16 47 26 6 29 44 32 27 45 16 12 36 26 39 50 32 10
19 50 44 6 45 25 8 45 1 46 20 40 11 6 32 23 39 20 28 48 20 28 45 17 10 30 2 8 41 36 17 2 28 45 1 44 15 8 42 16 46 16 4 6 18 43 16
49 24 48 19 6 10 32 2 44 46 28 20 44 38 28 48 14 32 14 42 22 24 31 18 30 16 8 50 22 6 4 10 24 38 44 22 20 11 32 6 48 46 44 43 26 14 10
12 18 37 12 24 40 27 21 15 41 39 18 1 50 49 36 34 13 13 21 33 38 8 33 36 1 3 7 38 16 17 16 16 24 36 46 20 48 39 13 37 36 8 40 38 50 46
5 36 40 31 18 30 24 45 10 20 4 18 6 36 12 23 38 32 20 12 32 44 17 26 10 14 32 44 22 30 4 30 24 16 36 46 44 47 18 24 26 2 26 1 8 16 4
14 40 10 5 26 45 8 36 3 29 26 37 27 20 26 2 50 5 44 35 24 25 6 26 9 21 20 26 40 36 20 3 36 6 9 12 6 11 39 4 16 42 50 39 18 17 22
12 22 20 17 17 17 30 9 34 50 18 20 44 45 42 50 44 14 42 30 9 39 13 2 46 24 15 44 12 46 44 39 32 33 50 4 12 43 29 46 4 48 12 19 50 10 46
31 25 9 36 20 14 1 31 4 24 6 10 29 43 13 30 49 1 36 12 7 47 3 14 40 47 21 23 47 13 7 31 36 25 25 16 49 9 17 21 42 30 47 14 2 28 27
13 28 44 45 16 30 34 3 40 14 22 42 32 6 38 33 8 6 8 28 45 17 5 20 40 43 6 48 39 22 21 39 46 17 22 26 8 47 37 14 18 26 20 1 44 4 30
3 24 18 43 50 16 34 11 48 24 16 16 42 50 12 45 7 24 2 46 49 48 5 26 44 49 46 12 47 14 11 47 24 4 12 44 32 40 5 28 6 20 50 32 50 42 42
7 48 4 29 38 2 10 41 30 8 38 12 48 40 12 38 16 34 6 48 23 50 23 34 8 24 20 32 26 50 34 5 30 45 36 8 34 34 40 18 30 10 6 5 30 22 44
31 42 30 8 43 39 35 33 15 38 44 12 9 1 25 8 28 3 26 46 41 33 14 19 28 23 2 26 30 43 1 7 21 16 46 47 45 9 26 13 5 1 41 26 18 30 13
1 20 20 31 17 31 14 3 1 6 14 12 43 1 4 28 25 40 36 10 39 47 18 28 40 17 3 32 43 16 35 46 20 38 12 24 48 28 49 6 42 26 6 13 50 32 2
10 44 50 27 11 3 2 35 31 7 12 39 19 26 38 48 5 43 26 26 30 21 12 2 24 11 31 46 40 16 1 5 42 12 21 32 50 20 33 16 16 49 4 17 35 33 14
23 10 8 38 43 29 32 24 2 32 20 34 7 49 24 15 25 14 36 28 17 2 47 43 16 43 8 18 21 44 15 40 28 1 9 22 31 21 25 40 8 46 2 38 27 2 24
35 41 30 2 26 8 24 41 47 30 7 15 33 30 30 36 37 14 12 25 31 31 44 34 31 29 38 36 50 47 39 9 20 45 23 43 49 21 36 36 11 21 8 7 26 6 1
9 22 4 31 18 19 28 8 41 30 22 44 41 19 26 40 47 26 28 2 14 27 36 32 30 29 50 40 9 44 41 21 16 41 2 26 37 37 36 4 22 12 12 15 2 22 36
24 25 40 36 30 30 30 8 12 33 9 2 2 26 38 20 39 21 20 5 9 47 42 38 34 1 35 24 44 47 19 18 41 35 24 14 9 25 40 19 42 20 34 48 50 16 4
38 44 42 8 38 5 18 20 20 5 14 33 18 24 24 2 5 20 26 28 4 48 42 37 19 10 36 28 23 22 38 44 5 29 44 15 50 40 29 33 45 38 30 20 8 26 12
32 7 8 8 31 38 44 27 48 2 46 24 6 10 25 34 31 38 15 1 37 36 50 37 28 12 3 42 29 38 5 5 12 3 3 47 25 35 1 37 4 32 39 39 29 21 28
26 20 41 36 12 1 42 15 18 48 14 8 43 4 23 8 40 3 11 14 1 48 41 29 34 48 2 47 49 36 8 24 32 36 12 20 34 33 20 16 38 44 37 3 12 1 49
41 5 5 12 9 17 30 41 8 47 33 16 23 48 33 1 11 31 11 35 11 10 3 15 19 27 35 39 13 23 14 7 1 27 15 16 11 33 33 3 21 11 25 32 45 14 11
25 16 28 31 39 45 16 26 48 24 24 24 43 4 8 37 25 25 14 16 49 8 1 7 38 24 47 10 7 10 37 16 8 3 39 9 39 11 45 36 14 14 34 18 19 5 36
38 28 2 13 24 16 8 36 48 34 22 10 20 50 42 23 27 10 16 18 27 49 45 46 28 22 20 46 49 14 29 25 26 39 3 26 30 21 16 18 50 18 32 45 46 6 42
36 4 42 27 50 32 50 16 18 40 30 20 38 20 32 6 19 14 50 46 43 48 9 50 50 38 36 40 11 38 42 37 10 9 28 4 30 18 9 42 46 22 4 11 30 18 24
32 32 26 21 49 6 46 1 12 23 4 19 17 42 23 5 27 9 27 3 8 37 50 31 32 19 46 48 7 26 3 50 24 42 1 20 24 32 19 28 46 10 14 26 40 3 27
29 7 28 7 29 8 21 14 3 40 20 14 22 16 24 34 30 47 4 31 7 48 3 9 40 27 10 46 27 49 13 3 28 28 35 21 12 21 38 27 16 21 35 1 30 21 11
18 4 34 23 36 6 12 4 36 6 6 44 42 8 50 16 38 4 12 18 32 22 12 32 46 16 26 40 2 32 38 41 26 46 4 4 10 21 28 36 10 40 44 4 38 16 28
21 30 14 33 6 36 22 30 14 32 13 47 31 49 11 3 15 32 41 14 5 21 27 19 27 30 37 24 28 25 20 32 46 50 50 4 22 16 21 3 43 49 13 1 47 39 39
35 42 42 43 46 26 50 32 46 28 8 32 46 16 22 30 30 46 50 32 18 28 14 38 26 14 26 26 26 42 22 2 10 28 2 4 30 4 16 22 48 14 46 34 32 20 22
21 28 19 29 8 37 6 8 2 25 18 11 1 4 21 3 23 36 6 38 23 5 38 7 3 18 36 21 38 40 21 27 48 4 43 32 9 26 9 18 36 39 24 37 37 50 15
29 4 8 28 37 34 4 50 23 30 8 16 16 28 28 35 34 6 34 8 22 1 35 2 46 20 6 8 38 44 22 47 28 41 36 35 25 39 50 18 14 42 28 21 2 28 44
24 25 8 26 20 4 10 24 29 40 42 1 26 2 49 42 3 50 42 49 7 46 23 21 23 31 33 23 17 14 35 15 28 23 29 33 11 7 27 24 50 24 23 39 21 42 30
14 19 44 22 27 18 5 42 40 18 8 18 4 50 24 36 43 26 5 44 38 5 41 45 48 48 33 44 8 5 48 22 46 15 13 2 28 41 48 25 16 2 42 49 50 19 17
41 50 44 14 7 45 42 42 47 4 8 14 4 19 40 3 32 28 32 36 31 40 23 34 42 21 16 2 19 10 12 44 44 40 47 41 19 17 3 28 16 46 32 21 33 28 46
24 29 12 26 9 48 12 17 22 8 20 4 42 17 1 44 43 16 45 46 3 37 23 17 46 4 1 40 24 16 21 8 7 42 17 12 18 17 42 8 5 22 7 42 31 27 21
42 19 40 43 23 19 32 34 5 13 9 2 49 25 2 25 33 49 39 44 33 9 27 14 8 34 46 10 12 33 33 50 41 11 36 35 15 24 40 19 10 39 19 15 50 22 10
7 24 18 7 18 27 4 35 41 28 42 44 23 16 18 7 20 6 20 33 1 4 7 47 32 24 24 4 45 2 46 32 24 38 17 21 1 34 37 38 12 30 4 36 46 30 32
31 36 25 34 15 5 20 14 4 49 46 37 6 41 41 12 6 23 41 41 5 34 35 46 31 47 2 19 48 44 19 20 26 1 12 44 48 35 13 24 24 22 21 22 44 27 28
3 28 36 23 36 20 12 48 12 50 12 38 48 16 14 50 20 14 4 38 38 46 26 20 46 26 26 32 48 14 22 20 46 30 44 46 22 37 18 6 12 40 8 36 2 50 34
19 46 40 27 31 29 42 44 24 1 36 20 9 36 44 16 7 29 4 43 5 9 37 48 24 39 13 16 19 8 23 1 38 15 15 47 15 49 11 46 32 38 6 26 43 6 4
50 50 20 37 2 24 46 26 20 16 44 14 34 10 4 15 45 42 18 4 44 44 41 20 28 26 48 38 46 38 8 21 30 30 28 42 12 25 10 2 42 40 18 10 28 2 4
49 16 19 36 8 29 44 44 8 32 9 47 19 3 2 40 7 21 49 22 6 4 39 2 29 42 49 1 21 9 7 30 43 14 36 34 48 37 43 34 2 13 13 18 47 13 25
37 2 42 17 36 27 2 33 12 41 40 30 15 50 17 38 2 43 30 33 9 32 11 37 38 35 46 6 14 28 12 22 38 17 43 8 37 3 38 40 42 11 6 35 18 31 2
28 49 12 4 30 37 21 29 32 3 5 26 50 33 9 33 36 44 23 46 28 18 2 46 36 31 38 34 17 26 27 25 10 18 12 36 3 4 33 26 13 26 48 39 6 43 50
14 36 22 38 2 24 14 7 2 20 26 24 16 19 8 2 4 30 8 14 2 14 22 10 6 8 18 36 38 24 26 14 8 31 24 2 44 29 48 34 18 14 14 33 44 44 30
2 32 20 26 14 32 38 7 44 8 7 3 49 42 11 1 46 12 21 47 29 47 26 28 29 40 1 44 31 13 31 14 27 27 30 1 2 39 29 12 24 8 17 25 3 25 22
19 11 32 14 39 21 47 23 41 33 50 31 14 26 50 18 27 23 40 49 47 6 15 29 45 41 41 40 39 15 42 3 31 20 13 31 31 49 10 32 19 33 23 11 29 48 11
44 12 42 6 32 4 24 45 10 14 42 26 22 18 16 16 39 2 16 30 28 20 33 42 20 2 6 6 18 50 24 47 40 33 26 44 32 45 40 2 12 14 12 6 50 26 48
24 39 22 40 7 42 19 42 20 28 17 25 10 41 29 14 15 12 18 19 11 29 1 9 1 50 7 18 20 42 23 13 35 2 6 39 31 23 30 1 46 42 35 39 43 24 43
10 21 12 14 19 37 16 49 44 50 2 8 6 22 22 25 31 38 41 23 6 14 21 42 12 18 24 8 9 30 49 29 12 24 34 23 17 40 21 24 36 42 10 28 5 37 42
50 9 28 21 19 34 42 26 31 28 17 49 13 13 10 24 46 15 39 35 34 14 18 16 27 44 8 4 45 23 41 42 27 11 3 21 5 36 13 3 48 50 11 47 12 10 13
22 32 39 22 18 12 7 21 2 2 11 23 7 26 17 3 15 29 46 11 17 43 11 42 37 41 37 33 48 48 6 31 16 4 25 30 14 7 50 29 29 43 43 7 3 10 12
23 47 28 30 39 37 48 15 49 15 48 3 37 17 36 40 15 43 18 39 7 25 1 47 16 35 31 40 37 19 37 43 1 27 17 15 7 12 13 18 50 39 9 1 18 16 9
41 50 22 13 4 16 26 3 24 24 26 10 24 16 10 28 14 6 46 12 46 28 23 22 38 40 6 6 30 14 16 42 42 10 50 34 22 45 16 8 40 50 40 6 20 38 24
45 36 20 33 3 19 48 9 12 28 16 20 23 44 6 50 17 41 42 22 25 5 15 8 40 31 23 4 40 30 21 9 34 44 47 23 16 32 47 26 4 1 8 46 1 23 8
6 28 36 31 9 27 44 39 2 10 24 46 11 30 42 23 7 7 45 21 14 2 17 27 18 5 6 8 11 44 47 27 46 46 5 20 35 48 20 34 14 8 43 2 9 44 38
21 34 9 43 33 6 40 15 17 18 12 10 49 40 31 26 38 48 23 6 45 40 15 35 12 15 15 9 13 2 4 15 34 14 42 21 7 40 16 6 48 22 47 33 17 25 38
