18 11
11 25 50 16 25 23 34 39 22 46 16
34 32 2 28 30 32 38 38 34 8 50
29 18 28 38 40 49 42 31 6 48 12
25 1 15 36 21 44 15 16 27 34 25
26 28 19 4 4 36 47 41 7 49 29
49 40 18 16 39 19 33 24 42 30 38
21 35 6 36 31 46 35 16 49 2 46
21 14 28 3 44 29 2 48 49 46 4
22 24 18 1 34 48 47 7 23 25 18
30 43 34 45 24 18 46 15 24 37 50
40 34 40 12 10 50 39 31 7 15 1
43 41 2 20 11 14 10 32 13 45 17
15 34 34 9 25 12 42 6 6 8 16
27 32 28 4 49 49 39 41 18 50 13
35 46 32 21 29 44 30 30 41 40 18
39 37 30 49 36 19 22 26 18 13 16
13 13 19 30 10 10 43 18 20 17 42
28 3 9 43 10 39 26 42 6 14 21
