7366 3
45 15 9
29 22 19
23 46 1
10 34 46
19 28 48
33 40 33
6 3 14
17 19 28
24 43 29
4 25 40
1 39 35
16 40 33
39 34 29
28 48 5
29 8 37
30 41 15
50 48 2
46 45 32
28 24 4
50 29 46
13 23 29
19 38 20
42 36 49
45 4 40
3 18 14
3 45 25
6 38 29
48 27 31
12 34 39
42 41 2
6 40 49
42 17 9
9 25 17
23 31 36
22 27 6
28 50 45
7 46 21
31 45 35
16 13 7
8 43 5
25 12 38
12 45 11
42 38 13
13 40 43
23 23 16
27 36 2
9 30 22
23 38 13
5 10 47
40 30 29
32 28 49
11 20 18
33 44 1
10 39 35
50 45 23
40 4 40
24 1 1
20 42 39
35 48 48
22 44 33
7 9 45
5 2 39
48 40 23
23 20 4
24 2 36
22 38 4
34 48 24
9 13 20
12 8 9
23 44 35
18 7 7
17 50 6
13 34 39
28 50 12
32 44 37
46 32 18
37 28 14
9 1 23
14 5 6
40 37 26
48 39 15
6 9 9
41 26 6
37 2 47
41 29 40
8 42 17
33 35 32
33 24 17
15 17 49
39 13 5
33 40 46
41 34 24
25 38 13
41 29 18
6 21 38
32 23 39
50 8 46
31 36 37
25 31 47
47 10 32
43 28 24
47 16 38
4 39 45
6 45 30
46 2 44
26 15 33
12 15 18
15 15 5
35 6 32
33 19 2
24 17 37
30 24 42
5 17 36
39 40 48
39 11 44
19 30 30
50 7 19
5 10 1
3 44 40
31 15 30
21 10 28
1 1 46
31 43 42
47 36 1
50 14 22
49 10 46
2 45 7
13 43 14
43 9 13
36 7 22
16 22 17
17 46 6
34 11 5
6 42 50
28 26 5
50 30 42
5 36 3
33 38 8
16 24 26
21 29 40
20 30 21
23 4 20
2 21 40
34 10 43
11 20 38
13 29 2
42 18 8
39 6 14
9 10 31
41 4 27
18 17 17
31 6 16
45 49 20
19 44 18
7 19 7
7 34 32
1 24 37
5 34 28
16 47 19
23 41 21
29 17 48
7 16 28
10 48 31
24 17 36
45 24 28
33 14 13
37 18 12
3 47 28
4 24 31
1 47 29
3 47 12
31 25 14
47 48 1
20 19 33
50 20 21
46 6 31
20 21 37
50 44 26
27 15 11
38 37 43
29 23 41
43 3 49
14 11 15
3 47 1
14 16 34
19 47 28
36 17 45
44 4 14
13 10 43
20 22 8
22 50 7
26 28 2
31 19 38
16 28 12
31 39 12
43 6 31
45 36 3
28 49 44
5 18 27
25 8 40
47 34 37
23 32 4
5 1 17
9 27 47
4 22 1
15 6 9
20 1 42
30 16 50
15 24 7
29 7 14
4 30 46
10 39 15
36 34 26
28 15 13
29 16 44
43 23 16
21 46 29
16 17 47
1 30 10
40 2 42
3 12 32
29 33 3
12 33 27
35 37 49
7 35 50
9 50 44
50 20 47
6 4 46
14 44 47
9 32 4
50 40 27
19 14 34
32 39 42
34 3 43
20 41 10
13 2 3
32 38 26
19 7 21
40 41 3
29 12 20
32 39 28
27 14 8
7 15 16
6 8 6
38 38 48
25 28 43
19 5 38
18 22 34
26 17 46
41 36 39
5 23 29
38 9 31
3 22 5
39 47 36
50 4 35
34 21 43
7 50 22
24 43 1
14 22 10
37 33 10
38 31 38
34 41 48
49 47 29
2 14 49
50 27 1
18 35 7
28 49 45
45 44 2
10 22 49
18 29 38
9 27 13
27 33 38
35 48 19
33 23 25
25 25 8
1 49 32
9 45 9
21 38 44
47 28 22
1 5 44
10 32 50
37 26 20
25 42 50
10 34 44
8 35 45
24 39 34
25 47 29
39 22 42
21 34 43
1 30 8
4 25 21
2 47 27
13 24 10
3 50 27
6 45 17
31 15 18
17 28 22
21 8 1
21 21 45
17 49 26
17 37 12
40 34 12
18 42 3
34 10 38
16 10 4
39 5 17
2 34 49
48 34 17
10 9 48
37 44 11
2 46 23
40 17 26
43 29 20
20 10 27
26 24 24
5 7 11
3 24 7
31 22 25
36 48 12
34 47 21
8 2 32
42 10 29
36 48 9
22 36 24
15 24 22
44 11 23
18 11 31
30 30 4
49 35 12
27 11 50
49 17 11
24 18 50
34 13 3
12 28 29
40 35 18
36 35 24
14 36 1
10 14 14
28 23 24
20 45 5
14 17 46
15 30 23
3 50 35
45 18 10
6 33 35
10 17 50
6 29 20
47 37 25
26 6 16
28 37 37
22 11 10
22 17 42
27 39 20
23 41 24
4 39 14
50 31 4
35 11 26
2 22 43
36 11 41
13 23 35
21 34 16
43 14 16
1 41 2
29 33 7
5 33 3
17 5 31
21 39 15
42 36 2
6 38 28
9 24 9
25 25 17
27 8 44
37 22 4
22 34 24
14 1 5
32 16 2
29 26 33
34 25 27
33 16 32
42 10 37
13 14 3
8 15 27
45 31 6
28 12 13
47 31 14
14 1 2
37 17 2
19 38 39
18 40 23
33 19 23
21 26 33
48 12 7
21 18 39
19 6 12
17 9 5
49 7 33
5 19 16
15 37 23
27 37 46
11 4 45
5 26 29
29 50 21
7 28 6
8 28 35
8 48 17
8 8 1
11 39 24
25 20 50
18 27 18
45 46 1
21 8 36
32 2 41
11 42 10
36 32 2
37 26 5
39 2 12
34 26 45
26 27 31
15 4 37
15 15 15
20 22 3
41 38 14
44 25 34
8 6 44
25 6 2
9 13 17
32 34 38
22 6 14
44 18 24
22 14 38
4 31 17
19 13 5
23 38 30
20 40 12
29 26 33
24 19 44
34 7 3
30 6 45
38 21 40
48 36 33
34 35 27
5 21 18
11 24 41
4 35 21
16 26 28
43 26 28
44 1 38
35 5 19
47 24 7
11 19 12
26 29 10
27 46 44
31 20 26
12 31 47
34 19 26
49 23 29
20 31 16
18 2 47
14 43 6
2 2 15
5 24 48
17 46 1
7 4 35
4 25 37
2 32 40
11 31 32
31 48 24
23 47 11
13 5 8
31 47 24
34 49 3
50 28 39
29 48 34
31 24 37
28 10 23
26 23 21
45 39 25
11 40 13
30 32 5
45 37 8
43 16 46
40 18 25
12 50 11
50 5 24
48 17 1
1 19 41
20 47 23
3 14 18
36 7 45
20 17 48
22 45 17
34 8 49
22 32 35
37 11 46
46 17 4
4 46 10
38 29 39
44 41 8
6 42 44
18 47 22
12 13 49
29 24 19
19 3 7
34 50 26
13 19 11
36 8 40
8 2 49
14 13 50
8 38 20
24 49 36
38 21 24
21 24 41
29 2 33
35 50 27
30 34 50
29 38 12
28 10 7
10 48 4
42 36 21
8 36 20
15 4 36
6 24 9
31 5 37
50 34 18
50 17 12
37 15 44
3 37 45
49 25 20
29 8 38
39 40 38
24 33 15
17 37 9
26 23 31
18 27 37
6 11 3
24 3 28
32 34 7
33 43 6
48 13 20
18 5 17
10 1 29
17 14 31
21 16 30
8 50 50
45 39 38
50 37 50
6 29 19
21 8 28
46 38 47
25 33 23
37 45 12
21 22 5
27 32 8
21 41 32
9 34 11
3 13 46
10 4 31
3 30 26
30 5 18
23 12 48
29 13 37
10 1 39
25 29 17
29 6 5
36 23 29
19 29 23
27 12 2
8 37 24
33 24 25
39 33 16
36 24 1
23 50 13
3 9 6
1 17 19
10 47 3
47 6 7
23 7 1
22 46 8
14 23 3
27 49 12
42 49 16
14 33 28
44 12 28
35 13 17
45 32 8
14 48 35
6 32 22
1 31 34
24 40 6
37 17 48
11 45 29
3 47 2
15 11 17
43 2 14
50 10 44
41 7 26
13 5 15
21 13 40
16 7 11
41 20 10
22 1 27
3 28 6
7 32 38
30 46 32
21 6 15
17 41 49
29 37 24
30 42 43
32 2 6
40 42 34
26 48 21
3 44 36
38 46 32
6 22 31
46 35 17
23 22 15
6 15 36
36 38 5
42 49 3
36 21 15
33 26 17
24 25 27
43 11 23
8 28 14
22 48 2
28 33 37
35 47 26
44 45 14
39 19 21
47 26 45
16 41 35
19 1 29
15 16 23
33 18 40
50 41 1
2 19 18
13 28 22
45 20 42
47 5 40
37 18 36
43 49 46
29 35 14
27 3 2
5 5 4
18 35 2
10 16 27
16 33 10
5 39 34
49 17 17
19 25 36
17 12 32
34 11 50
49 46 4
22 11 13
37 31 32
17 18 7
24 18 22
25 47 28
42 27 32
22 24 10
26 3 18
45 46 32
29 48 4
16 1 42
48 18 39
15 31 41
41 18 50
45 14 7
6 18 26
7 12 26
11 33 19
49 30 3
37 31 20
20 36 36
18 40 19
24 13 18
33 10 32
41 39 35
14 24 12
20 13 43
25 3 29
48 5 29
45 20 41
35 33 27
13 22 16
44 21 1
28 34 24
23 7 2
37 35 44
6 12 8
1 31 18
2 46 35
38 50 26
32 25 23
30 6 4
29 11 50
48 2 42
27 38 13
12 49 50
11 47 25
50 10 11
7 29 4
50 34 8
45 45 27
10 25 47
31 35 44
33 11 30
34 16 26
46 49 32
17 38 27
5 18 13
23 24 41
2 20 32
26 43 22
23 2 11
15 18 29
38 34 10
35 34 31
13 14 17
25 10 45
18 4 7
9 27 24
37 12 17
4 41 24
41 29 46
29 45 42
32 38 15
19 45 10
29 2 34
50 23 38
20 22 49
26 14 40
19 45 20
2 2 39
17 1 15
26 19 23
22 40 13
7 2 44
29 2 11
26 38 10
21 19 5
31 22 49
45 17 21
8 10 25
18 23 18
47 5 9
39 48 22
13 18 27
27 44 9
46 23 29
9 31 44
48 13 1
16 5 34
38 3 2
48 35 30
13 12 40
22 43 28
28 41 14
14 30 46
42 20 8
5 23 41
41 47 14
4 28 11
29 22 39
10 7 5
23 38 14
45 43 44
7 45 26
30 21 11
29 25 37
22 35 39
24 25 35
31 41 18
20 31 12
1 18 20
5 15 3
7 27 48
47 27 24
37 2 49
12 33 33
16 14 50
5 11 22
20 18 12
27 48 45
6 38 35
44 11 38
38 20 32
34 5 27
12 29 45
35 7 38
3 44 1
2 16 43
15 12 11
10 16 27
32 40 16
17 26 22
49 4 42
28 49 7
11 33 13
45 5 18
26 11 28
1 14 1
22 35 33
38 8 42
36 6 21
13 26 45
22 5 18
40 44 50
21 13 8
3 21 21
34 12 21
16 1 44
46 2 40
18 7 42
10 4 5
4 16 43
3 2 18
33 43 32
50 14 16
35 7 35
33 8 9
9 20 21
3 32 10
2 15 44
9 28 3
12 30 22
8 15 20
49 6 5
4 16 12
35 42 18
46 8 31
4 19 15
46 9 41
27 12 24
50 24 9
13 28 6
22 44 21
21 6 18
28 24 1
38 13 13
11 36 10
27 30 13
35 45 11
32 20 35
24 38 13
32 33 1
19 48 40
18 49 48
31 45 17
28 6 9
7 3 41
43 24 14
22 49 24
15 39 31
16 40 33
15 19 13
19 45 48
8 45 18
18 19 50
1 15 39
32 47 48
11 13 46
48 40 16
17 5 17
8 6 27
32 39 2
25 31 14
7 6 13
2 47 32
35 20 33
15 44 30
19 49 4
20 37 4
26 2 5
9 26 18
40 49 10
49 50 20
44 7 19
3 23 15
11 35 13
49 47 29
45 18 36
3 6 28
45 25 15
23 21 46
47 19 33
10 34 44
6 24 26
13 5 1
13 26 48
15 20 28
1 21 12
5 11 35
7 38 9
13 35 27
48 46 2
33 35 23
24 35 39
20 11 37
34 15 8
10 19 22
39 7 14
4 23 16
39 36 43
6 48 21
32 18 44
12 48 1
35 44 49
29 39 8
3 49 6
12 42 18
50 1 2
47 41 41
39 16 15
11 12 16
3 9 49
20 14 34
3 50 25
34 17 44
17 2 35
49 10 39
48 8 11
20 5 47
42 7 29
2 8 47
10 15 27
25 36 3
44 33 41
37 46 19
12 7 17
41 30 43
44 23 36
1 39 23
1 18 9
1 41 47
19 2 31
40 39 38
44 15 27
33 13 4
40 15 4
12 17 30
28 46 6
50 23 1
25 38 20
18 23 25
15 14 5
31 49 4
33 42 35
27 46 13
36 35 22
9 7 29
18 45 45
25 38 48
32 37 47
22 4 25
27 8 40
19 45 31
10 3 36
17 31 38
5 18 30
3 45 3
8 36 11
25 24 4
19 17 26
10 2 26
41 36 29
40 26 39
32 8 26
25 18 45
5 14 40
38 28 36
29 31 10
39 10 44
47 48 39
22 34 28
21 28 43
9 8 39
21 43 48
34 47 9
3 16 14
4 41 7
9 41 18
33 8 3
28 45 12
49 1 37
34 34 45
29 34 16
11 31 45
36 42 19
40 50 1
11 19 43
5 10 9
24 16 35
22 15 37
46 40 8
39 19 32
14 50 35
26 14 19
14 2 16
27 38 41
39 5 39
46 3 36
27 29 44
28 3 10
43 19 22
22 40 47
35 8 19
18 27 27
40 29 20
28 14 35
50 24 47
45 35 43
46 7 26
49 24 33
36 23 6
35 35 31
31 22 20
12 2 19
31 24 12
27 50 13
41 22 33
33 38 10
32 3 7
47 30 6
16 7 46
2 48 8
47 18 30
6 41 20
13 43 26
39 43 28
49 13 6
31 48 47
1 39 4
31 14 47
2 14 18
47 9 5
9 13 41
28 8 30
37 12 44
8 10 1
47 11 8
37 11 24
12 31 19
46 14 41
41 20 30
27 40 10
34 26 10
32 18 1
13 2 34
17 40 9
18 8 17
24 2 10
21 41 47
11 50 11
13 28 18
42 4 9
27 17 17
39 22 5
7 1 17
8 48 13
11 15 5
36 13 35
38 39 11
24 26 31
40 38 28
3 17 16
22 32 9
20 17 33
4 16 41
43 8 16
28 17 30
24 45 31
21 17 8
21 21 14
17 35 17
36 47 22
47 50 24
8 2 40
33 3 13
2 39 41
7 37 34
28 18 23
3 12 31
17 23 39
48 29 14
46 21 8
47 7 28
39 21 13
50 1 9
32 38 45
20 26 8
47 3 6
23 32 26
37 12 13
2 7 11
36 43 46
40 11 7
14 5 50
30 21 1
13 39 49
29 33 45
14 35 17
34 19 35
14 39 16
34 39 42
19 1 18
37 8 7
12 50 35
18 3 40
26 22 49
34 43 3
32 43 21
49 24 45
6 10 2
12 48 4
38 20 12
4 19 3
38 44 30
15 6 33
26 13 3
49 35 12
4 35 14
32 43 39
40 25 22
1 39 40
14 11 23
20 24 49
20 7 12
35 15 34
49 42 42
2 26 15
21 1 26
6 42 11
5 36 49
25 50 30
46 35 44
21 17 48
47 29 18
3 31 29
26 18 36
12 17 37
36 4 45
26 43 48
46 43 3
31 30 9
44 45 50
36 35 50
45 50 41
16 17 32
23 25 10
43 34 32
35 48 25
19 13 21
6 6 36
13 18 23
40 34 19
2 32 8
47 37 11
37 2 15
25 39 26
41 46 36
19 16 14
35 39 31
47 17 33
44 9 46
28 36 39
33 34 44
22 8 22
18 11 7
38 22 37
39 24 27
15 15 26
30 41 47
27 38 49
16 29 39
3 3 15
32 32 30
44 20 24
32 49 36
48 5 11
17 35 7
37 2 13
12 1 44
17 50 34
24 42 44
50 47 36
47 39 20
4 16 36
26 31 49
34 18 11
47 49 30
22 28 20
33 8 45
17 44 15
42 45 38
35 12 41
16 28 9
7 25 16
20 39 10
3 7 16
19 43 44
42 29 8
6 9 4
31 17 19
8 26 38
44 46 33
34 33 33
22 29 44
19 22 1
22 1 44
9 41 15
35 48 28
20 11 47
8 18 26
3 34 3
46 3 37
4 7 20
46 47 37
23 20 49
48 45 11
29 7 21
36 15 27
38 1 39
25 40 26
4 40 5
18 1 43
32 3 39
43 18 17
14 30 6
38 22 36
28 10 23
15 10 42
26 7 25
37 44 15
23 35 46
49 18 7
5 2 46
22 7 35
50 32 49
43 48 1
1 29 1
18 44 23
10 13 25
28 45 10
15 8 10
24 34 22
44 16 23
16 2 26
31 16 12
32 4 42
10 3 24
22 30 1
27 39 13
21 4 34
34 11 7
20 36 34
16 32 16
41 34 14
16 36 39
3 41 8
22 37 38
22 26 12
1 35 2
18 8 23
24 45 4
33 50 39
12 23 22
42 8 35
32 25 43
21 28 38
3 33 4
43 26 36
31 17 3
17 15 3
15 45 7
30 20 12
5 20 41
5 38 39
26 18 8
2 13 11
37 50 44
43 13 7
33 44 4
27 4 34
42 21 25
5 5 18
1 21 29
14 27 14
30 38 40
26 5 26
22 15 31
50 8 36
9 32 25
50 42 14
38 16 10
46 26 23
38 49 18
14 42 36
40 3 23
20 33 46
25 46 3
15 14 25
13 11 21
7 6 32
1 46 35
50 8 30
29 26 13
1 5 20
12 38 20
22 9 12
12 14 11
43 7 44
16 40 36
23 10 14
35 2 47
45 13 26
35 50 23
45 36 33
7 46 43
26 19 11
27 5 33
35 26 48
4 39 4
21 19 7
29 26 20
5 25 27
23 4 14
17 26 43
34 27 48
31 46 1
42 18 3
19 29 40
38 15 41
42 44 15
38 6 7
45 45 6
18 49 19
14 22 36
2 18 34
36 3 41
14 40 44
11 34 48
5 4 31
16 16 34
5 38 25
36 10 29
14 40 32
8 24 16
45 16 19
33 27 35
38 40 50
10 50 6
5 34 28
25 6 8
49 34 33
31 25 34
38 6 21
44 1 32
32 49 25
1 36 15
50 36 46
24 26 42
36 9 42
49 12 21
47 39 10
37 5 43
24 28 2
45 19 38
28 39 22
39 24 18
34 13 26
4 44 5
16 43 26
32 33 27
23 37 35
3 34 46
19 22 33
45 25 44
32 24 30
50 41 31
10 23 5
3 20 1
38 31 24
9 14 24
10 40 12
31 14 1
12 1 23
46 43 40
31 7 43
18 3 38
40 48 9
34 32 37
50 47 42
8 50 34
29 1 43
42 7 11
45 33 38
1 9 14
37 49 26
4 42 24
25 15 2
30 47 39
37 18 22
28 11 4
5 10 11
9 20 17
25 45 9
24 30 12
10 24 4
31 31 2
38 5 24
22 21 31
24 15 23
48 48 25
35 26 27
50 3 26
44 9 30
14 49 37
19 40 21
50 39 47
18 14 37
20 42 25
21 22 2
33 29 14
17 19 2
46 44 1
5 35 28
32 17 45
18 45 7
36 10 27
20 11 10
34 39 23
35 15 20
35 19 24
26 2 45
43 5 37
47 14 12
34 12 2
41 45 3
37 47 41
1 26 24
12 30 39
17 43 38
22 9 9
48 48 46
10 18 11
40 26 23
33 37 22
27 27 39
25 34 22
4 26 15
19 23 19
48 33 34
1 11 33
17 14 15
16 14 44
10 39 3
27 49 17
45 5 24
16 8 44
6 21 20
5 31 47
12 26 1
19 15 48
18 17 26
6 21 14
37 38 12
46 21 45
26 27 25
10 11 39
24 45 12
35 21 6
26 43 43
4 49 40
40 7 24
15 14 27
40 50 33
10 30 46
41 30 19
10 35 46
22 7 27
2 22 8
20 21 29
21 40 20
5 19 28
1 21 3
18 19 15
35 27 39
17 18 25
18 42 19
42 13 22
21 11 33
39 1 39
30 5 20
33 45 46
1 19 50
31 14 32
17 40 31
15 9 44
19 48 15
25 49 5
41 18 38
29 43 8
11 18 25
14 31 20
13 31 9
38 15 41
2 13 9
15 31 42
48 36 14
13 14 30
13 38 23
22 3 38
40 10 1
1 49 43
4 23 43
45 21 5
22 40 50
48 43 11
50 34 42
10 15 5
11 48 9
31 46 42
16 31 13
42 37 33
24 29 40
20 49 14
14 8 35
1 8 24
2 15 45
7 28 47
2 27 9
41 34 47
32 15 39
11 1 12
10 37 27
35 7 26
38 25 10
7 8 22
26 25 35
32 17 12
8 18 17
42 47 50
3 1 33
49 15 6
7 31 47
19 1 37
47 4 12
17 6 11
12 10 32
5 39 39
17 30 50
22 47 27
37 2 43
26 45 35
29 20 28
43 38 31
23 45 49
19 46 38
39 19 15
34 18 35
22 1 19
37 27 12
34 4 10
34 38 21
12 7 2
47 4 18
27 28 47
15 33 4
22 17 22
26 45 32
41 49 1
32 41 20
38 14 16
29 26 19
33 12 40
27 41 17
24 37 48
14 33 2
6 42 11
18 49 43
49 1 10
29 13 28
47 9 9
11 28 25
8 23 40
21 8 3
46 9 8
24 16 20
29 50 24
36 33 47
39 31 47
50 25 22
14 45 50
11 18 42
2 31 3
38 19 22
41 35 46
46 1 14
26 27 21
6 39 40
37 3 34
14 10 27
23 7 4
39 9 13
18 15 12
45 46 27
3 13 40
23 33 46
22 46 8
10 29 8
22 26 41
46 21 28
9 48 15
21 44 8
19 5 19
41 33 11
17 27 13
34 37 9
44 32 20
33 9 12
50 11 21
38 6 46
42 48 36
45 27 42
2 21 2
28 3 36
36 26 38
27 25 5
29 41 23
40 38 14
3 43 40
41 1 43
37 17 44
19 31 37
21 26 30
32 21 1
1 25 34
4 41 39
34 14 21
27 4 20
8 41 13
48 35 22
26 33 23
14 21 42
24 16 50
7 37 17
39 12 33
47 4 4
1 40 34
25 6 30
50 26 1
18 20 43
31 5 26
19 1 40
31 16 34
36 21 23
36 33 24
39 48 48
10 25 15
25 29 49
30 16 38
20 26 23
30 15 19
48 48 20
35 44 34
3 46 27
42 10 25
21 44 34
20 5 9
9 35 31
16 15 42
46 38 16
50 46 28
39 44 5
34 13 7
33 37 27
42 35 28
42 7 50
4 15 50
13 8 48
6 37 28
32 35 46
18 21 17
4 13 23
26 43 22
18 19 35
44 21 18
7 9 11
7 47 27
27 24 50
32 22 25
18 46 25
4 18 13
45 30 41
32 43 46
49 35 21
36 9 3
33 45 34
17 11 19
47 7 28
8 48 4
38 26 31
13 44 39
22 41 31
46 36 1
38 12 36
31 5 2
1 40 9
26 21 4
28 26 11
45 50 25
29 44 22
38 25 20
19 29 20
26 24 20
7 49 22
12 36 2
34 23 11
41 29 1
14 39 18
25 41 20
42 18 15
14 2 46
30 32 7
45 19 25
8 26 15
5 28 37
7 34 38
21 32 26
27 32 45
10 14 48
50 25 20
19 45 22
28 23 31
19 34 22
1 18 32
15 31 10
25 10 41
35 3 33
7 40 6
48 39 46
4 11 37
27 15 50
29 14 15
8 34 14
38 20 41
21 15 42
24 16 35
17 48 10
41 1 13
44 43 30
32 8 18
42 19 37
33 7 31
27 8 11
14 44 31
13 43 45
15 11 24
12 37 37
6 34 16
8 41 38
25 18 26
50 41 33
45 17 47
30 26 14
20 27 34
34 12 37
45 4 4
26 12 45
1 46 37
26 21 26
19 31 36
48 12 17
2 33 27
46 33 43
33 19 34
3 5 26
46 18 17
22 22 6
2 39 47
19 38 18
30 12 25
10 16 49
28 25 15
21 15 49
43 3 22
21 43 28
10 40 31
34 25 36
7 40 25
12 25 14
8 44 35
31 43 17
30 1 41
39 3 23
35 13 46
37 1 13
7 13 17
49 7 31
39 41 16
16 8 27
46 10 50
10 36 10
27 46 23
20 39 37
24 41 29
29 13 7
6 36 20
17 46 12
27 11 40
37 5 7
42 8 26
50 47 12
40 7 13
28 5 1
24 35 29
22 23 1
12 23 31
19 44 10
37 42 17
47 7 33
23 2 4
31 22 48
44 4 35
32 37 50
36 14 12
18 18 7
2 23 11
34 8 31
23 38 16
23 45 2
35 15 16
43 27 46
50 37 21
27 39 29
19 12 10
27 11 50
48 19 1
2 23 5
35 39 4
16 48 41
12 25 46
24 13 2
26 18 7
7 33 13
43 4 40
50 49 37
46 37 46
22 26 29
46 7 4
40 20 46
39 18 11
1 49 19
8 17 43
19 27 40
39 27 40
6 38 36
36 12 16
3 50 9
34 25 16
41 17 17
17 6 19
43 36 1
17 26 9
6 28 31
9 38 3
12 7 44
37 9 28
20 39 30
32 28 47
11 3 42
8 18 39
49 28 4
33 3 8
2 47 48
6 37 37
31 49 34
18 2 19
40 11 30
27 22 12
11 26 21
7 14 4
20 8 44
29 27 23
25 7 9
40 1 20
32 16 32
1 5 35
6 26 42
17 2 21
13 1 35
22 35 44
27 39 37
24 1 18
6 41 11
18 12 25
20 7 35
15 9 12
34 44 37
27 28 29
12 41 12
40 1 46
36 25 21
18 20 43
42 48 16
17 17 2
8 44 9
34 20 18
23 5 6
3 42 23
15 11 27
32 10 44
20 6 37
1 35 4
40 45 46
11 43 21
27 30 16
40 13 34
7 2 5
1 27 42
19 17 24
26 47 14
42 15 18
3 15 37
18 31 33
24 15 22
41 47 26
37 2 29
30 38 9
50 34 2
4 11 15
23 16 45
12 4 24
11 18 18
16 28 45
35 38 33
7 39 27
2 17 22
32 24 25
21 10 17
8 2 50
17 24 44
32 7 5
15 9 28
29 41 21
27 44 36
6 10 29
4 22 45
33 3 47
18 15 27
6 25 25
12 28 42
4 37 25
10 20 2
37 22 9
45 9 22
23 41 35
20 19 50
26 33 8
15 22 34
27 19 45
45 1 36
42 2 15
12 10 26
30 42 5
28 11 29
41 44 47
45 35 44
11 27 32
9 44 30
8 40 31
24 39 25
47 18 47
19 43 7
48 49 14
45 22 3
3 14 50
9 31 32
44 3 30
30 19 4
17 17 38
38 46 17
20 26 25
22 32 2
48 50 38
25 44 30
5 48 12
36 38 22
28 36 50
8 24 14
49 10 42
2 40 17
48 50 5
26 27 30
2 30 41
49 26 20
14 37 41
18 21 12
45 19 42
31 43 18
32 10 13
35 46 26
36 32 5
46 8 7
14 42 22
24 3 7
42 16 38
3 37 47
34 38 9
14 7 6
48 48 47
41 24 23
22 15 19
27 11 24
23 30 37
44 7 14
2 23 14
50 49 43
22 3 42
23 12 49
10 14 13
10 45 10
49 26 33
42 12 34
16 3 15
31 7 23
37 37 3
34 37 4
29 2 28
2 34 34
25 39 34
34 14 31
35 17 34
32 2 42
43 43 30
39 41 39
8 33 14
11 8 15
11 24 18
42 43 42
14 14 15
10 30 20
6 17 46
22 22 33
26 25 4
27 21 2
30 16 7
24 50 33
10 9 40
14 9 1
28 30 39
33 37 38
12 48 28
13 5 20
5 49 42
14 1 20
11 30 8
50 39 2
17 6 46
37 28 19
19 12 1
37 44 18
28 38 13
40 38 18
14 6 39
8 2 24
24 8 11
30 33 17
44 24 40
31 29 45
2 43 19
47 29 40
17 31 2
19 17 41
23 7 43
46 28 46
26 21 11
27 34 20
20 11 13
48 25 15
3 41 26
16 36 12
27 37 13
3 40 40
16 37 29
5 27 21
18 12 6
49 7 12
20 38 18
8 33 17
19 15 9
6 6 21
6 2 12
34 35 32
33 49 23
30 17 30
48 32 17
36 22 38
29 45 20
16 48 17
39 37 49
6 43 28
3 37 3
22 29 29
2 48 15
45 29 5
14 10 38
13 27 29
38 28 25
10 10 16
28 45 4
7 20 43
31 33 4
41 2 42
26 8 15
13 7 8
40 43 36
41 44 10
2 26 26
32 1 35
38 42 30
32 26 39
2 19 29
39 17 12
23 41 32
27 17 13
34 41 20
6 46 3
33 39 36
24 40 9
48 18 24
39 21 11
19 4 25
45 25 32
15 24 27
28 4 39
16 5 3
12 30 29
15 49 23
28 6 30
33 21 40
21 24 20
17 19 38
13 4 7
7 43 43
42 9 4
32 43 18
2 40 42
32 36 29
18 38 12
25 30 48
14 17 46
14 49 35
10 5 12
46 33 27
25 27 38
42 48 4
9 39 45
46 31 21
8 3 38
11 35 45
32 45 7
47 13 24
33 31 18
14 43 11
20 5 43
24 4 37
36 24 22
37 3 45
32 24 18
10 33 1
8 27 22
29 34 24
12 14 22
7 42 1
16 29 28
33 42 13
5 49 41
31 39 22
1 41 27
33 3 32
46 50 32
38 23 1
17 35 26
21 15 8
26 47 30
39 13 26
47 24 17
14 17 28
17 48 7
35 31 37
11 43 5
23 30 43
18 50 40
30 29 41
42 10 36
38 16 36
34 36 41
29 15 19
35 16 17
42 43 20
49 1 26
15 18 16
37 17 9
18 42 24
9 19 11
2 6 31
3 43 2
27 10 24
1 38 21
28 20 39
15 3 47
48 44 1
12 11 43
28 41 23
28 17 24
49 17 3
41 44 18
12 28 14
47 11 38
19 41 48
40 18 49
5 9 7
14 2 7
47 41 24
13 26 26
44 19 9
32 31 18
35 10 14
17 33 44
10 30 43
14 46 25
44 8 34
29 47 47
42 29 25
22 6 25
20 9 4
25 19 31
35 8 3
35 32 11
3 49 40
17 9 21
1 35 9
2 4 12
26 5 28
23 10 4
34 27 26
1 4 4
38 50 23
22 17 23
13 9 23
29 8 1
7 19 36
18 3 40
47 16 11
47 31 39
45 48 42
29 8 9
33 28 11
6 15 45
7 25 4
26 9 43
21 36 20
35 50 27
14 33 19
26 4 38
37 15 3
44 28 39
47 34 50
12 20 36
33 46 46
37 31 1
12 15 5
46 28 24
12 36 45
21 8 16
46 39 19
6 47 36
46 10 50
30 18 40
39 36 34
40 38 27
24 24 25
26 26 17
8 33 20
14 47 28
2 31 38
11 13 20
46 26 29
1 29 34
21 22 14
31 23 50
37 38 2
18 20 41
43 23 49
36 42 15
49 46 13
25 3 11
11 17 31
34 5 22
5 27 18
43 16 46
12 3 26
41 20 10
7 13 35
3 37 46
26 20 43
32 11 3
44 20 41
41 2 44
19 50 50
26 33 40
23 11 1
42 22 41
6 42 34
32 21 25
7 6 25
5 25 40
36 48 5
15 27 49
11 15 4
27 38 44
24 29 30
44 21 30
37 45 19
10 43 41
47 25 7
8 10 13
49 36 10
20 4 40
40 27 3
47 37 45
7 50 39
42 35 31
43 4 2
44 35 48
45 25 48
4 47 15
14 11 35
16 39 41
12 15 3
41 43 13
10 30 9
2 44 3
7 49 14
28 17 48
42 44 2
25 7 14
50 9 33
41 1 38
47 23 35
21 43 37
35 19 36
37 23 15
38 34 32
32 30 22
39 49 40
35 16 1
3 19 4
10 20 10
12 13 17
46 14 36
14 22 46
40 10 47
44 30 18
10 17 37
45 30 48
36 26 41
21 17 17
3 37 5
27 22 17
5 48 8
26 3 23
18 31 22
11 48 10
36 11 40
47 19 14
10 17 36
24 21 23
22 22 30
14 5 43
5 23 7
3 25 3
1 34 24
25 21 30
35 46 33
3 40 33
17 24 43
28 43 23
27 32 37
17 30 33
3 2 9
3 41 4
13 17 43
35 42 10
47 41 37
30 45 49
20 42 41
42 3 30
38 31 14
43 38 28
49 17 20
13 32 2
4 8 21
28 30 48
31 43 27
47 29 47
16 39 11
47 5 43
8 21 2
20 3 2
40 38 2
10 25 13
14 27 27
33 8 24
43 39 7
6 16 5
45 20 27
19 5 31
36 24 1
27 24 31
32 2 30
41 43 41
30 8 32
44 22 29
48 2 5
49 31 12
29 43 17
37 46 44
1 31 44
11 4 13
2 4 48
41 14 49
9 3 14
5 4 43
50 42 40
7 24 2
7 48 7
1 33 37
36 35 28
2 28 25
33 39 35
27 4 35
35 10 4
19 19 11
5 4 18
2 3 6
21 35 14
31 15 40
39 7 5
13 25 48
7 12 4
44 10 48
23 25 25
37 1 22
28 22 11
6 49 14
50 17 5
24 20 25
24 6 34
39 35 18
13 40 44
8 36 2
43 9 29
32 19 14
6 50 27
35 8 18
1 15 7
5 18 40
30 16 21
48 13 37
45 29 25
23 39 2
32 11 40
3 28 13
29 46 29
35 40 39
22 32 6
35 24 37
28 26 47
1 48 46
37 18 21
4 37 24
47 19 6
16 42 4
21 48 36
7 14 12
29 27 1
3 29 12
39 48 50
35 16 47
15 14 43
6 31 41
18 29 6
50 33 23
21 49 50
47 2 25
35 13 3
15 49 44
13 6 14
50 45 7
4 31 6
16 4 48
48 26 49
37 32 29
22 34 14
26 20 42
32 23 19
22 11 40
41 41 14
21 7 5
2 17 32
29 35 24
5 45 2
6 44 26
11 28 13
32 50 19
6 15 25
10 6 17
45 47 20
48 9 24
33 17 10
46 12 50
18 45 45
30 1 45
33 36 36
3 13 17
49 18 49
43 44 9
6 8 32
34 3 2
45 18 39
35 24 25
30 32 23
33 21 31
43 28 28
18 16 35
33 9 15
47 42 16
47 36 34
11 44 21
5 38 27
21 48 43
9 30 24
9 41 18
25 14 37
22 32 19
39 17 23
15 33 15
15 19 22
42 44 18
17 39 23
11 29 31
13 9 41
33 26 24
50 4 19
40 37 12
9 25 22
33 2 16
33 20 14
25 43 19
46 30 25
44 10 31
6 38 14
7 36 1
25 9 46
32 27 35
47 40 29
41 26 1
17 10 1
19 34 27
14 7 32
48 21 2
18 49 29
50 26 4
37 29 39
40 36 23
17 5 34
2 12 34
16 36 1
19 15 32
27 44 45
24 19 39
41 37 30
27 27 27
38 9 26
19 45 29
11 8 3
14 44 34
5 22 48
12 29 13
35 31 38
32 40 1
25 7 35
41 16 33
44 20 11
17 46 28
33 35 24
34 22 30
15 21 38
31 19 45
4 42 50
7 36 29
47 19 31
37 50 46
25 9 34
15 28 38
16 33 42
20 10 20
50 26 28
49 10 37
23 35 35
35 37 1
3 17 29
43 7 23
46 41 31
31 12 47
41 16 42
43 35 46
35 43 27
2 9 15
21 44 43
13 46 8
20 2 25
45 16 38
1 45 21
37 19 41
28 17 21
1 35 50
19 27 19
4 15 48
41 35 30
40 34 4
1 21 43
22 3 21
12 18 37
11 39 50
36 7 20
49 18 27
47 43 18
38 30 41
32 32 39
47 42 41
33 14 4
26 37 25
20 13 32
39 11 32
34 32 18
17 32 13
13 34 33
2 35 7
18 29 12
26 33 37
10 21 36
29 3 49
24 49 5
32 13 27
39 13 43
45 33 32
14 33 10
36 39 15
42 13 45
11 45 42
23 33 22
36 37 26
46 42 27
42 14 37
27 31 32
24 11 40
38 34 25
20 10 25
24 1 14
5 31 45
16 30 11
26 30 29
19 9 4
18 34 11
18 29 19
48 10 20
31 32 7
18 24 22
16 11 39
14 9 29
2 28 32
8 38 14
49 48 27
44 11 27
44 38 2
29 48 15
36 36 36
50 36 50
5 24 28
1 9 28
34 18 7
34 1 7
23 44 37
26 24 49
33 40 45
31 47 47
32 19 9
28 35 29
38 22 31
43 16 7
30 8 31
48 44 22
18 29 49
29 28 12
11 41 31
1 26 49
49 27 47
20 25 5
29 32 44
37 46 7
10 18 24
35 37 26
44 8 1
25 20 37
19 39 29
36 15 31
50 40 35
5 23 10
18 48 37
14 12 36
43 21 46
9 7 19
8 32 20
11 44 49
5 19 7
29 46 47
14 23 26
3 22 12
27 38 34
22 10 2
36 20 22
48 26 37
7 27 7
48 21 3
8 36 13
23 34 47
48 11 44
50 10 23
39 17 1
10 13 6
8 46 29
6 13 1
11 4 44
13 36 7
3 3 40
14 47 28
48 44 24
8 6 3
16 29 44
40 14 37
49 15 25
22 25 20
26 17 47
9 37 20
13 39 50
22 28 7
3 17 13
15 6 11
3 6 36
9 6 1
4 23 41
17 25 25
29 8 28
8 7 31
41 2 33
23 1 43
29 32 30
34 12 27
43 12 19
27 28 45
27 49 21
44 35 41
7 26 9
8 49 44
44 40 25
22 36 2
21 40 44
12 1 16
6 15 40
11 25 19
34 47 36
3 37 26
36 29 34
20 20 45
19 49 40
14 32 5
34 45 1
15 35 8
43 19 48
18 16 14
36 16 41
41 21 38
28 16 6
39 30 26
40 37 37
47 3 16
9 6 27
46 2 1
34 17 35
21 2 34
14 43 17
50 37 46
29 43 38
1 15 42
8 26 27
32 38 11
9 30 14
42 9 34
8 30 25
23 9 43
16 28 9
26 11 5
28 42 41
47 48 35
12 22 48
19 44 17
40 35 3
39 15 14
27 28 22
28 15 45
3 5 16
42 14 40
35 41 7
1 18 20
19 27 23
44 8 31
38 28 12
18 40 5
47 30 6
13 23 18
10 38 12
20 26 34
31 13 10
1 24 18
8 36 49
29 37 47
13 9 47
19 13 48
16 8 50
39 33 41
21 13 37
40 45 10
43 17 41
10 11 45
30 14 4
44 10 24
36 45 4
26 28 6
2 32 49
28 15 45
47 1 37
13 44 4
45 44 38
50 14 37
17 5 12
22 17 14
6 47 40
15 33 28
5 30 3
39 48 48
22 14 12
19 11 41
16 20 32
24 30 34
11 43 32
6 42 38
50 32 13
35 2 22
14 33 34
42 41 39
32 47 33
50 11 46
12 17 11
4 35 34
29 28 26
44 5 26
37 2 39
9 50 10
26 8 22
34 30 46
16 25 47
18 14 28
9 36 27
42 31 47
36 7 24
45 12 14
19 48 29
10 42 16
22 15 36
6 48 14
15 2 11
7 36 23
16 49 4
15 21 40
14 14 47
50 7 49
42 48 43
20 11 27
7 15 9
19 24 4
32 48 41
39 4 10
15 37 8
37 46 23
26 29 46
23 38 4
43 46 46
22 9 10
10 18 32
29 14 17
44 17 15
49 7 31
36 2 20
37 43 7
33 43 16
7 23 29
39 18 22
12 6 40
21 2 15
3 16 12
34 24 4
27 20 15
41 46 26
30 15 33
9 43 50
9 26 34
21 10 26
16 29 28
48 31 24
19 30 20
16 47 30
9 22 43
28 13 29
33 10 27
1 42 19
36 17 13
14 17 37
14 39 24
41 39 28
36 23 35
7 16 42
32 27 45
4 30 44
27 20 19
49 42 46
24 7 31
10 33 15
10 14 42
26 19 5
5 8 25
38 45 17
42 15 38
37 41 32
35 43 17
24 50 6
36 40 44
7 6 14
1 17 1
35 6 18
3 48 15
19 40 23
18 1 3
34 5 10
19 20 16
3 29 28
1 27 46
27 35 43
38 33 3
43 10 37
26 5 7
21 15 36
9 49 50
34 50 35
9 50 15
39 27 2
2 31 44
28 37 20
3 3 25
30 16 49
41 44 7
47 22 20
49 31 35
2 34 11
47 46 43
36 35 45
28 46 16
48 9 44
13 16 30
4 3 37
17 23 36
14 13 23
23 35 14
9 50 1
21 26 3
2 20 31
45 17 49
36 20 35
23 9 44
27 45 10
16 22 5
17 46 34
27 32 6
29 23 25
6 42 13
35 18 12
27 34 10
45 25 38
11 16 10
30 47 33
49 7 43
11 49 13
19 40 19
6 23 49
47 14 47
22 4 3
16 37 26
41 25 14
26 48 38
50 19 3
18 37 22
6 28 38
41 42 49
10 41 17
21 48 1
24 41 37
38 20 26
44 2 6
6 15 6
6 20 32
47 21 50
6 46 19
33 46 16
20 4 46
11 28 49
30 28 16
26 2 18
14 44 9
50 9 26
14 41 32
35 34 9
42 50 49
8 27 43
20 37 39
26 8 16
37 31 43
19 27 17
22 4 38
14 2 29
26 24 22
15 25 20
27 6 24
15 25 35
45 33 12
21 31 28
8 34 26
8 6 13
21 16 42
34 23 27
24 28 3
34 12 18
50 40 31
22 20 41
41 8 3
39 16 6
26 35 26
13 17 34
31 33 40
10 38 36
4 29 20
12 22 12
44 29 22
36 22 45
25 23 29
30 5 41
33 7 10
49 31 36
49 34 48
34 23 25
35 29 19
11 27 44
24 20 26
1 14 4
19 47 6
15 20 28
28 31 26
41 38 21
26 50 17
50 20 4
38 37 4
31 11 43
36 26 22
4 7 23
23 18 24
39 29 1
49 26 34
48 34 25
11 7 39
31 21 11
40 23 44
46 11 24
27 19 16
13 43 35
3 5 17
12 17 43
28 17 15
11 40 39
24 35 24
2 40 6
43 11 18
43 43 15
37 49 1
19 18 10
41 34 4
5 23 9
16 4 7
12 30 9
10 3 12
25 3 18
28 32 25
4 30 29
17 40 22
18 7 5
32 30 41
25 5 38
23 33 9
39 1 2
27 47 3
2 8 27
44 45 47
16 36 2
47 41 41
47 41 22
16 11 31
42 20 9
42 31 5
46 4 23
37 8 14
2 12 34
6 2 14
13 36 43
33 20 38
6 13 46
43 29 13
30 11 18
44 8 37
18 34 3
43 21 3
2 29 32
18 29 17
33 16 22
50 24 44
13 37 39
29 18 32
39 47 23
8 12 24
44 11 47
38 27 1
16 4 34
10 25 14
1 8 26
46 20 23
49 38 6
4 44 48
49 27 34
13 43 21
47 20 13
18 10 8
2 12 8
5 44 32
30 48 13
25 13 42
11 39 44
29 33 3
17 50 13
8 39 7
44 50 9
8 12 4
39 16 49
17 4 50
21 4 6
33 6 46
32 11 35
10 37 28
27 20 49
4 45 38
16 39 12
8 38 17
42 25 5
22 25 49
6 44 11
26 18 50
48 38 22
31 47 11
8 19 13
8 14 11
10 36 14
6 12 31
11 18 6
31 39 50
27 29 29
25 25 8
41 50 14
36 37 41
47 47 41
34 10 22
34 46 4
21 19 23
30 44 19
18 19 49
17 42 23
11 11 37
45 28 28
34 31 37
10 36 22
16 34 13
37 47 21
6 21 43
10 13 5
45 44 26
2 5 39
14 18 48
33 48 20
18 12 45
34 46 24
11 47 30
1 46 45
29 27 20
47 45 3
41 5 35
35 17 33
14 48 17
41 26 31
19 42 45
21 11 13
41 27 17
33 11 33
6 45 13
30 11 7
49 2 34
2 46 15
20 22 40
9 28 4
15 18 45
30 14 19
36 44 5
3 19 19
31 42 15
20 27 41
13 9 26
32 40 5
22 14 5
10 10 9
25 14 50
40 46 42
10 5 23
19 22 37
44 11 8
4 41 44
30 35 30
45 34 18
34 13 50
24 31 18
28 2 31
50 41 35
47 32 37
5 35 22
29 13 47
7 35 47
46 5 38
36 29 20
49 8 48
30 16 17
28 20 17
38 38 34
33 44 24
11 24 7
30 43 25
43 10 12
2 49 17
20 48 5
34 29 9
9 37 47
23 50 38
5 1 1
16 29 28
24 24 4
18 8 6
24 11 34
35 15 2
46 15 47
5 33 32
45 50 34
2 49 27
7 37 43
37 37 35
25 43 34
26 38 50
3 7 36
1 37 4
44 43 16
31 49 6
7 15 37
15 6 50
11 28 35
46 45 9
33 29 44
37 14 18
46 1 25
10 3 17
25 30 15
3 4 24
29 5 23
32 42 46
49 4 16
44 13 38
12 46 14
21 26 19
10 21 50
34 6 23
25 46 18
18 29 34
15 24 41
19 2 40
43 37 42
18 31 24
10 19 38
39 4 32
20 45 9
6 17 24
30 4 13
5 24 49
21 21 16
19 24 15
18 46 11
27 28 40
43 38 46
35 16 17
5 33 43
38 47 23
29 4 44
12 30 47
45 7 34
20 9 12
25 21 19
7 43 40
42 5 41
20 7 47
40 11 33
9 27 48
1 29 8
22 24 47
21 7 10
17 5 30
17 24 38
40 10 48
19 32 21
25 38 4
46 31 24
28 1 13
29 28 46
11 19 40
16 16 39
22 25 21
6 38 14
42 40 46
29 26 28
17 37 41
46 6 40
27 49 23
37 8 22
48 20 47
50 3 44
12 39 20
3 13 33
6 29 19
21 34 19
27 7 13
28 26 10
16 5 9
14 7 5
13 40 40
50 22 46
16 29 19
39 11 14
32 21 22
5 4 9
32 2 25
28 30 23
25 13 18
16 13 6
17 15 3
22 8 23
14 32 8
22 44 24
35 31 10
44 30 38
31 16 11
32 41 36
16 7 7
35 34 34
37 34 48
9 32 7
23 46 39
13 44 17
26 20 37
29 9 41
2 16 41
5 27 50
20 11 33
29 1 35
47 4 44
8 45 17
41 36 44
36 39 33
43 41 27
34 50 42
38 1 13
44 46 10
16 32 39
16 18 32
4 30 30
18 44 26
39 33 26
12 28 2
23 18 7
12 24 49
47 19 36
17 50 25
14 37 5
40 20 24
24 10 46
40 5 25
1 36 39
23 24 33
11 47 13
38 50 25
16 37 15
48 15 2
26 16 3
40 45 7
42 5 44
12 32 20
31 13 45
37 38 33
42 9 20
4 34 4
11 14 28
35 23 37
15 39 26
46 9 35
18 35 18
41 23 27
31 39 31
20 42 32
27 29 6
26 25 45
2 8 16
27 45 48
46 20 47
46 31 7
17 43 15
38 26 2
44 45 44
11 15 47
5 7 31
40 41 19
23 8 44
37 2 31
23 31 12
43 49 17
20 40 12
7 12 26
5 49 40
31 7 48
41 30 14
28 32 31
16 20 47
12 15 25
7 18 46
8 13 38
15 42 43
11 22 47
46 39 4
16 45 36
24 3 20
31 44 25
23 32 41
21 29 38
23 43 6
20 27 27
21 35 37
13 12 4
34 40 18
33 49 11
46 48 21
20 11 49
46 33 28
14 17 1
34 43 48
36 37 26
16 18 21
42 8 6
3 10 19
4 47 6
27 29 32
13 48 24
22 23 43
32 19 9
27 46 26
25 8 17
47 14 2
23 14 1
24 40 21
27 15 4
33 11 42
17 1 9
11 30 7
19 24 50
5 33 34
43 14 2
28 6 25
15 6 44
40 19 24
44 1 6
4 44 40
9 37 18
26 29 9
8 38 23
46 19 37
24 40 23
15 27 4
20 40 32
38 19 36
33 33 21
28 27 40
34 15 31
26 6 15
39 39 6
6 1 35
40 47 41
48 36 17
43 32 6
36 49 46
22 38 22
30 34 5
20 14 12
45 12 15
3 42 14
26 49 8
26 22 43
17 25 35
2 42 24
41 16 10
28 14 31
49 11 48
12 45 18
39 11 36
38 9 1
37 41 22
5 42 1
42 24 27
49 34 34
14 20 20
16 17 40
40 49 31
34 13 43
33 43 34
36 2 22
33 40 16
27 48 49
7 38 28
10 49 3
33 34 36
34 12 46
23 36 22
12 7 32
42 28 27
45 5 38
32 43 16
7 25 36
25 2 13
33 32 48
42 32 38
5 33 35
4 48 32
16 16 42
46 44 32
13 33 34
32 31 49
14 9 23
28 5 29
37 17 22
46 30 3
34 12 21
33 40 8
42 50 49
10 46 29
23 41 15
34 6 44
20 20 3
20 39 5
31 45 9
43 30 23
17 18 38
19 37 12
29 35 40
25 30 37
30 35 10
33 5 20
30 32 11
3 18 30
48 19 24
45 50 28
18 22 13
44 44 35
10 36 28
9 10 28
44 50 10
40 35 46
35 3 31
14 4 48
36 30 29
18 2 28
44 34 10
28 29 36
1 7 47
17 20 24
42 8 43
38 40 5
42 15 42
2 4 45
28 20 9
4 22 38
45 45 1
10 28 48
47 35 19
35 28 32
21 35 38
37 35 1
28 19 11
6 50 42
18 6 30
8 9 37
4 18 23
28 37 32
8 40 9
13 19 9
10 26 45
35 7 12
48 50 15
47 46 21
5 39 26
12 34 50
20 40 42
22 7 48
6 32 25
39 35 38
11 16 8
18 25 3
12 47 6
6 21 13
25 15 24
42 17 38
25 41 28
46 6 9
32 14 30
24 21 39
12 19 48
42 8 37
16 50 47
37 14 6
41 27 2
9 11 2
36 44 18
26 46 21
35 9 18
31 42 40
39 31 29
34 20 9
9 34 48
11 16 39
33 6 30
17 30 17
30 7 35
3 31 20
23 13 40
32 48 26
2 8 33
6 41 35
26 11 39
34 14 40
10 2 50
13 5 49
16 50 11
38 35 10
23 3 47
26 49 22
6 18 29
8 27 13
34 39 21
22 48 23
40 26 2
6 27 39
21 13 35
2 18 50
36 38 4
11 42 3
14 35 18
29 10 48
45 40 12
4 23 35
15 22 5
16 27 32
9 47 38
13 39 39
30 47 8
39 15 46
39 29 43
9 22 18
45 26 43
42 6 22
1 13 43
11 45 36
50 12 8
45 31 38
31 29 12
46 12 9
41 42 43
35 25 13
13 3 22
33 28 12
9 25 46
19 45 2
43 46 43
35 38 10
34 20 6
8 49 27
24 10 49
30 40 19
35 26 22
45 1 14
45 4 43
31 12 9
32 16 39
26 11 41
15 34 34
22 42 48
36 10 1
49 17 35
38 36 38
14 5 24
33 39 11
33 44 20
8 3 46
36 26 15
37 45 41
14 13 49
48 20 18
15 3 40
7 8 49
38 28 33
22 24 15
20 4 19
43 44 30
50 46 8
4 32 20
40 9 3
9 9 34
25 8 28
41 20 14
37 33 36
26 24 26
7 22 5
35 29 7
40 14 43
48 29 9
16 49 13
9 10 26
5 44 19
37 43 34
24 37 36
14 10 46
20 5 11
26 10 16
17 8 5
14 41 42
48 20 25
8 33 33
30 28 25
22 36 39
1 38 47
9 27 21
31 1 24
50 13 19
40 12 26
6 25 21
21 7 43
2 18 12
42 18 30
19 35 20
6 23 35
40 30 35
50 39 5
20 27 18
24 10 18
20 17 18
27 36 31
2 39 21
26 3 25
3 1 25
37 17 46
26 14 15
21 50 29
12 6 49
15 19 14
32 25 21
36 15 47
14 43 13
2 38 20
26 23 36
36 47 32
20 13 7
22 47 18
7 45 15
12 22 23
1 31 44
45 8 2
18 22 34
28 47 33
14 21 47
44 45 5
6 39 16
44 36 7
36 47 33
43 26 16
21 49 27
5 19 48
45 32 50
40 42 45
15 28 50
37 41 32
34 2 1
48 22 8
48 25 3
6 47 24
36 29 18
16 8 47
41 26 10
27 19 27
22 18 35
41 15 29
24 5 44
46 13 31
8 33 49
42 31 31
8 18 48
40 33 28
12 36 47
48 36 31
24 27 45
1 20 8
26 21 43
3 14 43
17 38 36
26 12 15
14 8 45
46 22 44
40 40 47
28 36 11
42 46 33
45 12 41
42 40 46
31 24 42
43 8 44
12 32 49
32 31 37
42 33 22
40 44 3
46 3 11
15 27 2
2 25 40
41 16 48
37 37 15
44 21 8
14 38 47
10 45 16
33 37 42
43 6 20
23 44 27
31 15 19
16 36 35
37 36 25
33 3 16
21 17 22
47 41 42
13 36 4
35 36 6
3 35 20
28 42 37
11 37 38
12 26 39
19 32 30
12 21 22
19 13 15
33 42 42
13 16 20
21 48 9
30 50 39
15 10 7
1 17 25
17 11 42
49 29 34
18 8 31
46 41 42
39 36 26
33 45 49
16 39 18
21 12 9
30 14 27
26 6 33
31 36 43
20 21 34
44 38 36
28 43 21
40 31 9
12 2 25
15 1 49
21 43 39
16 31 1
35 13 16
21 37 23
13 45 47
19 24 24
16 37 8
21 26 35
22 39 21
29 47 3
46 29 43
37 42 10
22 36 12
4 34 35
16 27 14
33 24 20
29 36 21
20 18 46
14 44 48
10 8 45
47 2 37
15 48 4
37 14 18
32 12 2
28 25 15
13 23 10
36 25 39
26 8 47
15 41 3
47 46 7
10 18 30
11 9 11
22 38 11
28 10 4
27 10 36
30 31 28
7 42 43
39 32 9
32 43 29
7 36 6
26 34 9
29 31 33
2 30 44
19 18 12
22 49 30
42 10 19
23 36 47
11 42 25
14 50 6
9 14 4
13 10 23
26 7 23
8 36 21
46 30 13
9 36 32
28 25 4
26 14 11
20 46 28
45 33 30
5 31 41
16 26 46
35 38 39
22 17 17
24 44 19
25 31 24
47 19 24
27 5 9
19 36 7
46 32 22
38 20 36
25 12 45
40 28 35
38 29 11
26 10 45
27 5 41
20 5 29
47 36 37
2 1 49
20 21 20
41 12 9
42 44 8
9 16 24
38 24 17
40 27 30
16 1 16
24 33 40
3 26 44
13 11 43
26 40 23
48 8 25
24 35 35
11 21 22
27 45 4
36 44 17
10 4 21
47 15 45
31 40 45
11 29 1
32 1 23
37 35 35
25 33 22
47 33 1
7 50 2
49 20 42
24 11 41
49 9 36
33 24 42
8 7 34
29 17 3
8 14 46
9 20 39
18 5 34
41 5 45
50 4 20
44 26 49
8 20 11
37 10 7
25 48 18
8 47 44
28 45 2
7 17 39
26 35 28
24 29 36
44 4 41
38 4 17
49 22 47
24 8 28
22 31 39
37 12 45
40 20 22
31 33 38
2 41 31
34 30 41
28 47 11
50 31 47
49 46 11
22 25 19
21 22 13
8 16 6
50 9 28
21 5 3
34 27 50
4 35 44
15 12 3
12 30 16
32 15 40
39 43 36
18 42 24
47 8 37
29 1 13
13 28 10
31 49 12
37 39 12
19 2 18
36 34 38
34 45 26
40 44 15
27 28 39
30 19 40
45 44 49
36 9 7
31 13 34
8 29 43
43 10 39
34 38 23
13 2 13
21 33 35
31 45 28
46 20 13
27 19 48
20 5 17
41 1 42
9 1 38
40 19 44
34 9 28
47 33 35
2 3 12
12 31 24
40 12 6
46 10 14
36 30 22
39 14 33
49 6 39
45 38 35
6 20 41
43 3 49
25 20 15
10 48 48
22 44 5
22 35 26
11 19 44
48 43 11
40 1 36
35 11 4
5 16 39
24 28 15
37 50 1
21 45 38
23 21 17
20 5 26
3 21 48
6 15 7
1 39 25
42 31 27
48 44 27
23 44 22
34 11 12
44 6 14
29 34 47
5 26 40
34 46 13
46 33 47
9 42 16
4 29 25
33 19 19
39 28 19
18 35 12
44 31 4
40 40 2
32 7 37
36 42 37
14 48 1
5 37 36
47 23 42
2 46 46
42 33 14
8 49 6
19 3 50
22 12 40
33 39 22
7 33 27
2 20 26
43 20 31
5 31 29
23 11 13
46 22 46
23 16 43
16 35 2
18 45 16
3 35 28
8 29 48
15 5 26
26 2 8
19 10 14
35 9 33
49 39 38
33 16 22
6 16 34
37 48 40
27 10 11
44 18 11
16 35 14
19 47 46
20 40 43
29 25 30
32 6 18
45 26 23
5 13 26
23 22 50
39 9 38
41 32 39
14 12 50
22 29 24
30 1 36
31 44 21
17 37 31
17 4 49
47 38 16
12 5 15
34 24 28
22 26 27
6 18 9
25 35 20
16 22 12
46 22 2
12 6 38
3 42 11
2 44 27
20 34 7
6 25 39
47 12 49
48 18 24
26 5 35
15 4 40
30 22 34
23 1 31
28 45 18
40 39 25
26 13 11
27 31 32
9 14 30
25 36 14
41 46 40
29 11 3
27 34 25
30 4 13
43 7 33
23 43 43
37 30 46
19 30 41
38 8 14
14 19 24
40 18 8
32 34 16
30 7 29
42 41 37
8 20 40
17 36 42
2 34 27
25 37 50
5 33 30
25 47 11
31 2 7
5 27 29
49 31 16
37 20 7
19 12 50
46 5 16
9 21 46
27 9 10
24 35 17
31 10 33
37 31 27
19 3 43
12 41 31
2 20 2
33 28 48
48 31 30
44 5 21
32 4 1
50 41 38
20 31 4
12 50 49
5 48 38
44 34 48
3 28 36
39 45 5
19 49 9
29 37 7
9 11 19
21 43 32
11 37 14
41 27 37
39 45 13
22 48 50
42 14 8
22 10 3
38 18 20
24 48 15
43 16 39
12 26 50
19 31 43
12 32 50
22 33 44
2 33 20
9 6 36
48 9 10
38 9 18
34 31 1
4 22 26
20 35 35
31 17 30
24 42 35
8 19 33
8 17 16
22 36 14
28 48 42
12 49 30
16 26 47
13 39 37
10 37 50
45 44 35
18 38 16
23 31 6
39 12 25
14 38 34
25 6 5
47 6 19
32 13 10
28 20 4
42 21 3
46 39 14
28 39 32
45 2 48
3 25 47
25 47 25
34 13 41
27 9 49
36 11 49
20 5 30
44 31 32
41 10 18
7 28 6
8 9 21
24 49 42
41 44 19
40 14 39
7 17 49
14 29 19
5 19 8
39 50 19
47 16 3
46 1 26
49 10 1
16 21 32
45 30 27
42 20 10
3 11 33
12 44 46
4 50 19
48 39 25
41 50 26
20 32 36
27 1 25
40 43 42
16 27 34
33 39 27
7 7 34
13 47 37
4 27 30
9 22 32
31 9 28
12 39 26
37 33 32
35 4 38
34 25 3
23 41 1
34 24 6
17 6 43
41 6 38
47 21 8
36 12 31
48 19 28
42 28 6
20 34 16
8 43 20
18 34 43
44 20 49
44 28 24
2 2 1
22 32 35
22 2 25
29 18 2
41 31 3
9 3 22
2 47 25
15 6 29
14 26 9
32 34 29
36 6 24
4 32 1
26 30 42
31 19 48
2 32 38
23 36 6
43 30 43
13 50 32
38 42 2
34 30 8
23 40 40
38 45 41
4 14 33
35 25 37
2 1 27
30 26 10
7 46 41
31 24 16
34 30 38
1 10 11
49 21 36
6 47 34
42 23 45
23 1 18
38 10 24
17 9 33
30 43 45
17 22 8
35 13 10
36 2 34
46 22 29
32 41 45
31 22 25
30 19 11
19 16 14
48 15 12
24 9 46
38 18 48
36 16 12
1 3 24
26 14 29
5 23 47
45 45 9
5 15 13
41 40 46
40 15 46
27 11 24
14 16 7
5 37 13
41 12 20
23 36 13
4 12 14
7 29 41
9 37 24
46 48 49
49 28 38
48 33 33
23 43 17
47 37 48
26 22 32
48 28 2
44 8 50
9 1 47
12 42 49
17 22 29
18 46 17
24 13 5
44 45 30
20 39 10
15 40 16
18 33 9
8 40 19
14 46 43
17 23 23
22 8 31
39 1 5
18 44 29
2 35 12
38 29 49
30 18 36
29 21 7
6 11 35
1 7 37
37 46 28
33 30 19
34 33 27
48 31 26
32 47 24
18 32 31
21 26 22
42 18 37
38 42 14
14 22 21
30 30 3
41 21 47
41 6 42
33 4 46
31 44 31
10 13 30
45 12 7
23 48 12
48 10 14
19 47 16
39 10 11
9 49 38
49 20 36
30 4 11
36 7 6
3 18 14
17 42 45
49 20 50
20 48 9
39 42 47
13 38 28
47 32 46
19 20 31
9 44 5
36 40 43
43 25 44
49 42 21
43 34 26
18 19 5
1 42 48
46 24 44
29 45 32
20 39 35
19 39 29
11 45 29
20 31 38
44 37 28
23 33 9
38 28 6
6 2 42
44 21 21
38 36 38
43 42 43
32 23 22
25 32 7
7 29 25
23 46 3
18 6 2
30 5 47
9 26 45
40 44 29
5 12 34
39 48 29
15 18 39
9 46 7
36 23 36
2 3 35
4 43 41
46 19 28
11 8 10
43 47 48
33 11 48
24 36 37
16 50 5
47 40 41
33 2 17
23 43 24
14 10 27
20 49 45
4 11 28
16 32 42
32 44 24
27 25 28
17 18 49
28 1 25
28 43 16
39 39 2
21 7 38
11 43 32
33 22 19
21 33 7
3 49 35
5 12 25
16 30 45
14 10 17
16 49 27
1 9 8
16 3 35
49 19 48
10 27 44
47 42 29
6 6 33
47 18 37
34 22 20
33 45 30
10 10 24
37 3 18
16 29 23
16 39 17
8 32 11
27 15 43
45 21 3
25 34 16
50 27 7
37 49 43
45 41 24
18 18 10
46 48 39
48 7 46
7 49 49
48 31 45
14 44 41
24 2 3
48 41 18
33 20 17
11 39 46
37 7 43
47 50 15
44 31 6
24 12 29
35 41 33
35 5 27
28 40 43
38 40 6
17 10 45
28 17 32
34 32 9
9 10 13
4 23 45
47 15 12
5 40 33
7 35 3
8 21 40
31 16 41
27 40 48
22 33 26
42 19 45
6 6 23
12 31 50
28 15 6
35 6 1
4 5 23
31 36 19
5 5 14
7 47 29
3 10 27
50 22 46
16 41 21
8 30 42
50 36 29
22 40 5
4 48 15
11 28 28
42 11 42
47 35 49
20 4 46
20 1 4
46 13 30
4 50 27
10 33 39
19 27 33
8 41 4
16 50 14
18 4 49
22 25 49
2 16 14
27 50 7
11 37 35
7 18 45
36 35 14
35 6 19
36 41 23
42 4 25
31 50 19
45 24 33
34 42 1
13 25 26
38 28 48
28 32 5
16 42 3
40 31 28
43 12 36
5 35 48
48 37 48
47 18 23
12 9 35
10 2 11
9 20 21
10 14 8
45 44 23
12 1 37
31 33 45
33 25 8
34 4 6
47 40 22
9 16 5
34 40 47
43 48 6
24 26 6
1 26 18
13 13 15
23 17 27
17 6 21
17 18 3
5 12 43
17 1 44
38 6 8
31 4 8
18 13 36
42 24 46
28 30 19
27 5 25
12 46 22
23 25 28
8 8 35
6 47 39
35 2 18
17 41 39
23 49 27
35 5 14
13 5 41
40 25 20
26 23 36
31 12 41
8 10 20
26 45 21
44 16 35
11 47 16
13 14 24
2 50 44
22 1 47
2 4 48
33 2 14
14 6 15
48 50 13
39 12 38
35 5 2
11 1 35
37 39 48
38 26 42
24 20 35
10 21 38
33 50 42
35 9 13
2 20 21
34 23 2
29 45 45
15 40 49
8 5 42
39 27 14
50 4 41
36 6 22
19 13 45
19 5 13
7 2 2
19 40 7
11 12 42
44 2 38
19 13 17
20 12 13
45 15 27
49 43 14
17 1 49
24 13 17
24 41 49
37 13 47
12 24 28
28 4 40
37 45 30
16 40 15
23 1 16
40 3 21
50 13 38
6 1 4
31 30 21
35 37 17
5 48 6
42 2 27
35 47 24
6 39 40
44 33 26
3 27 21
24 39 47
11 12 29
33 25 8
2 11 34
9 49 31
42 41 26
3 5 45
17 41 48
37 21 35
41 34 21
12 42 45
18 6 18
37 7 45
43 43 17
14 17 1
22 4 24
9 11 12
29 32 47
8 15 33
48 1 39
31 29 7
4 40 3
27 44 12
1 24 19
14 41 31
8 19 2
16 44 19
32 24 2
48 8 48
4 36 24
9 23 9
19 6 43
22 3 8
23 12 17
17 15 50
24 38 14
28 40 10
27 44 7
27 14 23
21 15 12
12 32 48
41 42 41
9 3 36
7 4 2
9 29 37
26 41 40
12 46 17
43 30 47
43 24 49
30 13 13
45 40 10
42 14 39
41 13 41
37 45 34
4 49 34
27 49 40
4 18 25
49 14 1
29 50 35
30 2 37
7 31 17
38 27 10
24 20 29
22 42 15
3 23 5
13 49 29
42 46 5
22 39 42
15 5 50
24 8 35
10 13 3
30 25 43
35 8 33
26 22 45
23 47 4
28 30 12
22 32 37
14 39 15
8 40 10
10 49 5
23 40 5
42 23 19
22 13 33
38 2 40
15 19 31
37 38 20
23 38 31
29 34 3
6 18 23
5 28 40
48 8 21
41 43 40
44 42 29
13 20 30
48 23 17
49 18 5
39 41 39
34 11 44
8 9 4
30 43 6
36 9 23
15 44 5
30 30 27
6 44 35
46 26 13
39 33 9
36 30 40
36 26 22
28 15 13
11 42 42
12 5 19
26 8 24
23 39 22
40 43 5
11 28 49
30 27 16
49 38 10
29 25 43
2 48 14
17 10 47
15 46 27
39 13 46
21 21 21
15 26 18
21 49 42
26 48 39
14 26 22
19 37 13
49 10 34
5 43 20
48 13 46
28 43 32
15 41 31
15 15 38
25 47 23
10 16 23
26 4 12
15 44 38
3 31 42
36 46 17
23 27 11
2 15 3
2 5 29
9 39 13
25 3 43
3 44 29
27 18 15
48 21 20
2 11 42
16 7 34
8 20 48
17 17 17
38 3 5
14 7 21
39 8 23
21 26 44
23 8 25
42 48 43
43 23 6
31 50 10
49 37 13
21 38 48
3 39 38
47 48 20
31 47 3
27 15 37
26 30 36
45 9 26
13 37 47
32 14 28
34 50 35
38 19 5
6 48 8
50 19 4
1 19 48
35 31 28
16 20 27
49 3 31
38 26 27
36 49 41
7 19 1
27 21 3
14 1 2
11 5 4
44 48 13
25 44 40
18 39 40
19 1 29
2 28 12
19 20 42
22 48 8
35 17 49
34 1 4
25 11 33
37 7 2
36 14 18
30 3 6
31 38 11
20 21 22
32 26 5
29 41 49
32 40 15
23 48 2
47 28 2
8 38 16
49 18 2
18 25 32
45 15 32
49 11 20
44 1 44
25 42 22
3 12 21
29 11 46
2 20 27
18 48 39
42 19 4
20 44 19
41 29 9
46 39 35
7 40 27
27 34 2
33 8 25
11 46 48
22 18 17
27 36 16
13 12 44
31 48 37
3 22 20
5 1 28
50 20 20
30 22 26
3 27 42
20 40 40
30 18 39
35 3 46
2 33 6
34 43 13
1 36 7
1 4 10
27 34 25
6 7 41
44 26 37
31 29 47
20 31 17
16 24 2
47 16 40
43 6 17
20 25 23
18 46 10
43 39 4
27 4 33
15 3 49
39 11 17
28 8 47
17 28 22
39 4 42
41 10 15
18 19 5
39 39 45
6 5 44
45 29 33
41 30 40
14 22 1
27 22 36
33 41 49
36 16 46
22 41 50
7 2 11
24 31 4
46 19 31
17 8 34
38 7 6
16 10 31
10 14 32
16 39 42
24 47 48
38 17 41
27 1 41
5 4 25
4 32 3
7 10 14
9 39 3
17 2 34
6 5 50
49 26 34
35 29 44
17 6 47
49 1 2
43 38 5
27 14 7
34 36 32
47 18 4
9 18 21
13 20 40
2 39 44
48 39 9
38 13 1
36 20 26
33 22 36
28 46 19
32 24 41
39 43 2
3 41 28
47 28 12
50 8 2
19 4 19
34 45 19
48 30 15
48 21 1
1 27 32
36 21 20
41 41 8
19 11 23
41 16 23
24 19 21
4 46 26
14 18 14
13 1 43
28 7 6
2 3 41
28 13 40
13 33 12
50 31 33
13 8 33
38 15 9
49 30 13
2 39 13
29 39 32
30 18 33
33 20 35
17 26 25
19 15 47
40 4 33
30 16 13
4 3 21
35 29 39
48 4 5
24 26 7
24 50 20
42 11 27
41 32 23
40 47 41
33 46 13
9 34 35
44 27 3
44 19 34
31 20 38
35 3 40
35 36 24
2 13 4
11 29 49
4 14 11
36 40 41
42 37 41
26 9 35
27 7 6
45 22 17
6 25 29
29 35 43
15 47 3
14 15 4
9 16 12
44 5 29
35 44 43
7 28 13
47 22 31
16 3 30
3 28 1
15 40 1
15 8 30
18 21 14
2 48 19
7 32 25
7 16 28
38 29 8
32 26 1
39 23 36
4 5 48
16 14 9
23 15 39
49 14 7
2 9 22
6 46 21
21 20 46
25 50 27
7 41 40
31 7 29
28 35 20
3 20 1
47 1 10
11 5 15
3 13 48
42 20 49
32 29 34
42 25 36
11 35 26
10 1 37
34 33 37
16 9 12
13 30 33
48 26 29
47 35 3
46 36 36
49 31 31
12 42 32
24 24 39
46 13 11
9 43 25
14 13 32
32 8 2
34 40 38
35 6 41
25 13 48
12 26 44
37 26 45
41 8 11
23 45 20
45 35 41
21 21 27
28 43 14
1 30 50
40 14 29
36 8 32
32 4 6
5 37 48
30 5 37
39 35 22
4 4 14
43 20 3
32 33 24
17 33 1
14 13 6
37 50 25
25 17 12
42 19 13
39 35 21
27 39 25
41 7 41
8 4 6
28 29 33
4 26 42
46 29 44
12 49 16
14 48 24
32 40 32
50 6 14
35 13 32
2 20 26
45 49 17
44 12 38
31 45 28
31 47 5
6 11 38
39 49 2
48 13 17
20 12 42
47 27 14
15 13 4
49 10 50
15 23 3
23 41 22
45 31 28
30 30 17
43 20 5
6 36 20
31 17 30
31 6 33
10 19 16
27 15 41
33 8 17
15 24 18
28 10 37
13 44 4
33 39 49
45 6 31
12 37 15
21 27 46
22 17 34
20 24 13
12 31 32
36 37 2
17 16 21
29 35 31
29 35 3
14 18 33
11 33 15
7 4 28
18 42 44
1 23 15
42 49 45
2 3 21
40 41 43
24 39 30
46 43 33
35 40 8
7 26 24
6 11 29
4 19 18
12 32 39
18 2 15
45 38 17
32 31 37
41 42 25
13 48 45
30 47 37
30 30 6
8 20 18
9 8 43
50 12 46
10 17 33
20 19 24
35 25 16
37 24 50
41 12 7
11 15 7
3 6 2
4 20 38
16 41 6
11 29 21
14 25 24
33 5 29
7 33 48
31 46 40
39 31 11
12 5 15
40 49 46
50 15 50
31 26 30
37 9 40
17 16 30
11 23 36
40 38 25
35 8 34
6 50 35
6 6 36
49 2 20
29 7 4
12 23 14
16 3 24
21 39 50
7 29 22
40 10 36
27 34 14
37 22 16
1 26 43
18 46 50
3 21 49
1 2 5
33 10 3
34 40 26
35 38 27
39 4 5
50 45 28
4 50 7
49 46 43
23 40 16
36 7 16
14 14 7
29 47 31
39 20 26
10 27 7
42 49 44
41 24 48
2 18 4
17 40 17
37 50 37
23 39 31
2 33 26
39 4 46
29 18 32
19 1 36
35 29 32
6 36 37
25 6 39
29 15 21
23 45 46
25 9 38
32 17 32
42 44 4
41 16 23
38 9 39
21 46 10
36 37 7
11 19 31
29 39 8
36 39 3
14 2 9
4 35 14
25 29 32
4 32 2
49 1 38
43 12 36
39 9 35
31 7 31
25 26 28
42 4 4
19 9 42
8 39 3
21 46 35
12 27 6
40 8 29
22 38 25
1 39 37
31 27 6
37 25 30
30 30 31
27 22 31
41 9 3
16 47 19
12 10 42
9 16 11
34 16 40
27 44 14
11 12 34
13 38 16
26 38 2
42 7 43
28 2 46
4 13 43
23 20 30
28 17 32
38 15 41
43 32 25
2 38 10
34 3 21
43 49 25
45 39 10
36 24 1
50 40 39
44 46 34
48 26 19
43 17 14
48 44 38
49 39 30
7 28 36
24 46 33
23 9 10
12 2 21
20 32 3
44 48 8
13 6 12
50 44 37
24 48 29
20 44 28
44 29 25
11 12 6
30 12 10
19 39 17
37 31 14
50 37 3
41 42 19
27 50 20
42 21 13
38 24 45
49 34 7
46 3 43
33 21 37
31 30 43
9 27 23
41 48 27
21 12 41
49 22 3
24 33 38
21 43 38
18 44 32
7 2 42
14 30 40
41 45 33
8 34 27
24 13 2
15 49 30
17 44 5
23 19 6
32 35 32
38 8 16
46 13 6
9 8 14
25 24 7
11 5 15
39 23 7
33 22 26
4 34 11
31 15 1
17 40 14
22 38 5
7 37 41
18 23 34
43 48 30
18 37 49
26 6 42
21 47 36
3 26 29
42 34 41
35 22 21
27 21 22
15 29 45
24 34 13
15 19 23
33 37 21
24 21 31
23 19 31
12 40 21
6 22 22
25 3 4
18 20 1
28 11 32
42 8 4
44 10 22
29 36 11
31 19 35
22 29 41
6 5 29
29 32 25
50 9 7
31 36 24
4 34 23
14 22 10
28 1 14
24 17 9
25 14 33
23 41 18
39 10 10
3 23 4
3 45 23
13 48 44
42 23 11
39 46 45
42 35 19
14 5 24
41 17 47
46 9 37
33 31 7
4 30 26
29 5 44
7 8 9
17 26 21
23 32 19
12 14 1
9 26 15
9 15 17
37 45 44
22 47 24
34 22 13
5 30 41
28 27 30
10 22 8
50 28 22
27 41 2
20 23 23
17 43 24
17 20 27
37 14 22
46 26 32
45 38 47
38 16 1
32 35 11
18 20 17
8 48 11
32 3 19
48 16 22
21 7 14
9 16 24
42 33 49
36 50 41
7 47 29
8 12 44
16 4 46
12 25 42
46 2 43
7 40 24
24 42 3
46 11 21
1 18 24
33 15 44
49 20 40
24 20 13
31 33 46
10 12 20
44 43 49
33 36 27
14 15 17
10 14 31
4 43 20
33 33 42
41 1 49
17 18 4
35 31 10
30 32 28
21 13 21
46 37 50
31 43 43
13 3 27
44 11 26
40 42 21
39 49 3
9 18 48
24 23 21
38 43 39
11 35 21
48 45 16
27 40 22
22 26 50
49 30 16
3 11 23
7 7 46
12 38 45
30 11 37
17 25 13
29 16 22
42 32 1
32 40 2
11 18 36
26 25 13
34 20 33
36 3 12
15 49 43
25 35 20
34 24 31
3 11 16
13 1 45
42 23 22
6 28 29
26 22 33
18 43 4
18 19 5
35 29 40
28 23 26
32 46 41
8 33 6
9 33 9
25 47 28
46 50 33
14 2 8
40 8 29
20 27 41
1 5 28
23 27 43
15 48 18
41 13 24
19 23 36
19 18 43
49 15 19
10 40 40
12 29 48
50 2 18
15 14 19
3 5 3
16 1 47
16 13 8
41 12 28
21 17 10
26 19 32
38 31 23
18 4 10
33 11 44
32 25 19
30 15 25
36 7 43
21 22 19
15 44 18
45 35 44
15 49 21
45 42 19
37 44 42
17 33 43
22 38 46
42 40 2
35 27 25
32 45 4
26 37 5
44 5 2
27 39 47
12 13 33
10 41 22
47 43 22
12 41 23
30 6 4
6 10 41
21 27 23
8 10 21
19 40 14
11 46 30
50 44 26
34 32 49
25 7 21
9 8 18
45 7 37
1 42 38
27 10 18
33 23 25
21 38 33
30 31 36
19 37 1
13 15 44
25 1 43
22 25 44
40 30 5
12 29 10
46 50 11
38 19 14
8 13 36
13 43 11
50 14 47
5 30 16
30 11 50
27 47 46
16 27 37
28 16 8
34 30 6
36 1 18
5 5 49
22 26 13
1 23 40
45 32 8
46 5 5
47 15 28
9 44 32
36 25 40
49 42 40
16 36 39
9 47 37
13 44 43
27 36 34
20 43 5
27 13 40
13 31 33
42 8 14
38 30 6
39 44 11
28 34 31
13 10 16
26 45 46
22 18 12
43 49 37
30 29 28
43 1 20
20 41 40
22 10 3
10 14 50
21 43 49
19 5 11
38 19 40
50 39 37
50 12 25
32 45 4
8 43 33
17 8 32
23 18 8
6 49 24
30 6 39
47 42 12
7 27 40
30 13 43
9 29 45
1 36 34
26 30 35
19 35 47
35 38 8
44 47 43
4 36 35
29 17 12
43 14 6
4 47 1
10 40 46
50 45 3
23 35 49
43 23 10
22 38 33
47 47 48
7 2 40
12 5 9
49 15 13
28 23 3
3 30 43
29 9 41
5 48 45
33 18 41
32 27 14
36 6 4
43 3 45
34 29 35
33 28 13
3 13 44
42 17 41
41 11 11
4 33 37
5 32 49
47 41 47
3 36 23
4 36 49
22 10 11
50 35 6
6 33 44
11 14 22
43 36 22
45 1 31
37 16 45
13 9 8
10 32 17
21 41 7
37 29 16
25 45 6
32 9 4
37 6 21
2 12 3
2 37 26
19 23 2
6 4 45
10 36 32
3 29 8
23 1 29
4 8 12
34 8 12
50 34 31
21 41 31
1 4 3
20 32 40
1 41 14
2 16 3
33 15 26
11 29 16
21 50 12
4 27 24
43 7 17
1 27 19
2 17 40
2 27 1
7 19 47
5 16 3
17 5 22
28 26 34
29 10 14
8 36 43
40 1 41
23 16 42
17 34 38
33 21 2
45 3 48
42 27 30
35 44 7
34 15 12
10 47 34
14 34 34
5 41 21
40 46 7
5 38 30
11 43 16
17 15 28
22 4 6
36 7 31
5 36 1
36 11 3
3 33 46
19 31 36
27 3 44
18 44 41
17 27 28
44 1 20
11 8 40
34 16 48
10 33 14
13 9 19
47 45 23
37 3 12
5 42 34
45 6 50
12 31 20
31 15 7
50 1 31
26 50 19
41 28 40
11 46 18
30 5 42
44 22 11
37 32 49
23 21 33
32 22 31
34 45 25
15 8 1
36 18 7
9 37 7
44 44 2
36 9 13
32 10 5
47 20 34
37 5 47
21 24 19
19 24 43
5 14 29
38 37 29
10 26 37
42 50 13
19 19 48
10 2 29
1 24 38
8 17 26
48 17 12
36 16 49
5 40 46
17 10 23
9 26 26
5 16 9
20 20 21
35 14 46
33 38 47
2 16 32
14 49 3
34 49 32
2 18 15
49 31 23
25 18 36
8 35 37
11 32 8
31 22 12
25 18 34
23 8 25
4 8 36
29 29 34
30 17 6
6 5 42
34 24 5
4 36 8
10 1 22
2 30 7
37 23 44
32 16 1
49 46 11
46 20 7
20 45 2
3 27 50
11 4 25
47 37 34
44 30 15
3 13 19
31 48 35
39 10 14
50 44 11
10 42 47
17 8 21
28 21 27
36 36 35
13 29 36
28 9 40
16 18 39
44 17 26
7 31 14
48 14 24
47 11 24
9 29 48
44 38 33
21 39 21
45 31 10
49 3 17
31 12 49
3 22 9
21 9 23
18 26 18
14 16 34
50 6 26
7 10 40
32 15 38
35 5 21
17 35 10
13 6 34
26 41 17
20 20 13
37 40 31
19 12 2
30 31 25
28 35 18
27 5 1
7 22 19
22 39 35
21 33 44
21 10 9
28 24 13
17 33 37
12 1 17
28 5 4
27 39 29
36 47 26
14 16 32
4 16 3
29 46 2
18 14 32
32 2 24
38 2 17
47 24 23
50 39 4
13 43 48
10 14 16
11 50 33
14 30 21
13 3 47
13 49 31
21 25 33
7 3 22
43 9 22
21 1 4
33 42 47
39 41 11
17 29 45
46 30 26
13 32 45
28 26 15
21 31 45
7 21 17
39 18 15
6 28 15
37 8 45
50 46 47
19 30 49
25 7 24
15 40 23
3 46 43
46 40 31
49 18 19
18 47 24
31 9 24
23 7 18
50 32 7
17 47 41
32 16 5
10 6 26
14 16 16
26 4 22
25 14 10
23 30 18
45 10 37
22 33 24
48 3 15
23 32 39
43 14 14
20 23 38
19 35 43
42 36 27
16 34 39
6 31 9
28 33 32
26 43 7
42 32 19
18 13 44
26 5 30
32 20 45
17 45 21
42 46 48
38 48 38
41 30 43
37 38 26
3 17 38
44 34 35
25 45 40
9 44 20
35 5 49
3 49 44
6 19 39
19 9 30
40 14 8
30 9 2
47 46 28
2 9 36
14 23 43
46 14 14
37 48 35
12 39 39
8 41 48
48 43 28
40 10 16
6 6 46
27 37 9
5 1 14
41 4 43
1 42 11
24 9 5
23 39 33
7 39 15
42 9 47
3 17 37
37 2 9
4 11 33
42 50 49
40 44 17
11 17 30
49 25 45
37 34 4
28 22 48
9 17 30
47 39 35
44 25 39
7 21 48
33 22 41
29 4 27
12 44 37
4 31 39
22 5 35
47 42 47
33 33 34
50 21 22
1 19 32
25 45 36
26 4 13
48 23 1
17 14 2
10 44 1
1 23 29
14 30 22
1 15 16
6 26 45
39 10 45
4 42 41
15 7 29
33 31 1
48 30 5
5 7 35
28 50 47
31 43 3
30 38 33
22 6 35
13 14 48
15 35 13
15 4 44
21 44 33
35 12 5
34 16 43
4 18 6
21 6 42
17 29 50
7 12 18
21 23 42
42 46 22
2 10 35
35 19 9
35 49 33
17 10 18
8 23 36
39 8 50
13 35 38
44 48 37
12 2 13
36 38 33
45 35 38
23 49 50
33 4 37
1 35 5
5 27 39
21 28 3
16 37 27
48 44 48
47 46 37
31 16 36
42 17 16
17 44 33
22 6 27
35 10 22
26 49 46
4 16 2
30 38 44
25 27 41
47 20 48
41 3 28
13 9 29
39 15 19
27 7 44
10 46 37
19 15 2
17 6 28
50 32 14
11 18 18
16 42 23
38 19 29
15 4 34
6 43 32
12 14 26
34 30 11
43 23 28
25 20 2
17 2 43
49 12 12
36 42 7
15 10 36
42 28 3
42 22 20
9 29 32
31 30 40
33 20 30
49 7 7
10 40 39
11 40 41
34 17 13
39 33 46
8 26 45
31 7 13
13 39 17
18 23 34
16 24 43
5 45 6
31 11 41
4 39 15
40 8 13
44 19 11
33 46 19
36 14 8
34 30 8
7 18 43
45 31 13
33 1 23
48 29 43
15 7 44
22 49 35
9 31 11
42 46 6
37 7 29
23 19 31
45 24 5
6 34 1
12 35 37
50 20 7
15 21 3
22 28 12
1 41 39
4 7 39
8 19 2
35 48 10
1 36 22
19 33 16
34 42 49
10 13 9
47 35 9
37 43 36
37 8 4
44 16 28
30 5 26
24 21 46
32 41 6
8 29 28
9 15 15
41 47 15
48 2 36
28 44 13
34 50 29
37 38 24
35 45 11
24 44 11
31 34 33
49 5 48
11 47 50
39 26 22
27 12 23
26 11 19
37 8 36
7 7 38
45 45 24
33 35 23
13 48 14
40 12 14
16 29 36
6 16 48
43 45 45
12 23 44
47 20 38
4 18 24
4 44 2
17 28 18
20 39 26
5 17 9
47 2 20
21 27 48
45 2 39
13 27 18
19 39 10
25 7 46
38 23 30
43 5 45
40 23 22
24 35 8
2 25 3
40 38 46
22 15 35
15 29 2
26 19 24
27 33 50
21 22 46
4 5 28
40 29 25
42 27 33
11 35 34
27 50 29
42 35 49
44 18 28
23 42 27
49 31 3
44 40 8
38 1 32
49 15 36
34 32 32
49 8 15
7 39 9
46 6 15
37 10 11
27 42 10
2 15 49
27 20 21
25 11 23
43 48 47
25 40 5
37 3 1
39 37 4
27 9 44
19 10 15
11 31 29
26 16 46
47 2 21
34 38 50
41 22 29
47 16 39
30 30 22
12 32 29
34 12 47
18 47 21
6 31 25
2 23 47
26 30 8
7 4 12
29 24 15
28 13 24
32 28 20
28 40 6
1 26 19
15 13 17
18 45 27
29 50 23
4 24 31
8 12 34
22 34 20
3 50 11
37 23 3
10 25 20
16 17 5
49 20 38
45 4 26
3 39 40
4 30 30
28 49 36
16 40 22
20 41 20
7 22 25
42 32 23
34 7 14
35 42 41
42 49 42
50 14 40
7 45 36
21 12 24
30 6 10
44 30 24
48 41 45
47 10 47
3 49 40
37 37 32
24 38 24
7 46 8
11 27 5
18 12 10
42 5 39
5 30 35
7 23 30
50 11 40
38 32 48
39 37 47
5 46 38
39 47 2
20 35 49
35 44 23
34 5 41
25 25 32
25 27 29
35 33 21
39 33 28
11 38 14
26 39 47
17 3 32
19 3 13
26 26 25
29 31 6
4 21 10
48 34 30
44 17 3
11 28 26
49 43 29
2 30 26
28 41 27
39 43 7
9 34 15
5 15 20
37 1 50
11 48 5
27 40 39
44 49 48
3 29 38
22 4 1
46 4 43
14 1 46
3 27 7
11 12 39
37 27 33
1 13 37
31 15 44
17 6 46
24 13 42
33 28 15
1 19 22
37 16 20
31 30 42
30 12 40
39 6 36
35 23 33
8 9 45
21 49 2
23 34 37
18 25 3
11 36 41
12 42 2
49 21 14
33 28 16
39 39 24
33 24 50
46 28 45
44 22 8
47 36 22
41 16 33
23 30 36
22 22 16
43 28 16
23 41 47
19 12 14
15 7 42
13 26 36
19 12 26
11 28 27
35 29 28
20 16 46
16 44 46
23 36 37
21 11 14
4 20 17
2 16 4
6 1 35
39 46 20
40 21 35
26 2 13
34 12 21
15 50 40
16 46 7
20 30 45
13 12 21
45 14 15
7 26 36
29 3 50
5 34 8
39 11 12
24 23 5
18 38 24
9 33 17
31 40 1
45 6 1
40 33 31
4 48 17
35 9 20
5 4 16
24 32 11
39 15 9
44 44 45
14 29 11
22 9 37
24 14 25
16 30 40
7 38 7
35 49 50
22 16 30
45 42 46
48 18 47
21 29 7
29 25 40
47 31 5
29 43 2
11 3 3
26 48 27
25 40 5
9 14 43
39 4 39
9 48 13
31 10 7
31 16 46
37 34 36
33 35 48
9 7 36
10 33 35
39 41 9
38 1 30
1 9 43
3 14 46
30 14 11
21 7 23
14 2 29
2 33 44
21 24 50
37 40 50
48 38 44
28 31 30
46 38 18
48 22 16
14 40 19
6 48 23
30 45 45
9 14 14
42 28 49
34 26 36
10 23 49
34 5 38
35 4 39
5 18 23
15 10 36
2 9 1
46 23 32
35 24 6
46 27 24
17 47 8
21 34 14
7 14 44
15 15 30
7 33 23
37 44 23
45 32 4
11 32 30
46 50 48
23 6 21
33 18 5
48 34 32
27 48 25
26 13 10
26 36 32
3 20 26
17 50 8
2 47 25
21 1 25
26 19 50
44 24 25
3 23 27
34 18 29
5 43 28
13 10 37
47 35 30
45 7 35
25 8 8
12 12 40
35 28 45
33 14 29
23 50 24
38 9 37
48 4 22
27 50 39
34 44 20
50 37 26
50 45 9
40 30 50
21 3 21
41 19 13
13 17 50
3 5 34
32 3 45
33 39 43
8 49 44
14 6 43
41 29 14
15 32 26
43 44 44
23 48 21
26 5 45
46 44 17
41 24 1
31 37 40
6 9 35
50 42 17
5 21 25
18 15 49
20 21 14
32 8 3
37 3 11
15 15 29
40 15 23
31 44 42
18 17 15
15 47 37
45 2 48
21 5 22
10 21 35
8 24 4
17 20 20
13 45 10
38 22 25
30 48 8
49 7 22
38 22 15
15 41 29
47 28 17
48 6 12
25 15 15
33 44 44
3 4 6
2 4 41
18 25 2
18 10 25
11 11 48
50 8 40
48 19 40
29 6 29
27 6 39
34 39 33
19 3 43
1 41 45
40 50 12
1 15 48
10 16 37
40 29 2
38 35 32
33 41 27
31 11 49
7 50 20
21 29 37
11 31 13
21 24 45
25 22 10
26 7 43
37 13 31
16 12 13
27 50 31
46 24 28
18 2 8
50 14 15
46 34 40
1 2 41
29 24 45
6 40 8
35 4 38
8 36 28
36 8 34
6 13 15
29 16 14
21 12 6
30 18 15
45 38 3
41 3 29
17 40 19
49 48 21
38 50 45
5 2 19
48 41 1
46 25 48
10 34 32
18 48 39
25 15 36
29 1 13
18 2 44
44 34 12
38 19 34
19 30 40
48 35 18
46 19 16
10 41 14
44 45 1
31 32 24
14 22 13
18 49 13
18 33 32
4 13 31
50 29 13
34 6 26
33 38 34
37 17 10
6 40 39
7 33 41
45 33 24
24 21 27
48 37 2
26 24 42
26 4 49
41 1 4
36 6 1
15 8 48
31 45 39
3 9 22
32 21 32
41 22 17
40 17 20
21 34 41
3 5 48
26 7 39
26 22 24
44 19 30
18 11 38
44 47 4
48 39 1
31 20 48
25 26 35
25 33 34
13 29 34
27 21 27
32 13 9
30 31 15
22 29 41
15 17 30
31 2 42
37 17 26
29 37 34
26 39 49
42 6 30
26 35 39
33 37 26
42 34 27
16 46 43
33 21 15
21 34 5
16 19 29
8 22 2
47 4 24
41 21 21
48 39 23
1 50 50
43 20 45
8 37 44
21 1 49
19 36 50
48 26 17
33 15 1
15 2 47
34 18 18
12 22 26
3 36 21
31 5 42
9 15 49
26 26 32
2 27 47
1 30 4
43 29 36
49 41 42
19 3 49
36 25 31
9 31 2
20 8 48
22 46 26
30 24 42
46 43 26
16 13 40
10 15 9
28 36 39
6 15 39
3 28 44
20 37 38
44 3 23
8 5 37
39 6 41
11 45 37
30 9 3
3 25 6
11 30 10
43 42 17
45 11 16
32 2 43
42 10 24
47 3 1
28 35 49
46 30 6
37 31 8
45 9 7
11 19 34
17 7 16
7 25 45
20 16 18
2 41 6
2 19 1
35 3 37
7 7 20
1 6 2
28 41 18
40 39 35
48 25 47
15 11 24
35 22 35
17 1 1
23 10 13
50 13 20
49 38 8
47 30 3
19 35 9
27 9 40
40 39 49
21 3 27
10 48 36
4 10 19
47 11 10
47 18 1
32 3 31
44 7 2
17 41 42
11 5 34
34 18 34
14 49 40
33 47 14
21 26 5
18 8 37
12 42 50
30 2 19
32 20 44
25 36 17
25 10 28
30 10 2
18 12 45
32 7 18
11 28 27
3 40 5
37 49 3
49 24 26
22 38 27
29 13 16
47 36 46
39 10 35
20 25 20
43 15 14
34 50 35
14 9 37
34 41 34
40 7 25
2 14 48
11 21 2
38 17 1
3 5 11
13 46 47
7 36 14
11 9 17
12 49 5
36 13 19
43 26 44
30 13 1
3 29 48
29 50 19
16 42 25
31 13 23
2 24 25
7 21 33
39 36 44
8 6 10
30 47 10
16 45 6
5 46 14
38 45 48
47 4 35
35 1 33
30 44 46
19 16 28
1 16 8
28 44 34
16 24 28
38 13 21
6 15 39
16 13 12
35 37 37
28 44 46
24 5 26
35 27 3
22 12 26
34 2 43
45 8 40
7 28 40
43 29 45
46 28 48
1 11 47
47 18 20
20 33 14
8 21 15
23 26 48
34 41 36
40 29 6
37 13 50
49 9 5
29 21 14
28 29 22
31 50 19
22 27 1
36 7 41
25 44 12
19 13 9
39 3 44
11 13 21
27 46 26
13 30 42
12 16 49
9 25 14
25 40 40
49 47 43
14 4 26
32 32 2
24 14 25
34 46 33
43 18 47
45 24 18
37 18 48
30 47 25
36 49 3
22 12 16
24 7 10
40 48 8
12 49 6
1 15 2
14 4 29
8 33 25
45 41 40
39 14 25
18 2 8
31 13 17
18 23 24
3 31 47
25 26 25
40 23 47
11 38 38
39 5 16
15 46 21
47 45 30
11 9 35
27 48 3
14 1 4
10 8 4
19 7 30
16 11 42
48 37 9
27 41 22
15 32 5
28 48 17
12 4 22
5 19 3
29 49 15
24 16 43
30 34 40
21 3 28
21 17 30
12 11 5
32 1 31
9 6 32
37 23 29
18 21 21
37 2 21
22 2 20
45 7 8
14 32 13
31 27 34
23 49 27
20 33 11
10 38 10
22 22 14
13 27 5
28 18 43
13 29 40
23 33 19
19 33 12
3 38 42
19 46 21
21 35 13
31 35 28
27 11 43
11 31 31
6 46 20
30 19 31
39 12 8
13 48 37
25 1 40
25 38 6
9 29 47
13 12 48
3 32 4
47 35 31
17 34 42
13 29 28
39 31 16
15 8 13
19 15 16
44 11 32
1 30 11
42 12 46
5 38 26
23 39 44
44 15 17
28 20 25
27 25 44
40 14 31
25 2 12
16 6 4
16 36 19
34 5 8
47 32 37
35 25 33
33 44 40
13 38 5
16 34 45
48 38 7
12 42 22
5 35 20
47 49 25
25 16 11
40 45 14
35 49 21
29 22 19
25 32 35
45 34 1
6 43 14
25 36 13
5 10 11
23 28 50
7 3 37
30 50 29
3 18 49
9 47 22
35 12 2
28 35 7
3 5 8
15 5 43
41 45 23
20 20 50
9 25 31
27 9 46
5 7 10
21 19 21
34 28 44
36 41 48
5 7 18
44 49 30
31 17 23
13 25 9
17 13 31
9 26 9
30 25 14
17 27 38
22 28 48
23 44 40
12 20 23
31 6 11
14 19 16
6 39 26
19 2 5
20 46 13
48 34 26
37 1 3
33 48 27
47 31 9
13 23 18
25 44 22
26 7 35
46 39 43
43 49 47
42 3 27
26 47 21
20 46 21
12 5 3
5 48 21
50 12 49
35 30 47
24 36 10
18 6 12
40 27 22
47 30 26
36 14 11
18 26 50
14 11 7
30 10 34
35 37 42
3 43 49
35 44 9
34 24 33
32 18 45
5 34 29
18 44 46
20 40 32
16 1 5
10 46 50
7 32 36
11 43 48
35 14 42
29 27 45
35 14 24
38 26 4
49 16 14
32 25 41
2 7 40
15 43 28
3 30 23
16 31 45
8 39 7
43 48 22
17 48 25
12 38 8
24 34 48
30 48 9
2 28 18
11 32 22
19 23 34
44 26 32
28 46 4
38 21 2
36 50 10
25 15 24
29 2 47
48 2 23
3 7 30
8 47 16
6 49 3
40 42 1
46 26 15
50 38 13
35 17 13
46 24 32
28 25 31
48 8 15
23 17 37
26 30 22
35 48 7
45 43 20
23 10 46
49 19 48
32 15 9
28 1 11
16 28 14
31 49 9
22 43 8
50 46 47
27 32 7
9 41 30
20 18 38
34 7 39
46 21 42
5 27 36
17 28 30
7 5 8
6 45 8
30 37 44
24 2 2
48 38 32
47 25 26
31 10 46
12 2 45
34 18 24
36 17 38
4 39 6
37 3 27
22 44 20
36 10 15
31 39 1
42 48 7
17 5 29
20 28 7
38 17 30
48 20 32
7 30 32
48 24 41
33 11 29
6 17 33
3 41 31
10 28 21
39 46 23
14 20 38
47 43 13
6 34 30
9 10 49
6 44 1
12 33 15
5 25 40
42 43 34
48 19 4
13 36 36
11 19 26
40 30 50
31 24 22
18 32 8
34 27 19
43 31 5
6 27 11
13 6 27
27 4 19
13 37 15
50 45 6
11 41 18
47 16 31
25 43 3
14 39 21
22 27 32
42 21 31
14 46 21
43 36 50
47 18 6
15 6 40
39 42 45
4 14 45
36 5 40
44 7 36
3 22 3
15 42 33
45 18 48
43 3 48
26 3 40
25 11 40
14 31 34
32 2 12
12 29 23
20 33 15
13 42 37
4 39 26
38 25 2
18 29 25
6 30 24
33 18 24
10 14 21
38 34 42
48 23 17
7 42 24
3 30 12
11 48 8
14 22 50
18 3 15
42 29 16
47 37 40
50 13 29
12 35 50
13 8 14
6 16 29
48 7 28
19 32 15
49 11 30
13 33 16
30 10 34
13 12 5
27 8 3
35 16 35
28 14 37
28 1 14
32 10 17
17 17 10
3 42 16
43 31 45
13 14 23
1 32 17
8 30 15
31 14 28
9 11 29
48 30 15
25 50 48
11 24 2
29 48 29
50 49 1
10 36 47
4 39 29
26 4 49
47 2 38
35 31 35
15 24 17
5 15 18
30 39 26
6 36 17
3 49 37
27 34 44
1 41 46
1 33 12
18 50 9
39 18 13
9 37 25
17 33 23
39 2 15
48 46 16
14 11 12
42 42 49
8 44 7
33 46 45
47 33 17
35 47 27
7 17 48
22 29 47
32 19 44
23 19 1
5 2 25
41 17 37
32 8 30
44 8 18
30 26 26
49 10 37
20 35 4
30 12 16
46 28 21
11 25 25
26 48 31
36 32 49
32 29 37
30 44 1
28 42 26
50 19 29
35 42 35
33 35 50
15 23 3
47 50 13
1 24 7
34 38 22
1 7 9
44 37 17
50 12 22
32 7 24
14 31 12
24 33 40
4 36 5
2 39 10
28 24 14
11 11 5
20 3 40
13 49 37
6 24 41
8 13 5
25 9 41
27 13 4
32 36 9
22 20 41
22 31 39
2 41 49
35 4 21
30 14 26
9 25 16
12 37 30
2 42 37
35 13 10
34 5 5
39 8 35
14 8 42
39 28 6
36 26 21
48 27 16
6 7 39
46 47 29
22 24 1
12 27 21
31 39 27
34 44 31
39 33 36
48 1 25
50 12 46
26 21 36
10 48 15
50 30 13
23 22 39
35 7 18
41 7 43
1 10 15
25 15 3
50 13 5
45 50 15
1 33 3
25 7 29
24 24 27
16 10 12
49 13 5
7 7 8
28 27 38
46 21 10
38 3 37
50 2 2
39 4 47
45 13 17
2 28 10
43 12 1
34 22 7
50 36 3
49 11 43
15 37 7
3 34 5
45 41 23
49 19 30
27 19 44
48 41 2
39 19 47
28 41 8
24 34 19
28 45 5
22 25 15
48 18 18
37 16 16
50 12 38
33 34 13
19 45 42
43 3 34
38 34 18
7 25 41
11 38 19
37 22 40
18 37 29
33 24 26
17 15 5
17 49 8
35 9 8
2 4 19
23 33 50
14 35 11
46 36 11
50 33 4
7 40 26
30 46 21
2 26 42
40 50 10
49 8 37
25 43 12
