14 49
28 49 27 35 12 32 36 31 24 48 19 24 23 15 9 19 2 29 18 13 3 25 38 37 18 5 41 22 29 17 42 30 47 15 50 48 25 10 47 49 34 5 31 20 33 9 21 23 43
6 11 47 20 31 13 29 30 36 13 34 40 8 11 39 13 1 45 31 27 16 16 21 45 34 24 25 38 50 5 38 47 5 40 16 30 9 37 14 9 50 2 23 31 7 31 7 46 31
11 24 46 12 29 15 28 43 22 21 19 28 38 11 22 17 6 25 38 10 4 38 26 36 4 10 30 40 24 15 47 1 7 50 41 41 39 50 5 23 17 45 45 13 48 7 11 22 1
39 42 41 28 1 41 46 6 41 21 7 50 45 39 9 50 8 23 18 22 21 21 48 29 18 37 8 13 27 47 6 7 49 46 14 12 33 15 16 25 12 17 30 13 37 23 32 44 33
2 23 26 28 6 18 11 23 2 37 35 32 26 4 50 44 41 17 10 10 29 20 11 21 48 26 18 26 32 12 47 21 12 4 14 48 4 49 2 4 17 24 41 25 3 12 4 39 25
17 28 6 43 26 23 42 11 12 33 40 45 22 12 19 4 32 7 40 14 48 12 15 1 14 36 18 3 9 41 50 43 7 12 25 14 7 4 34 35 37 17 32 14 45 31 45 21 41
15 5 26 27 17 13 46 27 21 42 20 28 36 38 15 39 46 20 48 18 27 16 20 25 44 45 5 24 23 7 47 24 29 48 19 47 8 41 1 19 6 31 18 18 43 23 48 5 38
47 40 34 30 33 27 31 26 5 42 34 37 31 24 12 8 50 6 4 24 25 48 37 11 16 19 49 37 14 43 46 29 28 20 10 40 6 14 40 37 48 4 43 49 34 43 11 37 41
41 25 8 47 24 43 13 43 32 17 1 9 43 45 46 35 23 15 16 21 47 5 20 36 21 4 19 42 37 23 44 1 43 6 49 25 20 21 32 34 15 44 25 35 1 17 41 20 6
18 11 9 28 3 43 48 34 18 5 33 2 4 27 8 44 44 50 36 50 15 33 4 44 24 21 50 17 37 10 3 34 49 14 23 46 41 9 38 44 21 36 12 33 31 18 6 35 42
1 41 29 23 7 28 11 9 34 5 44 22 48 15 18 36 41 27 31 25 29 32 24 7 6 15 18 4 4 6 27 16 17 25 40 46 10 46 4 9 17 18 11 36 8 35 49 27 17
7 39 31 10 34 37 42 31 33 34 13 16 33 47 14 33 4 28 16 36 27 10 34 32 32 23 26 40 49 3 37 48 3 40 7 40 13 1 2 7 30 38 37 21 6 8 10 49 46
38 6 21 43 3 33 48 14 33 8 11 25 40 43 7 31 33 24 10 37 40 42 35 17 24 23 48 16 4 23 9 29 35 9 42 42 23 13 26 11 9 44 44 9 40 40 3 38 38
12 13 11 25 29 21 12 29 30 19 21 15 38 27 21 20 4 26 48 11 16 13 27 24 19 19 2 24 43 29 30 46 28 44 39 7 41 9 35 16 28 6 32 14 40 23 1 23 4
