36 39
16 2 10 46 44 40 36 41 34 46 21 34 6 12 43 2 28 41 16 12 2 16 46 22 49 23 10 28 42 26 29 16 16 28 9 20 46 20 44
32 42 2 44 50 36 42 47 30 50 32 42 48 42 17 50 20 29 44 30 24 20 24 50 34 2 31 38 18 28 13 34 24 30 16 44 43 24 24
8 7 18 12 18 13 38 9 32 9 6 12 36 10 28 2 36 10 32 34 36 50 38 24 35 44 9 12 38 4 13 47 4 16 13 25 6 21 40
12 33 2 6 38 7 22 1 24 22 35 22 50 36 18 48 5 7 18 16 1 8 28 41 19 41 1 6 40 12 22 30 40 38 36 41 24 11 20
3 26 24 40 37 21 50 43 23 26 41 25 26 36 13 30 3 37 8 27 11 38 15 39 19 43 27 6 6 14 50 5 9 44 39 11 48 50 49
21 40 16 36 3 13 6 47 27 37 38 41 14 26 21 8 23 11 10 33 11 4 20 44 47 13 21 14 4 44 41 32 41 8 19 31 47 14 32
14 46 10 26 26 26 4 44 24 4 36 46 14 40 34 10 30 13 50 4 2 22 4 4 34 10 25 44 36 34 38 2 42 36 8 40 29 24 14
19 28 48 19 22 41 22 46 45 17 3 14 34 2 22 13 10 15 22 39 44 1 22 5 9 32 37 17 35 26 42 23 31 14 37 40 3 19 41
14 31 22 20 6 19 40 22 22 35 37 16 38 30 31 38 45 17 50 28 6 46 12 45 32 1 11 38 48 28 35 33 37 18 29 45 48 48 28
43 39 20 15 7 44 28 32 35 32 39 11 46 34 3 13 9 45 6 16 24 24 2 10 9 35 22 50 43 28 25 17 20 41 1 17 29 15 47
38 40 26 32 40 39 14 25 50 19 38 16 46 48 5 38 35 22 36 21 34 48 26 24 33 20 49 48 26 6 41 9 34 16 26 45 3 6 39
38 37 48 24 8 43 38 41 25 22 15 36 4 38 50 24 12 1 30 6 32 50 46 48 21 48 3 10 4 32 25 11 46 16 32 15 34 18 16
50 5 6 2 30 24 20 27 30 24 18 12 46 30 33 22 44 50 42 2 40 24 36 32 50 3 42 22 22 16 35 40 4 46 40 7 41 29 6
46 15 19 27 31 19 28 31 34 17 8 41 44 16 20 33 33 4 29 29 41 14 3 34 3 34 50 15 21 22 1 6 14 33 17 36 37 1 18
26 29 16 50 19 20 40 3 25 19 27 3 32 32 37 6 47 43 8 11 10 15 36 10 6 7 38 40 33 2 17 31 46 29 35 15 16 37 49
10 32 34 4 12 2 42 3 16 12 50 42 36 16 33 40 24 33 30 38 18 34 16 10 30 34 14 36 48 24 29 41 14 38 30 4 31 2 12
39 15 3 21 3 25 36 8 11 8 29 4 37 3 47 35 39 4 21 35 31 40 16 20 18 15 33 35 32 37 21 22 45 35 42 1 1 6 44
48 35 34 18 18 39 22 47 22 30 49 38 22 40 5 6 10 27 24 18 32 22 14 28 37 12 26 14 14 44 27 22 50 12 22 21 25 17 44
49 21 42 14 45 13 26 39 38 39 39 6 20 44 22 7 35 26 30 47 18 45 11 11 36 5 32 46 3 4 28 23 43 26 37 7 43 20 11
40 25 6 22 36 42 16 31 7 45 11 28 24 6 13 40 3 48 10 6 16 14 44 5 31 19 43 50 10 30 2 9 50 24 7 31 16 49 4
5 35 10 13 43 29 45 32 33 15 10 29 36 47 6 7 12 21 27 13 21 49 11 31 32 49 2 17 3 21 17 11 49 12 21 36 30 3 47
34 46 50 44 4 28 18 19 48 6 41 50 2 14 13 50 40 1 48 46 12 30 46 38 50 14 49 14 6 34 28 19 32 48 50 47 27 37 42
2 2 46 6 18 40 38 24 26 48 12 4 14 10 47 34 24 50 6 24 10 40 26 14 40 48 23 36 18 22 12 27 30 20 41 25 37 6 48
48 10 14 34 28 34 44 24 30 42 19 38 34 10 7 26 44 29 18 34 2 46 12 18 37 40 9 18 28 16 30 9 8 26 28 7 28 9 30
28 12 30 32 18 18 16 24 46 48 1 20 22 36 17 18 26 39 44 18 34 28 4 22 2 16 26 46 4 16 28 3 10 20 42 38 31 38 22
43 27 28 34 42 1 4 45 32 9 47 10 2 50 40 18 3 9 44 1 34 38 4 1 41 36 43 6 16 46 47 21 23 22 43 42 16 49 34
48 11 31 32 34 47 28 27 19 29 9 41 16 14 40 47 34 11 32 43 5 3 25 45 14 34 1 46 41 20 12 15 3 14 15 44 1 21 38
27 40 4 42 3 27 36 22 34 8 23 28 38 28 44 24 41 11 34 11 5 6 50 9 14 3 41 2 26 44 48 29 20 4 10 35 26 50 28
5 21 18 31 47 37 49 30 39 11 33 45 15 5 35 25 11 29 39 21 31 3 17 13 22 27 39 5 7 37 7 45 23 16 39 45 32 27 13
9 33 5 31 13 31 20 48 3 6 17 12 6 22 23 11 32 41 13 13 1 43 32 45 6 9 26 21 41 9 21 43 39 35 30 15 3 20 47
22 22 22 48 39 21 50 39 21 8 33 13 2 34 15 46 33 34 4 37 26 39 45 23 21 10 16 22 14 44 22 41 40 42 18 29 28 31 23
16 26 44 2 30 28 20 27 38 22 34 24 28 24 28 44 34 13 46 18 4 50 38 20 48 8 7 38 40 44 50 25 14 32 46 13 14 40 30
10 13 34 22 16 13 48 17 17 35 16 12 16 42 15 4 10 44 40 2 32 14 16 17 23 11 23 38 46 20 35 3 2 22 9 7 40 49 26
30 42 30 39 45 5 30 42 32 17 1 34 42 47 1 12 47 31 3 15 18 9 12 39 27 34 26 48 37 12 13 13 8 29 14 39 8 33 19
43 23 32 36 3 45 16 34 7 12 49 31 24 36 14 45 3 40 2 25 8 35 7 35 40 7 2 40 42 8 34 9 35 40 22 15 3 3 41
38 35 20 36 22 34 34 15 19 41 47 22 18 44 25 16 13 50 4 21 24 2 16 50 1 39 37 10 16 44 22 20 16 2 15 33 34 25 42
