18 18
218 127 196 213 118 80 29 102 274 37 71 17 179 154 270 297 243 320
224 129 191 215 122 84 20 98 281 42 58 5 177 150 261 291 248 307
225 136 198 206 110 89 31 107 280 38 68 15 164 148 260 298 235 322
221 137 194 208 123 82 32 95 279 48 66 7 168 157 263 306 244 309
222 138 183 202 113 81 28 93 276 47 60 2 172 158 256 290 252 313
232 142 181 216 117 77 23 105 288 39 57 1 174 147 255 303 239 319
229 135 193 212 124 85 24 104 284 43 64 4 170 146 269 289 249 318
217 130 187 207 120 88 30 99 286 52 70 18 167 160 257 299 240 324
226 134 197 204 115 87 21 91 271 53 65 10 171 149 262 294 245 308
223 143 190 210 121 76 25 103 282 41 69 14 163 153 268 295 236 311
220 133 186 199 125 73 35 106 285 40 56 8 165 155 259 300 250 314
228 144 192 209 116 90 26 101 278 50 55 12 166 151 265 302 238 321
233 128 185 211 119 79 34 94 287 49 67 9 176 145 253 304 237 316
231 131 189 205 114 83 27 96 275 46 62 11 173 162 264 292 242 317
230 140 184 201 112 78 19 108 273 51 72 13 169 156 266 293 247 310
227 139 195 200 109 75 22 92 272 44 59 16 180 152 258 305 246 312
219 132 182 203 126 74 33 100 283 45 61 3 178 161 267 301 241 323
234 141 188 214 111 86 36 97 277 54 63 6 175 159 254 296 251 315
