23 18
59 97 123 361 101 51 52 175 341 171 143 205 375 411 5 380 119 289
406 218 24 150 19 17 181 318 345 22 103 145 347 12 21 232 373 28
23 33 160 63 8 125 310 55 190 155 223 168 378 196 183 402 265 217
115 173 134 91 404 44 247 204 317 83 328 254 294 286 225 198 237 353
89 311 11 263 323 84 73 14 299 248 191 291 146 209 259 156 193 314
215 32 202 403 384 166 333 324 43 194 365 158 213 287 362 76 129 114
187 240 220 390 276 4 322 95 295 401 41 45 58 30 92 210 296 379
124 216 128 226 157 304 93 283 342 99 408 169 132 49 188 153 243 298
262 280 94 65 269 394 305 6 409 195 37 90 288 27 389 270 127 334
207 272 48 214 388 367 357 141 356 368 271 344 36 360 393 108 370 354
38 152 307 229 316 72 413 374 79 412 253 203 348 302 151 57 182 47
74 60 3 392 70 326 26 331 107 241 398 116 85 133 185 252 144 405
34 306 167 258 371 366 140 86 395 15 312 383 301 293 300 264 224 82
174 186 75 161 329 162 110 352 68 29 87 1 244 61 228 35 137 391
260 343 98 189 275 25 163 10 400 88 131 170 251 106 346 67 321 69
273 369 111 313 290 339 221 335 257 142 66 164 31 303 100 284 46 200
197 9 355 16 222 363 177 414 126 165 246 117 138 376 105 64 308 172
327 219 377 227 242 104 330 206 249 154 256 332 212 201 364 53 199 319
77 236 261 325 245 113 147 139 184 386 320 159 122 278 211 239 268 274
350 102 96 351 292 397 118 54 358 340 385 135 382 396 7 233 309 230
192 399 234 178 407 279 267 337 250 13 56 71 121 336 176 50 282 20
387 338 372 180 39 130 40 62 78 2 231 359 315 112 120 208 277 238
148 410 297 179 285 18 381 281 149 81 136 42 266 109 80 349 235 255
