304 708
474722 364718 369980 365183
965700 957785 541398 958855
547949 959044 543930 960267
447838 183256 174001 183909
589599 815910 683281 817243
748863 880052 905566 880834
168627 438131 204854 447692
814853 982624 590302 983584
531425 646829 669130 647262
483661 50528 210716 50705
550804 731737 699387 736167
584226 522139 892581 523156
321767 80242 485953 84652
538682 974736 864181 978796
589509 580387 904776 584305
700065 709465 674034 711233
4985 373337 190317 375877
430244 137394 148639 140727
521450 897478 566595 898453
925098 889806 692193 892097
335928 240496 154228 241582
318871 265022 143657 266749
720079 756847 959980 757291
558151 875931 685549 878581
333955 155007 154827 155070
517642 969237 949250 970177
480033 264106 167144 264464
78533 195607 395150 197909
730519 786453 727121 787419
478524 205388 363434 209510
460844 45852 133898 47437
242105 11537 21362 16721
397549 254388 115835 255891
40262 214354 393283 216865
432930 127056 94487 127380
526051 935083 771336 940722
874460 965498 789211 966410
764181 629592 951020 630336
485434 85842 385193 86362
468498 4049 17471 6815
137864 233049 187388 234226
322864 464267 78041 464430
376846 354559 495731 354756
315268 11341 401915 11532
403660 426254 364387 427502
951931 494201 623013 499316
850178 773849 759063 774654
512452 801499 534658 805078
777568 805697 528676 806384
454691 112345 484775 116207
895856 987037 906752 988771
595403 893686 875953 897292
328626 376691 153294 378372
100576 257637 154778 261045
787537 476766 673087 477067
404537 263072 57117 264083
730823 755625 943825 755662
748762 754017 718698 754566
13097 109942 409940 110619
327490 404783 126246 404854
575878 485963 930111 486944
774081 706654 600682 707378
627510 829937 850969 830983
93599 128210 148471 128473
109062 427673 201172 431406
880454 520465 755350 521731
417912 187991 32525 191164
137081 234759 492723 235475
746010 576819 872483 579870
692654 948035 681016 950394
157715 252755 328392 252861
526498 556121 831706 561484
660212 620782 873647 621546
995090 535873 801529 536078
763805 752722 971100 753697
890533 474304 908342 475657
898335 968572 713484 969099
509903 910395 544925 910806
161694 171913 69848 172828
165398 384051 438122 390959
527953 647831 715660 648534
576011 810226 938010 812334
63141 127606 72739 128111
127088 219284 196524 221923
371977 283050 76765 283394
493837 334919 51392 336930
860587 653202 969904 653933
673757 503812 934050 509654
855157 832283 594835 838805
291127 459703 39118 461717
637413 640422 742953 641743
332697 170956 93804 171245
478715 423321 471585 424900
780079 797523 797733 800171
136078 351992 456126 353142
375090 401355 64577 401414
565380 740700 916608 741083
441485 346450 102672 347321
534331 664586 801972 664691
559111 591533 908896 596588
240204 169370 237641 169870
889882 540083 718933 542847
902717 532294 636426 532390
565346 784237 974460 786284
945737 551033 823834 555219
595647 779782 869952 780802
885901 826365 914780 827271
71807 181451 282114 182636
367619 184805 294240 186353
204383 40486 381591 41152
749825 513576 517859 519852
411796 366696 247909 366821
71221 121303 261567 121667
936539 924432 734209 927560
228300 343422 497161 344489
413423 338997 350363 339061
591994 857955 919381 858952
47786 367855 454463 370490
407369 348303 278220 349311
460632 174753 83091 175385
41740 59936 163651 60235
445623 248733 378340 249498
643534 531728 669708 532285
931400 758795 528145 759830
665524 929188 634925 931756
315591 91217 134258 91657
979986 993224 711450 993801
196255 322094 5837 323661
658203 907369 705536 909806
823692 911206 918988 911602
379930 321055 188296 321575
125385 96854 119899 97495
410094 365931 326054 366441
79 331964 42138 333346
679410 943840 909553 945739
34637 466133 304027 466182
812436 994706 586400 997523
889855 741420 591894 744880
429739 179515 324562 179648
940590 665621 758663 666570
813286 933244 690171 934295
822897 727101 969179 728310
635058 998596 508772 999647
52022 337014 144462 338340
306096 63405 196671 67042
659471 882866 590429 884431
853960 561594 624696 564484
686109 839101 540028 843711
726613 696670 862800 697491
49300 354760 395995 355803
170505 209714 392340 210914
159782 57720 386203 57905
444362 304305 280222 309383
653480 527888 505061 529249
827866 882070 832525 882297
336630 293770 181164 294036
386763 123921 235633 124429
970030 878894 955337 879976
731270 680376 849951 682413
788066 738067 933070 739022
990950 844812 947868 850521
262095 130232 355912 131193
876910 543127 811362 543660
507662 475789 572155 476536
899567 788017 836142 789084
200939 468890 148136 472372
337660 280184 365116 282482
255018 272002 355360 273911
728541 943127 997200 943656
877224 608459 970869 608519
833966 723611 718918 725756
519218 658205 607844 658267
66640 382840 482365 383525
619968 585965 659374 586783
565794 657338 699914 657898
841176 662670 752720 663780
92043 380143 284270 380992
977925 791626 639225 794412
63281 405679 118815 415379
211016 98210 188438 98487
494278 192210 266728 195205
685960 950412 746459 954735
514864 538590 849256 539040
787605 512656 610313 512716
642134 573627 823121 573695
612939 887397 902381 889026
834756 619694 910847 620114
154557 395714 317991 397005
479763 32663 287501 35775
288779 122592 272108 123902
834310 605648 875273 606117
590812 679554 625644 679565
706482 695692 673044 696507
11741 19037 162784 19748
504005 570798 504051 572926
457933 41299 133132 41304
894521 915072 704570 915119
108249 27069 107082 30499
30077 178435 444576 178961
320700 125821 487045 126279
43103 116483 456689 116622
165624 35848 333799 36662
94030 296704 351897 300699
977904 873682 992342 874425
454931 78689 150754 78915
80863 326453 356506 327810
126632 295219 461590 295244
116342 8633 17287 10561
184789 75496 465313 75849
459641 223804 66022 225934
710117 763851 970435 767756
133778 395148 447316 395291
907546 955650 821956 955797
102728 434409 349936 435117
24416 330057 145249 331598
510004 485167 563349 485577
133175 180523 13091 181260
114869 289672 498889 291278
36767 42532 441428 43039
389188 371569 354792 371715
262753 464717 19141 465421
517554 972428 560532 974235
279852 454454 382307 455855
558338 609632 696711 610618
962876 899628 575848 905728
335763 361213 72278 361809
167549 102857 380778 102990
598580 728581 610125 730039
967721 543946 687398 548826
786832 932119 752384 932381
391644 92123 202269 96750
992576 691746 668227 692874
746864 487376 873351 487766
874126 814125 851876 815033
91210 451314 37312 452214
943058 823811 567132 825648
128782 355848 488159 359233
923283 778297 631179 778785
588645 713260 529628 723427
102427 118702 352915 120141
48573 420861 372769 423088
607533 622798 929144 624371
907725 874470 526242 875617
27097 54582 385732 56471
404079 25823 336520 25994
624886 730525 942945 731035
204116 41737 446955 41899
986419 632271 893563 633363
419592 77152 386042 77200
183824 141547 148430 143365
108306 235706 303625 239043
933689 961991 532421 962230
738602 648602 718624 649207
471097 47693 36929 48042
486405 339182 83113 340036
339674 417245 410994 417789
667476 634690 973991 638330
769120 565146 556396 568735
532482 674375 537964 678649
764894 615044 920263 619218
571281 859663 858249 864662
131197 165506 143925 168121
56974 43369 27853 44752
465979 392503 112751 393182
89694 61188 86343 63347
680041 750496 524966 751157
636353 989564 525599 989875
139463 89120 446951 89483
912168 704021 892165 706576
102471 72739 464688 72927
255057 316865 173076 317364
795467 980367 675130 981704
383682 242358 495669 245290
168427 200093 469998 205339
478057 106613 76390 107122
13943 314115 127824 315938
555772 898897 735275 899415
618698 670976 946116 672313
474584 378747 243102 380048
511529 477178 602957 483856
811976 790391 830346 790768
418729 227966 457680 229957
505310 584434 758802 585264
133173 135130 37648 137037
906008 660767 605662 661481
651647 586790 731648 589376
186197 104093 407814 104492
469600 151413 452700 151564
287240 277284 336037 279261
826679 589853 502490 590838
35608 466730 392076 468039
111833 160179 358330 163755
854386 472775 741438 473466
384824 149297 488182 150975
827716 919306 776261 920523
180554 261410 483104 261740
898091 726576 994256 726894
412792 51593 182683 52899
316113 341446 39380 341498
970667 600599 759527 603995
833883 666765 765664 668877
583008 915688 567141 918877
502879 698676 803903 698973
368238 222472 106222 223725
1778
1010
182
660
1730
1706
1668
1139
253
331
988
840
84
1623
1536
412
1055
344
1523
191
1406
616
1895
1263
1680
1407
1042
1231
1453
1590
883
1962
1862
438
665
1419
349
556
1495
675
474
880
1402
691
1111
801
1458
837
1740
1596
736
97
305
1304
1074
991
71
1431
890
226
1800
1420
1465
1247
1614
264
680
1752
1504
1751
1244
602
1370
1679
1505
1513
299
2
962
528
988
457
852
1080
893
580
502
990
28
1189
1224
152
1203
1465
1313
1977
429
1403
261
560
1597
1501
1681
60
1760
1795
1753
1371
160
1802
1664
60
99
1992
1188
476
405
699
724
1390
637
1379
1762
1628
1138
199
1450
438
1269
981
670
1720
1757
766
182
1104
116
142
1937
1353
828
314
1216
287
1859
1411
1016
739
1509
1125
515
348
396
473
1762
399
293
1841
1851
638
307
1158
673
1045
1339
1306
207
1927
1870
156
884
871
864
1845
713
1754
1902
307
226
805
1114
739
331
362
897
142
1971
214
460
675
130
1367
1602
685
1535
1483
1044
21
1600
246
1243
471
1788
310
1114
1297
1029
1248
1246
202
419
793
140
1823
865
1044
1401
585
1860
282
1231
1381
1402
990
243
1021
1313
258
15
1846
1517
1690
1092
514
977
960
1110
645
562
1899
380
1338
986
958
1810
846
839
1000
1212
480
1922
1919
1164
1300
1383
300
1305
58
1192
1519
480
1748
1662
597
678
165
190
369
915
1327
852
1211
747
1738
1018
1070
1294
1997
1668
1963
1456
774
652
1915
1656
351
232
127
198
755
1754
131
715
1047
377
1796
1605
516
1155
1662
206
1308
1937
1887
1447
1014
204
1213
775
1918
1232
391
1911
590
445
625
830
373
1636
1099
75
1916
1597
19
1704
567
1941
790
1885
657
785
1309
1666
104
1190
1012
1162
1380
1274
64
1282
1467
674
1620
626
1375
317
381
135
1017
1654
576
1591
563
1045
354
692
306
11
225
982
1710
1330
132
1384
715
844
1490
1763
970
556
974
541
529
697
5
1865
1984
583
262
626
795
996
1686
887
1960
268
873
1933
1687
210
195
1962
102
1420
658
986
144
1996
255
317
381
1030
1235
588
440
19
1238
242
1230
467
1939
454
481
1013
1488
1642
984
132
1856
832
1067
219
221
257
1114
1538
170
1203
1389
1926
162
1442
1719
352
1025
968
9
1350
428
1737
999
1952
1017
1764
299
1928
1744
606
1895
732
30
1113
1969
539
426
723
1034
243
957
934
498
445
1879
656
1405
149
1485
526
1954
937
496
434
829
1858
534
770
489
1099
1909
1485
1776
1467
1728
923
1194
1122
1933
1520
1951
1440
1510
984
854
1881
1030
1283
891
455
1010
728
1567
1270
604
410
377
635
630
1623
1398
749
27
1363
915
55
238
1943
426
1891
1394
1416
959
51
834
1499
1698
1221
116
1325
476
1265
942
1914
357
1227
1614
1995
931
1914
781
865
1347
1121
1933
1392
569
1897
1411
1798
1961
602
267
737
1930
390
382
947
18
1672
1804
981
1420
385
622
1129
1662
1802
242
338
1208
693
79
1808
1532
1664
1802
1548
895
1484
89
1763
210
944
1639
526
1635
1672
70
1886
740
754
790
1195
1715
1334
779
61
944
1061
1042
1557
100
326
933
983
48
1252
1038
1252
1855
1103
437
769
329
1810
74
1853
86
84
571
60
595
846
421
489
1782
1111
816
182
20
1811
700
539
1094
1895
1888
810
1088
890
905
156
797
1436
673
249
741
703
764
194
977
1593
1138
1457
358
407
482
1367
67
1955
405
1457
766
476
285
1701
808
1729
1284
1159
1622
1250
1719
1735
1702
539
1876
962
351
1392
1110
1483
96
1828
717
1204
633
541
1364
182
153
593
1882
985
358
1722
853
1190
1989
1993
927
1180
528
102
124
1350
411
1502
1910
