500 1000
290823 445692 108996 446239
907531 549275 786226 553196
645381 951099 501788 952214
666338 615292 545861 615362
210983 219137 106740 219341
149159 293247 297088 295106
64848 45476 335745 46489
433023 421014 135281 422717
43761 265645 225223 266510
576135 963347 977018 964151
794205 987819 882069 987819
162375 209345 128231 210877
858264 510987 563103 512310
901713 939944 699691 940439
750423 559361 856493 559751
847328 993356 944943 993395
464183 159940 29819 160692
157272 58598 180113 59906
890421 956324 637086 957933
144998 259168 258079 261023
642660 727744 686062 728643
732944 993865 531769 994859
452658 85223 496497 86615
801258 633300 639081 633594
760595 924043 966880 927900
32502 56667 102867 56756
263049 390497 356620 390925
792147 819052 563751 819410
122884 326918 274607 331748
39409 251873 94556 252286
167274 105066 67132 105785
591091 992386 988636 992689
700995 691386 537276 691960
437224 277458 228336 278504
249393 405085 202339 405516
656491 823727 516914 824348
950268 990497 678216 992209
740806 647852 559100 650425
390127 376167 11664 376295
718699 908412 807249 909867
760465 613084 696353 615108
459191 184988 91258 188826
330734 134288 43249 136674
777465 785719 966913 785889
377528 280105 88737 282694
90895 107880 49244 109054
410794 102313 50965 102507
876707 823070 662964 823339
182462 311231 280439 312416
706015 765190 943402 766140
450727 358563 43776 359058
225947 154223 146519 155421
76613 171075 248849 172934
494557 159028 460587 159284
494057 12445 283420 12785
263895 250568 270077 251130
68836 53223 268706 53617
417605 84807 481387 84985
313849 452852 39184 455988
516292 846417 682247 847074
345126 16837 436768 17445
882107 606840 682801 606978
159444 226930 285379 227645
318060 27338 444951 30069
375083 407124 127249 408089
351575 318442 405530 320594
532072 629532 627428 631685
960782 750798 949046 751075
810983 650559 985067 653246
174657 399542 6484 399665
690237 983235 598406 983469
601992 516614 552829 516814
599384 655870 601712 657071
942908 529182 682683 529971
320665 413938 326362 414435
656321 755192 529487 757231
723811 922224 511007 923955
978567 788646 883096 789186
536087 523349 538823 524065
560091 603770 990075 604027
657131 900621 545235 900996
978950 745511 660146 746369
458534 276110 37044 276128
826501 694139 527585 695017
125854 284955 4320 286607
858460 820064 886337 820966
567679 928318 586761 929956
535223 575626 693785 580201
851700 526196 531729 526879
589699 931783 985550 931850
841964 715453 998086 715462
968090 891237 909104 891422
499006 86652 144218 86820
831993 794847 978183 796084
314351 345487 29225 348429
329700 253281 449595 255875
336709 15711 187583 16385
980259 867530 832590 867589
290034 291843 199937 292291
66237 321096 15644 321660
932533 672954 507163 675306
844167 519751 951646 522424
209420 204353 75319 205102
110778 359776 190698 361962
920114 670398 824731 671075
36497 430954 259307 431440
857802 608095 854991 609037
701454 995942 858173 996538
206027 305442 471913 306217
583495 976144 608927 976210
729946 749954 693915 749958
252641 478487 13118 479788
224894 40162 145477 41536
630000 534955 558394 536271
194834 398955 2660 399392
193282 235740 406527 235810
664954 758382 698988 760595
180192 11007 454027 11064
162290 383082 361917 383301
200704 388797 106878 390251
753417 610658 872003 612018
567620 882417 838714 882826
413277 117166 230304 122847
202105 36000 56408 36121
429222 54078 267267 55380
439737 159645 144258 159848
384319 73564 324778 75423
547911 825599 543730 825656
442700 467135 336329 468589
435830 447838 417955 447893
370314 10650 299108 10955
587760 683659 550321 684270
627885 742375 532990 745112
514651 659108 904573 661101
885628 558596 829456 558922
121086 288133 76664 288521
843120 952577 818497 953946
202901 5070 280835 5874
383832 442146 353925 444866
264740 104588 39779 104958
21402 339501 242995 340914
466465 147005 329685 148037
534615 559883 886033 563529
848369 730732 880099 732726
515240 936515 573086 939088
757144 643297 755348 644687
148775 356483 53367 357388
701654 715683 540024 716243
200720 81199 360032 83146
163930 263763 360258 264899
496084 163723 39976 163872
513698 570175 675535 573287
68316 220690 304254 221268
168927 56805 289876 58045
731275 654037 629053 655816
669899 532533 819746 532845
2869 24875 58535 24875
204150 114497 487076 114548
451151 192335 123510 192580
974024 553928 756463 554575
439853 289114 279221 289800
617610 965960 602060 966603
77295 177983 52444 178554
673788 842052 673067 842145
228460 111383 380539 111434
995716 692508 973421 692924
608154 678069 898001 678097
955269 620124 995912 620533
104298 483574 177699 483672
711096 733473 831728 733937
703824 981364 907066 982212
82696 324991 208061 324991
105468 456203 365402 456203
928527 517257 503649 517522
869140 877958 542187 879503
897539 887741 908933 890649
173246 243455 253351 244421
673937 842441 868156 843417
775731 895096 864514 896185
991616 836421 534050 838798
470229 397806 439129 398847
721774 987023 715845 987518
88216 13538 385813 14545
784339 618619 730704 618634
385464 488270 368027 488286
650785 736555 686562 736819
766862 623028 830298 623346
390294 94749 38928 99389
329607 445403 131308 445574
174022 498088 258201 498473
659349 843505 733067 843970
502487 527593 661907 528403
481541 109544 221695 110102
579585 555614 662819 556629
775124 995120 682402 995186
943320 995276 745376 995741
285256 109294 306159 109394
614203 962403 882129 962656
375409 309728 420070 309775
636932 745133 889976 745215
379072 70139 288486 70730
270061 224820 402563 225296
312865 138525 455918 139498
770211 718863 891594 719247
820846 933018 805414 933794
149567 50977 402505 53051
8895 56149 209603 56435
131936 434610 31296 434787
872966 844082 611181 844214
123889 141027 315405 141204
779827 663471 687337 664470
789630 847148 986396 847858
736792 589619 784264 591744
638903 740247 673378 742086
713984 681471 641015 682763
797293 783816 981902 784734
513023 598917 660286 600448
391378 440571 224428 441916
62537 276847 478384 277178
720734 721750 930549 721753
696555 880603 536009 881491
835238 728707 572706 728989
257758 273069 284180 273075
129833 268034 467563 269385
886550 945374 534468 947686
82076 221825 261411 224331
399091 100554 174314 102276
54014 87571 364659 88157
800340 544143 924792 544411
827811 709863 756390 711597
181609 283329 362977 284068
663592 915767 696294 916180
896320 982409 738909 982447
781117 693098 663872 693545
265133 450035 44591 452187
358175 296189 403555 300583
553386 609365 741478 610645
262671 77526 334793 78533
31930 146583 238226 146756
347442 446594 104194 447420
229927 472959 179130 473131
262918 22951 203620 23340
2947 503581 479751 504348
554115 540212 528872 543959
63849 437555 201565 440376
165900 229706 100251 229978
9311 262997 378632 263178
298717 383812 268426 386009
881331 891644 824681 892842
209975 419330 405890 420877
558704 524832 844400 525679
146896 130471 139472 131149
853315 941854 636503 943579
91847 480424 94204 483405
49639 93798 191068 94223
920988 513927 781104 515597
966932 623795 733015 624805
452798 367401 176025 368020
750107 729258 768264 729636
6811 386342 334832 387503
783616 628810 948875 629219
177707 14628 330016 15291
433351 380542 487838 380828
144221 403815 463793 404964
961796 865361 961648 865765
577931 973048 791108 973486
69848 278792 399843 278951
608235 817667 802056 818385
992369 766595 588929 767011
994067 825918 813393 826280
726765 723869 666121 725066
3057 67721 175741 67800
352660 378643 239665 380343
236016 416821 487833 417931
917194 546650 576674 549082
215661 312599 155695 314924
443057 400865 137750 402006
441691 164486 367727 164616
862393 807837 519659 810852
74908 290252 162589 291500
571007 683011 995843 683375
929514 869381 509329 871312
410792 449446 328769 449472
164756 392685 280153 394737
392624 164122 190510 164283
246244 496450 335299 497185
662666 829993 505694 831164
502180 831484 504165 832901
904188 986474 730266 986987
106649 153166 399439 153219
17240 230058 216364 230175
621366 897800 654540 898406
923071 509480 867583 510703
226038 418383 340233 418699
378941 149671 130420 150057
48659 273082 425629 273463
287341 212993 388425 213559
607448 622542 560582 622542
363097 351241 397964 354588
600757 615820 660714 616106
507763 719856 885227 720162
26741 142099 25167 142309
141420 500748 332659 503517
904781 634234 639882 636081
790255 839352 959057 839595
208523 491452 7446 491452
501492 885650 712697 886200
73644 362309 295991 362411
388490 235910 26323 236940
173574 181829 132061 182197
224438 71935 367920 72734
727916 973566 685945 974419
328201 309101 443415 309268
895140 965239 675981 965866
624937 641535 732196 641772
180849 209089 306482 209166
850437 586131 851686 589139
417667 391118 411756 391622
947275 688742 684815 688944
711352 949585 537292 950918
163944 195551 188985 200540
463229 411890 350119 412140
749983 903709 678087 907996
282041 368317 253158 372017
514609 917499 953525 919460
504181 866017 870193 867487
575289 839838 675927 840561
322843 166377 417670 168838
965798 845503 656196 846129
835018 532287 858070 532479
5774 4087 150782 5033
901558 975436 759522 975642
123020 31755 248777 34645
141118 273978 174781 276023
721792 862566 830934 863448
923505 796090 837414 796811
518559 746695 810410 747153
334144 21164 449747 21364
104528 416259 477544 416566
684470 584223 674256 585632
354762 372347 228433 372556
514884 568625 731743 569060
955679 581075 636249 583940
473182 430218 336812 430800
225406 496206 195115 496437
470580 65862 481352 66940
834789 715521 764570 715617
368363 499354 494178 500070
114480 168844 113215 169009
651646 563962 837634 565593
642881 857363 531469 861804
188021 376359 176545 377400
594231 737136 539315 738620
665171 816413 724875 816562
838938 779215 911943 780003
236734 373964 54560 375477
578725 704650 981795 706266
928309 968942 570541 970220
694877 554766 578332 554860
703217 747506 908077 749688
256517 122882 37729 124341
997738 739393 764833 740240
117949 37686 165383 38607
181704 91369 242305 93657
887914 538978 600442 539339
877521 959798 733603 961252
866458 677189 919150 677327
442111 127108 19630 128551
363429 130340 358792 130371
482721 342171 6371 342703
461184 6535 483134 9322
514297 517612 622466 518537
617078 911843 758656 913886
569567 770957 607675 772431
146907 194320 339335 194847
843469 821221 901582 821741
654490 851502 812054 853675
810269 886992 898693 887196
325282 335818 495599 337406
494500 206840 150802 208037
391754 88217 120263 89915
641792 868334 539797 868969
296714 19524 144267 20454
308477 396539 295327 397384
877872 826418 731543 827342
888693 958968 608063 959232
921420 791040 522369 791092
723986 855650 734361 855755
16239 38740 448262 39376
982617 666395 855418 668670
389503 162463 4902 163359
501576 580640 841620 581050
806751 971169 934726 972090
489992 486302 73635 488197
555363 697413 582745 702626
685071 804874 700113 805045
669803 573446 954008 574259
124115 270299 466681 272046
758432 976455 558931 977194
748240 824594 887841 824899
575474 767587 656205 768319
669760 600536 620051 601715
998519 620599 519470 621197
426653 423060 412096 425875
62711 470956 82893 472925
779324 962827 926910 963126
938907 896322 546142 896322
902676 856298 597497 856347
1789 306938 442522 307222
984640 761192 767921 763047
445845 485845 144589 486251
832371 621377 905330 621562
165222 114217 261977 114453
336405 132896 396900 134109
214036 321813 252692 321963
177842 277343 431906 277343
290371 332096 98655 334952
886681 566660 611302 568012
513400 675435 600797 676300
303782 45290 17819 45433
716135 626351 595980 626664
59148 113269 360075 113882
361677 365883 142829 365883
186807 246486 74545 250340
272640 174738 496111 177703
186712 409206 454375 411383
399332 129705 250775 130326
896693 964197 786536 965202
443595 210969 86149 211416
798606 544788 572527 545158
978035 730358 890950 730585
957068 901116 982378 901277
675312 696684 995801 696693
344057 143845 143700 145072
996850 625713 668685 626086
801954 873568 771525 874000
100616 31195 356052 31254
45929 316944 331484 317855
583715 961945 920430 961981
152885 251227 323112 251396
370556 470307 213493 470907
421062 178871 145038 180939
85061 301035 442282 303774
566353 810884 896782 811292
87274 399406 9366 399411
46379 215054 447991 215153
641362 657378 805413 657542
309793 156696 455813 158278
964571 718191 569753 718256
928069 665649 903089 666256
834863 983574 879766 986016
39044 141326 433498 141634
101926 357724 85921 358025
504905 774910 800379 777723
714251 687179 789054 688322
419670 190798 362437 192020
556502 768856 986949 769019
225154 155989 379189 156267
846210 804182 518125 804458
404819 434836 91446 435960
774947 706307 655431 707076
146291 362117 462111 362210
564003 934207 615523 935317
755630 720246 767323 721003
507300 607706 965375 607989
162313 184723 21010 184920
730 215261 118951 216783
490620 193651 336831 193960
400096 300946 134447 300974
682603 589229 627160 589230
458341 71541 1836 71612
170974 252549 335898 252707
917103 639976 985279 640219
167567 488717 95739 489274
507351 970925 825191 970985
514059 645263 772458 647317
213732 426091 492525 426543
176955 473302 366363 475063
836390 591893 918704 592046
116640 125657 322812 126065
302961 145276 310034 145373
719940 679697 819240 679819
678978 752839 804487 754623
510214 780068 545508 782936
801513 805466 600564 807399
428429 506546 31608 506789
503034 686928 759717 687164
479215 456634 280788 459171
622030 712702 511358 714598
238694 477357 24318 478314
987823 848188 904098 850905
307526 382678 427016 383046
766751 854166 868110 854979
69231 464973 206989 465358
47574 267769 417476 267904
593083 722316 550259 723139
445259 238107 13265 239273
563546 563806 578058 563925
645289 910492 623922 911629
74818 343173 11089 344713
478453
422677
245768
900496
841735
696988
246324
152765
480738
657315
809146
38897
51106
251996
572685
755752
24261
775924
886814
765293
725181
618927
320769
329840
490631
245767
83526
186516
258519
454624
854575
401129
591314
199677
26707
361978
26877
710614
671767
107713
48156
692273
584523
92826
214176
420828
715826
279681
190570
976066
901709
639273
792381
257565
823746
176090
46991
222689
328655
870622
789783
781423
5632
485107
860221
246763
350278
397570
574751
158199
489484
617893
449760
804053
315162
959278
635177
605572
77185
891890
854055
84765
994070
849039
403699
800430
137956
822980
605322
899384
985639
206777
11925
828884
225543
13265
459338
334617
744000
373981
999007
677378
467230
67029
539110
906135
392915
360126
791566
574589
85631
179738
750001
620328
191000
809760
160254
417323
192029
540528
33201
295467
956556
876812
770234
199822
452009
825401
446603
57181
141445
870720
366628
410460
229311
303960
416063
749100
515271
942872
96231
674458
321557
525729
905163
904363
712036
427691
497194
492132
878701
804204
862581
250327
159930
645661
871353
281566
701868
990187
650225
208010
36272
649942
874294
584666
816707
367870
268413
632161
636160
817441
414956
273502
428436
603331
583091
566217
106466
444784
990762
988871
55460
9764
65789
468446
932327
318846
992184
695343
988781
612479
173050
664313
27743
957263
567076
99332
561248
461037
218065
174572
487390
784562
388337
62456
991163
972670
589424
286143
70033
72624
849465
563717
41789
385216
12603
847638
839875
690764
264677
528157
738850
257816
884717
992574
686625
482453
639057
653526
711529
316987
350272
26020
328057
482417
39326
851991
266408
726543
534639
951503
189989
586271
590066
805892
943402
610278
479747
591788
711192
429299
270526
398172
974678
990808
550468
624302
197083
619808
474614
706417
446948
727197
983756
543835
993588
658429
44513
823988
73331
419864
958220
108771
99800
171693
418115
599743
772473
614945
501629
303484
559889
518485
789556
364056
270452
902605
379375
747088
674080
472994
852573
715706
992465
771754
577860
984802
736898
639509
159174
689707
119420
497273
570601
994761
31841
755445
741397
477118
375265
674208
779917
415062
372948
746673
350620
961396
775606
804069
414515
509509
120652
76941
807197
75404
109517
684872
270125
901651
208771
959326
176379
738072
220017
972094
726885
756889
638095
296643
638796
543710
249573
862478
374897
39558
213686
794547
154233
619219
32386
369853
950783
820164
991766
704502
48591
480567
177484
874748
881434
488020
464047
347075
8836
516651
265448
586942
390767
238112
935838
645160
368027
677047
432374
288568
157673
891445
820995
132087
851249
838740
83183
467636
940328
296153
118277
281215
856162
357318
535847
46605
653951
492809
939645
289741
288876
985341
156978
573370
975530
612327
634478
116717
92565
525920
413036
826627
398167
995903
392052
439777
869966
893777
933286
10972
34096
739020
713282
942937
442591
60549
366137
570260
414034
757801
949773
940883
663083
689556
888138
583989
235374
916812
181649
97655
946407
901752
965672
654622
129744
976456
48370
797245
41443
865130
799362
87764
129268
510693
691631
308227
721771
162806
563221
375631
49586
851030
543529
626461
922445
861495
21154
844333
457023
303439
489632
465507
912162
444791
493648
574511
819660
668754
215413
539542
676571
718235
673118
567907
715182
430940
610877
951208
660551
506919
74517
756379
259017
57863
799297
264329
531827
979382
252862
265838
154282
577788
885197
311622
244750
858393
108635
159218
509398
608188
855044
952718
272939
704329
282518
86022
67964
280341
257039
322705
949046
808714
365258
908384
107370
295152
984328
151303
241973
308331
676233
750152
450629
186084
563971
568086
518069
448950
745367
161345
136109
445892
154420
346920
171733
886813
523929
316629
683414
227119
981848
802722
42170
192359
793061
134155
123078
750836
93453
551290
441657
84998
743528
430184
78516
493908
452504
666158
843716
46918
119865
390594
527556
662601
630942
911599
752666
559848
866003
683168
395328
455042
34749
499085
63984
980935
122397
530717
844390
998536
488819
165772
301551
17568
28705
311753
929611
698377
85724
231523
360731
198405
669760
516273
963699
170015
395917
945011
732581
539218
241682
339011
484596
755704
903276
641739
24271
9376
803945
813571
701143
93145
977507
284392
263288
806180
887752
562211
125886
701228
829544
143192
459670
717144
560795
415976
127302
294307
240478
470040
793390
670600
543132
658544
445366
639229
803085
108064
37509
172556
785017
937179
212605
567554
848992
2532
382328
474533
632377
85551
857098
231046
858852
894322
970228
560022
906564
263874
632836
427367
593069
660017
643035
145733
373792
654155
731951
127065
968461
768004
312192
381556
605719
713366
611798
645704
879547
824766
105226
222691
739039
802270
285429
980238
194992
628218
185017
107166
742045
197865
140388
993448
28497
155478
462490
962967
523709
663537
601315
917659
627478
459009
525407
358307
258427
685918
293962
116556
502783
515342
678054
448083
981804
844628
709979
56071
871004
519140
90732
438663
362955
627801
880186
121545
945628
900935
495026
450122
500832
741294
552538
488399
147972
385194
922371
446585
888058
55396
974273
590940
207520
905794
309821
349669
700632
304234
790758
957770
360249
673437
174183
41187
446296
839157
108934
376526
429998
718260
517075
199275
316183
509673
721694
890410
983027
304303
98135
298448
27527
362982
191397
384383
398045
951533
571094
854573
97597
782101
711846
871447
42852
707873
910911
70632
97702
28570
506981
770664
7668
574208
108040
880369
370487
514774
853495
855323
424686
960068
488741
334853
886029
242075
140060
674964
657756
658125
578201
301153
772080
610521
878499
633081
293915
27003
373043
732035
366111
760174
307854
243316
27043
665844
187165
683561
462702
167171
524747
715079
686951
480474
107568
744846
698048
451531
40908
614988
107119
949126
241897
278693
729707
613470
707760
309630
774056
912864
115338
839913
839458
192450
444291
80184
117818
563259
847631
901704
984109
294222
56426
520148
336644
574816
296293
751828
942169
124252
705442
264527
817597
687317
328494
805271
74155
483830
564995
838332
88474
630889
511285
461382
192590
760827
911509
829502
945079
94596
924874
405716
954957
798659
808361
162875
976837
64471
109716
123814
714321
898870
991572
410529
742411
873472
550682
285066
414610
803833
613250
144460
181995
978002
151657
342641
429915
315649
564623
769799
846746
627085
746262
329793
522805
14367
94344
84852
272969
231772
30278
396742
62238
901480
621271
407062
795646
298073
518986
130340
21195
255150
428860
661884
955132
132932
314682
428085
176999
47368
314852
59569
102480
177086
764557
170407
964821
601092
52382
606728
258711
680732
60292
355199
945599
565337
147721
338963
245788
110110
125708
399099
167869
377806
55319
957702
894599
759140
90451
834753
612458
956819
297840
700599
309599
973320
214364
201220
526790
561796
97703
757567
398618
990406
731726
939475
864874
757210
