624 1333
378451 49745 423581 51543
627565 763684 606497 765154
660349 778299 542502 779370
747048 834862 858561 835161
80528 184762 289322 187190
710082 595753 653681 596847
588225 510441 867123 510502
994315 782406 931179 782542
735688 941429 745649 941632
270578 63870 189949 63965
782998 597900 650338 598122
216575 355641 391790 355717
154177 162050 268862 162344
165261 58780 51490 59823
898287 943860 665628 944385
282817 467570 54904 468488
904067 772723 546306 774814
455118 257306 469255 259529
187004 96879 314011 97062
966505 992032 570496 992271
76508 264386 260050 265970
47085 463369 177606 463504
435853 101780 381690 102006
452324 357960 195144 359839
101060 57231 362709 57836
192351 287128 212425 288225
714806 949342 623313 950284
252248 203312 176487 203734
885838 730093 598408 730338
742567 670175 713858 671195
829688 779853 905426 779904
772570 510122 818103 510351
293124 69908 341408 70083
54528 28192 377027 28211
121737 283403 229892 284861
421795 153882 484898 155490
90301 328181 371617 328342
524396 617220 913057 617224
857168 787262 919334 787523
97477 201633 404409 202044
679030 755050 611487 756825
629656 519984 636163 520550
672038 588748 989134 589832
200253 187328 241722 187837
19171 404977 67650 405082
981043 882148 645735 882361
417594 147180 389871 147512
352159 112198 259032 112403
53851 65635 139297 67436
178058 145603 213756 146509
623297 682039 570347 682978
873947 854103 642288 854735
150228 454800 144852 456089
737296 897007 930064 898775
116742 121289 147025 121293
914440 988672 534910 988829
266522 251808 482706 252195
616768 563253 620242 563434
387292 78628 107594 79189
695463 735417 983068 735825
647175 944533 915756 945006
941230 698401 657891 698425
628166 604096 805662 604187
334157 444686 424356 445102
139378 138572 106573 138854
519092 904493 711461 904944
931713 645494 990122 645525
256719 298762 261555 299658
546772 870801 517676 872291
954807 988141 827174 988337
271225 184333 473268 184559
538876 941841 973132 942357
681313 602668 654586 602913
644915 573174 704102 573316
141793 7628 181770 8401
114537 421633 474201 421678
282305 40223 102744 40407
616030 841662 540552 841859
164658 489029 19621 489046
613744 549628 764739 550188
679355 809628 708050 810656
200590 301482 185207 302598
939169 985940 709446 986751
440325 295378 206609 295555
667941 836951 918220 837022
64483 362443 310046 365373
839070 885723 582072 885723
978292 943179 752655 943179
98913 183597 390558 184057
659018 786639 911180 786755
379410 425129 194411 425572
892426 998914 785555 999403
750898 937155 642224 938983
121857 431719 69650 432361
268997 167602 361290 168933
340240 18120 493534 19685
447543 341340 254481 342144
659446 931686 555451 931698
568167 730397 581168 730815
385746 73006 268074 73922
568889 758965 967803 759267
535336 753911 813445 754700
932727 947697 834256 948864
563217 621234 759139 622865
699168 912647 642469 913667
228245 228648 220180 228919
956280 770324 815955 771018
679098 594273 953661 594808
963428 765857 885305 766974
403921 433722 125314 434930
456653 492038 194484 492118
147557 383048 137046 384189
433294 413896 70418 414942
871959 825062 992214 825065
613019 884499 784103 884654
194577 297271 461060 298222
313091 468715 164127 469299
96789 233618 189093 233914
714402 609741 849983 610794
391445 96465 47667 96772
693113 515621 976663 515970
776030 880943 583254 881768
979554 536492 767286 537409
430095 208663 248098 208885
390491 26387 261678 27807
53946 488677 320400 488884
810869 655802 576052 656343
237452 172638 164865 173006
102206 449799 606 449799
242754 139127 160092 139128
565165 842053 521371 842713
651945 988859 993048 989204
328688 35756 152134 37187
636050 858576 654310 859043
163066 228505 425942 228523
296246 213540 273709 213725
750742 817455 831379 818282
320157 398408 172451 398836
344286 175235 324033 176491
890417 609028 570848 609506
871169 675831 687946 679354
935080 905666 510671 906383
180746 288620 448221 290115
390347 458858 30375 461121
933008 762316 798064 762392
607201 751712 818882 751997
447109 190900 116582 191119
574673 975316 975779 977696
879463 593788 605241 594168
359389 157492 220003 158478
817613 556959 580173 557631
660583 759395 831655 760198
896684 993042 729833 993834
452040 234636 400939 235903
230057 164188 11065 165484
892707 822338 842838 822961
25036 227506 498379 227506
590358 815921 611019 817294
748065 629758 766117 630802
145272 30287 33021 30967
349170 380160 494158 380520
62385 217857 190921 218002
150065 342661 255422 342855
590522 719993 865917 719998
856869 717388 890075 717811
7927 486638 188362 487540
448165 390854 334319 391614
553632 851580 671062 853695
361866 197639 36570 199492
252253 393263 199058 394025
152012 123034 9370 123637
765918 814436 786205 815723
221732 387253 240280 387576
122741 410945 81218 410955
630729 804736 895072 805850
156927 422107 273320 423676
385568 470307 426467 470718
349234 452492 111998 454595
238864 489466 364016 490005
958905 600587 543816 601977
981985 686145 673807 687855
296068 343440 61360 345101
149181 458065 235549 458225
933697 801969 650462 801971
276456 136569 105274 136683
356143 165577 46205 166054
588033 680001 878903 681628
839928 612917 778865 614150
715014 947586 599261 947671
67323 137185 252056 138402
684038 672557 508004 673345
332149 319231 499576 320238
555758 695973 981604 698243
90022 41849 237781 42260
625412 671471 500505 672291
905504 983629 582411 984327
42951 94936 17072 96274
911197 720471 661034 721112
252032 438140 243713 438411
244013 271182 303394 271909
259181 311595 135869 312921
410227 479225 138611 480322
649406 533840 651009 535169
411784 467144 75676 467528
771485 508899 926351 509739
598391 957865 797222 958133
286903 440389 404369 441158
867823 907083 615581 909907
965980 757796 895148 758857
213060 303715 338841 305612
558031 599738 940064 600397
470714 170663 66837 171495
244505 474926 374378 476354
214588 124922 75759 125433
707027 502970 612613 503330
881480 962059 982414 962225
545085 495636 942761 495953
757248 848538 688695 849634
339459 141474 77132 142190
744179 821992 528069 822277
484192 76548 294191 78597
315998 479154 437428 479196
363303 2846 156478 3622
499150 379762 444665 379945
159151 105617 124920 106030
611473 913898 844844 914036
49385 381198 360143 382098
165849 290637 71001 291238
856293 828344 898368 830367
999952 640699 536174 640732
184241 216140 30404 216143
858170 827019 619539 827896
328988 97712 93764 99583
980694 614286 993884 614732
567070 825479 622406 826148
227084 112700 13399 113093
444864 47044 372023 49504
522449 548290 912953 548436
452047 214965 260515 214965
128221 138464 440179 138502
902861 956411 661443 957120
53547 268162 189943 268442
894327 807401 858913 807803
951509 546037 734553 546768
397504 412781 376525 413426
642929 722623 843361 723695
81243 326754 129245 327383
984050 665208 525155 665216
76767 133337 127033 136131
797070 587058 545641 587268
346684 101605 250394 101632
389611 74518 391802 75009
588445 567985 994479 568977
484758 345277 434059 346343
695743 743149 783993 743976
253180 272960 206670 274046
88132 355740 99248 356430
652879 638342 765414 638347
547869 611104 999387 611111
937558 835690 760559 836361
739129 712925 921333 712973
686225 925641 695100 927817
587470 987372 528702 987846
370490 245792 300320 246931
606097 932702 694865 932704
483977 32467 118212 32798
504461 641151 759400 643778
211617 478538 212581 478793
167623 180929 318649 181206
885903 668784 938945 669309
226759 242967 301320 243201
577903 808216 798637 808461
557250 798553 957533 801680
387468 347074 254362 347078
525423 727927 694366 728726
243136 173334 161816 173468
787557 701486 851393 702246
410788 24434 287453 25932
79499 354936 146479 355246
496273 320866 429354 320905
133834 131148 152550 132411
892853 617553 520829 618253
997539 905496 921041 905595
5212 461731 125620 462069
883219 831015 606177 831889
354346 178228 390920 179779
210441 275042 232809 277242
46413 60653 307957 62779
475190 233936 336527 234512
1156 58104 199217 58394
565630 875971 568717 877132
78506 446492 400165 446492
702614 920714 791399 921499
313486 268639 217113 269707
804860 999498 985677 999948
642689 493476 819654 493585
919087 987847 668562 988130
779230 894383 763007 894694
113377 14043 84762 14092
387839 394201 202653 397247
764342 855337 727633 856076
997779 611597 749080 611839
414161 229349 460997 230196
81845 470822 102461 473097
824938 520942 929120 521500
771441 582552 740726 583065
521007 996133 728003 998628
543604 955206 555654 956384
461495 153744 338454 153877
559906 496306 570112 497315
793208 615815 607828 616018
224365 80948 416452 81310
96849 83233 212259 84514
18813 352070 283733 352219
293097 490506 270 490594
967837 563054 877207 563195
664485 789990 737899 794266
704111 927927 912462 928287
199670 3923 450618 4024
272969 188904 320336 189671
423747 220377 341550 223028
977630 526281 894442 526586
60493 63069 322031 63465
802104 717898 608863 718900
94273 191344 271765 193526
682570 548486 923745 549463
7985 17075 347551 17667
654545 660729 634134 662859
769122 573333 559109 573787
747551 607160 862933 607550
205445 15277 161532 15764
21975 120562 425927 121213
488951 120125 111270 120387
883011 914321 696262 914321
633189 747923 700951 749108
344009 379700 41900 379725
24232 439464 430738 440031
365052 33283 263140 33593
510932 503367 810199 506540
436078 266684 126212 267854
719371 665342 887410 665423
251618 125512 469577 126147
242589 106580 169383 109089
782846 762967 593465 763144
363923 236669 213998 238896
834198 969864 799160 970916
501883 862778 915584 863355
724961 513999 803533 515350
204085 37465 135089 38117
817050 635042 560472 638196
344904 87458 449563 87522
214164 146965 384414 146976
413488 456256 117737 457923
950112 946471 934686 947182
839074 979840 710923 979903
986889 832798 534117 833373
993073 893738 932127 893859
947316 954495 832451 954903
61715 42905 125751 42958
369472 277900 160981 278206
559622 970979 685359 971870
255706 172004 8133 172473
972060 578528 620667 581337
756610 818714 798492 820941
857368 850828 975391 851183
929896 569559 871611 570004
513834 658406 644305 659639
836978 556368 925115 556668
618609 544466 989479 545899
753617 902701 640517 904059
721067 754814 527171 755016
761811 847209 940562 848153
320464 196884 109715 197087
713990 811922 879418 813998
817553 726846 804353 727578
818364 510653 581621 513251
176536 389446 234072 389446
310849 306677 199481 307032
396629 93132 428121 94169
344756 253309 270336 253745
529200 689915 966932 689952
235638 447967 482710 448986
54864 465016 338943 465822
757130 747366 957706 747395
490669 385716 222441 385828
479951 168966 370740 169046
547636 977989 541993 978706
313584 328539 211551 328763
833069 653740 773505 654804
580574 860183 972488 861830
582698 857221 813627 858008
751617 878383 920444 878615
874765 733599 840002 734066
711485 744464 643086 746118
584363 711215 602122 711451
157274 199513 225390 199716
698507 645605 693306 647272
113497 88771 90717 89140
154671 375756 337119 376201
477569 252380 399080 252849
864605 734232 808019 735051
178410 181662 119778 182965
415220 433168 156602 433479
93909 295734 474835 296169
127155 64171 293062 64734
594067 626880 804304 627434
690368 702527 729686 707010
489605 419816 420482 419907
21313 370869 487947 370869
75202 176542 163753 177516
211679 230364 126893 231341
935657 749558 897659 751621
241853 249624 335419 250049
355746 369584 55075 370188
65394 219366 264573 220055
889299 866195 883770 868427
533528 523759 667789 524380
222311 209320 46740 211732
504886 787880 609810 788383
841375 707917 990829 710001
785548 583154 741788 583758
438386 308889 366736 309168
221148 473606 383992 474087
281700 204123 198630 204450
605153 551744 573601 551744
366075 411306 25770 412144
173475 8704 249665 10350
685429 740794 829093 740881
899156 990537 519248 991899
7325 388954 33387 389390
771803 768853 561953 769371
935320 863571 547970 864700
278345 202397 237051 202469
468776 128152 19266 128840
169758 480592 118753 481317
258654 366920 235329 366926
726120 901817 739909 901901
326864 139486 472996 141366
683323 789745 634308 789779
558303 823973 796374 824882
425453 349203 159586 350830
542249 873769 539998 873903
363886 270269 414543 270626
598976 781119 875712 782392
531777 562032 806220 562749
423399 449389 59867 449676
433312 60387 153581 60453
978894 714585 861463 715021
434921 443648 87330 444371
253306 12750 109895 13021
225455 334861 333977 339016
487885 130422 351710 130584
194176 359969 181229 361139
91969 23910 466102 24013
314710 11060 13636 12449
258052 266405 424077 266620
880264 925190 756104 925318
345490 142746 423151 142817
699992 497468 591683 498576
133461 52290 293233 54037
297522 150795 168917 152368
716335 845519 888057 846320
583132 715918 825420 716261
883070 923674 934674 924670
124713 482476 373320 484768
256846 482273 279669 482412
521255 767310 608957 767804
576403 823199 570160 823857
500797 587872 829556 588745
743344 945371 961067 945595
107794 434968 64634 435398
322765 81318 428600 82391
287392 312990 209398 314566
536100 547308 721379 548112
940430 872806 668364 873143
284546 71021 171587 71208
106776 255098 449672 256023
187076 31611 467281 31722
129150 87742 434069 87875
174184 490902 121038 491671
103361 427369 434832 428420
456186 330402 26226 332039
382239 223966 114810 226030
450978 232643 356778 233016
423318 431045 118047 431304
945154 809004 997960 809271
831023 794743 633326 794940
164601 54509 138286 56223
403564 195416 197647 195416
734005 540818 738130 541326
720720 732500 713330 732805
825550 936551 921514 936977
855595 634197 648548 634832
241071 43221 184520 46704
491135 387671 204193 388208
96018 367317 291312 367325
865515 538121 682677 539837
742945 885479 739863 885657
732227 543212 503741 543503
221363 347204 51097 348591
81467 316503 429416 317084
971596 493831 854395 495138
847474 821023 564382 821415
230970 121362 443980 121383
552475 760272 874920 761804
618976 615212 560053 615591
16712 317182 209384 317454
166769 126530 50109 127475
417583 188389 738 188516
604264 521566 658370 523434
455626 13380 58375 13790
19349 244767 136067 244797
314115 205057 251371 205108
421797 193761 104617 193885
146065 89393 77003 90695
329718 244177 273739 244321
774936 539919 809720 540360
886493 566265 857587 566428
811856 565751 542459 566082
679898 923191 693828 923430
820874 689197 684719 689806
662561 664158 548260 664479
418170 28747 375898 29230
593880 980671 707621 982421
902757 693604 595213 694960
228012 401679 132006 403175
901881 665768 789396 666547
908321 529252 806006 531460
95726 407023 446636 407540
748206 699433 608353 699910
856958 649721 710661 650593
307498 404125 359365 404643
303501 79392 270797 80608
312195 22838 337017 23776
998951 922196 890317 922297
676760 935184 619700 935980
336458 91371 230164 91371
843976 771956 805206 772513
283407 254162 137082 254623
543615 591813 693920 593195
792792 517010 537920 519969
431502 482131 51027 482263
304786 247017 383627 249581
235448 352768 57209 354097
337558 407659 116143 410041
585354 939255 505749 939678
506919 868847 643934 869670
638493 532031 644755 533839
701273 516097 865854 516714
982550 910418 994435 912279
219538 114131 108717 114131
858314 570395 653717 571545
95248 294699 215139 294929
777956 746569 958564 746748
220750 232017 353777 232266
570297 630959 617806 634143
333991 110343 353225 111032
733770 788875 951351 789639
915759 918449 557804 918987
961606 902029 887629 902393
490807 418961 464975 419013
628110 939789 584051 940937
760521 584466 796319 586444
976089 684375 937787 685606
16166 206013 82860 206593
767563 985782 899861 985801
605430 741800 631065 742142
501430 737237 601822 737242
814987 933813 703288 934072
296400 243767 384842 243879
401442 201062 483539 201628
234293 159116 284938 160311
330751 415913 449571 415913
637452 878866 514026 880687
697595 775566 872000 775756
637391 647345 870202 649477
651191 884071 933101 884233
332733 333122 400447 333220
141354 100559 148496 101251
689907 651036 622707 652191
551727 558294 774324 560576
57417 20016 387402 20843
502002 928869 523042 929429
581468 777178 938326 777615
332187 217563 490600 217724
140423 68006 294886 68351
713680 537411 578243 537595
786120 950353 673714 952520
580973 892566 757016 893015
560969 895896 920904 896759
316345 147903 354977 150296
276031 474616 6167 474840
22121 361618 489956 361891
101204 430110 23080 430734
760002 862240 719365 862521
267653 117037 128739 118858
672484 691401 578079 692609
941984 572092 718605 572965
436606 99768 66162 100068
575783 795629 673104 797277
953625 972785 852513 975172
120652 403343 184050 403820
575855 964576 710463 967354
945927 554369 546285 555624
735065 837793 959195 839517
871431 498733 930506 500358
36894 322522 346638 325402
430922 478253 185738 478315
139331 292399 79497 293049
306732 166114 127202 167030
969096 806451 943803 807174
166083 377519 183643 379011
159165 37364 330860 37374
794248 783246 855458 786181
101294 294476 349288 294562
865430 555870 663968 556041
537197 958180 961799 958885
510132 946179 638629 946267
71443 262402 486408 264294
755583 667150 572285 667976
381635 281077 380353 282090
552105 573874 625093 574635
505679 821811 569733 821989
318663 282166 412664 283131
235338
59136
891485
297217
214701
86753
185475
653639
182636
268335
355525
91251
570066
621104
444221
570931
654184
204994
97578
183791
125966
513956
116549
921611
161013
842779
334717
173903
421310
55159
431
428769
492447
973153
359198
635025
802095
440414
277204
581749
706997
973328
54244
710866
685114
161778
322620
999338
200865
481282
240696
403892
905110
266350
581318
599446
8635
669527
293116
859330
297935
581381
403455
871819
434558
444273
680378
913736
25320
372128
131461
138706
676630
331245
454827
46352
544121
126922
908577
477926
274466
52510
875033
141860
795366
256702
873818
7748
437643
920675
540612
650350
107630
707773
523158
83810
979879
457341
459476
206265
183655
79527
987228
438696
937607
472804
869646
958729
711140
536898
168162
767769
696455
413104
605040
806880
349585
280861
239921
83202
769384
639039
259070
703199
372448
797852
439543
357609
730329
18070
710656
117313
238284
103433
845823
123839
51405
73158
898747
202407
407821
639658
509695
53376
511133
534729
244012
590428
360910
205879
859619
700227
460873
990477
851584
975281
643846
343663
197182
614002
48081
896958
347092
840121
26340
235674
144737
640351
604146
824701
396748
511907
223099
97882
445051
365654
122801
343094
362452
743711
309203
815607
354552
466681
680967
100827
889074
312691
745919
468954
902061
549741
208724
370793
203507
44256
67368
443737
933148
432109
324794
711217
972566
547566
906681
131488
614639
707756
822602
83446
745975
570553
840365
865671
165487
74473
225129
517129
280762
717794
154673
325228
78822
484481
337533
566631
256113
374072
723687
128739
11696
85891
604728
297048
916154
758542
804745
659820
700547
98128
711229
300785
904640
82809
483741
756686
626449
482261
275685
768010
866425
334964
666146
261125
563272
486005
82982
162307
402487
80835
91085
640793
937804
895120
652204
359043
474989
861525
545586
268391
670909
307789
370716
196797
611889
458534
432259
639094
768488
883489
293276
108817
206045
235278
255784
469634
929004
97400
402891
232395
897448
182282
28559
713228
316167
401252
963906
528558
76187
763613
151829
728000
479158
206586
650572
928603
735856
115058
518669
16509
74390
281014
362171
732830
976618
789909
507816
120625
99759
541819
104309
363998
179043
91994
57136
780275
276023
537068
232692
493877
532014
601655
399041
912267
617087
424178
258673
437460
932196
635
866023
120037
462708
304459
26195
27800
938480
982237
277952
656661
909623
382381
944730
419792
576164
30562
805076
11649
980523
770773
348990
312936
961823
400756
429290
705229
14718
451482
933209
942620
587306
314054
852861
727347
792679
62840
882033
964697
818063
182
765611
859503
748474
761044
367707
825068
69067
665679
916687
551639
799764
958269
51862
40848
175951
639794
640395
455843
813215
302671
732726
675740
139981
976476
114491
320424
598423
518562
861673
187750
598278
802804
960720
606607
323218
139335
340365
589653
549077
313460
273456
415048
835435
202849
200325
116592
560196
56639
700297
85359
164426
479511
759365
964129
905594
219722
17819
587763
387791
440756
722690
548415
734403
616475
46043
590987
686433
882791
518015
237123
360128
508969
749175
900054
170567
193734
748932
880472
706845
563695
719659
675000
695126
824782
427359
521278
839785
631965
826517
561407
963720
322689
11560
278519
863978
894899
4468
151342
310109
713662
61637
625699
157914
594207
756316
832692
209440
747631
301093
722418
50094
637400
235746
838066
144627
497881
353707
169327
320116
261977
802293
966753
956069
595615
730509
523833
680924
463500
243491
7645
285317
345688
869481
615746
319512
134814
95484
114015
746221
93501
277454
139532
933809
942270
293050
116938
49823
204845
39455
581658
941690
728341
831332
898030
978268
963169
585194
664969
179135
85594
590763
618210
276855
333740
987789
930772
160657
219128
905141
425597
702146
2763
410953
689678
883797
691662
338770
305070
47206
964613
872226
910450
17771
606108
617387
214268
875670
90119
293948
672614
564211
217866
832766
72917
575608
941054
486675
798449
487368
425098
437954
738563
807360
629542
643062
439007
126264
909912
110618
458312
601540
347122
861219
744691
164412
592333
857084
210426
84771
589801
400616
409833
803095
930048
3950
20433
808763
96833
852618
115508
817412
391809
693966
668782
728807
486357
80777
161093
343147
582393
789040
430985
42280
110688
875950
591065
426030
510606
191959
662879
890959
461602
916775
872456
456194
499302
589698
846169
361504
540452
996537
571654
266095
957933
89616
74759
948284
430186
430883
779184
765053
856575
207570
545580
699111
920441
762364
927635
251482
952369
271118
727767
659552
866391
525886
428669
901468
408122
945877
17997
801814
692022
815869
256610
992636
467351
862698
156613
636757
54777
740372
776235
778678
856767
92292
991490
569886
434231
880923
714002
930745
188295
378787
703670
963851
202752
651943
19726
722711
14993
448059
291013
707127
369057
571223
38372
247844
527261
176585
226234
165888
614130
156340
622684
542331
458737
903159
466407
516692
41192
496282
324105
267889
445000
996045
109781
902430
162870
716346
29466
310274
724380
769908
530571
310506
581939
224370
974211
979965
503579
424819
916071
466497
305163
268872
282451
193844
922703
372087
145584
638024
714880
132181
941959
320604
394330
121472
466223
774048
372573
487201
918392
200774
495793
799997
442400
471019
465814
53339
156716
731166
986689
681090
40671
972831
621031
706436
435749
183001
45155
191476
238997
718977
666723
290597
975882
960409
250954
908776
46881
677157
843903
732086
725187
588268
887842
960461
370366
763873
403800
141753
641434
173340
299692
612918
515067
266446
164429
240527
721647
375040
861162
768427
479287
809713
94827
224664
459773
369099
184016
231282
613474
155664
104542
836096
121872
950091
777751
744048
583138
247633
513789
527627
462536
598756
455347
321798
5780
898629
767924
989551
897591
145069
559148
427542
991441
567497
895550
762315
292870
892214
984819
132997
632832
731503
365221
310989
293821
304458
875561
345940
947113
201861
230789
376548
829180
857334
45984
141952
251643
245108
813894
724587
991625
881189
598107
372610
658212
740583
652405
504452
917900
36801
280878
209914
397868
749051
718694
79987
89296
528232
158947
299235
828974
872998
451662
104476
90307
492422
120508
849070
899510
167703
3166
938084
225244
475090
57625
270139
277364
371554
399331
28268
238779
74771
945909
535157
983987
200286
655956
489684
831818
504623
865284
597896
611684
417323
240539
138434
130836
548293
481033
6057
632899
154759
862749
812341
590677
886919
116873
798485
735170
515717
804886
70442
657872
525655
618851
129826
923385
18647
239785
7659
848497
85487
635553
774821
694785
692354
315416
658568
555391
519975
458629
28119
789123
691449
225122
236819
411665
280163
804265
14230
511458
257281
400632
159206
368759
683871
521943
249979
64094
793487
747467
719389
943754
186771
595875
805684
845210
372547
885829
450994
258915
580400
165537
292985
733409
379032
241419
489676
225184
123878
969939
970331
710884
281761
793728
752925
368187
896659
611107
236609
637667
599914
551767
696656
627208
140268
170831
210154
82938
833049
157287
265522
55857
153865
235789
531047
346906
28362
969746
176145
280649
484344
769440
461972
420833
482955
485970
647650
422034
181739
503846
430444
775890
573127
305262
338697
517050
573026
828049
762423
768785
356896
279819
808827
175177
62812
592101
904796
92990
72975
502876
993845
35653
154691
490717
392156
654712
379605
432866
330271
255385
782999
577479
131774
404622
800910
198992
618823
614046
503450
622158
402758
560261
119989
256436
835757
927504
689448
75802
779041
649765
545042
928937
633847
627963
204637
801235
780554
183150
558281
641085
141354
773294
74812
586598
897574
54153
742362
756777
978844
773748
737555
844205
262203
265733
811740
47291
406724
681591
411098
836576
550126
163837
23608
388007
929521
122448
344250
847724
458773
846996
865247
486612
586517
432432
582187
483150
855981
204054
283064
678742
81179
781461
489275
453219
819706
151074
68583
10515
305959
733641
567660
436164
19240
152717
264708
375660
986544
114604
924138
83681
420017
228910
413780
725016
265899
965725
138314
863792
704212
716410
739335
167874
5907
674915
302213
379254
999349
657998
922668
881241
723074
889552
172564
301611
309548
116646
293376
323235
316427
262835
957050
948159
698087
857605
813076
639433
613048
890782
911376
478794
711072
896488
725081
788140
308732
635965
934228
107993
448861
839105
55230
864268
899405
369246
773188
845891
251749
611488
848706
951742
802041
144078
483194
313973
937052
746923
449952
698617
414702
760597
971376
582113
287474
572704
681861
653445
955292
9955
355042
515563
940997
349036
105274
639100
241725
50309
401350
23667
59382
443323
456983
804658
551376
798404
475966
466824
771309
756458
247727
355499
95959
69595
419835
942425
389029
122463
378538
772262
241576
299870
394915
76816
622218
80224
148009
962024
413741
697318
743795
240866
287678
509339
998194
593422
231051
9036
374916
436452
161247
400711
727570
100543
908217
738398
438302
675758
718514
915081
357048
30449
540102
167526
880255
632175
223701
443115
273625
584097
325706
600157
90645
909435
486847
832684
14955
312812
287601
804194
893425
250
404033
648889
429602
75061
713165
930151
465275
617685
384942
