100 100
27 23 34 36 75 11 15 36 21 94 76 51 76 55 75 6 27 29 36 37 8 24 62 13 23 25 84 26 79 74 26 87 7 97 82 67 33 64 84 90 26 58 74 18 39 90 76 64 17 35 37 75 27 43 99 16 14 61 43 44 96 8 1 16 60 41 83 22 29 21 63 53 31 2 19 50 4 39 9 33 12 87 71 19 69 16 39 38 10 53 62 46 46 28 31 61 87 80 17 47
30 77 83 63 66 13 56 94 99 31 88 64 19 46 75 50 78 65 69 74 24 84 62 46 59 91 25 88 6 4 28 74 89 17 13 21 87 58 9 48 48 51 65 83 36 69 31 48 32 11 57 57 18 66 68 42 72 12 18 9 8 4 6 38 38 84 68 57 86 28 90 36 97 84 89 15 6 6 32 32 25 92 17 48 46 66 92 50 67 79 12 21 29 75 97 43 43 82 35 56
15 68 75 95 100 24 3 95 57 39 32 13 9 10 100 30 59 38 76 100 13 48 69 10 54 2 78 2 4 85 32 1 57 9 82 100 0 30 52 58 26 75 72 11 31 29 58 65 92 2 11 41 3 92 61 60 51 7 11 26 8 34 7 15 90 10 42 41 42 71 82 91 12 45 13 11 83 88 1 62 7 30 8 55 50 53 59 64 13 23 24 49 44 96 10 49 31 23 95 67
5 7 80 43 16 100 99 37 70 16 100 92 37 36 53 54 41 44 0 87 46 68 73 89 31 41 11 67 41 65 85 77 74 39 15 4 21 32 3 78 49 94 52 97 46 77 31 99 8 76 5 69 6 6 91 46 72 76 73 3 49 27 1 58 94 6 29 52 37 59 10 25 54 47 66 68 28 22 88 97 51 49 98 47 70 36 86 100 94 45 21 13 96 69 46 70 25 56 6 57
97 5 30 69 2 25 60 45 54 57 16 7 30 34 4 65 96 71 75 74 96 24 1 36 99 27 6 92 4 34 28 18 81 100 48 55 16 94 24 25 55 76 33 53 29 0 63 76 90 95 76 49 72 79 54 90 2 97 99 53 34 11 20 23 54 34 94 74 99 32 29 15 20 34 17 9 8 24 85 52 34 57 89 57 39 84 67 87 43 48 2 98 38 15 74 56 21 26 7 14
83 47 67 29 13 73 68 7 69 19 5 33 65 9 14 56 66 10 96 18 43 77 1 93 5 36 1 78 25 64 81 64 55 58 40 28 43 89 1 80 59 80 77 96 88 50 21 4 13 77 48 33 31 22 78 71 35 4 23 23 77 69 88 52 97 85 67 12 48 97 24 32 78 73 54 8 45 54 34 78 65 54 13 94 56 54 32 50 49 51 90 95 93 14 40 2 81 92 38 99
98 66 63 1 59 29 55 59 41 21 82 60 7 10 79 82 41 66 54 52 96 48 21 13 77 6 36 98 41 50 73 88 50 97 77 61 88 97 3 79 60 57 24 17 52 87 31 44 83 12 70 71 82 85 20 88 12 6 65 68 61 95 70 8 5 17 23 7 55 11 73 73 25 94 79 52 50 54 56 32 19 40 87 28 78 74 94 66 96 42 85 3 73 45 46 74 32 98 64 59
94 44 70 35 43 46 89 30 49 90 1 92 100 52 35 27 70 43 69 22 5 59 98 85 96 3 44 62 51 93 95 30 15 86 50 29 20 42 60 55 0 10 76 68 15 5 8 70 11 98 98 58 59 11 100 99 55 41 39 28 99 45 62 31 99 45 95 3 99 3 93 18 43 45 74 75 7 24 24 100 18 50 89 51 83 8 56 21 17 42 73 43 71 32 36 9 16 74 35 90
33 38 68 57 48 59 59 89 21 82 55 15 90 20 56 14 99 51 54 11 89 54 1 35 90 69 70 56 15 80 67 27 87 2 47 5 65 60 82 52 66 99 95 99 93 66 20 33 89 36 63 27 64 81 60 48 21 65 25 45 88 38 74 54 38 71 55 37 22 79 73 85 36 91 65 59 66 69 15 55 26 77 22 51 18 20 21 8 53 59 20 46 53 26 90 40 14 40 56 24
81 72 83 35 12 25 10 31 82 27 99 67 14 84 46 10 31 52 7 89 7 85 90 14 22 56 30 75 59 96 26 66 31 19 28 46 36 7 6 90 95 50 26 47 92 94 33 18 25 53 68 92 90 10 26 90 11 87 30 65 46 34 3 23 92 90 72 21 32 48 10 2 37 84 85 45 4 62 62 20 22 60 23 9 64 61 97 36 98 19 78 79 28 57 81 71 61 26 33 70
83 10 10 48 35 93 0 70 1 19 10 78 68 89 2 42 89 60 37 51 94 30 33 74 43 68 46 39 61 83 37 92 16 53 81 36 97 93 28 25 5 42 10 89 39 11 6 44 87 60 34 96 88 74 57 27 90 28 34 21 1 22 71 40 96 56 98 49 39 50 42 61 53 48 70 28 61 35 48 81 49 68 7 58 37 54 20 71 2 79 97 73 100 1 84 96 3 87 18 99
58 6 8 91 96 12 92 18 68 31 25 15 27 97 5 45 90 72 78 55 43 3 89 67 47 51 61 18 59 77 95 79 98 28 43 14 72 86 30 48 98 40 44 83 96 39 60 80 23 16 0 34 12 69 95 80 46 25 25 12 30 5 53 93 95 21 25 19 72 76 87 38 37 43 65 66 44 86 68 68 81 36 85 86 75 15 17 8 97 39 0 87 6 65 43 68 77 77 8 56
2 55 54 25 37 99 47 35 8 73 72 91 80 62 14 8 10 98 90 25 47 78 23 68 84 49 54 8 60 11 95 42 99 40 79 95 81 64 84 28 45 86 44 2 78 87 50 86 60 67 91 25 31 23 22 89 69 82 87 60 73 64 86 97 92 7 49 5 65 4 59 59 18 45 6 99 6 43 27 25 35 93 36 50 36 94 0 67 18 11 83 52 78 67 38 9 55 13 27 49
98 5 100 100 52 20 87 88 52 44 15 88 30 36 84 44 40 46 15 5 46 55 36 2 64 28 85 42 81 50 72 50 36 32 63 88 64 100 100 60 32 20 94 97 93 99 53 15 44 39 17 61 0 92 80 65 47 16 37 25 53 12 30 96 74 26 86 21 41 88 44 40 15 47 26 36 81 9 79 18 15 73 68 17 74 72 78 69 5 21 16 4 2 55 73 40 36 16 97 18
21 0 91 83 15 85 99 59 52 1 65 13 63 98 81 35 93 62 85 43 89 92 37 94 20 1 46 21 68 27 18 26 0 43 76 31 6 96 100 93 86 39 32 65 4 13 51 1 82 94 26 45 70 35 83 17 5 16 90 7 7 67 3 82 60 92 19 80 87 8 26 36 47 99 57 81 76 40 94 79 63 20 98 84 56 93 64 60 17 59 18 29 8 51 10 56 71 89 27 34
63 14 61 64 90 58 46 57 6 47 28 92 91 81 19 75 18 93 38 39 8 24 47 61 51 98 86 28 72 68 8 90 88 75 45 59 23 52 12 13 58 90 43 43 93 44 70 26 74 40 100 87 80 95 69 38 98 32 53 66 1 61 99 54 61 5 27 38 51 51 100 59 23 100 88 94 72 6 13 57 19 59 68 58 39 12 49 70 66 71 35 98 31 56 98 54 13 70 31 83
25 66 56 26 65 45 73 17 6 0 85 62 8 100 12 61 29 17 58 95 19 69 41 76 23 50 42 12 6 71 77 76 88 64 43 14 45 77 42 77 78 87 40 21 36 48 39 88 69 94 95 73 53 41 64 20 99 67 74 5 74 87 98 68 27 90 18 80 62 87 28 88 32 57 82 75 84 9 89 54 34 33 21 62 92 27 53 78 79 85 81 66 62 79 29 3 2 38 79 33
78 45 94 90 37 82 68 75 80 91 97 60 13 20 13 3 66 45 40 26 99 17 31 81 11 60 51 14 68 42 43 14 84 7 67 100 15 24 83 40 90 74 21 53 82 72 89 78 15 77 34 81 33 96 74 24 20 48 83 15 86 54 51 69 23 3 16 57 3 90 8 7 48 71 72 42 23 40 88 53 46 66 40 46 11 1 55 85 82 90 78 27 63 79 33 13 70 92 35 27
94 59 44 53 3 94 81 34 55 90 51 63 10 93 97 4 76 65 3 1 52 91 80 11 21 9 43 87 91 33 21 17 26 58 69 29 31 86 17 73 57 80 9 12 65 84 38 46 68 96 46 77 49 12 41 9 94 43 39 74 100 29 93 15 75 17 92 18 70 44 21 73 73 31 24 97 70 82 61 88 58 79 45 97 49 13 73 1 78 53 3 1 64 61 15 71 14 2 35 24
73 93 21 82 51 83 90 97 9 37 54 94 97 3 96 87 44 39 10 5 97 44 47 60 22 10 69 50 29 41 10 21 9 57 93 59 70 8 72 31 51 97 23 98 67 3 13 46 56 46 92 0 71 94 72 82 46 94 13 100 36 53 9 78 88 26 86 27 21 73 60 61 8 40 91 30 67 89 10 48 49 5 17 37 66 35 72 21 84 74 55 8 24 33 94 17 57 34 67 93
51 37 9 82 61 79 39 55 35 93 0 97 19 80 93 59 13 9 60 3 89 93 33 81 26 5 18 11 73 89 53 41 96 100 22 66 41 1 15 87 30 21 24 7 1 19 62 28 67 26 1 24 70 9 90 69 25 95 14 81 21 20 9 95 94 59 99 24 36 34 72 79 100 24 29 89 17 67 59 66 24 45 87 79 61 77 37 14 34 41 50 75 30 39 60 58 51 61 5 43
4 93 45 40 14 4 77 50 16 4 75 25 16 5 26 12 69 33 6 72 16 13 31 11 1 12 30 15 22 52 81 70 54 9 54 66 43 100 54 99 81 93 41 75 57 61 21 49 49 76 72 24 73 94 8 93 52 48 4 66 99 73 93 50 65 43 45 20 96 38 58 12 13 9 16 65 22 97 73 64 10 10 96 55 35 44 38 85 34 86 31 39 79 54 37 78 40 5 8 91
75 81 24 13 62 64 94 48 94 5 60 35 92 80 45 43 78 6 15 90 68 42 17 6 1 59 23 30 70 90 79 75 20 68 75 87 48 92 95 4 39 65 21 9 22 26 72 61 59 86 59 75 62 94 17 12 38 32 28 97 15 27 23 93 37 63 87 52 60 67 22 18 79 26 83 94 29 64 53 45 3 5 35 63 55 52 50 81 37 85 86 74 61 99 34 91 72 62 90 60
82 20 35 37 6 35 21 40 40 57 80 24 17 27 16 26 29 82 20 39 49 16 18 4 69 15 6 23 22 97 22 10 66 63 85 29 40 76 71 100 58 16 62 14 98 30 12 72 88 17 85 89 30 57 12 89 86 13 16 53 61 77 47 86 58 8 87 32 30 31 60 26 48 18 11 48 38 67 81 27 76 78 29 71 6 47 1 13 14 64 24 15 68 60 66 17 62 71 48 38
32 93 62 24 46 6 57 93 64 95 80 30 64 73 90 21 89 95 76 100 42 20 62 75 53 71 32 93 29 1 55 32 32 36 59 21 48 79 52 49 32 73 38 39 53 43 69 56 41 78 90 75 78 95 29 35 54 42 27 99 99 50 69 44 59 44 94 48 9 69 18 18 79 64 68 58 68 95 91 5 31 43 38 13 43 4 18 40 52 8 77 8 21 68 24 61 8 92 70 86
26 22 80 74 86 68 65 43 49 26 37 60 80 32 5 86 82 36 88 88 20 50 11 12 34 15 74 88 25 41 43 97 9 8 85 73 60 18 4 69 7 16 34 66 7 0 44 98 86 19 81 18 77 76 66 19 78 90 75 44 80 27 81 35 93 9 44 42 23 76 17 49 83 96 63 46 63 77 86 71 52 49 54 29 81 71 84 48 5 1 43 27 58 86 58 8 52 47 13 50
10 86 19 11 84 2 53 51 79 8 82 95 37 34 35 9 41 59 95 86 87 61 3 59 25 31 87 5 96 77 38 68 49 29 92 56 34 25 19 48 69 70 7 12 7 82 61 8 7 99 11 23 90 84 78 99 72 40 26 32 83 78 79 46 6 31 42 6 1 78 56 26 66 31 50 37 72 24 89 75 85 78 26 28 27 12 37 7 63 65 60 100 64 89 2 98 67 88 38 6
18 28 71 40 3 71 32 28 72 32 31 54 100 21 100 68 2 15 18 22 12 87 24 44 78 36 54 58 13 54 95 14 81 22 28 73 94 89 57 17 68 54 90 45 92 42 59 47 73 9 29 78 42 74 51 25 31 64 96 34 21 30 61 75 39 1 12 19 100 55 15 26 55 50 4 15 37 99 82 44 41 85 57 14 22 2 6 98 6 79 40 54 53 55 14 91 91 37 69 28
31 10 31 77 31 21 55 52 93 40 64 44 5 43 83 10 57 36 36 3 76 81 34 82 42 72 98 89 97 65 46 55 27 1 87 53 64 16 3 31 86 56 86 77 96 81 80 75 99 57 75 97 74 60 82 1 30 42 92 12 66 1 9 77 84 84 41 33 40 98 18 70 75 20 43 99 47 53 66 45 43 99 61 6 18 70 21 65 15 38 84 12 66 23 29 10 50 20 74 44
25 71 88 90 44 34 45 8 80 89 46 35 30 40 7 84 3 43 75 28 19 65 28 100 14 74 15 25 29 37 92 99 67 19 79 81 48 7 80 79 24 54 69 63 56 1 0 50 4 50 22 81 48 21 91 63 87 9 7 23 93 69 22 89 41 84 45 56 53 88 32 13 100 71 62 60 0 6 92 45 62 98 78 7 57 54 5 92 9 25 99 80 27 17 62 50 56 90 72 62
36 90 22 12 72 97 77 54 96 86 59 41 62 92 95 51 99 35 63 63 65 44 56 6 22 54 94 70 61 96 76 95 68 7 67 52 1 37 85 59 55 86 53 11 89 81 89 76 15 41 27 74 40 34 56 92 55 51 78 33 3 41 83 85 7 80 43 53 78 43 67 23 65 19 2 75 3 64 4 26 35 38 15 78 63 1 48 38 57 98 18 70 29 12 12 52 29 8 97 68
38 2 68 27 97 63 81 6 59 48 43 31 100 68 92 72 52 98 94 69 34 6 65 22 83 6 93 8 83 60 31 20 77 58 100 13 61 80 85 75 30 21 38 26 76 15 22 6 45 52 3 68 60 8 64 67 65 65 19 97 76 78 1 18 34 33 56 41 36 9 14 46 91 35 94 34 10 20 45 48 74 87 28 10 79 31 61 60 81 9 77 21 20 39 93 52 82 43 72 53
5 93 81 51 98 23 90 80 56 87 56 56 52 56 89 27 2 48 31 23 97 54 30 68 87 25 90 88 84 88 42 28 45 31 52 69 16 83 99 10 59 3 14 55 97 59 56 17 46 3 29 57 70 87 11 1 91 19 66 92 71 47 49 46 76 30 69 87 14 7 69 99 18 51 12 18 67 97 38 72 2 93 64 39 52 51 93 81 91 45 84 58 27 85 16 56 40 30 26 34
5 82 33 79 9 33 48 1 12 3 74 29 80 85 51 93 67 82 23 58 66 13 6 10 53 4 74 97 56 36 19 31 23 11 74 62 20 52 3 64 68 15 74 3 96 20 1 87 24 79 5 89 48 20 52 85 54 0 27 54 41 2 9 64 84 56 85 52 16 51 100 73 10 77 10 67 87 32 49 66 7 38 7 38 45 58 41 96 29 90 100 26 72 49 22 88 24 37 39 53
18 68 76 32 46 73 30 37 11 28 78 63 55 23 40 6 78 75 39 80 46 97 100 45 17 52 80 49 36 13 66 26 53 50 93 80 15 71 89 49 81 28 12 65 96 95 53 37 6 55 4 2 58 31 26 48 50 100 24 57 68 36 11 88 56 12 6 20 42 80 22 43 46 87 65 30 66 78 11 23 58 4 31 65 64 79 27 4 93 89 38 13 82 34 72 39 18 2 96 98
39 57 2 88 52 22 75 57 4 3 56 53 88 50 81 80 48 39 87 40 62 26 60 88 44 68 39 16 5 100 53 82 55 9 91 6 73 68 93 38 99 90 18 13 21 32 86 91 67 93 91 68 51 33 68 66 4 15 41 85 14 33 89 50 74 37 19 84 42 77 65 52 42 51 91 11 73 86 47 15 40 100 34 78 54 74 31 76 90 8 83 48 10 99 72 14 50 41 94 25
58 7 21 88 4 61 79 89 97 20 99 90 50 37 28 36 98 53 25 15 87 25 39 64 66 42 56 52 56 84 30 6 78 70 21 60 18 36 33 82 43 34 26 20 65 78 24 69 39 58 74 19 77 89 59 85 83 36 77 72 98 53 77 11 42 95 4 31 11 91 99 35 44 90 85 18 16 74 74 63 71 62 18 95 37 57 43 11 61 22 80 17 23 65 0 9 29 14 76 3
23 67 63 19 56 85 23 79 40 97 32 75 25 80 98 95 43 59 73 38 94 63 32 22 1 60 20 79 35 61 8 25 41 38 8 28 97 56 5 35 24 47 25 14 99 72 15 40 19 58 56 82 70 47 40 75 99 97 55 79 71 98 30 39 100 7 95 77 34 68 7 98 32 80 88 64 100 5 7 28 91 68 3 89 78 35 45 98 59 60 75 23 25 25 54 74 97 80 35 35
40 69 73 2 42 38 98 62 67 79 74 9 41 26 23 60 74 72 37 33 49 29 46 93 56 95 29 3 38 27 34 90 42 29 72 87 28 56 24 93 81 10 85 33 18 2 66 17 31 73 57 30 8 73 40 8 24 92 68 62 44 53 88 62 44 21 98 47 96 28 34 89 92 99 33 86 89 4 91 8 45 46 5 33 12 95 52 77 16 4 45 75 64 41 97 55 74 15 15 79
60 52 19 40 56 32 40 57 69 88 97 26 59 4 33 10 96 36 29 28 99 30 61 49 57 38 52 12 80 46 41 31 72 81 93 1 96 59 52 62 61 48 33 25 26 14 54 67 96 13 70 45 6 58 5 38 6 70 7 15 3 64 93 32 31 10 83 10 48 1 50 23 83 88 74 33 62 27 7 98 66 90 79 56 19 100 83 84 96 41 50 80 49 73 29 16 93 3 82 78
55 3 24 52 43 8 45 92 85 18 52 29 45 56 10 72 16 26 12 19 3 98 30 76 2 65 91 17 98 21 45 87 4 90 56 88 94 18 76 3 12 7 90 39 3 72 80 32 11 70 35 39 56 3 29 60 80 12 58 2 85 1 96 40 29 64 93 6 31 94 27 95 8 46 61 29 0 76 3 48 33 40 68 92 37 14 8 11 81 31 2 50 60 65 48 66 31 65 87 19
40 35 33 62 99 59 20 6 52 42 95 5 10 45 35 21 61 6 38 86 68 45 80 27 30 10 49 16 17 40 26 96 84 70 16 76 36 30 32 4 32 59 88 64 33 26 98 25 91 3 90 84 85 10 51 34 6 23 97 90 55 19 33 46 61 53 66 82 90 14 99 43 11 64 86 43 9 59 78 84 11 7 69 4 4 11 37 54 50 77 64 21 19 58 19 59 21 80 100 37
59 49 74 62 90 67 38 21 83 37 51 48 23 50 99 39 44 26 22 82 20 35 79 15 89 84 15 34 12 61 63 1 58 7 78 81 61 27 33 83 62 100 21 89 71 0 41 15 2 52 59 63 48 62 86 72 57 96 42 9 77 26 84 5 0 56 16 24 99 93 89 35 60 1 73 58 12 36 53 23 35 78 22 44 43 14 45 90 56 44 70 97 83 1 88 52 34 60 17 2
58 31 30 93 62 94 39 64 27 10 14 40 99 82 65 30 4 29 78 85 84 29 28 10 99 33 16 17 69 85 11 28 33 39 40 14 36 43 60 21 36 70 44 30 7 16 0 56 53 84 35 20 95 68 54 82 57 26 69 13 4 27 61 19 12 29 28 54 62 68 43 38 92 50 0 99 14 52 50 65 32 21 1 94 75 12 16 58 80 6 69 88 79 24 90 21 23 92 27 84
6 4 33 29 70 77 94 72 6 87 85 77 90 54 73 94 35 36 81 60 76 52 80 52 53 93 23 90 60 61 9 28 20 27 9 19 77 82 12 90 20 75 29 43 40 64 6 82 78 32 5 65 26 35 17 77 98 71 25 11 43 89 4 38 71 97 86 42 72 53 29 69 23 47 2 3 78 87 35 52 99 86 31 1 27 74 59 73 45 10 3 83 74 59 7 86 64 87 67 55
26 52 35 16 74 3 59 30 30 51 92 37 55 97 72 27 54 83 94 22 29 48 38 45 37 90 49 29 39 86 60 48 90 21 31 23 59 63 71 63 77 42 80 65 100 72 54 72 71 34 68 49 91 99 86 39 93 41 6 62 51 40 98 95 94 35 62 57 77 95 14 0 87 11 8 98 100 61 37 45 39 58 14 93 17 41 44 70 71 80 71 100 94 71 38 62 54 60 20 53
32 56 46 70 76 28 51 62 41 24 8 44 19 92 68 9 95 15 98 30 5 83 24 10 50 59 94 28 79 44 4 25 48 52 29 85 93 12 15 32 12 20 69 52 97 93 11 85 25 100 52 42 37 30 43 4 97 86 87 81 95 98 19 20 79 24 10 6 39 43 58 15 21 21 72 24 7 39 46 82 36 13 33 79 95 68 83 54 27 35 36 52 6 96 50 76 57 62 61 20
34 59 21 10 56 24 31 71 92 67 66 56 71 65 37 77 68 96 20 84 8 26 60 88 51 48 58 7 91 64 81 92 52 40 6 77 5 64 34 15 98 54 82 18 92 56 67 71 74 37 40 7 43 22 70 85 25 34 51 77 21 39 95 56 86 71 1 90 68 1 61 35 32 20 14 54 76 27 77 65 6 18 29 90 24 99 33 61 44 43 48 75 29 83 74 98 75 61 100 2
21 26 34 9 38 47 21 26 51 63 5 18 51 15 99 69 45 75 76 58 50 23 39 55 80 82 65 2 78 63 15 55 47 65 21 18 57 16 18 94 98 30 76 21 18 29 57 91 96 10 54 57 3 78 8 98 92 4 43 65 17 47 15 27 90 12 80 53 72 11 30 28 81 93 20 31 89 64 87 65 57 77 10 17 5 61 81 78 35 34 35 59 14 97 100 88 55 34 35 83
90 39 77 47 92 42 97 34 73 68 51 55 70 2 1 47 23 12 83 0 66 99 73 18 6 94 66 4 77 86 64 28 57 59 44 73 57 79 31 9 66 34 73 4 45 33 72 62 55 29 43 70 5 84 84 65 47 73 5 36 54 72 86 44 26 45 60 1 60 84 10 55 45 25 5 75 94 88 46 21 99 82 10 96 50 42 14 51 50 40 31 70 20 64 78 83 42 32 66 73
49 6 0 23 30 90 14 54 66 55 98 85 20 46 85 93 33 81 15 94 31 20 67 70 28 8 39 91 37 87 39 10 34 29 18 43 60 31 67 31 2 83 11 7 71 24 2 48 64 92 54 75 80 85 66 85 73 28 57 76 4 58 96 31 21 99 92 98 84 4 43 27 88 40 91 58 37 21 21 10 53 42 33 91 50 57 37 90 20 98 0 53 22 30 94 93 51 100 44 60
50 58 21 29 13 14 36 6 71 16 76 96 67 78 35 56 54 44 47 75 57 77 60 46 70 2 99 15 83 41 58 46 82 6 23 86 90 25 43 27 80 12 45 2 9 80 23 15 46 24 63 16 56 26 69 43 71 53 63 87 76 53 21 64 50 16 81 50 52 35 65 50 62 67 68 58 74 22 81 14 48 80 4 79 69 44 78 34 30 70 49 81 57 25 15 13 62 38 83 62
79 36 92 57 72 63 78 48 42 48 7 75 62 85 61 10 51 4 66 81 65 46 0 97 67 86 47 31 44 64 41 8 24 42 54 8 60 7 22 69 9 56 34 72 21 97 94 99 35 54 37 95 82 69 31 6 49 45 63 72 46 79 37 32 70 53 36 83 41 10 47 18 4 68 85 35 50 32 36 14 22 97 76 80 97 69 44 47 50 10 81 48 42 100 33 37 77 36 63 3
26 72 19 35 28 54 1 48 29 54 57 73 4 83 85 42 20 64 54 17 61 73 62 83 69 98 24 2 1 27 70 64 84 75 86 25 38 21 68 85 86 13 16 68 85 79 87 27 68 97 75 71 0 2 20 64 84 18 79 100 49 40 12 98 66 20 40 96 39 88 19 5 30 54 32 44 66 50 4 24 75 45 100 5 14 3 48 18 15 80 11 86 68 80 52 4 77 48 59 79
90 1 50 48 38 38 37 55 12 22 75 10 1 82 77 37 81 5 62 93 27 21 24 34 69 95 52 75 71 39 87 52 54 34 29 40 92 86 50 39 34 31 25 40 2 96 47 8 98 97 33 47 81 5 55 10 8 3 32 19 50 35 73 52 32 41 2 92 86 74 63 15 35 10 2 6 89 75 83 95 5 4 83 38 75 73 51 50 39 86 63 90 85 55 51 84 54 33 88 38
25 22 63 29 75 88 57 56 14 42 19 84 62 44 91 43 81 81 78 4 41 37 54 81 31 91 30 30 57 13 4 56 15 2 73 13 36 3 23 33 1 80 71 87 46 6 87 77 54 41 46 11 67 74 30 91 57 24 18 67 77 7 82 3 4 10 86 6 18 39 68 72 26 36 18 15 94 20 53 55 92 84 76 78 0 2 60 73 23 70 36 27 59 90 87 13 56 100 65 51
50 63 81 13 90 34 36 32 52 100 7 91 17 93 78 89 2 85 12 40 36 37 75 62 50 52 39 50 87 2 51 88 66 2 65 88 63 49 27 10 26 45 9 94 38 27 35 18 14 89 83 61 80 2 24 37 84 13 42 63 30 91 78 22 92 2 22 4 27 96 60 75 79 4 26 65 73 40 38 62 47 17 20 62 79 73 66 29 4 48 20 24 71 37 29 15 48 50 35 82
34 10 97 28 68 24 56 56 32 95 11 92 49 26 74 17 29 74 74 99 15 9 15 91 12 66 76 12 32 22 22 2 63 94 12 35 8 54 84 1 85 17 35 67 1 26 55 97 40 45 66 42 15 53 80 69 7 24 24 35 24 69 28 2 56 29 13 58 85 45 73 40 5 9 73 54 96 40 25 81 40 56 31 8 50 42 31 6 20 12 3 79 5 91 45 51 62 66 79 23
81 60 14 7 80 95 99 51 80 80 63 3 76 35 59 9 88 69 15 94 76 37 63 73 52 26 13 80 85 27 3 34 79 87 75 54 18 27 64 30 89 44 100 0 18 95 10 50 56 26 74 22 68 41 60 60 79 99 1 26 27 18 96 62 20 42 94 60 44 33 47 8 57 34 23 51 85 97 4 82 3 49 78 62 48 81 61 100 29 57 73 24 69 34 68 75 12 12 64 84
73 4 77 90 82 13 48 57 79 75 61 50 11 26 37 0 9 5 61 15 33 39 73 77 37 57 5 72 81 52 57 97 42 93 91 59 30 74 12 85 46 36 32 68 74 83 16 16 11 70 59 29 91 47 47 97 24 23 20 18 43 51 73 3 12 58 53 21 4 61 59 12 87 70 26 33 72 58 77 63 8 11 55 60 1 47 89 75 34 72 81 64 46 59 73 91 28 91 32 95
77 85 38 72 94 60 20 10 67 83 88 58 100 86 47 97 29 87 17 40 64 33 21 91 23 48 99 17 6 44 29 34 23 33 3 8 46 48 90 97 39 3 28 85 10 6 9 98 81 96 8 36 21 5 92 69 64 4 92 0 71 75 87 76 63 11 55 68 58 59 56 12 85 58 28 22 19 48 35 40 83 19 72 47 4 36 75 95 78 28 76 9 71 8 84 39 95 54 4 60
84 19 76 63 73 6 77 10 9 87 10 48 94 12 80 14 32 12 34 97 58 97 0 61 98 41 70 9 82 76 59 8 54 75 68 88 40 43 49 54 74 80 50 34 100 40 92 52 3 34 39 50 50 86 81 11 85 6 27 55 48 38 23 9 45 67 84 24 15 77 2 100 55 29 6 31 19 12 26 56 73 29 27 97 84 25 29 9 76 77 85 21 23 99 1 93 45 43 52 74
56 96 95 41 16 1 49 22 96 91 92 83 48 54 99 55 11 26 92 100 32 100 55 4 99 21 20 32 82 7 8 59 52 37 82 84 19 67 19 86 74 100 65 73 23 87 77 73 99 45 64 37 97 26 28 76 69 13 19 13 88 22 76 56 2 8 57 20 67 41 37 76 29 76 44 46 50 18 71 38 19 39 66 59 94 92 26 47 40 93 98 18 16 58 54 20 56 97 4 100
62 78 94 44 24 85 69 87 69 64 42 14 49 17 79 32 41 56 78 67 72 67 32 53 72 74 2 96 13 88 70 23 98 70 57 86 96 49 38 25 91 64 2 96 25 63 34 63 15 89 100 54 25 21 48 0 99 97 24 3 67 12 26 70 97 83 43 6 41 75 38 65 99 51 81 42 75 18 25 78 92 76 26 25 8 70 34 50 7 68 42 83 31 72 82 61 32 32 54 6
41 75 14 84 56 28 2 91 4 96 6 52 86 61 20 38 21 6 4 89 41 68 50 70 90 26 98 94 82 17 31 38 87 58 72 45 4 91 65 37 33 11 15 78 32 24 47 27 32 86 45 34 82 41 83 7 8 97 97 66 67 63 1 47 28 98 57 0 31 89 67 12 41 18 80 60 32 63 66 26 82 31 13 26 93 93 70 71 29 60 11 96 41 48 72 43 30 3 53 73
18 67 32 65 80 31 5 40 45 83 43 19 93 97 5 65 100 1 78 97 5 54 67 93 17 12 79 64 66 65 94 18 48 28 41 19 52 48 56 22 35 24 4 98 38 100 65 86 5 72 47 47 81 75 3 60 35 3 60 50 39 29 80 20 85 78 50 79 14 64 95 46 48 37 74 18 44 91 17 83 48 17 11 98 16 29 23 53 71 25 37 25 28 36 68 35 91 10 45 82
3 68 50 8 77 40 99 24 5 49 70 31 7 67 65 25 85 68 55 81 53 52 62 8 67 26 20 1 20 47 20 40 9 45 10 7 27 30 91 63 100 16 37 2 51 7 46 8 93 20 59 49 80 88 66 47 85 8 2 49 78 91 95 20 39 26 10 84 59 33 13 41 23 41 80 75 43 82 7 48 97 45 32 28 80 92 4 41 64 40 25 8 43 60 78 7 9 50 76 72
79 54 87 99 45 0 79 93 61 45 27 87 14 34 24 46 60 26 34 60 41 62 44 79 17 71 87 25 32 6 87 64 35 71 23 78 90 12 62 65 14 83 5 26 71 20 73 56 12 3 3 98 22 99 50 52 94 4 49 37 100 97 33 61 40 75 18 66 68 4 68 33 98 44 12 64 89 46 26 3 95 93 71 74 54 36 7 10 20 88 95 77 32 72 78 12 29 33 90 56
87 32 55 80 14 91 56 73 34 14 99 79 49 80 41 16 55 81 74 64 75 41 1 63 28 76 73 6 37 25 37 41 48 94 85 33 54 98 50 54 59 29 22 68 34 70 56 86 39 93 1 21 16 47 98 22 54 24 19 84 19 70 82 50 44 74 27 36 6 78 11 7 66 19 26 33 73 58 82 87 25 74 95 34 97 28 75 34 15 88 5 37 37 48 64 54 69 72 77 40
76 31 86 44 53 26 99 24 58 73 100 80 38 37 68 29 3 25 13 13 85 20 99 3 99 8 75 35 78 4 61 98 9 96 53 17 64 13 47 63 70 93 73 76 23 85 60 27 33 36 71 89 97 13 1 42 79 47 91 1 46 75 73 19 42 16 74 35 11 36 34 23 20 72 55 61 96 56 75 30 99 24 24 91 92 78 22 57 77 97 75 49 72 76 43 66 47 59 39 52
87 24 31 50 82 95 81 83 70 93 24 28 82 65 52 80 24 19 20 0 94 91 78 52 66 46 43 56 37 4 44 17 35 17 51 7 56 48 58 2 9 68 64 21 34 28 100 75 51 47 92 91 59 68 2 85 61 62 91 66 61 11 32 17 56 67 50 77 69 32 74 49 19 75 18 98 13 28 48 36 41 43 93 23 20 77 30 64 50 89 63 75 21 3 5 46 30 71 1 71
75 17 84 98 9 30 10 73 75 4 36 86 54 90 57 50 58 60 88 28 84 63 45 54 34 59 54 85 93 72 20 79 1 3 67 76 13 60 90 87 7 10 2 39 78 15 72 97 100 76 58 38 34 14 0 18 34 37 10 53 2 86 19 67 8 21 50 77 100 74 33 33 92 29 93 54 99 3 93 27 44 52 67 40 36 95 66 85 50 100 96 14 77 58 73 83 58 50 37 20
34 96 3 38 46 11 74 78 14 10 23 24 26 72 46 20 17 18 36 17 98 20 40 75 20 45 72 81 19 79 90 90 80 19 37 40 94 8 93 54 22 5 47 57 65 39 23 65 70 57 93 24 76 98 68 10 46 15 26 10 99 4 46 97 50 32 81 73 99 2 55 80 69 5 35 73 70 7 38 64 4 90 76 6 59 39 29 93 59 71 96 46 9 78 68 96 18 83 41 26
24 56 70 52 93 96 49 91 90 55 42 76 38 45 15 13 51 74 30 24 5 11 89 91 2 53 24 43 89 96 97 92 71 100 1 49 84 100 58 81 81 88 65 7 29 90 3 61 15 45 86 24 6 5 99 59 9 73 36 84 79 87 74 4 73 98 45 97 69 97 40 6 80 64 50 42 74 57 23 2 77 68 6 2 6 96 24 81 21 11 18 87 68 37 88 42 26 26 76 31
53 90 0 52 70 8 91 25 11 85 98 18 51 58 63 19 59 24 43 61 87 31 54 28 28 6 91 89 21 44 37 2 29 63 8 5 39 51 23 25 45 36 91 26 96 26 35 4 38 72 32 13 2 91 100 44 55 22 18 73 74 49 66 7 41 21 97 76 88 84 61 1 29 38 84 56 26 35 81 37 9 53 55 94 61 95 100 94 70 89 40 26 9 9 29 79 16 80 97 91
70 84 100 72 22 74 16 42 100 97 80 15 82 96 71 56 26 34 13 17 72 67 84 11 38 91 57 76 57 77 82 12 88 28 29 89 31 94 15 74 50 86 81 100 76 32 53 17 83 65 87 17 81 9 74 58 26 26 94 78 54 42 10 5 75 86 14 28 100 65 93 49 38 72 48 33 97 37 66 70 51 2 85 43 39 17 15 40 34 23 24 48 48 73 5 8 73 81 78 60
74 4 26 30 86 71 86 96 62 2 38 1 94 66 39 4 94 42 19 1 61 75 54 45 63 63 19 34 32 36 7 100 45 24 98 66 20 7 72 6 78 63 99 73 97 13 3 3 92 84 93 78 67 41 46 94 17 42 24 16 78 23 77 29 76 64 10 21 99 62 16 17 4 55 79 33 64 95 2 42 39 62 35 62 61 88 30 16 39 77 59 70 68 3 80 58 29 94 51 54
60 62 67 42 13 28 60 33 27 19 93 83 42 30 80 57 55 51 9 53 39 95 64 91 56 62 71 3 5 66 52 33 95 49 57 84 38 26 22 41 5 85 32 25 46 61 94 64 98 30 39 42 32 49 99 3 32 59 48 12 38 98 35 32 5 82 37 84 9 66 44 32 52 54 14 88 4 81 100 30 87 85 67 91 54 35 23 13 30 76 48 72 8 2 86 87 25 99 46 78
84 97 45 56 2 9 34 87 27 6 73 48 70 13 38 61 88 73 65 82 54 46 66 90 60 65 67 69 40 99 68 13 9 75 64 33 82 9 59 37 42 18 47 64 13 35 35 12 79 72 50 37 82 51 14 91 98 63 41 99 99 3 59 29 4 19 82 85 49 87 85 51 57 71 51 49 39 25 76 7 73 12 91 22 33 45 83 98 44 33 29 57 46 31 51 92 82 52 10 52
85 22 44 89 91 48 38 59 66 3 56 7 19 100 12 18 90 67 8 65 49 97 53 86 73 40 13 98 36 43 61 75 96 21 75 4 16 13 92 78 78 32 41 31 62 30 48 13 23 2 44 71 89 9 50 58 12 50 58 9 53 76 90 39 28 89 57 1 69 8 68 76 18 51 8 96 89 84 38 100 99 36 21 2 10 62 79 36 86 91 28 85 31 84 97 90 26 16 13 88
62 33 83 11 41 34 21 99 59 94 69 84 84 52 0 5 79 65 39 85 11 26 46 30 26 64 87 25 58 34 34 94 96 67 42 81 16 23 33 68 70 12 73 21 33 10 93 15 44 29 66 33 40 74 91 84 37 34 43 50 81 85 10 77 30 69 80 69 79 14 29 26 19 74 59 56 89 76 32 52 38 50 6 2 94 37 78 81 87 86 31 17 32 85 27 63 25 36 29 3
7 76 31 89 57 90 60 29 15 2 50 81 80 78 90 18 35 68 33 2 62 44 58 41 79 77 35 38 4 95 90 26 44 95 22 28 27 78 41 46 44 92 82 78 77 81 8 75 41 47 68 53 53 14 52 4 44 82 30 23 98 100 65 47 50 2 67 70 14 4 37 72 65 68 21 89 5 47 62 12 91 53 44 44 48 37 52 17 26 31 18 75 86 56 24 64 19 32 2 77
77 97 4 75 91 82 1 91 90 91 36 59 62 70 89 80 43 21 21 54 9 7 23 83 3 26 40 23 2 41 69 32 23 100 51 41 43 76 69 92 56 28 63 98 30 1 66 70 43 2 49 75 32 8 70 72 12 61 20 61 18 44 59 71 29 55 96 41 100 77 79 76 22 60 63 15 82 99 100 84 42 1 16 40 78 35 7 30 3 49 50 7 40 46 51 88 17 16 85 27
75 91 29 38 11 58 89 51 79 73 10 29 92 2 63 85 44 24 52 27 33 49 49 61 3 56 97 65 40 9 49 11 53 8 37 49 99 27 51 43 87 90 31 18 26 5 19 92 5 44 79 85 15 12 37 36 67 55 34 73 10 53 93 50 20 8 35 62 98 33 39 9 20 48 91 28 8 63 77 93 58 88 98 8 61 49 37 29 55 66 12 26 47 11 25 78 1 12 73 32
55 16 46 41 32 90 66 93 81 52 34 30 67 12 69 21 6 70 4 87 87 14 95 96 23 52 62 10 23 30 34 49 90 69 81 100 32 98 38 84 61 56 23 72 29 48 29 55 42 93 62 59 81 69 8 72 11 26 30 51 10 26 33 73 23 27 13 33 0 43 50 63 54 57 1 80 94 16 80 61 19 6 95 14 45 51 23 29 62 95 75 68 9 90 43 78 53 8 97 50
53 88 13 71 68 97 97 80 45 72 49 20 38 15 50 82 73 39 41 25 18 42 41 45 8 8 2 22 78 58 80 5 50 11 51 4 98 98 19 53 7 53 21 75 58 13 95 29 34 86 46 17 9 92 52 41 1 71 86 89 93 44 88 34 18 80 33 5 92 22 71 14 7 14 50 2 30 5 45 43 11 92 12 78 73 35 41 46 32 95 1 72 38 60 65 71 63 88 11 29
13 35 21 6 51 58 60 48 61 60 81 88 78 57 62 9 21 83 23 87 41 68 89 42 38 51 87 35 29 68 77 62 77 35 62 85 14 98 77 40 88 75 21 29 27 82 5 56 74 77 43 22 31 64 57 97 74 59 72 0 55 73 35 14 93 4 31 99 1 98 65 43 79 21 12 98 73 9 11 50 40 67 86 92 70 8 10 77 9 67 88 93 97 31 65 96 30 92 12 19
76 60 65 0 58 43 20 33 87 66 67 99 17 92 39 26 23 72 35 54 14 96 57 70 93 39 32 49 79 31 88 68 63 73 3 6 84 56 59 27 86 21 68 94 46 82 39 99 57 81 39 49 61 49 31 46 82 4 2 87 14 8 7 69 38 78 61 21 2 3 53 22 70 95 55 53 33 18 71 49 12 45 65 78 100 24 22 1 36 58 78 72 88 90 70 28 86 30 94 44
86 70 76 81 95 86 3 55 11 55 97 51 95 36 28 3 18 14 15 60 14 54 78 28 80 9 58 26 5 92 86 30 0 44 21 95 91 80 81 96 31 36 52 28 37 37 13 91 31 79 100 37 33 81 19 80 100 26 14 26 46 93 46 44 93 93 96 10 52 19 46 62 43 20 88 20 69 72 88 90 25 86 9 77 66 37 22 44 19 94 87 84 9 3 47 13 25 62 97 86
34 40 79 64 16 36 59 29 89 83 59 52 93 92 11 2 89 90 60 52 91 88 21 34 95 49 42 8 87 95 94 1 53 46 35 41 41 49 1 70 71 83 16 86 1 37 43 7 47 98 44 17 87 5 56 45 86 79 78 87 63 78 26 28 87 34 61 73 91 27 28 17 81 94 46 45 69 13 98 74 77 32 60 0 93 4 66 16 48 88 24 5 19 5 47 57 53 34 9 48
69 9 99 60 60 82 16 26 1 33 40 96 84 93 20 20 56 32 76 48 83 11 90 63 39 99 82 89 47 1 23 6 57 68 4 80 2 97 92 90 55 29 83 24 31 1 19 92 69 58 92 95 2 92 79 74 5 2 83 22 65 48 11 92 21 97 47 65 65 59 12 93 100 68 36 23 97 46 10 84 77 11 55 44 59 75 4 69 11 37 94 48 4 13 26 77 30 22 1 6
9 65 89 24 97 100 42 33 55 47 55 93 40 51 28 9 88 64 28 39 49 44 25 80 92 36 88 87 2 24 26 31 28 46 32 73 54 91 51 12 62 3 17 13 87 9 37 83 52 40 81 68 88 59 78 2 4 58 70 61 99 88 56 73 95 26 25 55 99 66 51 53 74 62 28 57 1 36 62 39 51 7 9 14 35 11 51 75 42 67 82 93 55 41 92 9 26 58 24 32
60 61 37 37 78 2 94 42 46 63 97 2 7 35 77 99 29 98 73 51 29 7 83 6 35 91 95 39 17 87 25 10 83 14 56 49 8 26 33 30 55 48 71 93 92 44 81 22 75 78 49 51 29 24 62 33 59 8 53 60 79 97 41 30 52 46 49 19 73 26 56 81 34 87 5 91 93 46 53 92 42 71 99 32 8 47 45 46 39 83 42 84 100 62 37 68 68 27 35 4
54 3 72 84 48 37 29 66 67 94 89 90 4 45 49 16 63 19 74 32 55 16 49 39 44 63 42 64 12 8 22 89 59 42 80 33 93 65 23 75 81 1 18 99 58 21 12 98 52 86 68 19 84 15 5 21 5 71 31 95 25 2 33 50 42 22 80 37 44 46 59 7 55 5 1 31 3 12 43 25 99 19 100 53 50 49 35 71 49 12 26 12 72 24 15 36 35 1 94 80
84 98 24 44 91 96 41 61 82 66 43 94 1 54 43 90 12 99 23 70 48 1 52 90 29 10 62 72 18 32 76 10 95 17 81 18 11 26 94 65 31 12 14 26 14 48 7 66 20 95 9 28 32 18 0 75 95 33 37 17 14 57 69 28 76 8 40 2 33 52 43 8 37 43 4 88 42 24 98 100 69 53 28 22 70 88 70 35 32 99 76 46 20 5 64 95 53 1 7 33
66 41 20 39 39 31 96 46 84 48 12 79 82 100 75 14 50 89 42 47 86 45 65 83 12 62 82 99 9 54 87 16 100 16 20 59 25 18 42 91 11 82 56 92 58 88 27 59 21 81 78 25 36 99 90 49 59 20 94 97 69 30 67 22 72 66 76 49 9 54 76 92 25 54 55 86 47 62 84 14 73 99 31 74 30 83 94 86 11 52 94 58 99 56 5 33 52 54 99 7
81 80 15 15 92 13 76 44 3 30 90 78 24 7 59 43 4 0 82 57 52 21 26 52 77 33 11 64 46 70 96 20 82 58 30 61 4 37 7 80 71 75 8 60 23 89 32 84 79 96 85 48 53 9 44 59 67 39 45 93 30 98 41 89 75 53 30 87 2 71 79 69 82 68 3 49 27 8 88 56 85 3 31 42 57 42 63 5 28 47 77 13 14 64 50 12 84 65 55 9
91 91 36 61 73 49 83 61 60 3 75 50 45 19 34 61 27 54 94 24 67 81 23 72 57 71 17 67 96 100 14 25 18 70 62 46 35 44 90 62 72 1 51 81 17 22 42 5 71 71 81 14 35 12 62 95 15 34 54 35 41 23 51 70 64 72 35 91 56 37 9 80 11 97 67 33 7 82 4 25 61 69 77 23 74 31 17 92 87 39 32 93 20 11 55 43 59 87 36 64
99 78 39 82 74 66 20 16 99 70 83 96 12 34 4 73 97 52 41 61 71 17 18 54 100 29 92 30 47 14 65 44 73 72 59 70 86 100 1 16 30 10 15 86 26 39 88 33 18 3 87 54 56 87 70 26 41 97 8 86 12 20 37 53 26 74 59 30 43 95 76 99 81 60 18 40 35 23 71 15 79 33 66 29 56 20 3 0 3 41 38 13 29 77 14 41 6 28 76 50
62 29 39 51 43 4 8 6 54 48 65 93 59 86 0 17 61 8 61 53 99 42 61 33 4 40 48 92 26 90 96 54 16 28 90 77 58 93 32 2 16 85 66 23 78 48 27 20 52 77 10 9 94 47 88 44 79 17 29 57 41 30 49 92 31 93 30 16 57 66 40 92 3 19 37 97 75 64 38 93 52 2 34 85 42 29 62 90 4 21 14 85 61 11 100 87 77 65 12 29
