100 100
82 95 57 64 27 15 23 70 20 61 68 78 75 90 4 7 77 53 90 17 68 48 33 29 15 16 58 65 10 68 70 78 66 26 25 72 65 37 76 54 14 71 64 11 90 44 45 65 3 65 57 39 46 63 61 86 31 28 36 35 52 31 31 21 84 61 1 68 54 27 12 53 8 62 46 48 47 20 36 51 96 18 26 92 62 56 39 86 78 4 63 26 62 97 79 3 97 31 54 86
59 19 22 8 18 77 6 13 57 90 18 46 88 8 49 36 80 85 38 63 14 82 74 3 80 85 69 10 80 4 97 6 40 80 11 84 17 59 89 55 26 52 41 69 68 40 23 29 80 88 11 14 67 81 13 1 38 68 32 36 47 50 49 64 44 1 4 6 74 50 7 43 35 31 79 70 71 49 7 91 63 72 1 19 46 99 77 99 52 28 79 73 54 23 30 26 54 22 55 88
41 48 96 5 42 34 99 83 25 26 14 97 28 63 78 21 27 4 5 93 67 97 25 80 90 20 15 55 39 50 67 21 74 26 28 95 56 8 65 7 45 38 33 47 49 77 72 44 52 69 75 38 31 56 14 83 57 16 70 24 46 20 5 91 85 93 67 21 35 90 3 37 38 63 96 100 73 53 22 26 81 76 81 36 94 39 2 83 0 81 23 35 72 75 31 10 4 20 96 44
59 69 71 58 84 55 99 0 45 68 35 4 66 12 59 87 62 74 33 6 9 82 13 54 5 30 85 61 74 14 87 88 97 97 56 86 62 66 1 24 30 86 47 62 17 73 17 6 35 70 99 99 62 67 27 97 91 65 97 73 22 75 45 60 16 27 90 14 64 50 54 84 56 98 99 88 8 40 90 92 12 47 67 32 40 96 27 48 93 2 49 98 14 77 11 15 34 88 26 89
72 11 87 79 19 91 85 75 94 92 29 40 51 54 21 39 12 86 67 37 59 91 33 26 40 20 47 31 54 16 27 51 33 89 20 10 64 34 61 62 99 17 11 85 58 19 53 93 86 17 11 2 82 35 99 26 10 80 56 77 32 35 54 36 59 72 59 86 44 75 38 55 75 69 93 64 3 61 86 62 60 50 1 85 76 24 20 75 10 58 26 85 100 3 32 16 8 12 73 34
44 90 62 34 25 80 37 78 47 55 74 78 19 21 54 12 1 39 50 6 70 80 89 66 29 71 43 99 95 73 95 91 93 16 13 20 9 17 13 23 15 49 70 59 81 50 96 40 77 6 1 79 63 93 77 61 65 78 76 96 49 52 25 61 80 5 67 32 30 19 96 63 11 55 82 14 48 9 98 89 36 18 32 55 15 83 95 33 65 46 41 37 67 60 47 42 63 1 81 50
68 81 34 26 35 41 92 97 54 48 7 37 64 29 14 53 30 69 1 64 55 24 64 61 78 87 81 58 24 88 39 61 81 67 89 41 66 50 43 65 9 42 72 72 45 21 29 5 24 29 12 71 65 54 75 65 35 32 25 88 16 50 12 47 62 86 25 15 28 15 93 49 66 50 12 40 77 83 0 32 10 43 42 44 13 18 27 4 76 72 76 94 28 28 79 53 73 47 89 73
37 75 95 50 96 52 14 48 3 3 84 89 28 64 60 20 48 58 25 29 47 82 91 86 55 93 85 70 41 78 33 61 87 24 46 82 89 89 43 18 22 36 18 88 45 14 40 54 100 44 59 50 37 78 91 21 92 5 35 68 0 97 87 64 70 95 100 74 68 1 26 38 13 6 15 93 16 81 90 96 20 87 67 77 84 90 44 91 21 95 1 23 82 83 54 64 46 29 36 31
68 20 12 78 29 65 92 26 24 12 69 39 55 19 20 27 22 28 77 18 17 79 93 60 31 52 66 74 97 54 27 55 70 70 1 84 4 58 25 8 66 58 86 55 80 19 34 64 95 85 35 95 30 80 28 75 37 45 68 27 47 29 14 12 30 2 91 38 49 7 32 82 7 23 5 86 46 8 58 93 52 98 75 58 20 21 59 16 84 41 10 13 45 59 73 87 98 7 4 67
99 84 66 17 17 30 18 16 73 7 6 20 55 29 73 81 83 72 31 20 95 34 68 87 11 31 7 82 72 83 74 36 18 93 37 79 32 46 51 18 21 44 53 95 64 65 61 68 57 55 29 70 25 78 78 23 5 56 11 8 92 15 72 94 2 49 86 18 4 51 48 42 20 17 61 52 80 31 2 31 90 100 26 87 89 83 71 6 83 93 7 86 46 35 18 12 58 23 72 9
95 75 98 65 75 19 36 32 86 77 75 76 29 60 94 81 66 94 25 40 52 91 94 4 71 26 21 9 10 32 52 31 54 6 19 43 47 25 40 54 92 77 21 36 58 28 85 54 89 28 29 27 98 87 79 94 39 100 11 85 55 65 0 95 86 52 22 25 67 13 86 6 43 38 59 78 79 83 97 84 12 21 70 86 55 54 90 49 17 59 93 97 75 46 82 65 95 69 17 20
96 77 41 9 20 52 57 38 97 15 20 100 68 56 99 5 64 31 30 13 100 65 33 1 35 60 14 3 86 16 71 64 99 12 70 78 13 78 31 46 49 35 96 83 28 53 99 49 1 69 71 55 21 33 89 40 31 35 17 55 74 29 31 44 61 6 67 86 76 41 50 80 92 82 35 55 72 73 37 31 50 19 10 5 32 80 0 40 90 66 96 98 41 34 36 67 1 19 46 97
61 31 39 10 86 38 29 85 99 10 64 95 12 86 55 41 72 48 32 17 85 63 77 0 85 42 29 42 27 69 21 87 4 13 98 15 67 27 95 76 16 94 92 15 94 86 27 9 92 9 56 19 13 67 15 57 53 49 38 25 33 8 65 76 43 26 11 7 22 43 93 38 63 65 18 61 26 2 93 44 70 96 71 37 68 12 76 59 12 18 26 47 24 90 5 17 16 47 9 22
33 53 80 97 31 85 20 3 40 60 50 47 81 38 39 27 29 98 57 41 4 70 4 86 89 27 12 14 26 44 49 69 44 49 99 9 77 31 18 68 49 93 33 24 32 76 99 29 25 78 36 99 3 65 81 35 14 69 92 14 48 97 21 7 68 25 10 21 55 93 78 84 71 27 73 51 84 75 75 42 3 91 7 36 73 4 10 8 52 47 31 43 55 79 8 96 89 74 64 45
82 19 46 96 14 60 78 72 29 68 52 91 6 38 82 12 60 18 52 49 72 11 94 24 55 58 30 3 38 20 10 9 86 79 73 19 94 55 55 94 65 21 87 65 11 82 97 86 35 59 75 71 81 38 88 3 67 2 66 75 73 32 84 53 78 78 81 61 38 8 72 97 76 71 17 0 86 14 10 36 38 57 10 90 50 78 23 81 56 39 45 97 49 12 54 97 83 34 45 19
19 92 49 97 37 97 68 69 9 90 96 9 36 78 6 34 3 82 23 80 56 28 80 46 25 83 26 20 47 93 51 78 72 32 52 54 83 77 40 89 6 54 78 10 18 64 29 21 55 84 42 57 55 98 27 17 29 88 28 36 4 4 17 28 56 2 90 55 84 10 21 31 75 80 55 39 17 68 57 30 93 18 34 84 40 71 33 90 60 67 93 29 97 81 54 74 9 92 55 17
18 56 87 13 20 11 41 77 26 10 49 10 5 60 24 23 90 17 62 90 2 61 33 46 52 34 88 70 27 62 31 68 51 81 51 78 52 18 49 45 5 37 26 35 33 53 64 85 64 57 34 25 49 85 60 62 31 37 15 7 75 78 70 70 8 81 15 10 40 89 43 51 54 63 50 55 1 91 89 41 30 96 17 29 59 7 57 86 39 30 35 30 14 62 77 77 94 92 20 30
57 99 85 40 79 28 45 20 11 10 24 46 15 35 61 6 65 41 80 61 91 50 95 60 40 47 11 97 53 77 48 7 20 34 5 21 34 80 92 28 29 22 39 24 66 66 59 30 68 8 27 99 10 30 55 46 97 10 12 84 68 50 73 17 60 94 35 2 83 14 87 70 26 14 6 43 55 53 73 18 12 14 5 22 49 14 39 79 10 15 20 74 1 50 99 6 43 73 57 68
89 11 16 3 62 39 24 3 15 82 1 89 5 100 70 66 4 32 90 68 66 36 28 36 0 32 89 26 45 93 97 93 65 9 65 100 91 66 85 90 76 2 51 3 65 45 58 39 75 40 71 32 32 17 46 69 18 80 15 87 6 51 63 31 68 56 1 55 33 81 33 39 58 66 53 7 32 1 16 74 78 39 25 86 33 86 62 51 88 81 73 7 7 35 21 48 38 86 14 64
56 53 84 96 89 56 76 7 69 76 29 43 88 29 8 97 85 37 98 33 66 76 80 70 77 39 42 70 58 94 82 12 11 85 59 83 95 11 72 57 77 40 12 10 71 74 61 100 36 0 55 49 13 93 11 23 24 93 1 44 75 86 60 35 62 90 59 57 66 65 21 99 36 24 21 56 55 22 9 16 26 5 42 60 33 15 69 99 82 84 68 87 93 100 88 96 76 45 81 46
30 16 25 97 17 55 65 95 9 79 98 9 88 82 87 63 2 26 57 45 84 12 66 26 22 73 61 23 54 71 87 45 2 69 100 69 87 95 71 44 55 86 28 35 99 1 44 54 1 43 69 50 44 83 36 32 69 12 24 47 18 92 75 80 13 24 29 12 92 87 71 63 54 28 12 68 30 12 32 14 61 99 88 18 65 77 47 1 84 79 36 42 48 10 98 33 1 16 38 97
13 42 86 23 47 76 5 94 91 24 60 21 43 72 26 13 53 73 98 98 94 94 64 49 67 9 79 31 82 23 48 35 36 30 99 74 98 59 48 46 87 94 77 64 4 6 24 83 50 71 8 34 86 71 60 35 55 87 69 61 39 14 36 33 57 82 48 7 17 59 54 78 11 44 7 50 41 4 31 3 24 24 53 63 10 19 89 46 99 51 8 61 54 32 61 19 13 57 44 70
67 80 53 79 34 16 32 83 21 84 30 0 46 26 46 62 16 55 96 85 7 37 47 8 59 70 10 87 100 16 42 12 100 25 84 32 90 73 84 12 59 67 33 85 64 62 85 23 81 15 99 5 37 95 17 76 37 28 57 55 47 11 61 8 93 19 50 45 68 1 30 67 24 28 63 10 55 98 67 50 47 97 55 33 64 49 42 2 12 72 3 70 40 12 58 83 86 33 87 53
65 98 47 17 67 24 21 74 46 49 8 64 51 65 75 77 82 31 35 82 99 17 98 5 5 81 49 87 52 28 38 97 79 23 0 65 81 80 82 87 77 44 46 54 4 52 9 0 30 58 11 72 69 55 67 65 37 35 11 55 48 53 37 88 62 55 51 88 18 100 68 1 30 81 78 96 62 13 18 6 100 72 4 17 62 55 16 50 18 61 70 53 41 66 8 73 77 60 57 66
48 40 25 9 69 86 41 8 19 75 85 91 26 9 56 18 42 97 12 42 19 70 29 55 35 91 56 20 83 95 81 74 60 52 66 2 20 88 64 93 67 77 61 11 34 56 56 66 23 68 36 22 84 37 18 95 67 78 73 22 35 18 21 23 13 94 68 10 33 68 70 41 36 82 69 62 49 1 16 51 99 46 54 96 45 17 65 28 67 59 0 83 59 80 26 53 5 93 4 4
97 79 31 64 69 84 70 79 52 30 19 22 19 61 85 76 64 48 38 73 0 90 4 55 61 37 20 61 83 62 95 13 51 8 15 18 32 70 9 69 77 37 63 48 70 95 58 56 72 12 28 59 13 97 79 78 59 32 16 7 51 90 64 9 100 71 36 54 8 3 48 72 65 53 5 46 30 73 36 93 16 7 9 97 67 87 100 74 55 28 22 55 55 16 40 98 79 7 84 38
40 45 82 5 74 39 69 28 87 12 2 16 74 66 42 11 37 86 32 51 32 82 53 73 89 39 3 1 29 40 66 81 12 66 82 65 38 32 58 86 58 88 2 17 60 37 80 96 55 38 40 9 70 77 15 90 28 44 70 59 51 47 5 62 36 99 86 59 21 48 65 28 93 3 59 61 81 7 33 28 12 11 52 59 2 10 20 71 94 9 65 1 7 99 5 19 35 38 12 64
24 29 30 94 28 62 50 6 16 34 31 66 3 3 19 83 45 30 65 45 26 1 92 76 49 48 40 93 79 46 6 26 32 15 48 80 25 2 58 33 27 66 59 43 16 28 19 35 39 0 15 99 77 89 88 1 32 100 61 84 52 40 0 99 14 7 74 58 65 80 53 77 73 58 54 20 8 37 72 16 65 78 37 5 79 60 51 76 32 18 84 71 61 2 98 0 82 38 100 28
33 13 57 51 60 76 41 26 69 0 10 40 31 10 15 59 25 60 58 3 33 98 95 8 84 20 87 83 8 11 81 64 23 81 89 35 99 15 64 95 86 47 42 58 47 17 6 17 79 45 30 57 57 62 89 67 58 83 83 71 33 33 67 70 30 73 64 85 85 58 14 11 21 7 87 14 19 42 33 39 31 69 5 15 39 49 97 91 89 97 59 76 17 38 30 45 1 50 78 66
56 22 42 65 5 58 25 59 7 96 36 6 65 2 82 84 27 18 62 28 48 40 32 4 90 80 36 26 63 76 85 30 9 16 94 74 6 32 17 27 13 53 72 54 7 64 61 93 65 68 53 2 86 66 19 89 81 2 68 15 79 88 28 69 35 38 1 12 55 9 33 58 63 76 94 55 43 12 17 72 11 83 89 20 73 4 86 59 5 91 96 30 25 52 7 20 67 25 64 83
91 23 1 11 60 98 14 25 89 49 1 73 53 14 13 33 79 34 82 96 97 45 6 64 40 4 78 35 27 55 16 25 98 90 25 58 12 94 91 26 10 7 71 39 45 97 57 66 85 15 86 90 91 8 30 21 62 33 12 70 70 34 98 59 56 72 38 24 81 39 56 73 95 32 87 13 93 64 40 68 57 71 28 69 58 30 81 31 10 42 43 61 54 12 43 65 65 73 19 69
81 36 33 20 18 46 51 77 23 23 92 18 62 87 21 62 65 75 4 77 47 87 83 54 88 28 24 46 57 16 14 56 3 10 39 59 64 52 34 89 4 51 49 11 65 50 35 67 88 34 96 93 43 70 3 73 41 26 38 1 54 94 31 99 24 59 31 45 88 69 76 7 21 53 15 13 23 46 68 38 92 13 2 1 25 43 62 13 21 59 73 2 44 88 50 72 43 15 59 88
100 81 91 92 91 5 10 37 46 24 96 38 78 26 46 32 27 33 73 59 97 71 14 9 56 50 18 4 34 32 17 5 45 89 76 75 61 35 47 32 64 5 52 20 29 46 76 72 85 50 8 48 60 5 84 38 8 81 91 3 75 49 41 23 23 95 5 23 32 17 60 90 69 78 26 70 6 17 60 34 26 90 100 67 82 47 14 83 4 28 42 46 8 9 62 80 22 35 65 33
88 18 94 1 43 70 58 22 49 55 7 84 22 54 13 14 55 16 16 28 63 56 93 38 11 27 89 47 89 0 94 19 69 74 25 57 40 9 36 33 45 56 9 78 72 97 42 41 80 84 13 58 34 93 50 24 78 42 14 49 19 60 55 96 45 62 29 20 31 52 29 9 17 24 24 17 38 76 23 71 97 65 72 11 46 6 50 94 96 14 6 26 74 45 64 44 93 89 59 99
6 67 71 33 96 74 90 100 74 89 72 72 17 14 8 27 98 46 78 47 32 10 22 25 72 69 1 39 87 77 25 70 3 11 29 94 7 90 19 79 27 94 10 22 52 72 2 21 15 2 77 67 2 28 27 27 38 97 81 39 94 6 62 91 10 77 46 44 92 75 65 28 89 59 1 63 82 51 26 84 19 23 30 62 97 2 34 36 37 0 9 21 45 21 33 76 22 59 82 91
10 51 81 1 97 77 10 79 49 64 36 2 43 41 22 47 49 82 76 47 62 70 9 19 86 31 92 62 58 18 99 71 61 84 39 66 76 3 93 82 16 31 67 22 92 53 84 60 43 64 25 15 60 37 82 22 45 15 67 23 65 43 36 20 96 73 43 50 4 55 93 80 41 43 28 6 49 100 19 48 19 99 13 77 59 19 33 34 90 87 36 88 73 49 45 55 67 28 15 25
94 49 92 19 35 13 7 56 19 95 59 39 1 58 74 73 24 89 49 41 84 90 42 70 46 30 62 19 54 91 87 83 29 26 5 90 30 73 79 38 81 30 75 91 97 60 21 2 18 43 38 71 35 93 6 24 67 8 0 96 17 86 73 15 48 55 49 32 12 49 65 16 78 51 11 11 53 37 32 16 46 7 24 39 35 0 18 79 52 85 54 2 28 65 56 68 34 76 69 56
94 13 62 21 20 8 21 91 0 81 16 24 59 2 81 76 91 37 36 13 11 100 19 87 34 57 89 34 95 75 39 83 37 68 99 66 97 53 51 21 72 17 26 47 67 76 82 90 79 44 91 45 72 98 6 48 2 57 73 93 17 73 23 81 70 43 8 62 77 71 20 65 20 97 43 49 4 81 87 68 33 90 38 69 80 39 75 47 51 23 2 92 27 55 41 8 67 99 45 95
94 69 27 77 11 25 9 38 46 20 18 72 55 95 65 20 30 83 59 11 82 16 89 35 5 84 84 21 74 45 72 78 69 41 27 97 95 63 50 24 81 1 77 89 22 89 60 87 70 85 93 84 18 79 50 44 70 99 62 39 2 75 68 68 27 74 100 43 49 38 80 33 44 15 78 85 96 51 16 75 35 80 17 26 8 20 56 22 53 68 83 10 24 37 91 100 53 94 40 17
64 84 69 16 73 83 14 6 41 81 97 98 39 9 77 46 71 12 2 72 65 41 83 61 35 86 45 34 41 23 12 92 55 64 100 77 97 96 65 59 65 74 48 15 87 62 76 7 18 66 96 73 91 71 66 51 76 78 57 73 67 76 74 95 100 61 16 23 1 4 53 81 99 98 53 57 34 19 16 90 37 27 42 63 0 61 23 89 24 11 85 15 63 61 16 23 40 46 63 38
90 31 85 93 43 80 49 28 19 57 13 58 91 39 5 80 65 71 34 46 28 80 32 23 31 10 52 49 24 38 45 98 74 26 80 23 54 32 59 75 100 66 57 1 18 70 30 27 76 87 58 38 0 64 37 79 54 17 35 64 31 75 99 3 5 74 19 59 55 71 37 18 26 34 59 22 49 61 72 28 72 65 45 89 85 2 4 38 46 48 46 100 27 12 21 26 11 32 71 10
36 62 11 14 97 51 32 84 83 62 30 60 71 49 8 98 99 77 89 37 16 75 28 33 56 13 69 77 34 3 79 59 67 77 76 40 56 33 62 66 50 70 6 83 98 71 68 17 94 79 16 14 56 48 96 39 30 92 7 39 28 27 53 21 10 54 11 92 67 52 60 62 14 52 94 85 82 96 12 12 31 62 91 47 82 4 94 96 35 4 8 18 90 88 57 6 82 77 34 57
88 34 68 46 68 69 72 63 45 97 100 64 5 93 56 12 66 82 47 74 93 40 38 99 70 29 36 41 99 88 77 26 7 99 18 30 8 44 28 42 60 40 24 88 68 12 23 25 95 6 74 68 24 81 34 15 41 18 27 14 13 66 0 22 35 5 98 86 52 25 88 44 88 38 92 82 72 4 29 91 30 40 70 17 38 30 30 28 60 35 26 62 72 29 15 98 32 65 10 82
37 20 55 83 0 2 83 40 25 7 53 51 77 21 79 72 80 89 92 49 33 32 30 72 74 95 50 55 1 1 34 41 9 36 60 76 53 55 4 52 24 99 7 58 85 62 84 8 36 54 11 66 76 47 90 82 55 51 77 56 75 64 94 88 30 93 42 40 77 3 51 30 84 52 66 100 10 31 100 100 2 16 17 25 25 12 34 93 45 19 90 82 60 64 86 65 96 15 94 82
63 35 18 72 37 72 47 39 58 39 21 73 35 91 83 46 58 89 56 36 21 80 28 68 28 81 46 54 42 69 83 19 18 79 67 39 40 61 4 42 18 18 82 34 95 11 96 50 43 27 9 30 97 74 20 35 75 39 62 14 90 65 74 73 98 31 47 52 28 3 75 8 44 0 40 23 40 20 65 51 64 12 81 32 92 24 75 72 51 33 83 85 45 69 7 91 48 38 62 63
38 80 18 8 18 65 85 62 51 84 23 8 36 35 80 73 34 49 23 30 5 15 97 96 2 10 95 69 11 27 31 32 75 67 5 59 32 87 81 99 11 14 13 80 61 85 68 64 38 37 85 4 95 48 76 52 21 25 34 27 6 11 33 91 37 8 58 96 87 48 41 35 36 88 20 33 94 19 31 8 73 68 43 96 51 8 100 69 36 75 94 90 11 58 66 16 6 78 74 72
100 8 70 17 87 62 13 26 40 69 20 1 65 97 37 9 81 34 59 50 21 60 87 24 92 93 56 87 73 54 85 38 53 76 52 74 6 24 35 11 20 43 38 95 72 41 28 53 96 96 58 7 81 95 98 86 29 44 50 59 84 28 63 43 29 77 59 90 22 82 37 9 64 76 8 18 2 24 60 2 12 87 7 58 7 87 95 70 52 43 59 100 29 77 100 47 9 6 69 21
21 92 75 72 79 87 21 44 45 12 19 22 83 16 48 10 33 79 59 25 55 20 42 51 30 74 27 2 57 79 86 45 7 68 83 43 72 66 11 20 87 24 67 85 69 95 7 41 4 70 31 48 37 33 37 95 36 71 70 14 87 27 85 42 100 13 90 66 43 61 56 30 9 88 84 50 6 67 61 58 13 87 90 73 21 52 41 71 93 58 44 28 30 89 35 93 72 100 21 46
100 72 27 56 46 71 20 98 48 6 39 4 41 79 28 32 14 97 10 23 82 2 26 98 95 94 1 81 86 80 58 96 18 5 89 91 0 73 51 11 15 37 95 36 70 35 36 53 57 32 14 90 58 2 78 43 94 71 58 26 95 75 98 33 75 2 1 52 25 7 18 92 94 71 76 74 75 26 82 71 12 73 85 28 51 74 97 57 32 99 100 40 41 86 4 21 80 63 47 72
89 76 54 14 82 6 64 84 26 33 91 64 62 79 61 16 74 15 100 7 75 62 68 51 59 65 54 66 99 24 21 75 3 21 86 39 30 86 43 62 37 91 50 34 50 66 37 41 5 87 24 99 71 91 78 18 59 94 32 43 14 29 14 85 64 0 69 37 0 31 8 36 3 100 44 37 70 37 16 12 41 84 73 55 0 42 1 19 39 48 80 36 55 56 100 79 3 16 2 100
50 53 35 12 55 22 46 20 97 28 47 43 81 47 92 87 88 31 69 32 61 4 64 57 16 43 70 26 0 79 4 9 59 65 84 93 84 98 2 20 31 65 88 84 70 34 10 12 27 58 81 96 65 51 41 94 18 20 38 14 43 68 87 83 69 48 87 6 0 43 63 71 7 70 71 27 17 23 18 77 18 25 38 30 21 36 91 44 9 5 73 13 24 72 81 22 86 16 33 80
66 35 27 44 84 16 88 92 19 68 46 76 6 18 67 43 34 61 72 69 76 83 34 16 98 44 11 90 54 46 6 36 83 58 28 76 68 78 83 92 32 16 77 70 55 9 51 45 63 49 88 61 95 11 36 36 27 11 65 72 90 34 14 96 94 26 65 36 85 48 23 35 70 27 20 22 96 30 29 75 46 32 29 98 88 95 82 46 63 5 30 90 61 11 56 16 77 38 3 12
92 15 13 50 21 29 30 66 46 78 47 23 76 4 35 5 65 24 96 50 34 34 29 56 81 50 73 52 66 96 4 31 55 75 1 7 52 56 32 25 83 100 80 4 15 66 4 36 90 97 42 5 77 60 39 13 88 94 66 47 14 21 11 11 70 59 62 97 62 20 82 2 23 94 74 30 32 61 88 7 50 40 37 25 56 37 66 45 31 92 66 77 90 13 77 53 5 14 69 71
27 32 11 6 67 7 16 35 68 98 56 95 31 71 70 40 8 82 18 60 57 95 19 57 80 56 0 64 59 26 49 74 86 97 63 82 28 18 51 64 28 22 82 51 98 38 49 16 73 54 10 1 44 22 95 34 5 82 6 60 4 65 68 88 69 2 24 49 52 26 81 48 74 74 11 8 36 9 84 32 94 40 63 48 95 15 18 67 8 69 30 83 69 75 27 69 54 9 18 53
15 72 8 38 34 30 2 16 32 10 71 79 76 77 5 9 16 57 41 39 21 57 97 71 66 26 16 82 48 67 89 2 41 82 56 81 15 43 12 26 3 90 100 56 4 49 7 48 28 74 19 26 4 78 99 48 37 47 67 3 48 59 96 34 79 52 60 44 62 29 64 32 99 68 17 32 12 89 26 20 1 48 26 8 28 9 43 15 23 79 32 21 37 100 42 53 46 51 24 60
25 70 62 26 16 48 56 75 62 82 91 89 64 28 6 63 49 44 27 4 48 20 1 61 95 92 69 42 64 71 41 14 48 28 63 27 36 3 13 17 27 3 17 14 76 5 93 40 95 86 15 90 74 3 64 91 75 39 95 50 35 66 75 4 5 42 36 93 96 14 86 13 73 43 73 60 41 36 65 100 44 45 19 57 6 30 12 92 33 30 31 29 32 7 0 63 3 66 4 31
12 76 87 82 33 13 70 2 95 72 7 46 20 17 18 50 16 25 8 18 49 93 61 24 31 38 75 63 91 21 86 57 80 28 53 35 55 37 19 21 62 45 44 1 40 70 74 42 95 66 16 56 6 23 38 29 5 14 73 47 26 57 40 98 97 89 70 60 82 74 84 45 73 31 14 83 65 51 8 87 47 78 12 11 12 87 11 18 55 72 2 34 15 25 65 62 57 6 82 29
27 52 1 5 94 93 15 80 68 54 5 37 3 71 77 59 74 77 75 92 76 33 57 51 40 70 19 80 56 28 42 8 91 31 9 1 100 8 32 75 7 22 10 72 65 76 78 48 99 100 77 85 14 83 94 44 38 65 1 25 57 46 70 29 59 45 31 65 60 39 6 73 96 24 70 97 35 51 8 10 17 39 17 6 77 90 86 63 14 86 77 2 25 13 36 57 12 14 57 55
42 12 64 54 90 63 73 0 77 69 29 74 85 50 19 5 51 1 96 93 82 44 100 73 21 68 40 15 47 74 54 47 83 20 74 71 16 58 28 9 42 98 82 34 44 53 26 14 91 67 91 53 64 67 58 90 43 33 97 1 86 48 21 27 34 15 70 73 83 20 16 89 92 97 0 63 66 2 99 79 51 76 13 96 83 29 27 33 32 74 42 73 89 28 26 78 65 65 51 45
57 40 64 32 60 85 79 45 40 56 61 85 44 31 43 18 61 36 14 6 78 74 19 85 46 11 55 68 98 81 12 19 62 25 72 21 41 49 62 75 67 67 66 73 18 8 85 42 32 41 50 49 67 35 71 2 4 5 57 30 46 43 6 79 0 69 15 98 70 82 95 45 76 29 13 26 100 23 87 72 42 24 94 9 39 97 40 29 95 88 97 46 87 13 68 51 10 59 17 34
80 4 83 5 7 21 44 7 80 34 36 43 68 98 100 30 51 38 28 76 36 78 90 41 8 55 49 70 63 36 31 5 20 27 61 43 40 8 51 65 67 45 43 88 89 88 58 0 83 23 84 75 55 84 99 8 13 76 95 61 31 96 94 13 48 70 21 34 73 27 5 26 6 27 93 63 31 48 45 59 9 60 38 30 94 14 47 13 11 83 15 60 4 81 87 6 46 29 36 73
89 18 56 10 4 29 97 40 70 98 42 43 29 71 47 92 37 91 47 38 76 19 33 58 21 47 53 79 9 66 72 24 55 35 21 20 65 21 57 36 22 64 48 53 57 2 60 78 25 3 56 31 61 99 28 79 77 97 67 15 94 76 88 90 15 35 57 44 84 91 57 54 60 67 20 48 77 2 55 53 81 50 4 91 89 3 19 98 37 58 12 18 7 35 29 65 80 72 70 58
25 28 23 98 27 72 97 32 81 22 88 10 4 80 31 65 58 87 38 24 31 54 6 48 37 60 82 35 54 100 66 31 60 72 88 75 37 7 45 62 18 38 47 40 44 32 94 17 20 37 5 87 90 20 59 48 45 78 52 10 3 12 39 17 59 77 6 9 78 2 7 15 48 27 44 58 13 88 26 56 92 19 50 33 35 3 57 32 19 12 56 55 83 11 89 46 62 32 27 63
88 93 66 35 39 85 5 54 32 72 60 86 85 33 32 87 37 79 30 85 36 51 48 10 16 96 28 66 69 98 29 52 74 91 72 78 65 90 26 47 80 52 26 14 10 46 38 49 22 81 13 68 42 41 95 18 85 20 39 72 8 25 11 34 44 63 82 90 61 78 1 72 100 59 98 80 81 49 16 52 50 4 8 63 98 39 20 43 58 60 14 29 7 85 18 90 31 93 85 97
31 44 96 55 66 33 35 49 65 4 36 75 40 14 67 30 79 65 2 94 96 7 65 34 48 23 36 40 4 76 90 40 5 25 100 82 26 97 84 4 19 23 87 43 22 38 20 15 48 87 6 72 40 35 82 51 40 36 84 86 17 10 89 88 16 12 69 15 83 15 54 7 26 44 66 83 57 91 33 40 59 59 11 70 77 62 28 84 12 64 30 68 30 20 49 58 32 12 83 92
86 34 98 53 51 94 77 3 93 37 54 3 49 75 20 6 77 63 69 81 78 27 1 43 50 56 99 87 24 50 69 99 8 53 50 11 67 38 75 91 16 71 5 24 100 99 26 61 18 83 42 53 39 63 38 41 9 80 98 24 53 2 7 68 60 81 24 4 10 19 8 70 100 79 71 32 94 17 15 69 66 95 77 63 91 22 22 69 65 21 29 33 53 52 1 39 66 31 0 60
60 89 93 28 100 67 26 18 49 12 62 72 83 15 12 52 60 19 30 84 91 61 92 84 48 41 72 29 83 94 28 2 55 2 8 24 21 34 50 59 84 74 2 50 100 14 65 25 81 60 37 22 28 16 31 78 30 97 63 32 81 89 73 74 13 95 73 19 74 14 69 92 17 16 50 29 59 78 87 14 78 36 15 12 14 73 65 74 80 19 87 65 36 57 38 47 0 57 27 39
95 28 87 64 60 10 52 54 81 7 89 55 58 42 28 68 36 14 7 99 19 100 10 68 9 29 34 96 79 14 7 96 100 16 52 33 82 88 46 40 66 59 22 7 14 93 46 4 62 27 19 94 99 88 5 15 20 3 0 69 6 27 19 22 6 68 48 68 60 48 89 3 3 88 94 15 14 11 85 52 5 67 73 80 35 83 86 11 62 62 22 31 67 92 83 34 82 2 40 6
73 47 18 84 60 49 59 53 65 61 9 17 55 14 63 79 18 100 64 86 70 21 8 69 21 75 64 15 24 13 97 12 91 93 7 77 23 64 72 57 38 90 95 24 46 30 94 12 58 9 80 43 42 29 20 60 44 18 19 11 72 75 92 45 53 16 39 30 81 11 63 57 47 24 26 30 67 78 50 21 50 37 24 13 71 73 41 96 83 5 83 28 72 86 18 18 27 26 84 82
30 7 47 39 83 63 34 13 60 5 19 79 83 72 5 52 99 47 47 34 15 77 89 26 18 84 78 3 22 77 48 2 82 51 16 86 50 98 60 17 88 21 44 48 96 63 68 20 11 37 21 84 27 83 81 93 88 20 31 59 63 93 75 80 79 70 94 52 93 43 46 24 34 18 61 82 84 1 71 74 2 8 6 46 50 89 58 29 43 66 35 93 13 67 59 50 22 41 97 39
39 14 67 3 97 70 68 67 20 82 21 26 68 2 68 28 52 83 47 26 97 68 49 89 47 3 28 86 46 24 78 30 75 47 88 73 45 74 97 96 98 92 33 94 25 16 42 57 99 10 96 57 88 74 34 67 28 14 93 17 41 76 15 84 28 26 100 77 15 89 68 26 93 95 29 52 34 3 59 80 10 95 5 76 61 86 46 91 8 54 15 69 11 93 45 54 8 85 28 70
29 71 34 71 31 74 3 99 27 67 51 7 91 35 27 29 19 97 58 79 74 40 20 64 56 58 60 8 3 44 16 82 100 12 95 63 31 11 94 27 77 64 61 20 9 90 0 85 99 82 77 74 9 85 75 66 92 11 21 29 64 45 83 43 92 75 29 44 39 95 97 35 28 77 52 93 40 28 75 45 47 71 14 13 42 95 89 63 98 44 42 72 72 15 85 60 18 89 90 18
83 6 11 84 28 21 68 40 68 85 66 94 53 1 13 11 14 33 13 33 100 90 79 54 92 69 72 64 80 28 75 93 1 56 92 73 45 92 72 41 64 12 29 78 37 57 15 44 6 73 82 13 63 27 4 16 75 56 44 34 60 10 80 10 49 68 67 29 60 82 24 9 76 2 22 49 98 24 35 68 86 75 25 60 57 85 13 54 20 17 5 51 71 83 62 44 86 19 72 44
68 33 55 44 72 53 50 0 20 95 69 35 61 88 77 76 54 49 17 80 38 73 76 48 65 97 17 87 18 81 51 16 2 60 8 9 55 92 26 22 35 62 83 77 70 22 67 79 24 9 38 29 21 58 51 24 61 7 92 66 3 45 14 71 49 89 8 29 11 21 84 17 26 65 65 63 31 21 35 97 14 12 51 33 89 53 35 26 66 54 100 9 10 75 56 21 86 1 37 50
22 40 19 4 28 1 10 26 100 5 83 12 48 21 22 86 91 40 67 52 49 32 84 100 73 87 61 24 35 72 96 25 53 34 5 38 66 91 19 87 67 65 84 44 2 3 84 76 80 40 18 30 75 26 99 12 38 33 35 6 25 6 73 13 99 18 56 8 67 99 60 23 15 8 72 7 77 0 82 78 13 97 13 30 67 46 62 57 25 76 98 9 55 82 3 49 68 60 50 65
52 91 7 0 34 58 11 44 60 9 34 33 15 79 75 48 9 57 25 48 85 36 22 98 57 32 71 62 81 45 62 77 39 77 40 7 32 17 51 4 73 51 35 94 44 48 57 55 42 78 38 76 72 21 70 39 98 41 30 91 6 7 14 53 11 48 95 34 54 8 49 48 35 38 84 17 34 55 98 79 59 28 44 73 67 87 61 24 32 67 24 82 7 4 19 77 91 56 90 51
13 84 3 0 35 76 67 1 49 11 16 86 52 64 8 90 11 71 30 38 100 85 86 50 10 83 21 5 37 22 88 31 73 85 74 63 40 7 41 32 43 52 46 60 46 4 32 18 36 28 4 65 89 66 51 86 68 34 79 98 22 76 5 8 19 74 81 41 46 98 2 38 50 28 47 61 74 96 58 52 97 68 72 78 21 48 31 11 49 25 52 38 49 11 9 21 67 68 17 76
17 7 30 47 29 89 87 44 10 15 93 53 49 70 13 56 4 29 98 52 19 61 86 46 76 98 85 75 22 49 21 2 32 7 37 93 44 39 30 91 92 43 75 0 38 77 10 1 71 28 48 45 35 35 6 6 80 25 51 85 49 35 98 67 42 28 46 91 39 5 62 85 54 27 10 84 44 15 4 89 89 88 1 90 70 36 33 90 96 64 41 100 15 60 78 83 19 24 83 62
36 1 94 44 22 98 24 37 89 43 73 64 20 2 27 28 97 62 38 43 9 13 57 7 87 5 17 86 63 32 98 52 27 87 59 49 2 54 31 78 37 66 94 22 53 71 0 100 98 70 23 5 39 90 9 11 92 76 27 36 13 84 7 16 2 26 71 81 42 8 79 71 33 40 70 99 36 97 50 15 9 18 52 71 35 51 56 60 31 50 61 8 40 62 17 83 46 46 25 3
59 59 10 8 53 58 25 3 4 42 16 2 88 34 17 36 34 64 35 15 35 35 38 80 14 20 97 62 99 96 32 20 30 73 21 32 31 1 79 95 28 70 69 85 100 0 21 10 42 53 98 62 94 53 92 36 14 60 79 71 75 17 24 54 40 32 35 63 9 84 44 29 100 18 85 76 8 92 62 15 10 84 9 16 82 89 100 100 43 62 65 71 4 97 8 78 80 72 13 32
37 44 20 54 22 43 61 36 80 49 11 10 86 91 19 41 65 60 99 33 49 68 1 92 68 3 44 33 32 67 60 68 89 41 87 1 92 64 57 56 73 48 51 53 9 25 67 77 92 77 70 7 40 12 96 52 76 72 34 28 77 21 76 37 65 60 80 11 20 17 62 98 6 5 72 83 58 81 96 100 94 63 74 39 10 40 70 43 68 46 5 88 70 19 82 82 17 20 73 90
56 12 21 53 82 82 61 71 84 78 28 97 2 68 87 45 72 57 87 66 24 52 20 67 32 82 62 6 65 74 38 74 37 40 64 22 35 54 79 33 66 94 70 9 43 57 93 68 57 25 43 86 40 87 97 72 42 26 75 97 75 31 30 4 65 60 5 46 98 95 87 22 67 22 73 16 19 75 56 4 52 5 90 49 23 96 54 81 65 92 10 53 90 5 93 74 60 63 25 47
72 91 65 36 100 18 98 8 71 10 66 51 0 38 38 97 39 92 53 54 63 71 54 39 12 73 32 43 70 5 95 21 56 88 35 75 71 54 95 94 85 13 88 45 36 38 72 27 38 21 62 66 67 90 85 1 84 38 89 45 12 24 1 1 16 24 87 21 60 62 51 72 52 66 27 55 78 17 56 4 40 97 23 42 96 51 84 93 17 59 64 21 44 22 78 16 88 27 53 96
7 21 68 74 21 99 58 67 88 69 33 92 43 16 60 94 9 57 44 62 18 86 65 79 75 76 33 85 90 56 11 35 54 86 54 41 66 38 90 23 28 79 91 99 12 68 8 9 64 70 77 2 38 38 98 67 24 88 10 41 77 70 72 56 92 41 10 36 38 22 100 44 91 77 71 65 42 83 60 21 98 78 90 79 24 83 17 88 14 48 81 50 15 99 88 45 21 100 22 36
66 97 19 87 77 36 90 42 51 56 7 12 3 46 63 12 10 27 56 1 1 35 34 83 100 16 97 48 57 19 82 69 70 3 73 100 88 55 89 15 90 68 31 23 85 11 6 8 89 85 46 7 36 77 52 30 92 55 87 14 53 53 39 72 66 61 43 3 75 39 24 85 96 57 42 100 10 9 65 7 22 17 81 98 30 27 72 74 50 73 54 68 9 47 41 53 52 43 30 13
54 11 74 44 20 10 3 58 100 80 40 64 83 51 26 14 99 8 14 51 3 76 53 68 86 82 100 6 4 42 68 17 58 50 91 62 67 53 43 80 43 52 57 72 31 63 39 55 75 19 38 39 41 48 39 9 28 39 78 67 71 72 46 87 14 31 28 51 43 2 69 61 61 60 79 45 80 32 16 74 88 99 48 99 96 97 18 20 92 92 76 20 2 81 63 53 16 37 9 1
65 28 20 100 27 80 10 71 82 5 13 22 68 34 60 63 57 20 55 7 14 8 60 74 44 73 5 28 53 44 23 1 53 75 47 65 55 87 81 48 47 20 16 0 74 67 8 57 72 70 20 21 83 59 79 27 49 3 7 71 20 63 2 15 71 75 44 26 60 1 33 85 18 9 12 8 68 100 5 93 89 12 94 80 99 13 86 46 87 28 38 29 41 87 83 72 38 64 97 5
36 48 80 59 25 89 96 42 62 11 50 39 13 46 48 29 6 29 32 64 78 14 53 50 27 25 79 26 11 41 15 87 12 8 55 78 96 13 64 7 60 23 14 47 26 27 8 28 47 83 84 17 43 90 64 54 62 55 67 24 65 9 30 95 53 33 50 44 19 84 17 9 41 78 19 71 31 100 76 85 7 60 90 15 13 4 60 56 98 86 65 75 43 58 38 61 15 91 71 1
43 81 16 36 22 86 97 95 77 28 61 100 93 88 45 40 88 29 79 12 71 86 38 54 77 42 77 98 53 55 82 18 93 20 61 5 79 20 30 36 46 37 49 43 43 40 37 11 64 73 32 86 58 63 56 8 62 74 32 95 38 17 1 4 3 69 53 91 21 81 13 52 69 83 84 89 71 55 36 22 40 44 68 96 26 38 73 50 54 13 49 49 32 47 98 69 78 23 87 42
66 89 64 25 93 31 20 60 64 3 33 50 54 33 25 41 73 22 92 89 75 19 86 39 3 41 99 95 84 20 64 55 22 85 71 2 98 12 10 42 84 85 69 93 3 29 48 65 83 94 79 76 61 87 32 94 20 9 47 6 43 0 75 35 33 9 97 57 4 95 58 55 49 1 50 82 100 62 86 80 82 4 14 92 43 92 72 53 41 99 76 71 41 18 3 30 5 30 43 62
66 31 30 18 79 67 48 4 33 100 27 65 95 70 2 32 53 80 62 62 17 81 51 94 54 70 15 20 31 25 100 48 40 100 94 64 51 100 35 91 93 99 58 7 26 63 75 15 12 16 48 71 20 52 42 82 94 52 15 90 78 66 45 100 29 38 86 3 52 91 10 16 42 62 34 50 91 89 79 65 8 94 67 29 41 80 9 81 82 97 29 25 48 33 45 32 72 83 53 90
78 47 84 25 14 42 46 82 59 75 16 21 68 27 17 44 3 11 98 1 68 23 19 76 49 55 76 96 16 80 99 90 5 73 67 29 60 14 46 48 72 29 24 7 86 69 62 43 81 6 64 54 92 69 78 49 37 55 23 61 97 60 56 67 81 99 97 12 99 89 19 20 3 84 6 44 26 92 50 94 86 69 54 54 24 8 46 57 60 68 83 84 12 14 10 20 49 1 37 20
61 41 89 54 38 23 62 90 44 52 50 19 65 88 77 87 47 18 35 39 25 90 25 96 13 59 6 43 56 24 35 26 16 91 28 79 3 49 98 19 96 76 25 2 7 53 44 81 55 45 68 93 58 17 54 15 86 92 20 32 42 43 40 60 42 11 57 42 4 40 88 79 46 68 43 39 55 82 9 49 56 6 12 89 90 41 71 19 69 55 60 16 35 28 37 22 98 85 29 29
8 89 65 59 71 64 16 38 94 91 91 55 52 79 5 19 20 22 90 95 68 39 83 83 89 45 0 84 72 27 16 37 77 100 91 67 33 34 92 56 28 72 1 96 91 29 97 36 15 96 59 40 100 87 62 28 10 73 69 73 59 38 71 17 4 32 19 70 97 49 59 75 99 58 16 99 45 42 10 44 1 29 74 23 84 59 73 49 13 70 99 3 89 86 76 52 28 55 96 20
39 27 29 47 56 78 13 96 27 100 73 33 19 37 6 100 94 50 69 75 64 72 57 24 90 34 67 25 94 86 54 18 87 0 4 85 19 71 74 40 86 84 11 34 55 54 75 73 15 20 82 29 48 23 6 29 23 37 50 67 79 87 14 90 27 48 67 70 65 3 31 12 40 87 48 88 24 18 28 46 17 67 90 91 64 95 62 71 23 57 67 42 73 60 59 2 18 16 43 74
67 64 97 56 5 15 67 38 72 10 1 69 61 12 64 60 81 47 27 31 75 96 20 7 66 81 12 37 10 22 31 97 37 11 82 65 10 82 80 10 62 22 45 44 98 9 24 17 78 5 63 60 63 55 23 31 59 67 6 47 49 0 62 17 93 37 77 84 71 66 94 74 77 61 33 64 35 69 50 64 83 83 57 19 41 50 91 25 81 60 7 47 66 57 78 39 95 32 43 90
25 57 87 76 32 27 43 29 77 19 96 94 34 61 53 68 48 93 36 95 96 60 69 44 77 43 86 10 17 73 78 20 36 10 77 63 51 53 73 94 81 77 11 94 53 80 25 13 79 69 10 44 8 90 67 5 42 52 44 69 37 20 38 10 24 59 72 37 84 92 82 63 95 24 86 44 90 7 49 63 90 93 86 27 43 60 24 22 69 12 80 21 2 50 78 27 3 78 61 72
3 39 95 26 54 93 96 83 36 88 15 77 36 8 72 65 30 54 32 83 45 97 40 79 17 30 67 47 46 52 40 42 24 30 54 21 88 23 49 99 72 91 91 50 96 55 94 16 20 89 58 99 25 34 13 47 56 77 54 55 99 0 19 4 79 43 1 49 78 31 19 1 48 40 14 92 60 50 4 71 37 65 94 29 2 38 40 30 92 80 91 82 63 17 87 97 6 11 5 21
69 68 33 73 70 33 60 74 47 58 53 68 34 44 3 59 25 76 12 49 63 40 15 78 39 93 91 100 13 66 99 59 37 81 40 80 25 22 92 75 97 42 36 7 62 46 11 58 28 49 54 22 20 28 67 50 51 80 50 31 94 36 88 37 77 38 62 46 83 36 34 57 76 3 46 15 16 18 62 63 26 80 100 36 3 29 1 100 90 95 1 72 71 26 17 5 56 31 1 75
28 62 59 73 14 43 41 15 56 8 50 56 7 9 12 45 11 61 70 16 57 60 54 98 6 30 86 6 25 35 92 88 50 59 90 21 57 22 35 93 16 84 23 29 87 50 67 81 39 3 12 18 57 27 35 11 94 26 14 41 16 51 49 97 74 76 40 95 94 92 82 74 50 40 91 56 88 44 18 18 55 49 43 58 7 50 43 4 91 96 32 3 53 82 89 34 68 91 100 14
