100 100
100 5 29 29 8 85 14 85 48 16 54 82 4 33 71 2 98 57 45 91 55 28 72 69 85 28 12 32 87 1 42 44 100 45 18 90 2 32 41 19 32 34 99 31 58 23 75 75 26 49 51 87 69 54 38 71 29 74 83 81 24 53 79 78 61 55 40 45 59 14 88 42 72 6 25 13 0 28 42 43 55 4 56 66 64 16 6 20 57 42 90 33 89 10 4 58 90 54 96 67
70 23 13 0 37 95 46 12 91 13 42 85 50 43 77 42 36 22 37 76 62 73 26 31 28 73 30 15 94 66 55 16 70 49 15 38 68 51 29 65 30 61 85 10 33 59 64 31 68 85 60 94 24 65 92 3 4 85 73 89 56 69 74 71 38 42 89 36 60 86 90 54 34 46 8 81 19 47 90 81 77 83 22 67 16 65 87 28 66 81 25 37 40 43 40 67 42 26 29 65
52 73 26 91 36 73 67 60 0 75 53 71 18 52 78 70 35 54 22 28 28 79 57 75 83 67 89 60 41 98 83 44 10 13 15 34 52 29 24 50 41 89 88 33 87 82 7 54 9 43 27 49 27 63 12 6 6 50 42 23 10 41 24 17 81 92 37 37 78 46 4 57 88 52 43 74 76 86 97 98 72 64 47 5 97 24 26 86 37 100 70 58 54 76 41 96 80 4 71 30
64 95 35 70 18 10 57 16 75 69 13 32 68 51 52 94 85 27 30 76 74 85 29 78 96 49 48 67 67 11 68 9 9 40 83 39 61 84 34 83 23 46 24 94 59 74 99 14 35 41 92 93 41 25 52 41 59 88 0 90 87 96 54 81 87 36 89 97 65 26 49 60 29 37 14 54 31 74 83 90 93 69 27 93 68 48 57 30 59 99 75 6 84 88 78 98 18 80 28 33
80 61 12 45 98 90 50 61 20 37 66 16 93 73 93 12 75 12 97 69 95 51 85 79 41 89 38 69 33 26 94 85 58 98 65 41 95 44 36 48 34 12 96 66 23 7 68 45 64 6 7 22 12 83 92 25 28 96 89 4 37 25 79 12 25 56 55 29 14 29 17 4 27 93 78 32 41 26 0 36 28 9 63 87 37 86 82 14 60 29 29 29 18 80 43 99 93 7 6 25
44 9 65 39 5 96 51 81 48 36 50 44 16 98 46 84 100 16 43 38 83 62 29 66 23 9 33 37 11 99 70 0 61 48 45 81 6 77 66 98 20 8 22 1 82 49 21 68 33 19 17 15 17 95 56 85 16 52 44 22 94 72 69 84 49 3 51 15 83 47 63 54 34 73 29 50 68 99 97 36 61 2 74 95 4 19 5 59 92 49 75 50 9 83 90 57 59 12 10 47
82 27 92 6 71 64 83 13 27 29 73 91 56 52 52 85 66 43 91 22 83 68 80 38 98 41 7 52 24 41 94 71 89 38 40 6 8 63 43 5 59 43 20 74 18 66 5 51 80 79 74 66 38 68 3 70 6 31 16 60 2 75 100 87 70 47 24 0 20 71 13 11 23 77 34 38 74 27 8 45 40 48 1 72 41 64 66 95 62 7 5 97 46 34 11 96 57 37 44 90
22 33 39 53 79 24 39 70 74 7 45 88 0 38 84 92 81 45 3 31 6 87 76 31 57 37 13 68 51 52 76 64 60 5 9 10 70 62 84 31 73 44 69 31 42 45 16 39 44 46 92 59 2 83 37 61 85 28 62 27 64 54 25 97 83 24 32 87 40 41 64 8 21 88 11 73 81 97 10 98 66 4 11 86 61 24 44 51 90 69 65 32 18 61 37 81 96 19 95 6
15 62 59 62 4 79 17 80 41 23 37 27 99 85 70 92 0 98 55 14 20 50 85 87 80 39 41 11 92 31 95 50 62 39 77 76 1 48 31 99 85 16 91 1 70 58 6 11 76 28 75 33 73 66 33 80 40 58 87 1 28 73 26 26 46 59 17 63 91 51 7 46 2 84 50 75 72 92 79 100 98 50 39 68 48 61 45 76 21 83 61 95 81 39 89 38 44 37 17 64
96 44 67 35 5 71 61 80 14 12 23 80 55 87 13 26 23 59 61 4 15 1 45 5 79 56 24 50 4 75 12 42 27 63 69 42 77 19 67 29 30 28 85 84 74 47 42 12 70 77 64 81 70 79 87 84 16 50 67 22 78 92 98 56 76 99 0 57 55 55 34 30 80 58 47 31 62 4 90 6 8 79 45 25 39 57 56 19 39 30 30 97 20 99 16 100 30 87 37 76
23 13 83 85 89 95 1 50 89 1 38 44 80 8 68 39 19 38 35 90 100 88 98 53 41 62 11 89 19 71 67 20 65 44 41 84 64 87 66 89 52 18 60 88 55 21 48 38 36 81 4 33 99 13 0 18 25 71 58 64 46 36 25 63 13 1 79 46 91 67 30 29 15 15 83 57 57 54 6 44 43 3 86 97 1 98 74 56 81 55 52 79 56 38 83 58 15 48 99 62
92 83 14 9 88 86 0 31 98 9 14 9 83 50 53 7 78 60 53 98 63 44 78 55 71 59 87 12 39 1 39 62 19 40 39 91 17 25 67 94 84 76 13 36 37 22 64 71 21 30 40 74 30 78 56 10 7 68 75 81 90 49 69 77 72 42 61 20 4 66 35 76 35 39 37 80 36 50 43 25 49 36 47 27 67 86 45 51 68 13 10 6 98 61 88 74 37 80 84 9
21 19 67 15 38 15 81 28 39 55 98 2 85 41 88 96 64 31 0 70 55 51 75 22 73 13 59 45 9 60 2 47 43 50 50 18 44 46 95 23 86 61 4 36 7 84 3 55 15 50 55 61 38 65 44 69 66 54 70 27 59 81 55 3 51 32 73 3 78 62 96 98 45 9 90 8 15 88 64 80 86 43 49 26 57 25 20 90 29 82 93 18 50 22 2 94 73 29 88 71
50 14 54 97 43 71 5 51 10 74 65 94 44 64 100 99 92 80 56 11 76 15 69 35 23 33 7 2 50 43 29 74 77 97 65 76 78 19 22 70 31 52 75 27 15 58 15 77 11 23 6 58 58 29 80 51 1 3 87 31 45 4 8 86 51 38 68 0 22 21 8 59 28 55 56 90 18 71 39 58 6 51 72 47 3 77 55 78 88 77 51 39 45 85 78 17 61 58 44 15
76 72 90 29 70 7 95 71 3 13 82 87 24 76 52 42 87 21 22 85 61 12 15 89 65 83 65 81 44 35 30 79 82 17 43 3 17 92 63 96 94 20 21 78 65 6 44 40 65 66 54 56 99 26 97 74 99 62 86 65 11 24 87 34 89 80 39 78 100 27 92 89 98 100 56 13 90 70 69 18 81 95 94 29 84 33 0 34 84 59 54 15 52 85 13 44 51 83 77 47
12 45 54 57 32 53 74 2 42 86 86 28 61 32 47 25 82 78 68 81 20 46 50 53 95 12 24 78 68 86 38 96 62 10 34 7 85 19 44 12 70 9 83 19 4 60 48 19 15 0 51 20 95 30 22 48 58 26 62 93 11 1 34 69 85 97 77 53 63 18 71 83 24 71 2 72 62 28 96 27 28 25 14 55 88 56 37 38 33 85 92 90 27 11 81 59 45 89 38 2
24 95 96 25 50 51 54 65 61 90 97 39 97 25 35 63 24 31 1 63 10 42 20 26 85 2 25 79 94 79 58 39 95 73 65 100 69 22 47 22 73 76 11 35 60 22 44 84 10 39 97 65 0 30 91 23 40 67 30 64 66 9 83 94 7 59 93 69 68 76 73 65 83 21 76 88 33 66 74 38 69 7 85 21 83 38 20 58 29 52 94 5 30 32 61 9 19 71 71 98
0 39 36 80 82 91 81 34 6 82 42 17 37 49 74 34 86 48 78 98 20 76 2 99 14 5 37 38 62 30 70 31 78 89 68 41 62 15 31 77 3 11 2 85 64 82 35 76 89 86 79 76 60 26 16 66 9 66 81 8 4 23 48 48 24 58 92 93 86 88 89 10 19 5 94 47 83 5 100 75 10 6 10 51 82 9 28 56 5 23 11 75 62 67 70 75 4 19 75 50
27 14 16 52 53 79 54 20 71 89 5 98 18 24 90 20 4 73 2 38 26 41 60 78 15 68 86 99 42 24 99 25 43 3 21 6 28 32 54 89 37 8 36 83 21 67 6 14 77 83 86 72 27 72 41 6 49 61 73 5 79 53 85 24 10 71 20 80 67 82 97 41 36 72 35 41 3 69 12 70 15 89 66 32 95 74 9 36 68 71 0 51 51 37 18 55 23 62 38 77
68 100 17 88 83 50 52 31 93 53 65 5 99 23 83 64 25 29 30 92 13 74 39 90 48 91 7 33 53 64 95 13 63 70 5 89 14 88 21 52 4 17 0 71 39 72 29 22 5 65 34 78 42 55 56 74 52 13 31 67 5 10 63 80 80 80 100 74 13 40 47 96 6 23 71 94 55 20 1 48 1 23 66 51 61 29 14 56 49 69 19 69 61 56 34 22 95 43 58 23
82 58 30 3 83 97 50 72 93 90 66 16 58 10 59 9 94 92 72 46 96 29 68 43 2 87 95 21 64 88 96 30 65 0 67 61 46 43 32 14 70 74 63 48 84 29 19 19 33 9 100 57 74 72 76 86 26 32 63 97 91 15 90 90 54 1 7 83 33 76 91 32 31 32 90 78 44 13 34 35 1 10 86 100 1 10 78 22 91 23 92 4 5 40 50 69 65 5 22 7
9 2 80 10 63 21 38 15 58 64 93 15 100 97 39 4 55 66 21 15 100 80 38 17 44 75 23 53 61 2 88 90 48 76 40 5 0 12 80 97 75 23 41 57 30 50 22 100 55 92 70 51 4 62 70 44 93 25 62 21 48 12 12 79 37 59 44 91 67 79 27 59 24 84 64 52 6 33 17 76 18 77 46 58 43 21 92 7 8 49 87 39 45 2 57 40 69 60 86 17
55 22 51 1 93 23 52 55 66 34 29 42 99 47 45 8 58 81 34 24 32 72 31 68 75 34 73 21 62 41 97 82 89 54 48 79 0 61 63 21 56 1 27 36 21 65 84 62 12 68 7 45 80 5 12 37 43 24 49 63 59 47 8 1 26 90 89 71 36 67 86 29 85 24 21 23 97 29 34 29 77 81 11 85 93 81 65 18 83 44 88 91 76 6 51 38 26 71 42 37
0 75 30 61 19 79 19 27 41 94 69 14 98 8 20 1 61 88 17 46 24 65 92 85 90 32 93 54 42 23 73 27 48 90 87 82 42 33 56 80 63 29 66 21 97 63 4 68 94 22 86 94 45 29 51 5 61 50 41 2 40 3 61 44 73 12 79 73 68 41 48 49 75 57 85 61 96 97 48 25 98 54 8 15 77 87 14 43 30 69 30 97 64 10 38 39 3 25 16 77
54 14 58 72 22 13 32 98 7 53 93 71 40 78 61 90 51 25 41 45 41 23 3 14 57 42 29 63 4 43 41 3 82 31 10 98 53 54 40 62 94 93 79 64 92 2 77 19 62 41 16 96 57 48 20 29 45 38 39 61 59 62 39 48 73 85 16 51 50 87 42 66 0 22 64 92 15 18 29 8 41 70 76 33 15 76 56 34 82 94 98 35 23 23 10 55 47 13 44 73
56 90 93 49 25 25 12 17 23 19 66 17 46 28 38 12 33 90 32 66 31 71 74 52 75 47 61 67 85 21 63 49 2 34 53 64 49 57 96 15 90 60 56 8 44 64 41 31 48 27 16 62 32 9 54 90 99 54 57 47 64 75 90 20 40 13 43 70 25 98 63 53 12 30 71 57 69 94 50 59 7 30 68 1 68 2 56 84 46 77 94 8 87 96 24 86 77 73 0 60
17 33 61 37 47 75 42 74 51 86 24 95 70 49 13 59 15 3 2 57 4 17 71 85 30 86 81 62 89 83 2 5 46 87 97 84 98 12 73 29 56 49 11 71 8 82 42 10 1 45 90 41 14 22 60 9 32 48 50 29 49 17 100 21 61 2 41 87 31 96 93 96 92 10 83 88 83 47 1 70 9 99 5 52 0 66 67 87 33 35 100 21 21 61 61 28 17 29 32 59
30 31 89 61 91 84 14 57 32 31 75 8 64 61 99 50 63 73 27 79 28 71 88 22 17 46 72 90 63 10 39 6 69 4 80 19 45 84 82 100 70 58 53 78 79 33 91 55 100 92 88 88 62 88 20 55 60 74 67 71 15 71 17 1 36 1 34 58 91 91 41 19 88 7 66 52 14 0 89 97 86 71 30 89 24 32 89 91 45 91 6 31 100 60 26 12 12 38 45 13
10 7 11 5 90 74 41 76 57 30 11 57 29 42 90 3 52 35 60 51 34 73 48 85 67 80 55 2 31 13 47 45 81 11 16 30 36 100 0 9 76 46 32 44 2 96 87 75 9 43 45 27 47 48 20 25 48 14 58 13 23 23 74 61 100 57 19 58 48 19 57 96 85 54 89 21 96 34 80 38 57 14 85 85 98 99 56 34 32 90 68 5 10 83 26 27 60 47 41 73
87 10 52 10 91 53 85 33 71 52 57 39 31 80 12 68 17 44 53 44 13 96 94 95 45 40 70 7 4 97 66 52 97 61 59 58 84 71 30 64 86 5 68 76 62 7 36 29 76 31 70 18 4 92 68 34 78 3 86 52 65 35 90 23 41 90 49 7 64 64 12 72 97 46 51 31 58 17 5 26 2 22 88 17 21 58 0 73 58 42 69 68 89 66 89 61 85 46 15 55
90 81 47 33 18 96 38 6 50 25 96 53 74 91 12 33 83 81 2 66 20 16 97 35 38 64 4 37 18 3 82 36 17 62 87 90 92 51 49 71 91 52 17 37 7 31 65 79 33 92 89 9 96 30 99 84 77 26 44 26 26 28 95 56 23 57 13 10 18 92 0 17 29 56 53 18 4 51 85 12 44 67 53 100 85 50 3 28 79 71 82 30 46 64 81 65 12 8 12 65
98 29 91 90 12 63 54 4 37 63 12 78 43 55 52 75 0 78 41 47 84 59 11 9 46 39 92 45 30 35 81 7 86 50 1 67 82 90 17 5 97 26 21 90 71 49 13 94 83 35 74 94 39 67 12 50 74 87 49 9 91 13 41 65 62 48 89 72 44 58 8 20 69 60 52 33 92 43 22 54 82 26 49 21 29 7 80 35 69 40 33 41 52 98 84 99 27 57 39 39
41 47 77 16 32 56 87 85 99 71 1 34 87 1 12 0 48 57 86 98 74 16 14 75 66 76 81 99 1 55 81 35 72 12 48 85 40 36 33 92 25 92 25 38 56 94 78 31 83 72 16 40 49 1 74 60 67 37 93 57 89 97 58 71 79 42 3 33 11 67 78 55 24 35 56 2 100 49 28 43 51 65 25 69 98 16 38 25 3 11 75 91 63 68 75 14 72 33 90 70
93 34 22 11 59 6 39 18 69 33 90 76 61 45 88 28 79 96 1 18 35 63 49 41 18 60 42 30 40 38 91 86 9 55 49 49 96 78 17 23 38 58 27 25 97 50 12 54 1 26 68 54 63 10 47 89 43 86 21 25 17 63 35 16 3 21 37 19 36 21 65 30 12 70 38 48 30 15 45 10 99 25 64 82 1 26 22 61 61 0 74 98 14 24 84 29 71 92 100 84
56 57 35 3 51 65 35 94 11 81 42 90 23 73 7 27 82 73 50 23 71 94 62 26 12 86 63 18 28 0 86 96 41 88 3 6 10 66 3 36 39 53 51 60 14 64 80 35 78 17 54 81 59 68 94 60 81 68 42 57 96 38 99 77 56 59 12 39 2 66 30 98 49 23 86 10 8 34 64 61 73 38 87 4 49 99 60 62 16 29 2 63 38 70 19 100 100 19 58 49
87 42 35 12 46 61 95 95 91 60 68 39 32 74 27 6 15 67 84 99 16 18 21 68 94 67 10 82 61 93 91 22 100 67 84 87 55 56 22 7 100 70 10 66 53 74 42 7 38 36 92 72 85 73 89 10 54 2 83 38 66 38 43 13 84 65 55 54 57 2 35 5 49 12 81 38 48 93 20 72 45 3 64 81 30 6 44 44 5 56 6 17 88 48 20 28 7 0 57 69
39 33 13 73 36 26 19 88 99 4 71 24 32 12 30 70 73 1 83 100 39 3 67 49 28 84 88 9 94 8 55 10 27 81 40 25 69 37 50 47 18 98 13 82 34 81 23 0 53 82 17 74 68 25 4 43 13 6 95 44 2 57 6 81 1 29 87 40 50 91 84 98 78 18 1 75 98 7 63 42 92 18 36 47 34 98 13 81 70 56 24 21 64 13 54 51 28 82 90 94
20 84 80 51 13 39 66 46 92 68 79 48 42 53 3 4 48 19 82 51 74 61 36 77 75 87 94 36 61 49 86 91 59 8 57 17 63 61 65 14 13 49 36 49 54 14 33 54 15 9 63 10 20 80 66 26 46 17 100 58 84 44 0 52 93 96 79 82 66 57 7 3 90 99 23 75 74 59 5 99 24 48 54 75 46 96 21 75 64 84 38 43 97 73 40 67 10 29 20 6
88 89 60 4 78 43 52 66 58 81 54 66 19 6 10 60 35 22 35 97 46 60 58 20 17 12 33 13 62 24 55 61 5 82 82 23 14 37 34 91 51 75 23 32 51 17 24 97 65 100 26 80 93 76 18 80 23 39 19 2 91 53 93 81 43 8 72 12 45 64 13 69 45 89 0 54 50 9 82 51 56 100 95 6 48 16 81 61 30 79 24 3 64 15 13 73 26 92 95 53
88 83 9 22 22 63 86 11 53 14 79 98 45 17 76 53 98 28 47 39 92 49 85 28 18 4 84 49 42 2 49 46 28 20 86 87 100 27 24 99 64 68 86 14 41 28 21 15 67 65 8 48 3 94 80 25 26 98 86 79 16 13 44 70 73 0 63 76 94 70 46 5 97 100 26 94 69 51 94 36 20 46 92 6 71 55 18 4 73 13 23 49 48 43 85 47 68 58 91 67
81 59 24 97 48 25 48 35 26 99 36 0 39 84 78 52 25 41 53 43 94 50 49 3 98 56 38 77 39 66 61 1 88 24 42 62 97 66 53 61 61 84 81 75 62 5 72 27 11 72 47 39 31 64 13 75 46 15 1 23 62 2 27 76 46 23 61 69 86 87 48 50 56 94 79 27 47 15 28 31 11 95 22 18 31 33 67 44 44 70 73 18 27 88 73 100 29 73 15 75
69 7 49 64 73 31 40 23 30 20 70 58 6 94 61 82 68 47 63 62 48 23 64 18 86 35 62 31 60 1 73 78 87 68 62 40 62 40 84 58 92 45 50 74 96 65 5 45 71 8 60 80 66 21 99 29 33 63 90 63 71 3 38 92 91 65 12 53 14 85 85 31 0 42 64 40 69 79 74 67 2 74 15 75 57 56 22 14 2 20 8 25 87 16 75 67 79 82 89 46
68 50 82 93 20 25 13 81 67 11 40 52 65 37 50 41 87 29 64 10 98 50 80 85 57 26 84 23 80 90 27 68 11 92 26 52 24 80 93 33 96 41 56 53 93 19 0 22 66 32 18 59 96 77 89 64 94 75 80 9 22 51 59 13 60 47 42 76 77 46 47 90 77 16 89 36 59 36 10 96 71 96 84 37 67 43 7 70 17 93 3 19 75 57 85 54 4 73 56 76
76 98 77 98 74 63 52 44 77 84 37 1 76 17 0 59 92 95 72 35 46 91 78 93 49 8 68 9 31 2 42 14 86 60 100 41 75 62 53 37 67 4 53 78 87 89 83 92 20 89 71 88 52 41 48 58 29 20 51 34 79 6 18 11 74 64 19 99 66 27 25 60 89 7 35 31 44 45 24 23 61 88 7 43 89 87 74 65 88 51 73 30 89 25 40 41 93 44 74 12
56 96 18 25 1 19 16 62 34 19 50 29 20 45 36 24 71 83 70 91 1 99 47 21 45 13 98 1 50 86 13 34 83 50 57 41 61 99 78 65 84 48 49 55 66 65 70 48 65 12 11 67 11 31 82 21 100 37 2 99 97 82 16 4 24 86 81 82 81 98 92 0 65 40 12 43 77 64 68 85 96 49 38 9 13 60 66 83 68 38 55 61 48 64 7 37 89 45 62 24
31 76 78 27 55 71 45 18 57 55 34 25 32 50 32 5 33 36 34 31 85 83 16 11 40 71 55 61 81 74 30 48 30 93 26 60 17 3 44 43 52 9 31 62 20 53 58 27 21 20 75 96 46 25 42 87 70 90 46 29 35 98 62 7 32 98 67 95 100 77 19 75 64 5 5 94 38 7 21 57 48 3 85 58 74 96 44 66 7 49 41 4 39 56 87 0 73 53 49 41
53 100 59 22 77 79 89 35 40 67 78 99 36 74 34 29 6 73 1 7 82 79 47 72 34 6 42 14 21 51 41 32 19 15 32 9 55 14 2 8 24 52 92 6 35 14 50 19 32 71 43 31 39 5 55 5 75 35 24 25 96 1 0 39 43 31 66 70 92 43 46 9 59 51 94 87 81 83 94 66 7 89 71 5 63 57 7 53 22 96 64 8 13 51 83 51 21 85 38 58
88 67 56 64 10 83 3 72 14 92 29 77 58 52 96 43 73 57 75 88 89 11 94 10 59 37 64 6 93 49 30 18 7 42 96 79 91 53 86 93 80 1 14 48 85 7 2 68 20 48 3 53 83 54 13 63 59 10 42 37 48 46 70 20 68 54 0 55 65 3 77 65 85 10 5 49 98 48 75 66 99 81 15 97 40 64 7 24 99 37 37 54 26 19 31 53 36 81 42 88
26 90 68 93 37 7 85 70 56 74 74 45 26 61 57 95 65 99 30 95 21 2 56 1 90 97 41 74 18 23 35 10 4 91 88 88 9 31 76 39 31 41 8 12 65 34 37 66 89 83 17 46 66 2 76 14 86 41 30 10 68 50 79 8 76 86 85 38 81 72 24 89 15 85 83 98 59 40 10 72 23 100 93 85 79 10 56 0 91 90 59 46 83 25 24 10 78 28 9 47
99 47 38 56 83 12 0 17 30 72 41 82 57 63 99 92 65 74 66 81 47 76 19 70 44 85 29 30 27 39 31 93 43 70 59 47 27 99 5 54 23 3 63 88 9 33 55 10 8 82 10 74 94 15 65 88 60 63 88 72 24 24 86 95 85 29 7 70 64 36 57 81 51 60 40 78 56 53 1 82 5 45 4 34 88 86 27 72 44 5 37 75 36 49 53 90 20 84 17 73
8 84 9 81 50 27 32 57 45 95 82 30 74 20 41 21 34 48 82 2 93 24 56 91 89 100 70 45 88 45 9 5 37 75 23 26 68 83 79 93 4 75 77 80 4 100 35 28 49 91 29 57 37 80 22 83 37 10 71 62 21 75 34 59 52 26 50 8 82 93 37 32 33 14 0 74 21 36 90 8 81 40 66 4 99 26 88 49 95 85 45 36 68 88 98 67 46 2 55 35
93 59 64 27 18 43 9 81 61 56 73 19 41 97 47 63 21 36 15 30 4 89 39 42 83 80 66 9 5 7 26 31 1 77 50 9 54 46 97 93 96 93 45 7 19 48 39 17 45 38 73 6 26 43 58 28 41 53 61 38 94 58 30 12 94 46 8 12 35 63 65 72 56 90 84 31 10 14 28 43 9 23 1 17 69 79 5 7 50 98 39 86 21 85 79 45 97 0 25 71
96 95 96 2 93 61 40 74 48 17 18 51 14 76 52 0 57 57 90 54 4 35 29 20 46 77 95 58 27 60 46 47 97 59 74 22 21 99 97 51 2 89 81 34 78 6 10 71 1 32 74 14 47 66 74 82 54 29 75 100 81 81 95 47 83 39 62 100 8 43 63 23 38 73 46 25 54 17 33 48 80 33 40 24 41 95 62 90 76 91 78 35 55 82 87 76 38 4 44 100
42 82 78 6 21 70 35 44 7 30 33 43 43 9 77 32 72 62 77 83 68 53 83 19 97 36 84 32 83 39 65 45 13 92 19 73 26 0 84 89 44 59 1 83 10 30 72 37 23 72 1 74 36 26 23 37 98 79 37 80 28 15 48 92 93 57 98 20 39 31 38 80 55 74 32 5 1 97 41 31 74 12 25 4 85 48 100 64 19 70 96 15 27 81 46 58 6 31 85 1
21 100 69 58 48 19 25 98 2 66 13 59 95 2 56 20 83 75 98 0 84 29 16 83 91 14 47 45 30 72 70 99 79 63 35 80 81 63 2 12 38 6 65 52 58 17 31 64 11 61 21 83 74 63 20 6 97 67 82 8 29 53 51 82 7 27 75 50 43 34 81 33 44 61 46 47 48 25 58 60 52 19 8 48 76 1 83 17 46 83 73 21 58 55 49 98 95 57 73 86
51 90 97 97 71 38 47 89 28 0 81 99 18 22 100 68 27 82 44 68 26 99 81 3 15 37 93 44 70 29 66 5 44 98 66 5 21 83 59 19 49 44 22 11 17 76 49 93 25 32 43 9 78 81 58 36 71 87 81 95 63 25 50 99 22 74 6 65 47 90 9 15 27 99 62 94 25 90 26 100 84 95 20 74 9 26 63 11 1 84 24 21 1 86 42 48 68 71 8 15
16 12 54 26 64 86 78 100 16 79 98 30 79 87 48 92 28 28 71 73 5 56 87 22 42 5 48 84 50 71 46 20 62 48 44 3 44 33 72 94 30 12 89 47 5 46 89 49 35 36 45 15 18 89 39 9 78 9 75 9 52 59 94 86 100 40 54 84 70 6 65 24 59 93 88 1 9 90 41 63 64 67 20 0 21 28 64 17 76 29 26 40 56 79 18 26 5 19 66 66
99 82 36 13 53 31 78 100 79 13 70 30 77 74 62 64 80 42 59 16 21 33 88 51 4 22 48 4 12 42 71 39 87 12 58 37 87 91 0 12 27 52 21 91 5 44 84 6 88 78 21 4 96 57 48 15 5 29 95 81 72 50 90 71 76 64 96 87 43 38 78 66 4 86 74 63 78 99 32 87 13 70 80 16 29 2 8 99 38 12 82 19 80 72 58 100 19 33 87 51
68 78 27 38 68 83 62 92 14 76 88 74 45 96 84 91 41 69 56 97 95 17 19 3 57 38 48 22 98 42 0 74 62 36 58 15 87 67 76 45 60 63 25 34 91 65 56 13 5 11 41 32 95 87 91 76 97 57 50 68 64 63 31 74 98 92 80 72 10 62 5 14 40 7 17 33 41 23 84 18 28 32 65 17 47 46 94 61 74 48 34 56 12 45 65 70 6 69 43 68
32 33 2 49 100 15 59 70 30 35 66 70 47 50 14 6 88 86 36 57 97 15 6 5 57 100 55 48 79 27 76 39 67 42 17 91 25 82 66 62 63 96 82 5 49 43 60 12 1 89 76 31 51 56 61 55 68 34 40 38 63 96 9 37 22 42 82 32 94 20 1 27 5 75 48 7 82 43 80 21 55 27 0 77 48 35 55 64 9 81 23 13 13 84 71 54 44 60 100 97
4 95 22 2 42 17 89 95 70 50 70 52 50 24 58 23 60 97 29 3 60 76 6 11 41 77 36 8 23 93 73 5 38 74 6 4 90 39 93 67 83 2 48 57 61 31 15 33 50 82 75 18 5 91 93 37 47 65 57 47 79 62 55 41 25 29 16 57 85 56 80 24 16 63 25 85 3 51 23 66 19 89 21 78 99 13 54 31 71 13 0 71 88 34 14 51 65 31 81 3
57 24 12 54 38 34 77 62 78 33 20 76 4 23 47 91 73 94 48 46 56 33 100 93 73 77 4 26 17 95 74 29 84 37 12 64 64 90 42 63 99 1 52 13 14 62 27 82 62 92 24 10 54 17 91 5 54 77 97 32 31 86 92 53 8 35 21 68 9 37 44 92 78 86 83 88 99 96 91 28 83 30 74 88 84 53 48 7 59 27 6 81 23 17 14 45 0 99 30 75
47 53 73 61 100 86 88 93 99 98 81 70 35 42 12 92 90 39 100 12 90 44 3 48 0 52 7 60 12 25 39 1 42 99 31 16 80 83 49 4 5 72 1 12 86 57 40 75 22 52 70 90 86 77 20 34 46 82 21 59 57 48 20 13 66 20 8 4 37 65 38 12 66 97 58 38 1 36 7 91 40 72 71 100 38 23 63 96 14 18 61 4 51 41 93 8 12 38 4 13
44 82 80 8 37 70 47 70 4 28 8 32 43 24 25 89 0 31 28 81 78 72 64 30 79 42 90 26 55 90 57 84 46 72 29 93 48 5 62 22 79 89 41 18 37 10 57 2 36 85 92 99 85 96 25 70 7 79 32 5 74 54 76 4 30 15 24 78 59 61 99 48 18 25 63 41 23 8 80 73 5 94 38 40 71 17 31 56 45 84 41 50 99 3 68 44 54 12 96 54
22 7 48 74 51 93 63 9 82 30 35 65 25 49 78 20 81 7 22 91 87 22 74 94 67 81 96 30 58 99 78 85 39 41 100 65 97 52 0 16 83 95 13 84 82 36 84 85 49 96 92 24 67 27 30 93 73 92 31 33 35 75 66 69 41 81 26 36 75 23 57 3 73 10 35 99 67 49 34 38 4 76 44 44 14 39 22 51 82 75 59 7 14 81 40 65 42 84 20 100
10 60 88 46 4 3 61 51 6 15 83 74 65 61 41 15 75 15 37 2 6 41 13 93 58 83 64 25 62 96 60 46 32 7 53 40 30 7 25 75 84 65 45 2 26 45 65 38 55 24 62 37 15 94 95 15 79 37 38 15 86 51 14 76 85 19 80 20 82 26 83 99 18 25 60 72 53 8 39 100 89 7 28 98 82 9 32 80 93 60 3 95 84 8 56 84 48 0 81 100
23 67 59 77 12 24 51 30 8 54 99 4 8 89 6 89 21 51 69 61 10 76 72 97 65 41 78 16 36 41 33 75 79 70 96 87 4 28 90 97 81 15 12 25 22 44 39 16 63 66 91 89 26 96 87 96 13 12 20 13 67 49 35 60 78 97 59 21 33 100 91 34 42 15 72 48 80 63 16 75 53 14 53 73 85 39 56 13 95 56 40 55 0 17 51 80 78 79 68 12
1 89 21 27 15 26 5 51 26 37 86 55 25 26 23 56 85 10 31 89 32 48 93 38 61 66 55 93 84 4 31 29 89 20 35 4 70 95 29 28 67 56 69 47 11 0 39 45 64 26 39 16 3 8 87 21 11 15 29 39 16 10 45 69 37 83 46 32 1 94 37 85 32 2 68 54 91 68 95 24 42 93 22 45 80 23 62 37 71 91 40 37 13 80 71 87 28 71 60 25
71 62 93 94 30 85 83 60 94 83 82 54 82 52 46 83 96 72 96 88 60 96 94 98 48 68 82 20 34 17 18 59 84 77 46 96 11 50 4 52 78 92 58 8 68 73 32 96 95 42 46 86 73 46 0 74 25 9 1 34 86 33 32 94 97 55 4 76 70 84 34 84 33 47 82 58 62 28 46 7 65 55 24 7 56 82 82 85 33 19 91 3 73 49 35 14 38 16 85 32
78 14 44 72 78 72 59 95 40 77 54 95 63 44 94 62 89 44 87 60 19 98 11 25 73 59 34 75 31 16 35 93 89 62 41 5 85 31 36 76 88 36 84 60 73 30 57 24 20 54 25 80 31 55 91 42 70 75 36 3 73 58 6 38 37 88 78 68 51 69 93 0 100 39 59 13 27 7 47 38 36 54 99 86 30 94 58 20 45 3 76 15 94 31 86 9 77 75 72 96
85 79 70 55 34 81 97 82 22 24 26 100 8 51 80 86 26 94 19 6 88 37 33 82 30 68 1 9 90 18 73 61 84 100 55 2 51 62 49 59 43 22 100 60 0 11 15 86 32 31 59 18 28 72 28 53 38 61 40 49 72 25 97 70 60 57 73 43 7 84 99 10 41 39 47 24 59 46 16 64 94 73 71 32 70 44 57 42 26 68 25 42 40 62 6 54 75 42 28 90
53 80 85 96 31 2 48 59 16 38 73 1 75 67 9 51 19 71 28 1 52 86 55 73 33 42 23 99 7 9 6 32 71 86 93 19 80 25 65 38 65 57 5 37 78 36 51 59 38 99 59 55 19 40 76 67 15 89 22 19 33 12 83 98 43 68 20 63 40 100 87 25 56 90 98 86 31 64 51 21 57 76 89 88 98 52 74 55 69 5 90 86 67 85 0 97 3 39 30 75
55 87 15 64 43 71 69 45 86 9 7 32 73 97 52 88 74 91 31 21 94 16 70 47 74 2 68 49 58 48 11 77 13 47 25 95 23 23 25 29 82 33 54 47 2 58 72 80 2 76 44 92 86 78 20 22 51 88 97 43 39 77 4 78 48 3 73 19 71 15 46 3 51 13 52 9 11 0 56 14 41 65 71 4 62 79 15 27 97 34 81 45 58 49 29 32 61 77 71 14
70 89 44 12 42 17 70 78 26 50 4 90 62 47 81 73 24 96 88 64 8 22 86 99 14 61 69 11 50 83 99 84 14 20 75 2 28 60 100 56 57 48 37 72 12 64 25 38 14 81 97 27 0 26 91 48 55 35 77 61 72 75 84 58 21 20 94 17 45 71 33 71 73 85 90 74 85 52 24 84 33 27 32 29 2 90 78 11 34 19 86 11 87 63 100 50 47 32 31 54
3 6 63 95 78 16 93 34 18 53 31 7 10 5 53 42 75 75 39 98 0 42 90 55 68 54 50 22 16 95 68 52 70 83 45 50 96 79 25 99 99 87 63 25 10 58 55 74 90 36 19 55 70 47 64 64 36 14 99 85 47 22 86 29 81 27 16 7 6 39 92 51 49 61 81 9 59 7 72 85 24 19 79 9 99 7 78 49 79 73 71 17 62 59 35 23 52 97 28 34
74 100 75 29 65 67 82 0 92 75 91 42 92 22 17 100 36 7 51 89 6 25 19 82 27 64 43 31 92 5 79 3 80 40 13 44 60 100 12 49 44 66 38 38 79 56 59 99 63 18 36 32 60 14 24 77 30 66 20 49 4 99 73 20 82 39 61 5 100 47 70 95 22 74 97 26 10 70 90 69 100 91 26 46 57 14 8 32 76 3 90 16 66 38 80 75 34 100 20 54
42 95 67 43 21 52 68 7 32 1 5 69 63 78 7 90 26 67 24 27 56 33 4 40 42 0 65 25 74 24 9 78 15 70 29 48 55 24 42 23 3 64 70 84 81 61 45 23 79 26 30 100 12 26 100 31 36 54 67 76 10 33 26 45 2 98 90 52 89 98 17 64 61 34 96 8 79 26 59 69 47 96 10 37 60 62 82 94 30 94 71 74 58 84 42 96 28 71 92 17
8 89 61 6 84 37 9 74 100 27 49 87 34 87 30 51 29 75 96 9 42 30 79 35 80 62 100 58 21 60 85 71 2 80 13 67 0 89 67 58 50 12 29 54 82 45 1 56 10 100 89 39 40 12 8 32 32 20 79 69 19 82 37 35 4 31 26 68 13 46 7 24 25 89 30 76 75 61 21 76 89 83 78 46 37 64 96 94 80 93 6 90 68 4 57 91 20 97 94 19
100 100 53 64 0 76 16 72 37 32 1 83 40 78 69 38 26 57 80 68 60 52 55 52 35 91 83 56 31 35 16 34 70 15 95 30 59 20 69 54 31 14 61 21 9 49 63 30 81 56 6 98 6 69 73 26 24 78 11 7 33 20 97 19 72 84 22 97 3 5 80 94 49 86 54 67 51 33 78 23 35 30 63 88 16 46 57 61 85 19 58 45 81 37 53 64 82 37 87 94
39 53 4 89 22 98 81 92 0 88 80 76 36 8 14 53 45 41 26 26 17 63 19 36 11 91 9 44 7 58 84 64 97 100 54 1 54 78 99 32 46 98 34 18 87 17 85 68 47 9 40 33 43 37 25 75 25 95 55 84 95 14 29 80 67 81 56 27 70 72 52 83 52 35 60 57 90 74 45 81 15 50 55 47 37 53 7 100 67 49 25 16 95 6 55 1 64 51 20 39
10 11 71 35 82 43 32 95 58 33 32 47 62 81 68 96 70 49 83 21 90 92 52 91 15 61 30 90 40 75 23 49 27 25 90 18 47 99 31 31 49 12 12 47 68 18 31 86 54 19 34 3 38 32 45 88 0 35 11 56 39 12 100 24 36 62 63 43 44 50 81 28 21 33 88 58 6 88 99 38 67 20 99 55 78 78 59 54 80 52 79 41 81 98 27 96 40 87 4 84
18 9 8 48 40 3 18 62 70 39 35 3 21 5 38 23 89 47 33 83 7 43 40 79 15 41 87 47 11 45 97 96 23 67 81 63 19 7 82 9 85 2 57 78 32 8 26 89 96 67 23 95 62 49 37 8 76 35 69 91 100 12 16 49 55 27 17 70 60 5 40 53 77 25 28 76 90 0 5 18 66 68 21 53 12 74 72 49 27 59 53 15 80 97 5 34 81 39 98 2
4 43 10 59 21 38 19 94 82 94 80 8 18 98 50 26 38 79 98 65 43 66 16 30 96 30 80 93 57 85 10 0 88 67 7 33 48 8 66 47 13 77 99 80 42 70 63 39 68 58 96 2 100 35 42 89 29 48 95 65 38 55 63 8 24 87 75 41 95 47 100 7 82 32 68 30 84 56 21 2 21 15 2 89 29 67 38 64 48 68 63 65 83 1 46 24 28 82 22 30
79 2 36 34 30 81 65 98 38 96 82 76 88 96 73 83 53 34 35 22 13 11 96 53 37 91 76 77 55 86 46 89 82 63 17 13 79 5 86 58 86 50 72 14 82 61 11 67 34 31 29 77 88 20 20 77 55 81 33 19 12 21 51 52 76 79 67 12 1 81 54 34 99 50 18 59 5 48 79 52 44 91 99 43 70 33 60 57 57 70 7 0 46 26 22 47 36 61 65 13
46 71 49 56 84 42 86 45 32 1 85 43 95 26 65 81 54 30 96 68 8 1 33 91 23 16 25 13 55 74 74 79 0 52 85 49 85 68 46 91 69 21 74 63 19 50 4 63 27 18 66 77 45 97 10 40 45 67 35 70 62 10 50 81 48 39 80 48 96 34 75 23 35 89 98 4 87 94 25 16 7 71 60 5 56 44 6 48 44 75 85 94 64 71 94 100 38 27 23 57
38 34 44 75 87 9 31 50 95 3 32 61 22 53 0 82 39 35 84 96 94 44 41 78 53 98 22 43 61 21 74 46 98 53 6 39 99 69 96 90 16 71 88 99 45 78 72 1 81 26 60 1 19 55 68 99 97 24 16 22 46 62 38 62 57 78 35 54 80 19 18 92 76 63 96 55 43 29 10 23 74 18 27 90 92 87 46 36 55 74 47 37 79 7 30 15 47 41 66 33
89 1 14 80 35 81 53 17 13 6 42 28 35 43 78 30 92 41 69 94 93 1 17 60 5 10 92 19 75 41 23 3 97 27 6 64 55 43 84 19 90 20 84 33 93 66 5 90 60 34 8 99 5 65 89 89 22 66 22 43 73 38 21 89 53 99 26 77 24 99 82 30 17 70 8 93 0 49 58 52 54 92 11 76 69 54 21 78 90 37 30 86 94 97 18 100 1 22 85 18
77 50 87 7 90 51 56 99 70 59 2 23 53 41 59 70 65 62 90 31 34 73 90 35 41 31 53 39 88 0 73 37 29 73 100 37 86 10 22 65 91 22 17 83 44 77 10 19 18 6 91 3 69 89 68 13 74 19 7 61 69 92 23 61 50 33 35 99 86 29 21 35 48 97 68 81 67 11 1 3 86 29 99 8 75 74 65 66 57 15 26 37 70 33 71 67 80 29 21 100
20 19 25 78 93 52 79 15 87 29 43 58 7 81 47 27 18 65 80 62 24 34 39 59 71 92 21 19 57 45 85 14 42 95 19 4 55 77 84 33 71 62 29 44 38 43 2 69 17 66 80 0 31 34 88 2 15 10 81 11 60 30 1 100 85 13 85 10 33 50 10 76 13 79 71 22 42 31 87 15 95 83 38 29 40 90 18 76 66 96 84 90 74 73 48 94 43 71 74 85
24 16 7 23 72 48 89 56 90 30 59 42 42 58 2 50 89 84 32 8 68 10 72 30 46 4 6 41 92 78 47 83 2 5 68 10 78 11 10 78 65 91 13 60 3 4 51 66 13 24 37 23 76 25 34 10 67 30 30 22 48 80 39 65 70 54 1 3 16 5 94 98 95 32 42 100 13 94 23 76 53 29 0 89 6 34 94 40 22 76 21 93 15 72 32 96 13 93 100 59
49 37 40 54 33 37 1 11 96 1 92 24 12 62 89 80 78 47 14 98 44 97 81 77 71 41 20 57 53 8 40 44 62 21 82 33 10 74 79 40 67 12 58 30 41 48 68 54 72 91 51 12 76 23 51 29 55 42 84 72 87 93 65 19 12 78 45 94 66 69 31 84 50 77 15 79 44 27 26 67 45 58 87 79 81 83 26 6 54 57 55 0 65 88 22 7 18 75 48 28
73 42 24 76 59 85 6 73 14 83 22 30 15 18 93 19 87 12 36 84 88 18 32 36 25 25 55 40 3 56 27 50 94 30 68 15 3 84 35 89 62 37 96 20 49 67 56 56 60 10 74 6 95 14 56 66 72 75 17 64 13 12 28 90 59 75 44 0 64 72 93 98 30 76 42 59 93 60 72 93 15 81 96 5 24 55 77 48 11 70 11 72 61 9 24 19 55 23 79 25
21 75 31 93 40 58 33 46 95 72 11 73 52 63 99 41 84 15 30 14 68 58 42 14 46 98 6 58 40 63 40 0 38 87 3 55 8 12 5 95 35 42 52 47 38 12 93 78 27 20 12 98 74 4 85 72 57 11 50 56 56 20 96 91 28 8 98 12 83 43 80 12 42 39 58 31 1 87 43 38 18 60 82 80 17 72 37 31 11 11 96 30 35 78 10 5 63 66 85 37
16 59 41 48 54 25 24 0 81 40 89 65 63 67 2 57 52 80 7 78 92 79 34 43 53 12 32 11 62 89 82 72 84 96 65 87 78 35 25 46 34 94 43 51 52 18 16 74 39 42 36 87 73 67 17 50 10 13 57 21 33 71 96 33 78 60 33 25 95 69 7 12 100 26 33 97 71 39 93 29 35 56 71 77 92 19 86 85 91 8 89 93 10 8 80 96 14 85 50 27
79 80 58 85 73 20 99 21 63 97 92 51 12 56 74 81 45 16 67 97 69 40 68 62 11 79 69 4 55 56 34 96 29 25 17 89 3 87 65 16 62 63 23 32 70 35 88 98 13 57 79 66 68 44 51 7 74 31 68 21 97 82 22 71 71 76 57 41 92 66 31 57 54 52 92 73 10 58 89 16 23 61 67 37 34 37 28 96 0 43 84 53 59 99 2 95 95 78 85 56
66 76 31 90 83 1 83 4 78 31 55 32 18 37 53 46 99 91 81 95 28 69 33 83 45 49 81 52 79 17 92 7 36 22 75 69 84 60 0 39 77 29 63 86 27 42 72 42 83 64 22 14 7 75 80 32 79 36 48 16 17 95 79 1 29 29 39 88 13 88 97 69 84 27 96 68 49 94 42 31 69 63 20 76 38 23 5 86 50 71 5 18 85 97 83 26 26 25 73 5
45 6 53 72 11 93 30 15 30 73 12 85 46 84 47 33 27 23 22 70 99 86 95 59 9 63 47 21 3 67 22 90 39 50 24 57 90 37 48 8 5 88 41 39 11 92 78 1 84 73 46 44 60 20 75 1 22 64 86 73 73 86 91 69 89 75 44 14 28 80 2 28 33 77 57 74 40 61 43 0 74 57 78 45 51 25 30 100 66 29 80 37 70 26 12 69 20 12 76 25
85 56 99 36 70 89 87 67 22 42 100 16 44 69 42 43 7 97 69 37 71 53 29 10 79 2 35 48 48 88 15 47 84 51 82 94 87 56 38 65 19 16 69 84 77 83 62 62 10 70 82 28 23 86 76 28 46 23 0 83 61 57 66 85 78 35 100 2 79 85 84 25 32 45 65 9 36 29 58 14 68 51 40 78 68 2 80 42 58 7 83 18 78 43 14 67 51 56 50 23
29 6 57 58 42 80 23 68 38 73 32 59 63 1 35 52 82 45 24 53 22 93 67 69 82 77 39 27 52 29 4 46 8 39 54 89 39 23 58 63 69 1 75 41 23 44 98 12 92 65 87 79 16 91 22 61 20 10 75 70 22 93 2 49 6 63 98 89 85 34 46 43 62 19 46 36 94 0 46 90 62 35 15 95 19 46 38 80 23 15 30 2 87 78 35 21 84 15 86 24
51 37 87 88 15 14 51 100 59 72 53 26 17 2 9 82 4 59 72 2 62 61 30 4 80 38 51 76 36 0 9 88 79 63 24 15 14 52 48 31 82 10 95 92 60 78 13 54 34 89 92 18 11 95 63 84 32 30 54 79 14 75 45 26 2 23 44 12 59 52 29 90 63 39 52 83 68 82 52 68 60 63 65 19 38 68 66 82 5 18 89 53 66 53 79 53 49 42 66 79
