20 20
0 9 1 6 4 10 6 5 1 3 5 4 8 5 4 1 2 7 2 6
6 8 8 2 3 3 2 3 8 7 0 2 0 6 4 9 5 1 6 9
6 7 4 10 2 7 6 4 7 6 0 6 3 4 6 10 5 6 8 6
10 4 2 5 2 4 7 7 8 5 5 6 6 0 10 10 0 8 0 10
10 10 6 8 10 10 4 5 9 8 4 3 9 6 7 4 7 1 8 9
10 2 7 8 8 5 9 2 10 4 6 7 7 10 4 5 8 0 2 5
4 2 4 4 5 1 10 4 2 3 3 7 2 7 10 1 5 10 10 9
4 1 7 8 3 1 5 8 1 5 9 3 4 9 7 3 6 8 3 9
6 4 4 9 2 10 2 10 9 9 4 2 1 3 8 8 8 8 2 8
7 5 10 4 7 6 4 7 8 4 7 2 7 5 5 10 5 6 9 9
10 3 3 1 7 2 2 5 5 2 4 6 7 8 0 8 10 5 8 6
4 6 9 8 4 2 4 10 6 4 2 4 1 8 10 5 9 0 7 10
2 8 3 7 10 2 4 7 8 1 7 2 8 1 7 9 7 8 7 2
5 0 5 3 6 4 1 10 1 7 2 5 6 10 2 6 5 9 5 2
6 1 4 8 0 7 9 8 3 7 9 3 10 4 3 10 6 9 1 4
6 4 7 8 4 2 4 8 2 5 3 1 0 9 2 2 3 6 2 8
6 10 6 1 1 0 2 9 9 6 6 1 4 3 8 10 4 10 6 6
8 10 3 2 7 1 4 6 3 2 1 1 1 10 6 1 2 9 2 9
5 1 7 8 3 7 3 4 6 4 10 5 5 6 5 9 7 3 8 1
7 8 0 4 3 7 2 7 9 10 1 8 10 8 3 7 7 3 7 5
