5 1 12
12 10 7
12 9 10
10 5 5
9 12 15
93 77 70
70 80 74
5 76 49
78 99 81
62 39 62
19 9 44
8 70 95
44 83 41
62 83 42
45 57 22
16 7 31
77 86 74
73 100 98
76 91 64
60 13 20
71 42 36
88 29 53
47 1 57
98 55 37
13 94 47
64 39 48
60 94 4
58 24 30
7 30 71
4 43 54
27 34 89
18 26 6
72 94 76
30 68 51
77 29 19
13 90 17
99 96 54
37 83 87
45 62 16
9 18 62
56 57 89
92 53 29
80 92 45
58 71 16
14 2 23
87 6 16
30 5 40
57 72 8
70 73 36
23 47 2
63 54 73
81 76 4
13 4 64
4 65 25
87 85 51
9 73 94
21 30 18
30 24 8
62 49 29
78 44 12
28 71 83
19 12 70
100 19 59
83 12 33
84 96 63
90 67 89
61 98 81
88 60 91
63 94 34
78 37 48
95 29 86
14 24 73
26 42 66
18 14 42
18 74 10
12 20 11
67 10 95
15 2 73
100 93 76
5 73 95
7 50 36
12 43 14
3 8 61
34 64 5
13 67 57
55 84 92
93 76 41
78 40 96
8 40 33
15 90 56
23 83 73
85 6 34
95 58 32
11 51 50
6 3 80
16 29 49
74 65 36
7 9 4
66 93 29
50 63 14
68 26 10
66 18 28
12 32 41
75 46 61
63 44 89
