40 422
-302 777 -845 297
248 993 -222 -443
-971 -631 -95 456
197 -693 -479 166
915 -163 -440 900
-349 185 310 17
-461 402 464 319
-935 -243 -937 101
307 -147 -996 -124
643 350 36 -410
-537 806 376 102
229 389 648 823
-73 -354 773 -469
940 -920 569 -717
433 -952 294 -804
711 838 753 834
-320 -983 779 -895
-873 5 -986 860
734 -59 -510 527
985 -261 901 300
977 658 -411 587
526 597 -338 381
182 767 -351 25
175 -168 -405 528
-359 31 5 -589
-516 -569 -706 291
-756 -319 -844 -120
978 -997 -189 -131
746 298 -171 777
783 -120 -810 304
-632 -968 -442 25
235 363 395 -730
-871 -967 -224 610
-692 -515 172 591
275 505 972 -84
361 -270 -217 -34
-789 720 676 85
207 230 106 -806
-114 -993 278 -231
-791 -707 28 -755
-951 -745 264
-81 -770 -236
737 -149 -794
134 -536 -176
-533 -895 653
-396 -626 -228
-741 711 -803
-98 -273 -417
218 591 -940
-882 -855 21
655 105 -739
987 -518 603
-785 511 -683
-439 85 -124
-624 833 -19
812 820 101
161 357 -384
737 664 149
-376 -471 -115
625 296 -920
-552 -15 571
924 -181 -717
-594 210 954
-132 831 -639
191 940 17
-599 811 322
889 498 -193
716 735 -950
-978 -172 -436
-298 815 -71
32 857 -917
-661 -628 -512
-627 -785 -905
236 689 -795
-460 -507 447
-462 551 -651
220 -936 -346
586 -950 -607
-523 986 342
492 -207 -940
793 -204 853
961 315 29
927 -984 -73
-112 493 -571
-267 47 -629
493 -700 762
239 -607 -142
-102 -763 685
822 -32 -405
438 -203 -878
-56 -480 932
683 -527 -842
-61 985 683
-821 -863 -284
338 456 638
856 560 126
258 797 -665
-332 241 117
95 257 -307
435 740 569
-138 -395 -234
-704 984 -616
-290 -658 -455
-240 735 732
-919 -557 519
-13 -557 -130
-603 91 -339
155 -576 -898
-463 -938 305
856 926 775
-277 296 -305
-783 -155 441
-823 36 -331
-821 801 181
593 64 -813
532 775 23
479 -94 130
-722 357 337
558 101 -440
-116 -962 -958
-405 -949 -170
-275 907 663
510 -359 -530
-921 82 -497
897 884 -524
-695 -420 698
-362 893 -971
218 -659 -303
-338 83 1
756 735 -191
564 719 -600
-964 -373 373
-947 938 263
435 -436 -448
-754 -597 -275
910 -789 305
679 903 407
195 -67 -791
-262 903 213
-882 -720 254
353 315 -972
-308 619 857
-21 275 828
394 556 592
-745 186 253
-769 -738 -464
-411 635 -752
-94 -189 436
531 888 943
-161 114 -361
666 821 -835
-546 -441 152
589 -465 -973
716 814 -598
753 613 -627
-748 -783 -111
946 -60 506
-241 445 -775
264 -756 -564
-280 526 138
-574 -711 279
626 120 831
-612 261 -69
850 991 -918
-61 -871 561
469 -665 -26
-623 -234 -374
60 -175 -205
-42 282 -415
583 265 -172
-975 11 556
755 918 -771
546 893 -948
-344 236 954
-91 -404 -128
336 -784 165
-734 -306 -349
-776 296 557
-884 -773 -313
-172 547 -967
-375 67 -131
898 771 873
-404 -808 79
485 -893 -95
137 866 369
-410 -725 -596
388 479 -69
343 100 899
-117 -307 495
235 126 772
89 356 -951
473 -511 -275
-84 -466 798
-809 289 -956
-896 -411 956
-183 590 -749
-997 -290 740
-542 -291 -541
-943 -884 337
515 797 932
423 378 -907
-633 -888 394
-554 -257 508
-405 416 797
-848 -683 334
70 609 -905
-243 402 527
-198 854 529
-449 -854 -162
768 -414 -165
-898 794 -397
601 256 882
158 -965 -84
-315 470 742
-73 -573 -53
-370 -838 776
491 419 -449
111 64 -140
-858 -774 386
16 -231 901
725 -6 -53
218 -100 -318
647 260 -307
373 -67 -196
988 152 -216
-785 314 904
368 -524 6
783 -118 848
976 295 22
-669 392 231
-991 -769 -570
539 159 -166
-506 -91 730
-548 468 -467
-832 -7 900
361 948 241
267 -114 -413
212 -761 611
-267 904 664
-176 592 334
465 -135 -967
-343 484 670
576 -452 -721
-865 -712 540
-966 -775 -979
445 114 523
942 -494 -823
-720 921 74
397 344 -172
447 657 501
-833 485 346
-586 -971 809
314 -849 69
258 -903 324
42 -537 -313
-340 584 -131
869 -418 607
348 115 209
-965 -120 -937
-93 974 -105
161 423 -736
-215 -325 -524
-825 394 505
119 554 22
-912 -62 -999
-539 -848 532
210 -522 462
-408 206 12
404 693 -636
-655 -970 264
358 -32 119
-624 -813 -563
727 462 -540
-342 665 -509
-81 414 -51
-612 845 -597
-670 -155 -768
-473 213 922
333 855 867
102 -813 539
893 -663 658
133 -393 139
660 882 317
493 547 -82
112 298 227
-712 -843 -276
155 -427 841
85 -132 363
-637 63 -734
-177 -763 -916
-196 -621 -244
500 126 -359
782 -552 -535
175 -456 384
30 850 -637
-229 438 -986
-60 335 582
453 667 267
-62 580 9
461 -747 -394
-786 345 -908
-572 -421 -716
-867 956 -221
346 -291 811
849 -865 889
-6 -677 668
429 79 307
-753 662 443
32 -217 -476
-767 -883 -648
-19 701 -635
125 199 -571
215 275 -546
-259 278 -396
488 -35 341
671 215 -581
534 -895 994
870 837 -287
113 -186 -35
-333 -131 625
-664 -847 600
512 -889 567
234 -248 -829
958 989 -443
-157 -265 162
617 734 -362
-967 67 667
-146 -522 -235
528 -768 781
864 -454 749
656 394 -961
67 397 -168
-773 37 620
-916 -389 -828
825 710 634
84 -18 -76
966 -50 -755
19 665 914
81 728 42
921 -58 -680
14 761 8
-995 673 973
-230 -12 213
-38 248 -949
846 916 -111
178 80 -815
-445 -417 -878
-332 -558 909
-185 913 -199
824 -792 470
-862 140 -919
797 139 674
-247 -333 433
607 611 621
138 254 768
272 -103 590
487 699 242
-146 557 -703
-749 -93 -26
112 -57 -783
-374 671 -746
527 -604 -447
-950 -733 103
20 -672 108
840 -744 617
673 260 229
513 31 -169
380 289 29
-691 914 -748
859 -526 -77
867 304 969
90 181 287
21 503 973
458 -399 249
-118 925 -34
120 -979 -385
842 737 677
-670 526 125
872 -58 -741
-298 440 -282
173 322 -959
-17 -344 563
214 -545 233
237 542 933
-87 208 -931
114 647 -147
-874 -359 262
639 714 -579
713 -742 205
-537 283 504
-509 72 -956
773 -462 -515
258 533 540
-785 162 -871
690 942 -743
-356 815 -643
-590 -48 946
161 441 -373
501 -633 672
-895 -687 -329
971 944 26
-62 -504 602
1 206 -21
-20 -838 -580
-269 -15 155
-138 -781 875
435 -914 -547
-328 -179 -260
-48 107 687
314 -754 -253
293 711 -480
80 -636 34
-251 990 214
-793 189 261
-541 720 551
-446 -778 841
-870 660 -754
-778 -208 -996
-57 -81 -814
887 398 703
-49 -622 -939
-654 -660 496
-982 996 -902
137 -529 675
944 -496 880
-939 -512 -996
926 -292 100
401 64 374
-288 578 110
659 -464 -232
767 198 -78
179 479 276
-756 -222 -52
383 -467 -68
461 432 -129
292 -465 -778
667 -26 788
748 -243 778
460 -742 -149
83 -609 598
-493 768 -670
-693 -409 896
-205 -422 799
369 -374 652
-856 -242 952
-787 954 -801
-704 608 -940
-589 635 944
60 225 900
-452 -15 336
-487 -99 -102
-750 24 812
150 54 -850
-498 812 -962
702 -220 -881
211 -911 -564
-340 -116 -584
-486 789 -281
-929 118 153
-391 -56 14
855 -205 551
-773 -356 450
