12 152
480 406 347 -978
-899 746 -410 704
-26 879 125 188
-602 997 262 -253
-923 230 -179 -234
275 964 98 -574
-131 -275 -280 -49
-581 174 -645 -824
425 659 -183 118
-331 -904 393 -633
-482 360 997 701
-868 -483 958 -304
-31 -12 -72
-21 -100 40
95 74 -5
-93 5 -36
75 -51 -90
-56 -52 -62
72 19 -8
66 48 33
-63 37 63
-89 53 7
-26 -48 72
-32 94 93
-92 33 34
41 40 16
-100 -62 18
74 -30 21
12 -84 59
97 -99 -21
-7 -26 33
7 75 -84
88 15 -78
36 -98 -1
-24 93 50
73 -10 26
-8 -58 13
-70 10 14
5 80 -23
-35 -53 -43
-52 -91 -89
-67 -2 49
-79 -22 8
81 13 -56
-64 24 97
-76 93 -53
-50 57 -71
-38 -97 -7
78 96 7
-12 -19 77
88 -88 -29
54 -22 -20
-26 -49 42
-2 -12 -58
-55 75 20
-85 -27 -24
15 -22 11
-79 10 -94
1 -61 -59
21 70 51
75 -23 29
6 3 10
-32 -66 14
90 -96 -95
79 -9 2
-18 10 -56
-93 -3 -47
36 25 8
-68 -80 -25
-43 -34 61
81 -77 72
-59 -32 -2
-87 -13 -3
4 10 20
4 85 71
3 -46 12
14 -35 -46
-40 -65 43
-15 -66 -13
3 25 -38
-44 73 -22
-76 -4 89
-66 39 3
-30 -31 37
-23 10 48
18 -2 -19
-60 98 -39
89 -45 31
-52 56 -47
83 -71 71
35 19 -2
42 43 94
48 76 -57
7 -62 -61
-83 -62 -10
-90 -26 -62
10 -76 68
96 -56 79
-42 96 60
34 12 -86
-55 3 -91
88 -23 -75
-75 -5 81
86 14 -37
1 28 33
76 80 7
-82 -35 -65
-67 -65 -63
-62 86 89
94 0 -33
53 41 42
19 -100 -86
-24 60 -6
28 -78 -84
83 -91 -3
52 54 62
-42 51 9
51 -36 86
-18 -13 -75
-11 77 12
-9 6 -91
28 -98 -27
84 -43 -27
15 53 -89
-67 52 -12
28 -81 16
-9 58 -42
10 31 47
-1 -27 -61
53 -2 -34
45 -53 -61
-97 -47 73
-21 -32 -87
78 35 -52
-2 78 -30
65 -18 11
-74 91 -7
-81 28 85
22 -28 24
74 -29 3
82 32 95
30 40 23
16 36 -38
9 6 99
-83 -92 82
42 21 -71
61 -32 -71
-16 37 22
-29 32 -11
-48 39 -11
48 96 -18
59 3 -62
72 92 -12
-14 -64 -84
22 27 -44
-100 48 -48
-50 88 38
-33 -74 -10
-53 -19 48
3 -67 -2
31 -1 -46
-84 51 2
92 2 62
-46 -55 5
