81 126
-98 42 17 47
-83 91 1 30
40 -29 10 -78
-46 -63 75 -4
19 93 -29 44
77 31 80 -62
31 97 -66 15
19 56 -1 -100
4 92 -74 81
94 47 28 -78
-68 -95 -99 -28
-69 -76 -58 -42
-6 -88 32 -86
12 -91 -85 -89
-46 -80 -79 66
-47 6 10 -88
63 60 36 82
-88 -35 -11 -93
91 -32 38 9
-80 20 -34 -70
1 -56 -49 -12
-23 32 54 -100
70 1 -96 -29
-43 -19 -24 20
53 -22 -9 -66
13 -60 -76 18
71 31 -15 -86
32 94 -51 2
67 36 -67 65
8 77 78 6
99 76 -1 -79
24 10 -80 35
-69 34 16 80
23 -62 96 80
-24 91 -80 34
40 -16 -28 16
-55 -42 -82 -11
99 -58 90 36
47 15 69 -14
-6 -53 -85 13
78 71 88 -63
-16 -15 -55 72
-55 11 -47 84
-71 -14 -43 -48
-13 -36 -97 -7
33 -73 30 -83
-64 -2 -15 16
-35 -7 -37 37
-79 -17 88 49
32 47 -22 72
98 76 -61 53
83 43 34 95
-67 -25 58 1
22 -82 96 2
-82 39 -88 -43
68 92 37 69
97 68 -51 49
24 68 49 18
-83 87 63 69
89 -9 -82 -66
52 -33 -62 -47
-46 -47 -66 8
90 -8 -78 -9
0 -92 -26 11
-44 45 -43 -82
94 -14 -20 13
61 -3 91 -30
-26 -49 -37 48
-78 84 -38 -58
47 86 -85 28
38 93 2 -26
18 -69 -81 45
30 -86 -54 -57
55 73 -89 19
84 7 -31 -6
26 4 3 -90
-38 -76 72 -22
32 -35 25 -99
72 -29 -6 -55
7 21 14 -21
37 12 6 -62
-72 -47 72
-89 69 43
-26 55 -50
53 -1 -61
34 -67 -15
99 92 -91
-28 -19 97
-11 57 16
-75 -90 16
84 -50 25
-94 70 39
-6 -41 -2
91 33 97
49 34 25
44 -33 -15
69 -38 -74
63 19 -8
96 43 -21
-82 -13 -25
65 -65 35
-91 64 56
58 -89 -23
-16 -25 -19
66 71 65
-29 91 -40
61 -99 4
14 63 84
20 99 -92
22 14 -71
-63 -18 17
6 -14 86
-6 -89 17
90 46 57
-62 3 76
32 -50 91
83 31 -86
12 49 45
48 -48 10
-76 27 75
-15 -24 61
-1 -45 -41
59 -81 -24
-57 -42 -73
22 42 10
85 53 46
46 -4 -50
-8 -93 37
-82 58 -52
-56 95 3
87 86 59
55 71 25
44 -49 -92
-26 -92 -59
-91 -73 -51
16 74 65
8 47 34
-42 -75 -30
-80 -91 -5
-50 -7 15
-83 -100 23
-46 96 -60
-40 81 33
-97 11 -60
-70 -22 -63
75 2 4
-48 -74 54
-92 -93 -35
13 -76 57
43 47 -36
-72 -18 -55
48 42 -99
-94 -39 83
33 73 -74
-94 15 90
-60 -21 -79
-86 40 -96
-8 -62 97
70 23 -14
5 -38 22
55 -51 82
78 84 -53
-19 44 -92
-38 72 25
16 59 -62
18 99 -90
-8 53 27
35 56 58
-9 28 25
-45 -53 84
77 40 43
71 -16 -19
77 -32 37
-21 56 -1
-71 19 -59
-49 -1 -97
93 -16 -50
95 50 -24
-18 77 -98
-31 90 91
-39 -17 -71
-82 16 -49
-95 13 -35
-84 -18 -22
-97 -26 -4
70 37 -88
-36 7 81
49 81 -5
17 20 37
-79 93 -61
-79 -57 71
39 25 -73
52 16 73
-60 -43 -89
-88 90 67
-42 -77 46
-100 -74 39
63 -65 51
-57 -69 -12
80 -100 -74
-68 79 -33
62 -92 47
2 -25 -9
-42 -98 -68
-53 22 -96
-54 -31 98
-72 14 -15
