51 154
-258 -690 -902 838
-88 39 908 -417
752 -701 552 -402
892 -843 571 761
865 626 601 -902
362 550 -762 709
-5 -976 92 -605
-811 831 885 -58
-653 -938 271 850
910 373 -920 72
-351 838 -978 937
-314 573 122 224
711 670 -363 -616
78 573 892 -533
238 -298 331 -881
-797 635 -535 -567
21 390 -926 620
-56 276 238 282
56 348 -328 283
-300 -775 220 -131
347 -348 -247 -695
96 711 138 -449
-840 -296 634 -127
-805 -618 -899 -134
749 -70 -945 197
-918 -891 -320 -976
843 -624 -641 -297
-279 -138 39 340
214 -442 -935 -975
-587 -438 -782 201
7 187 813 695
-743 -363 -365 873
-2 -922 437 641
-222 -388 150 741
455 691 -786 -19
-104 -128 350 -793
-244 959 -769 -179
-312 -352 -574 -545
-28 197 923 43
419 232 -632 492
-443 945 429 790
-77 526 748 227
-38 -65 -25 845
-658 725 -995 -889
39 804 944 -716
947 638 -95 -137
334 690 -705 -18
-299 557 -504 427
-350 841 -783 -472
915 -60 -530 144
-274 -143 540 -620
71 -77 63
35 59 -57
91 41 66
78 -71 -34
-78 -9 0
46 -61 51
-80 30 -39
-14 -61 53
-32 -20 45
9 83 24
36 -50 -64
62 4 -75
77 -10 60
48 -83 21
49 50 -46
32 -12 91
82 -28 -9
-99 99 -47
57 -82 74
7 -39 76
69 90 -94
41 -19 -64
46 -63 -59
-8 -2 72
99 78 -46
-59 13 10
-55 30 91
23 -3 -65
66 -82 88
80 -58 8
-37 -58 90
42 -66 -1
-32 -1 84
-9 -56 94
-62 42 -60
74 -45 -57
16 -79 77
-51 94 28
-15 31 72
-50 -30 -23
47 -51 -84
-10 66 -78
-95 71 -59
-100 -88 42
-35 -12 97
-37 -81 4
34 -39 62
54 -29 49
-54 34 -68
99 -36 69
70 -82 -43
78 33 -31
-65 36 -79
-52 40 6
-100 24 -74
-62 81 -83
12 85 -52
99 24 -97
47 -22 -46
-50 -46 12
-48 34 -32
65 2 45
21 0 -25
-8 42 -52
-59 -98 80
-84 -1 94
4 -44 60
30 50 -20
-24 79 58
5 26 81
39 -59 -64
-6 47 28
15 -50 -68
8 -13 4
-54 29 -24
86 -84 -57
-45 68 -83
20 -31 -63
-68 -51 -100
-38 24 -98
71 -54 53
29 97 49
1 37 25
33 39 -36
31 36 58
-3 -48 -37
-96 86 -36
-26 -54 -67
-45 -94 -72
-53 26 61
55 -76 92
38 27 -87
16 17 86
0 -39 -4
83 20 42
90 -66 -99
56 9 76
67 0 -40
-37 -13 -95
-52 40 -83
13 29 47
39 -1 -57
-23 79 -50
-37 -82 -53
46 -100 22
24 -86 85
77 -89 -76
70 -38 66
-50 -42 92
-98 49 94
57 84 -47
3 -29 -51
-33 32 56
-43 -37 -59
8 2 41
-25 81 79
-60 -99 -38
83 -55 -74
-87 44 -47
-47 50 21
42 -91 -21
21 -86 -95
-6 -14 58
-96 -68 3
13 -8 -43
42 65 34
-61 60 32
19 -2 -60
-94 -39 -98
-64 60 -54
64 62 18
24 -60 49
-35 -100 -63
-98 98 34
95 -7 83
8 -75 -48
96 -74 42
18 -67 -37
-35 35 85
-77 15 -64
40 -83 -87
-63 61 73
96 -2 -96
-48 44 -91
26 41 -63
24 4 -27
21 39 -8
39 3 62
-3 -64 -65
-35 -82 -28
47 32 63
-100 -14 -41
-36 -63 -46
79 15 9
