91 125
311 -238 239 297
-343 -947 981 -272
960 -640 -366 923
536 -841 916 338
712 -518 415 715
188 664 970 -949
-814 783 -816 520
717 725 -318 490
838 -496 91 -747
-609 -73 263 -178
-278 -402 -713 153
254 -159 567 -345
933 192 -503 -445
55 184 -580 -887
529 -298 -543 269
-132 848 -934 11
189 -49 701 966
321 -392 555 448
-106 -407 772 695
-669 619 -542 -338
605 631 987 253
-855 955 -821 -691
-749 -507 -942 -346
650 -69 -239 581
339 188 -697 741
-50 -611 -879 -180
-835 999 899 -9
-338 -355 -279 -521
677 -345 -60 -58
-988 -751 -863 812
269 -688 -164 585
662 114 260 -532
289 -858 -597 -836
-876 -424 -482 322
90 115 -375 -865
-257 618 658 -691
386 -246 112 320
487 387 -114 783
-552 -485 -577 952
-584 -85 410 -190
-54 -810 -834 -395
494 541 216 -344
-875 -607 99 -737
810 33 -287 -818
375 -645 795 -865
-679 817 605 -784
-477 839 -333 -696
349 963 -421 795
-679 435 -336 994
-224 -997 120 -12
892 146 -428 -375
-186 -651 113 -335
666 174 -459 -98
832 929 -221 -886
148 459 -363 355
-557 945 -69 42
-253 -818 -599 203
53 -596 -772 -367
784 352 654 -166
-164 -511 -109 -947
133 -15 -989 -366
-504 -583 -560 46
-892 -182 426 47
223 964 -432 -691
-44 333 943 -29
626 384 -295 156
-902 -251 691 -767
-865 -887 311 413
585 -246 775 365
-95 895 -745 -571
694 594 548 430
-110 955 418 -251
591 742 -36 494
-253 -912 -902 -26
991 755 390 887
529 788 138 276
516 -215 -365 472
-840 -526 -510 756
466 825 -27 753
-693 162 617 274
-154 572 372 866
-206 -346 565 483
669 -764 -501 474
300 -838 212 -857
-762 -622 313 854
-393 504 734 -221
-773 -856 -624 -560
140 -417 939 -410
505 -478 4 -990
394 -397 205 472
-80 -193 -515 536
468 868 859
-415 641 -239
-580 -218 985
-286 -901 -736
495 259 741
515 586 961
-982 255 264
-700 -565 -535
487 671 -274
909 509 420
179 -994 976
-309 631 -256
93 315 -900
-377 -974 -210
240 -72 -885
80 -214 -290
-7 770 -834
187 -203 -913
-74 -349 -592
-7 -150 -182
-128 -556 -836
39 172 -702
-277 814 25
258 709 -493
-486 -279 230
-845 808 609
210 215 642
-239 -468 38
-739 -470 896
-648 174 -233
605 90 -698
-541 -360 -140
94 459 -696
960 548 50
890 -566 -639
-532 208 -550
398 617 6
341 -943 -855
-194 631 -662
481 -68 -478
678 -596 -548
-180 -909 -510
620 -828 166
-846 576 309
711 -355 438
-433 -352 66
-767 204 434
224 -979 -851
587 -500 -145
995 -86 -902
-83 -556 719
-278 -667 -165
-388 791 -917
843 -730 -917
549 -216 519
867 228 489
-144 -147 -976
-104 -852 931
85 -986 229
-238 -733 -538
514 -892 -739
-393 764 -701
0 -845 884
757 848 -396
348 570 986
-936 -317 -673
-140 -380 -91
127 944 639
307 38 -415
-935 840 -992
226 -243 -193
-600 575 625
-844 238 -930
-287 -729 293
723 -815 -740
306 435 -362
693 -153 971
690 -524 247
-906 221 -77
395 682 759
163 -311 670
-469 -323 -775
-794 -346 -431
63 -559 -198
-284 -774 731
643 -324 -691
-675 735 473
603 866 257
618 -305 144
-271 -261 383
134 705 452
-531 539 625
848 -665 197
-622 -192 -448
624 -645 406
35 523 637
860 750 -837
-16 681 346
-887 -138 297
-18 -820 925
-288 871 -942
745 153 710
-672 578 -639
247 583 417
-54 -111 -886
115 804 -989
89 369 350
983 -29 -6
-721 578 -167
268 -679 434
-387 639 770
616 528 -734
410 -664 -874
86 813 122
-132 43 498
288 -543 -781
823 14 72
321 156 646
-384 -495 -320
-932 411 551
976 -176 -213
436 -234 -173
96 -538 258
-117 -472 193
135 513 308
