27 110
-168 837 -343 -754
669 405 355 621
-773 958 317 403
-402 -308 -786 -514
-783 195 -363 278
723 420 -192 597
30 -511 849 538
-749 151 6 612
-990 -953 768 142
860 934 749 -975
-469 675 744 -864
-504 -744 13 923
-859 786 410 -944
-673 125 -463 -676
830 236 532 -442
134 -854 249 -591
524 533 605 509
-558 -460 -989 509
569 494 -67 5
393 773 -811 927
632 768 -648 -507
-11 -325 346 -968
395 677 364 165
-959 531 222 289
-922 -565 -51 250
895 -912 -535 -371
545 178 -461 -289
95 -28 -31
-68 8 -14
43 30 -20
67 -48 43
22 -26 -13
-7 -59 -45
-88 -60 81
-81 -86 26
-52 83 8
-22 11 81
-39 86 39
63 -15 -70
74 88 65
61 -68 -24
58 87 -18
75 69 68
-48 -49 -70
-10 -96 -91
75 -27 -13
-20 64 84
79 -88 38
-6 17 49
83 -63 -39
53 65 13
-99 69 -27
22 65 -33
-40 -84 49
12 28 -95
7 -11 -60
96 17 27
-51 65 -17
98 -67 18
-3 -29 95
-53 9 51
45 28 -42
62 -93 -57
-33 43 92
14 30 69
-41 17 -69
2 85 -52
95 44 -20
-77 33 19
-14 -100 68
45 -2 82
-95 22 -81
70 35 41
-13 5 14
-21 54 -4
67 62 27
65 81 -21
-31 86 -1
96 51 -64
-58 45 50
89 -53 26
-99 50 25
-26 -90 -51
-88 63 -38
-2 -60 95
40 -2 -34
-90 -36 -27
83 23 -8
47 81 -8
17 30 14
16 -22 0
-18 -54 47
-91 96 -5
3 79 -48
37 -26 8
-67 41 97
-10 -62 -53
66 63 -60
73 -54 28
29 -74 -94
26 66 3
-97 63 43
10 -7 -5
20 93 72
80 65 -73
-81 34 80
-83 69 32
-26 48 32
47 14 -89
10 -32 66
-25 -27 -91
-71 -78 12
11 -98 -36
-2 16 87
-8 -85 -19
91 30 6
-66 48 -26
49 0 -84
-75 23 -85
-9 -100 14
-24 -5 -4
-45 -90 55
96 -3 -12
-6 -79 -95
51 -93 64
-59 52 93
61 68 78
53 57 -69
-87 -100 97
87 45 62
-13 -54 48
-85 75 -97
16 75 -55
-28 -29 -21
-65 -9 42
-2 40 -65
77 62 -39
