92 104
919 66 -288 667
389 38 450 -103
318 863 -134 -276
391 379 448 -920
984 849 -653 538
137 45 -413 640
782 -440 -842 -32
978 875 212 544
516 817 710 584
368 -239 734 99
953 -23 266 0
140 -491 -423 -896
483 -181 54 -337
-213 171 -54 995
-145 537 -996 446
819 -729 -574 720
-491 394 -967 445
-866 -421 -55 -854
-289 775 651 -90
405 -640 269 -63
-381 731 300 15
-188 -926 -521 -722
-926 304 811 -295
58 861 713 -116
-29 186 -24 -923
-86 -2 795 -156
355 -481 -78 -851
406 399 -745 454
-523 202 -921 -541
576 -852 151 -43
650 -553 999 -311
604 129 64 508
-648 -702 -419 -818
-319 -350 -340 -809
718 -80 234 637
-245 -806 -649 -794
-605 461 950 -616
316 752 402 587
764 255 -745 -730
-545 223 -83 670
81 635 -124 -624
-937 124 11 460
-741 -350 -895 496
-922 -659 804 -861
-851 427 -1 -347
89 314 915 -880
931 725 -868 553
-457 -871 188 -573
829 370 -953 94
12 544 964 164
-771 612 12 -378
423 -919 197 -858
-566 -260 813 -682
52 46 968 -130
-992 -707 790 -266
-917 -54 -822 346
333 -462 943 -88
-769 8 -655 -11
921 985 972 -214
734 -149 -876 -325
389 -719 -841 -964
30 823 212 -168
373 -237 956 445
-412 798 -806 22
513 132 807 -892
124 510 -710 -518
-10 -65 -727 956
915 491 207 615
544 -658 495 675
553 -486 -587 502
300 910 -276 722
-59 410 -191 755
-77 -945 595 317
-834 729 433 88
249 530 -462 -700
-807 123 725 460
260 -139 509 -695
-46 -521 -704 210
-709 -130 -567 -395
-529 -927 75 184
-801 -229 300 -922
-693 902 480 117
-185 -621 5 -47
770 -269 -847 -357
-336 -553 258 672
937 97 36 -311
-319 -995 553 304
-155 -198 441 736
-975 -901 -762 327
-318 321 -420 -114
-132 682 204 811
-131 177 452 232
-29 4 -28
-7 -23 -48
31 -87 -51
-11 65 70
79 -78 -28
-22 98 42
-82 49 23
24 -73 -83
-2 40 65
-23 51 -84
-46 -40 26
79 -13 -26
-85 87 99
-30 -62 51
-35 71 7
91 41 -47
95 -4 -7
-54 -92 -55
90 39 95
-10 -19 72
-69 -85 -15
41 24 -11
-56 26 -1
22 25 53
-91 -43 28
-14 -78 86
33 24 -42
-26 58 -59
53 23 56
64 25 44
-87 4 -51
-37 -5 13
29 -27 -17
-25 63 39
16 50 -13
26 38 -24
90 41 -1
69 44 4
-92 30 -55
18 72 -46
-71 -13 26
60 -14 89
-99 65 -41
-84 67 -53
4 -63 -19
-35 -85 29
-12 32 19
-54 -22 -31
-52 -51 12
31 -84 -98
65 0 -59
-38 -71 -43
-13 42 -59
21 -28 90
60 30 5
89 -9 94
-1 -95 80
19 61 82
91 46 -71
-73 80 -69
-63 1 16
-26 50 61
-14 -78 -88
-47 39 43
43 -10 49
33 9 -91
-19 50 90
64 49 -15
41 -32 59
-35 -76 84
58 -81 -73
4 -23 33
73 -45 -26
73 -6 3
-32 33 16
-32 -84 59
49 -51 84
90 63 -85
-29 -17 41
66 27 89
14 33 -48
99 -18 -33
-69 82 81
18 -70 -57
-55 5 -24
-51 -32 -96
-52 -64 -37
-11 56 -83
29 -24 -57
-38 70 74
-19 -24 9
-11 -82 53
30 -65 -1
-96 -79 1
-18 -47 90
-87 -74 85
35 -65 94
17 9 49
-56 -96 -55
-86 96 -49
-20 22 20
33 92 52
-30 15 -36
51 -54 26
