117 688
31 39 13 14
91 -90 -45 26
14 65 72 -4
-86 34 -42 -50
-75 92 -76 1
-28 -1 55 -42
20 9 30 53
-71 -99 53 99
18 -19 -12 -75
31 -37 -20 73
0 -98 -99 63
-81 -97 -3 -1
-29 93 -77 -48
-52 -23 -40 -44
-23 -75 -81 72
-87 -49 58 53
-64 -72 45 -89
11 48 -86 -73
77 69 -93 -84
78 -23 92 50
43 80 37 77
-51 0 -19 -94
-30 92 -72 -77
35 -100 42 -49
89 -54 -35 49
5 40 -44 12
-54 -36 8 -47
66 41 -82 -80
-83 35 -73 -47
-38 -82 5 -51
-75 -69 12 -64
14 -15 71 -71
4 -38 15 5
47 -64 -13 -4
54 -65 -15 -5
97 6 -52 -15
44 35 96 60
-78 55 -91 -40
13 -31 99 -11
45 61 17 -15
2 -5 50 18
-88 -87 -30 -66
-46 35 76 -86
-8 19 66 -53
17 43 -45 -63
-39 68 -38 -95
73 52 14 24
-16 -39 -46 -75
-7 -47 -19 -48
27 55 83 -53
-78 -67 51 -90
-89 39 75 58
-53 -67 79 26
95 50 19 41
-75 -68 -4 -13
16 99 -15 20
-47 69 0 80
-64 -100 68 -84
84 45 -71 20
63 90 52 50
-15 -46 -1 14
-83 -42 24 -29
-30 -44 82 53
-8 37 -67 -87
-41 71 69 99
-74 -25 90 -87
-82 -54 -2 -38
49 -76 0 47
47 -3 -30 88
-72 46 -32 38
-42 -37 -4 25
-46 79 53 -7
-89 56 -11 -91
65 94 37 -57
-95 -62 52 -7
-93 -28 85 92
27 -41 90 83
-7 64 88 -43
71 41 61 93
31 -59 8 -15
-22 -35 87 73
-10 -78 -42 20
-91 -15 72 -89
64 -60 -89 33
-1 13 73 -75
52 18 43 27
-41 54 -29 -45
58 18 39 -75
97 -68 -10 17
28 -32 31 -76
-12 40 -87 -85
-67 60 -73 -24
99 -96 -47 -24
-31 66 -95 -100
-25 -59 16 19
-95 65 36 98
25 -34 -44 -14
-80 -82 48 -48
88 40 -60 -42
53 -3 -8 98
32 -37 97 -62
-71 92 -24 45
-75 -55 -80 33
71 -2 69 17
8 -21 63 44
35 88 64 6
99 -90 -61 -88
-8 -10 33 -43
64 -33 99 -14
-90 68 3 -29
-61 -64 15 81
-50 -82 -52 -55
-78 66 1 -60
39 76 47 -10
-45 -90 77 -62
-33 38 -98 -93
-31 -13 -58 -72
-74 -96 -68
77 3 -30
-20 57 76
9 -32 3
-54 -81 19
-93 -1 -45
-40 58 -27
-89 -73 -63
-91 24 -21
-56 -85 7
64 -15 5
-5 -13 31
-23 23 -31
87 -38 -48
-93 0 44
48 91 0
-17 44 -67
36 -4 55
-57 -92 90
-67 -27 -80
-83 85 -63
-92 -59 -43
8 -60 91
29 24 -25
-87 3 25
-55 65 -14
-28 -4 66
30 -30 47
68 -65 -30
29 -71 -5
-100 -82 63
38 1 -60
-12 -66 -70
-65 68 -57
-22 -46 -27
-28 54 17
2 -86 -27
-89 99 7
-50 -2 26
-15 -92 -99
-11 -82 -85
-42 96 -64
-48 -13 68
-65 63 2
-33 -58 -44
-45 -43 66
-99 -41 -23
54 -63 2
73 -45 -29
39 -25 67
82 7 9
-98 -6 17
83 26 79
-83 63 64
-11 88 20
3 -61 59
-55 -57 62
-82 -16 3
62 67 -90
61 -100 -66
-75 -81 -89
66 67 86
-80 49 1
27 -98 8
22 59 87
-12 -40 -41
25 42 33
-29 -32 -28
-62 75 11
-100 5 0
51 19 -29
66 -20 -43
91 -7 -73
-19 -88 71
84 -32 -44
-3 47 -72
-49 -57 -83
-4 -40 39
35 5 -64
76 -13 14
-43 -47 99
21 11 92
26 28 8
-72 33 59
-81 55 -4
-70 77 90
-55 -27 16
-93 4 20
-62 3 60
-91 97 -27
-92 75 -16
73 -4 76
47 -39 -99
-26 1 -64
-8 -9 -81
-9 84 -26
75 -11 -25
-10 -13 91
-29 25 -94
-97 80 67
23 -75 -90
-92 62 -31
22 54 96
42 98 37
-80 50 -47
-51 -77 -46
-1 -86 38
-33 -9 44
-49 68 -42
72 -74 66
-61 -5 -26
-66 52 55
91 -83 98
97 3 54
-44 10 66
59 -79 61
80 -85 -74
-44 -22 -26
-61 -51 -13
60 -2 41
95 25 -3
52 -42 -38
66 -57 -78
-39 -76 38
-2 -7 73
35 12 -93
5 84 -37
21 67 23
16 6 11
72 65 -62
41 44 10
-13 -79 7
-56 45 91
11 -9 -17
38 -80 76
-23 -86 32
77 26 90
-10 -35 -81
27 -78 37
97 -87 85
-21 -67 96
-50 -97 33
39 -7 35
92 42 59
22 -79 60
19 -73 -55
-62 98 99
7 55 -50
36 90 71
8 60 -73
7 2 -16
-10 -100 31
-24 44 57
-69 76 -26
-85 66 54
25 -84 -34
33 -22 96
-2 -33 -63
-100 25 -33
18 -84 -43
94 -39 -82
91 -9 94
-82 -79 88
51 -70 -36
-68 29 56
-67 -78 -32
-11 40 13
-68 51 82
-88 -97 -76
23 67 -10
84 -21 -17
0 -46 -31
-49 77 -7
84 8 -68
-10 -38 70
-7 -50 -77
74 92 -51
-48 -56 84
72 56 23
72 -27 16
74 -27 96
39 -36 10
52 67 -19
10 22 63
62 -52 61
70 -69 99
-11 -82 2
-3 -73 20
-5 73 41
-66 -51 86
-68 -96 -21
10 21 -95
43 82 33
-24 92 13
0 -24 -2
-99 54 45
95 52 -48
-27 21 50
79 -45 -91
73 -17 98
-18 20 89
52 41 -23
-10 10 98
-15 45 -67
-3 -51 -69
-73 58 84
-80 8 44
-23 16 -58
19 -31 79
80 -3 20
-64 60 -61
-8 -42 61
-68 9 0
-11 41 -93
-29 -67 -89
-33 -87 15
-49 -87 -1
-27 -51 77
58 63 -18
50 24 -12
-77 -63 21
95 -70 86
-68 -97 56
-17 20 5
-14 -26 65
71 7 -92
-90 -2 -67
79 -21 8
78 -46 -24
5 -19 -27
56 -71 -79
76 89 61
27 54 -37
74 -3 -37
-70 -20 -44
-40 62 -7
52 9 26
87 -24 -89
0 82 -28
-95 -5 57
-30 11 0
-44 -30 -72
-11 -79 -66
-19 2 1
84 -3 -65
75 4 -54
92 -33 -91
-39 51 93
64 -24 -100
-71 -2 -30
37 35 66
47 -18 -87
2 91 -69
-95 95 65
59 81 -13
-41 -38 -53
-1 -11 -18
-22 -9 58
-54 69 89
79 -56 -16
26 -97 -99
70 13 -89
41 -96 -36
89 -31 16
80 -33 -69
-26 -42 48
-83 47 -89
25 -44 90
14 -57 -60
34 -36 -55
1 78 -29
15 -97 5
44 49 86
55 49 92
22 98 -49
2 -28 -15
21 -78 34
21 0 20
-28 -38 49
-56 -57 91
64 48 36
-95 -98 -44
-62 -41 -78
-73 3 -66
-39 33 -76
-45 -75 72
-46 -4 -87
74 43 -85
67 6 -86
21 50 -56
14 -39 39
-34 33 -23
24 60 -81
43 68 49
55 26 -26
48 -11 52
63 74 31
-86 -6 -99
43 -94 73
55 -11 92
-56 -23 -91
95 4 85
-15 -88 39
48 0 -14
-65 52 -29
82 30 -58
21 73 -89
-58 -93 -53
70 -61 74
59 13 -8
69 -72 9
81 2 -51
2 83 72
-61 -17 -8
-81 35 97
52 -51 41
-20 34 2
-11 96 87
-4 -53 27
-46 -38 83
-78 33 -56
22 -30 46
34 -34 60
-61 52 -15
87 -55 -40
-74 -32 3
98 49 58
39 66 -88
-42 13 79
3 -20 49
59 92 32
43 -81 -1
63 68 11
14 24 85
-77 10 -62
92 78 84
-24 55 -5
2 -85 -15
62 -79 85
95 85 -2
27 -20 -77
-77 13 -18
-11 60 46
-86 43 89
61 43 25
-93 -81 -35
-23 -37 -53
-96 72 -76
-65 -60 25
-61 31 -3
48 -83 -92
31 -74 80
-51 46 0
18 -61 -78
-23 62 -10
8 -84 36
83 -98 88
-10 -75 -3
37 93 89
40 -36 -1
97 14 -79
-99 49 54
85 -12 -16
-85 -50 59
-39 -42 99
-14 19 79
54 -45 -72
53 84 -65
-85 -92 -67
-80 -71 -87
0 -46 -55
-18 96 76
60 58 -11
58 -57 -48
14 55 -11
-24 5 -26
40 64 97
5 -8 21
-39 75 97
9 26 12
-12 6 48
-99 -68 -12
88 -54 4
48 -2 89
79 34 70
-51 -7 -75
38 21 75
-94 -92 -62
-56 84 13
-58 49 60
90 43 80
-75 -47 -38
35 -43 -83
-72 -73 -34
-56 46 80
29 -64 -56
36 -65 -80
86 -96 -43
10 -40 -37
-40 -35 -52
27 13 -14
-41 -53 -20
-10 44 75
-25 45 -47
-78 8 22
-70 -16 -53
-84 -83 -1
-37 18 -15
-77 98 -42
94 -80 -100
-59 -58 0
74 -22 91
43 3 -67
-69 -100 94
-45 48 38
-93 -89 -31
77 -69 -43
-92 94 -69
-28 5 33
76 95 44
-91 -88 32
82 59 -24
38 -96 35
-18 29 -15
15 -75 14
58 -72 78
48 -49 -90
-43 92 -54
19 71 -33
50 -23 -32
3 -85 -52
4 58 17
-3 -76 -20
-69 -59 -15
24 -19 -67
76 -84 87
-9 46 -40
-9 91 -40
-48 65 -7
58 93 83
-33 -51 32
58 -78 26
59 2 -87
-89 -46 -23
0 20 -30
53 26 31
14 16 93
-32 -86 98
45 -34 20
-49 -46 -55
36 71 -54
58 15 11
-64 -7 75
-83 -28 -93
-43 78 -46
97 -59 -89
14 -33 -42
4 55 -3
80 39 21
-84 75 8
-68 87 -62
-41 95 72
-90 -93 -51
5 29 -78
-94 -15 45
38 -62 81
-13 45 -80
-72 7 75
-77 97 99
-5 -72 -31
76 91 -27
69 30 83
-56 -73 -27
4 79 27
15 14 -17
-75 9 -86
80 -16 62
-30 -50 -35
-91 6 -4
44 91 -47
23 97 -80
77 47 3
32 -39 55
-96 56 -83
20 52 9
-75 22 10
18 12 -30
7 -74 95
-53 34 19
97 77 69
40 9 -29
-59 10 48
-17 -38 51
61 -11 -41
67 38 90
-39 -82 -15
-39 52 -69
-86 38 56
-10 11 9
-83 45 16
-22 -42 -68
49 -67 -25
-13 84 72
7 -43 -45
-15 69 -57
10 -56 61
53 43 -44
-23 -95 -66
-91 -45 -34
-24 -4 86
-35 -48 11
-79 -67 -20
-92 -36 46
23 -13 75
66 99 -10
-67 5 19
66 55 74
3 97 28
-70 50 -74
-1 98 47
-50 52 -21
60 -23 62
-18 80 25
-7 2 -30
-58 30 70
-90 -17 79
-21 2 -27
-93 44 63
85 -95 -42
77 63 66
36 -54 -28
56 -46 -35
-23 68 69
4 -33 -21
-9 -7 16
-46 61 -59
6 46 10
-68 52 -11
46 24 -9
-19 24 -69
35 92 -68
21 59 35
-35 -12 23
20 -57 -100
73 84 36
-85 -81 55
-78 76 -25
4 -39 68
75 -53 -7
-89 -35 78
-100 -12 -10
95 -45 63
37 -100 75
-78 -37 18
11 96 -48
-82 71 39
-42 -55 -50
-61 94 -94
2 -11 -31
-14 84 94
-36 7 28
21 45 -44
24 -67 94
50 -93 -64
-77 -65 9
-58 -6 -98
22 39 73
-26 58 -46
18 -57 33
10 94 -53
7 -95 17
22 86 -38
55 39 -39
-93 -21 1
49 53 3
94 -30 -78
-36 44 -2
-26 26 45
33 -99 50
-1 5 23
24 -29 -12
45 -11 64
63 -84 10
-44 23 -75
-44 19 -16
-21 72 33
-50 -65 18
-53 -26 -65
32 66 45
31 -67 -93
30 78 8
9 42 -39
-39 -21 64
31 -95 -79
23 89 -57
88 98 49
-63 59 2
-20 -82 -83
-20 -37 58
75 -1 68
54 -4 7
-43 -7 -63
-59 93 -81
-29 -81 20
38 19 -60
-41 63 -50
83 -26 29
-74 65 42
17 -42 -93
-37 81 77
29 -97 87
-65 73 -24
99 -100 82
-59 -16 -34
-2 -64 99
-92 26 -67
30 8 1
-13 -61 -26
54 4 -25
47 -21 33
-33 -51 27
-29 -74 35
9 -86 -39
-47 8 73
71 50 95
65 98 74
28 33 -27
-99 -57 -34
12 -37 -68
-61 -79 57
-70 -3 15
-36 -66 80
-31 25 -49
13 64 50
15 14 -79
-13 30 80
-18 76 43
-95 73 -97
-25 33 18
-22 93 15
94 -94 -30
15 -39 13
-96 -80 -42
99 -92 0
-29 54 -35
-57 -86 -71
64 83 -100
67 80 50
-45 84 -56
39 -42 -76
-17 59 7
-93 -82 59
-43 -9 -99
-54 -56 6
14 60 -85
16 -59 42
-46 6 -58
-87 -32 -43
77 15 89
36 -47 53
-86 -63 93
-28 -42 14
37 -1 11
19 -58 -85
19 -92 46
-8 -67 76
-80 -62 33
27 72 -94
20 -85 -7
21 -94 -32
7 -38 13
-71 -37 77
7 -58 34
68 -4 20
-82 91 -80
-2 -42 -14
-85 -46 -98
-50 7 -12
64 54 -54
-53 0 -33
28 59 20
27 -86 -70
-33 53 -78
-56 -48 49
81 -20 -5
61 89 6
36 -8 -81
25 -36 95
