151 597
-65 -21 6 90
23 38 -88 59
-71 -16 15 -72
73 -95 -82 24
71 -64 -45 17
-36 -37 24 1
-77 8 45 93
-72 75 -21 93
-1 41 94 78
24 -80 -46 84
-57 -84 -15 92
-8 -29 -69 -10
93 -25 -40 60
28 88 4 -42
-35 -42 18 -5
-72 -4 -48 75
86 -37 -66 -87
94 -99 -16 -18
-28 -87 -81 -18
74 20 32 -94
-18 -90 -97 23
-40 14 90 -78
-8 30 -5 -30
11 45 -33 72
21 8 -33 -31
94 -89 32 -4
92 -28 -69 -19
39 -5 32 90
-53 25 -25 -63
-45 63 -57 -59
-33 28 -34 -25
-12 22 54 60
82 -72 86 -61
-54 -17 17 -67
80 -75 -56 -98
-18 -80 37 -40
-85 -92 13 -67
-97 20 90 -84
1 54 83 -55
-84 -12 -31 65
70 -35 -57 -98
50 19 -92 -37
-41 -96 2 -98
30 62 -61 63
91 86 54 -66
65 58 -27 12
98 70 -28 -65
-14 53 88 94
29 -94 80 68
-62 99 73 -38
-23 1 -28 -17
-37 -60 90 96
83 -15 -47 -11
-58 1 -66 3
-53 50 86 -99
79 69 -98 31
47 -61 -26 -99
76 27 -40 25
-10 7 -52 14
-86 -30 -94 65
52 -95 -81 -2
-51 -26 -43 97
68 64 -26 59
80 56 -76 7
-95 -51 -39 18
38 -85 -46 -76
-64 66 22 31
-66 -68 -61 -62
-1 -87 -18 -73
-40 61 -9 -28
-21 38 -87 2
-5 68 -38 -73
54 66 -11 61
-74 -69 -3 17
-80 -84 -58 29
50 70 -22 32
8 -68 -25 -47
-88 -51 -38 90
49 36 -26 44
-10 68 -90 30
74 11 29 -99
-99 61 -59 19
-47 -31 -72 51
-24 -95 -89 29
30 53 -95 -94
81 -53 -98 33
-64 -40 25 -88
61 42 -27 98
-23 8 29 -68
-31 12 52 -12
98 -94 -65 34
25 -81 36 -16
-80 21 -55 40
-4 -78 -100 -14
63 56 -64 -98
49 -88 94 75
-89 41 88 2
-2 -50 16 -58
-1 -32 -35 -70
-56 -42 85 -14
13 -86 78 20
-97 -17 12 84
51 -49 -40 -58
19 20 57 -43
-31 68 19 -5
-25 -80 -61 -17
-42 48 -65 1
-6 52 85 -8
-93 21 41 33
2 58 80 59
99 37 5 -21
38 59 -60 -81
-85 -48 16 4
69 -19 35 -51
29 7 -37 -86
18 42 -11 -61
51 74 81 46
12 7 -93 33
95 97 -85 29
-96 -78 36 80
-9 79 -19 -34
-13 -66 13 -1
-90 -54 -30 46
-71 74 -51 89
-94 6 -8 -10
25 -51 48 26
2 34 -51 61
61 87 -75 0
85 56 28 15
-2 -89 40 66
-92 48 -34 -95
-23 -9 -56 -15
90 63 62 40
-83 -64 39 81
-70 33 -40 4
14 41 92 -27
60 98 -84 17
-83 38 81 -78
86 -85 -59 -75
35 -73 -71 -84
33 -21 58 98
61 -59 66 -54
-99 -34 22 -22
10 -71 75 -82
-71 50 39 55
13 -11 86 85
-15 -29 -37 11
-90 -68 -81 -35
66 47 -49 7
98 -39 -93 -49
-40 -36 -12 -3
-18 68 76
71 35 -37
2 -68 -72
-57 3 47
-95 -20 -77
-86 -40 14
-21 94 79
46 -93 -48
-87 -72 5
84 36 16
-38 73 51
-49 -100 -10
28 -88 -12
-36 54 -89
-22 69 4
97 68 -49
-7 89 -60
-96 68 34
-99 -30 7
-33 -63 -82
81 -78 94
-18 39 0
-94 -83 8
18 -45 8
-100 -69 -10
-98 -99 -17
91 -63 19
56 59 -12
-4 91 66
-44 86 -64
84 -86 38
-46 56 -23
-10 62 43
-59 -84 28
-41 -79 29
-83 83 13
1 64 -18
-59 -87 67
94 -11 -7
22 51 36
68 -99 -45
-73 -12 -2
45 53 -7
-13 -9 25
27 81 -2
-59 15 12
83 -75 -73
9 -79 -93
53 2 50
80 -30 -97
-19 84 86
-87 -92 -38
-43 36 -65
-29 33 -80
-55 -40 78
57 64 -30
-65 9 -19
-100 86 -25
-46 95 -24
-86 55 7
15 26 -89
-28 60 61
-51 -6 73
-84 -54 11
32 -99 93
-77 70 -60
34 -53 -71
13 4 -13
83 11 -20
90 -78 32
66 10 94
32 62 -66
-22 -12 -66
11 -25 -8
16 -90 85
1 88 32
-48 -9 52
-5 88 22
59 -34 56
52 -7 -50
-58 24 -16
-37 5 -33
54 18 -54
63 60 -66
47 -77 -78
78 81 51
80 -59 -87
-5 -6 11
-92 -56 86
-63 60 46
-89 -79 -12
60 93 25
-98 -34 -84
99 92 63
22 -70 -38
76 -47 -33
-29 -8 8
-32 80 -24
58 -11 43
-93 80 -16
5 -54 14
-28 -50 83
10 -20 42
85 -6 39
-82 -75 -70
86 -28 -47
12 -83 -74
-63 -1 -60
-56 85 -58
-67 -52 36
-68 -67 39
-1 -27 60
85 -3 -38
49 -22 32
-15 11 -89
66 -86 -54
-86 3 32
-79 94 26
46 -81 -61
-6 88 74
2 -70 10
-2 -31 -16
-21 22 -49
-99 26 80
-23 28 -80
28 32 34
2 -87 -36
41 -5 81
-26 84 71
-32 61 -17
2 -64 -23
26 -58 32
-70 53 58
-74 -90 -69
64 -96 -90
-12 55 23
37 -89 22
60 -92 -89
-45 -9 64
-76 -37 30
-75 -81 -94
23 -90 -91
-49 90 18
81 -27 -74
69 96 -58
-83 55 59
50 86 -62
48 79 88
-90 3 -57
-67 -45 -91
56 6 39
99 -86 -72
28 -11 1
-88 12 29
-37 89 84
-37 -65 45
47 -100 -99
58 92 69
-48 -56 -100
-64 -27 55
61 20 74
-72 -76 48
41 -93 19
-68 51 -74
17 59 -92
-76 -30 -79
-77 -10 -27
-24 -85 58
1 98 92
39 -4 12
62 21 -99
29 87 72
53 -29 -85
-81 -82 -14
-61 71 -76
63 90 19
-28 -44 -64
9 70 -66
-54 81 -31
-65 63 11
99 38 6
-14 -77 38
-83 30 13
95 29 -96
8 40 27
26 1 -25
-10 -92 -24
29 98 -53
-26 -96 -98
54 -52 27
-25 -93 85
-74 -71 -63
87 -47 34
64 -66 44
-43 -7 -15
-77 81 33
14 -15 -26
-26 -44 -76
-82 19 -16
97 -29 91
-81 -41 33
8 27 -2
82 29 -85
81 -38 -68
74 89 16
-19 -72 37
-94 -59 -38
-54 2 62
-21 47 63
-59 85 33
62 -97 -99
47 94 -88
-10 4 92
7 26 -88
7 76 16
13 74 82
-79 -20 8
21 -99 33
31 -28 -60
-100 6 70
-42 21 -22
-69 -89 0
59 -1 -25
2 -93 58
-83 -32 -9
-87 -86 6
39 26 -27
-90 18 -48
-19 74 -21
-81 -44 20
-93 46 89
71 -53 -46
30 57 3
73 41 74
-36 97 57
23 5 52
85 90 92
-65 -7 69
-44 9 37
-66 -19 98
-24 -75 -29
-9 49 38
93 -3 31
59 -36 94
7 0 47
-66 -17 34
-87 -74 -55
13 -6 -21
18 -6 -63
90 64 -13
-85 14 -8
34 -60 44
0 -79 -85
51 79 -96
-37 -42 12
37 -30 -20
53 71 68
-93 90 36
-63 47 -81
-32 -41 61
88 -29 -92
-13 -71 79
-8 -16 -32
-67 61 -78
-23 -35 76
84 76 96
35 -16 -28
-14 26 -81
80 38 89
-22 43 4
17 -89 -35
-47 0 -35
14 35 -92
-44 -6 4
44 -50 91
-27 8 -100
-94 -68 31
67 -25 1
88 -84 -40
1 90 -68
56 72 -32
-59 -51 -42
36 4 51
13 -36 -40
14 -93 -20
-9 -71 -25
-2 33 85
-60 34 -24
-26 -62 79
-74 -73 -94
-9 -5 90
80 39 55
5 -57 -33
7 67 -27
16 40 83
-48 12 37
-16 33 69
17 73 42
37 -62 99
47 54 13
-44 -48 27
85 34 -51
38 29 61
7 52 -91
-81 -55 -60
40 53 -4
-63 -52 -1
56 -12 -73
-70 18 -4
-58 -65 -4
45 65 50
-12 -7 28
-84 -99 -35
-76 21 -42
61 -90 -36
56 -4 43
99 6 -36
6 73 68
-80 7 13
-55 76 2
57 48 80
-38 -12 -5
31 82 77
-35 -91 -65
-15 39 90
26 55 -60
-57 19 73
92 -44 -87
29 -84 -98
-18 27 98
-57 -59 23
-21 -38 -2
7 -49 95
35 -73 42
-36 -84 33
-69 -62 -14
98 -66 -71
-2 -14 -46
-32 -29 40
24 -18 -54
-64 -12 22
-6 -33 -62
85 93 -8
74 -96 28
-5 -53 71
5 -63 46
78 -23 33
67 85 -36
-11 -4 81
80 -13 -56
-53 -48 56
-83 86 33
39 54 45
-71 82 94
-53 70 91
-23 -76 -44
65 14 -49
75 -33 -48
-17 -8 19
99 -35 -41
39 -49 60
-52 16 -97
-48 -50 -44
-72 11 -78
7 56 -63
-67 35 93
50 53 -49
23 -67 39
-76 53 -80
87 37 -26
52 46 34
-74 21 -62
-51 -61 -29
-81 56 17
-88 -46 5
-17 3 76
-85 -18 -46
-60 36 56
-95 -72 40
-78 3 81
82 40 61
-77 -85 36
-63 -65 -75
39 -58 -98
-60 -55 -70
-97 -16 -55
-76 -85 -71
21 83 -90
-65 9 -50
-5 29 35
-18 22 -49
-73 76 -28
-82 -12 20
16 -20 -3
-60 -58 -51
-77 37 69
-8 -34 -19
75 5 -47
38 -67 -64
23 84 9
-78 74 76
-58 53 81
50 39 -78
-17 -83 28
7 95 15
-68 44 -12
-3 12 -95
21 -3 20
21 61 32
55 -50 87
65 -11 -17
-64 -97 -47
86 -82 -38
89 -77 -37
41 -24 -67
-59 37 -68
98 -58 -52
56 -54 -24
-83 13 22
-91 -47 45
-85 -87 -86
-35 -9 -26
-82 -27 -2
-72 -7 -26
81 91 15
-91 -61 -98
48 20 -40
-25 74 -14
-90 84 -86
-33 99 -26
88 70 59
-92 43 -87
99 87 15
-30 -13 -45
-82 52 -72
37 60 -29
-91 -30 57
43 -13 72
-7 -40 -48
79 85 -29
8 69 -94
-91 75 1
43 92 -48
56 16 90
94 35 90
-38 -80 77
1 80 -81
-39 90 -59
-8 56 99
-4 51 34
-89 44 9
-97 -87 -65
62 29 71
-15 25 49
-36 64 16
-33 -81 -34
-21 83 4
33 90 70
-41 -23 -82
-39 -21 39
22 -23 98
0 24 52
-38 93 -56
-98 88 -27
74 37 30
-61 71 -25
0 -65 -100
56 -40 -66
-52 3 -51
-93 99 -91
-88 63 10
-4 -5 68
5 -92 -95
-47 25 54
-44 -7 6
-88 4 -40
-30 30 -21
73 -70 14
54 76 81
-14 34 -32
-66 42 63
87 76 -84
12 96 -42
-22 70 -9
48 -57 76
-65 -17 -79
-28 -10 76
38 -76 57
5 18 -54
85 83 28
-51 -17 -89
-64 -74 -26
25 6 83
47 73 91
-64 -74 -18
82 54 37
-81 -27 82
-62 6 -78
-92 80 34
90 26 39
15 11 -86
21 -53 -40
11 48 -97
65 -98 35
-3 -23 96
83 34 -86
-29 -90 -51
-44 99 -24
2 -98 91
-63 -37 26
47 81 -64
-64 76 -50
-75 -29 32
1 -12 -39
11 -39 -71
-40 -51 47
18 81 37
-40 53 -99
-48 66 -27
-16 -44 -33
-9 64 89
76 20 -93
75 65 18
36 -98 -24
-32 -78 3
10 -28 79
25 42 2
-84 87 -83
-20 -19 -98
-19 -31 -26
-25 6 24
-60 -6 9
-8 -51 -75
-23 68 -1
47 -5 -21
34 -57 -97
-47 18 -43
61 -6 -62
96 63 -83
19 -59 78
93 -2 60
93 8 -54
13 53 -39
14 92 -51
-98 -88 23
-40 -63 30
-26 -40 -85
-94 -69 -10
50 38 66
65 14 -69
90 23 -14
-58 29 -75
74 -56 40
-53 91 75
79 -19 -88
-12 12 -14
69 12 76
50 -81 5
38 -62 -70
71 -42 -5
-30 77 -45
-43 -75 -21
37 -97 49
-19 95 -3
53 -8 -89
-4 -46 -18
-12 -38 35
-64 -39 -30
-39 -66 44
-36 75 -74
60 80 -83
-96 13 52
44 -62 40
29 -75 70
36 88 -60
18 -36 90
-64 -36 -14
56 17 4
30 19 -15
24 -6 14
-35 -46 -4
77 -10 -28
29 -19 -16
-24 -90 47
-1 -89 9
-47 -91 88
93 58 -45
-97 95 99
2 -45 47
-70 -2 -28
59 46 -12
-95 4 87
-43 -81 -24
-2 27 -20
-16 -43 41
-44 18 -91
97 98 68
