163 599
43 -623 64 19
536 -553 825 85
994 -956 -165 -157
-136 -300 -88 -397
604 -298 -358 -406
344 -544 -648 741
-952 -821 346 -75
329 -211 642 175
408 -876 -477 -923
-361 663 714 -7
349 -43 -692 637
-849 -930 -228 741
573 -992 405 -189
-579 -895 -389 867
-245 358 -715 -713
-158 932 630 104
-298 -242 -479 -598
210 529 -379 904
7 -557 572 186
633 124 -631 281
369 -410 -389 -469
-390 948 -762 -513
-928 741 -846 351
470 -266 956 715
-556 -919 -726 544
-399 -90 -847 -692
-674 335 -206 491
-886 963 -260 303
-606 -108 918 796
-887 -562 815 -318
774 567 688 262
-380 2 851 -137
527 771 338 923
347 -151 -911 -367
29 911 -793 -735
457 591 -88 -52
-180 -517 -972 -504
537 352 682 299
-657 -345 -3 -137
467 -368 -514 875
-557 990 662 -359
138 -801 784 -418
7 867 577 291
-661 -897 -725 546
381 576 783 -827
728 347 504 -170
-6 -181 1 327
-707 -184 -128 342
-680 988 249 -82
-271 -429 262 952
136 -662 -394 -444
-285 331 824 -960
846 845 102 -673
-466 567 685 111
923 -234 -845 -11
-321 144 -781 -997
-520 -179 119 -242
-289 -552 -52 716
327 -643 400 399
-590 726 560 561
-83 534 -693 740
-299 340 -421 376
-974 289 -265 763
-642 -622 635 -600
884 -347 160 -859
441 -955 -383 -933
663 735 516 397
290 -767 -666 -705
481 -244 353 -136
-460 579 343 446
-485 103 -792 -165
678 993 176 -114
-457 98 -127 -672
-541 230 -430 374
-653 718 555 -299
-851 -341 -32 692
-651 490 721 -208
650 687 109 -65
-377 -332 466 154
-647 676 -521 -776
837 578 -580 -55
556 192 -581 -616
755 -277 169 720
-263 -375 305 164
658 -927 655 394
199 660 -502 -197
995 -276 248 -232
-46 695 -533 232
95 485 502 131
805 -41 442 -385
-165 -991 -388 185
-422 632 667 -707
969 -150 -468 124
148 -439 -775 506
946 139 525 366
513 -76 -115 332
-76 522 -573 465
-468 -830 -489 216
-779 137 -601 732
395 866 446 -259
191 -803 -773 952
-953 -72 505 -58
746 -798 -83 499
-960 393 -38 -953
612 -601 -49 234
-89 524 -500 -157
624 965 142 497
24 -786 505 -588
481 78 -4 600
791 395 189 933
-871 -854 437 -185
-812 -25 -180 -670
-467 481 889 982
-810 281 348 640
10 394 839 749
821 364 153 454
544 -357 -329 -1000
604 593 -279 913
822 319 233 441
409 -125 -741 37
-906 760 -540 113
432 717 -659 138
-590 71 931 483
-643 -659 243 616
-686 26 45 -990
720 -301 324 -693
900 -772 -606 -160
432 630 886 538
407 40 -458 -899
947 -331 971 -45
828 -201 51 126
-488 942 -227 179
-637 103 334 -971
-918 375 -376 519
772 -772 904 316
-11 347 -752 222
-378 317 -87 51
-398 -42 -776 841
-368 395 -202 -492
-840 69 -706 -909
306 879 717 -705
300 -49 666 607
451 -79 -956 333
-654 307 -292 -568
194 -457 619 -841
561 282 609 21
151 991 319 903
-749 -310 -319 88
-885 872 943 -755
508 220 -39 310
-762 146 -178 533
-463 344 -327 622
-268 -540 -657 897
-459 101 -825 -55
528 650 -653 347
145 0 766 446
527 580 338 -640
-392 75 146 -241
-912 215 -966 715
-257 710 -448 -211
-373 326 -257 488
800 548 36 -470
12 853 299 -407
-57 -91 76
-41 -35 23
52 44 -28
-85 -79 -57
7 31 -32
38 -21 -98
83 -61 -35
95 -7 -76
-86 58 25
10 48 33
87 29 -37
-60 73 -6
-17 33 95
-59 -93 -72
-5 -98 24
66 -88 92
78 -9 -20
98 76 -79
-54 -17 -4
-33 -85 -6
66 -96 -39
-40 -70 78
-26 -89 -81
3 -38 52
-59 8 -2
-10 -78 57
81 75 76
-79 78 -97
92 72 30
-84 -52 -12
12 72 -80
-29 -96 -37
66 -12 -21
47 -77 58
-2 -13 63
-88 -40 26
-49 76 -40
-22 59 75
87 40 70
-58 -99 -29
77 -30 33
50 -33 11
-69 94 34
-24 -54 -91
4 97 94
93 33 95
-57 -55 -63
-36 50 -29
4 16 -17
58 52 -9
16 31 -74
21 61 -34
80 5 -63
-5 -68 57
89 72 76
52 -4 -28
70 -51 -89
-90 98 43
-87 -8 -80
45 47 78
-7 -75 65
-53 -82 -56
87 -2 18
-19 93 -60
68 12 -24
-46 14 -39
-54 -96 -42
95 35 54
62 39 -13
-38 -9 -45
-26 -54 -50
79 -93 -64
37 -96 4
85 -100 59
-13 17 59
75 -15 27
-11 -43 94
-40 -28 84
16 -95 -82
-79 61 97
-82 -32 35
5 -78 -85
-96 84 8
62 93 -44
-40 62 -73
47 97 19
-82 -10 4
85 -56 -20
-15 77 75
-37 -79 29
59 65 -45
-28 55 89
4 -51 -12
-82 1 -12
-39 -84 23
-7 -64 69
75 45 -50
-31 65 -85
99 -99 30
-33 68 70
34 86 48
45 -34 -72
-22 49 93
-23 -35 -84
34 64 -44
-71 84 19
-96 19 -97
-88 11 -54
-15 -65 -68
35 79 66
35 89 -11
-66 3 43
-86 -65 -16
-41 85 -22
78 -90 39
50 -100 -38
-67 -80 -62
-100 88 -77
45 75 -68
81 25 11
-67 -52 20
-86 31 32
-45 -23 -3
15 3 19
-80 -66 56
47 46 26
20 64 24
15 57 60
-5 91 92
57 59 41
-71 76 -9
-89 71 -51
-53 -30 -8
38 -40 40
-39 -20 8
9 -18 -20
2 -16 -25
16 -85 25
-64 -18 50
38 -62 8
-93 49 -28
-70 53 -84
95 56 31
36 27 65
82 -31 2
91 58 -28
-23 -51 -42
-77 -9 -40
-60 -12 -23
-7 49 -6
46 37 93
-68 -19 -43
-86 17 -99
-27 -29 2
85 -41 98
31 -45 -82
10 -39 -23
33 -27 -35
34 -54 -68
-27 98 -100
-98 -61 69
15 -60 -66
-18 70 41
65 -45 -55
9 -48 70
-73 -54 45
-7 -9 32
-95 93 -39
49 9 -59
32 -47 1
-78 -41 23
7 44 -9
-97 87 51
44 -6 92
-29 -92 -97
-76 54 -98
-54 49 -85
-75 84 3
-59 10 74
-31 -43 25
-19 81 33
6 49 23
1 16 -98
70 -5 44
8 26 13
46 -25 -48
91 -7 -3
44 96 -100
-63 -12 -18
21 -88 -27
31 0 89
83 44 -27
-30 -73 -71
-12 75 -72
7 -89 -77
-28 82 -13
-49 23 69
-100 -45 80
-47 -34 -74
93 52 25
20 -41 52
-96 -13 -22
10 -96 81
59 25 49
-89 50 -82
-72 41 12
-38 -61 -37
8 -13 98
44 71 -50
76 -23 50
-87 80 81
44 -72 -13
38 93 84
9 55 -19
77 -26 -83
-34 -28 -92
43 -87 98
-99 29 60
95 34 54
-67 75 -12
-34 33 85
-22 8 11
75 47 -38
91 -41 -29
43 -26 22
-25 83 -41
-38 43 68
-22 61 -81
22 48 -66
-84 91 32
-66 -45 77
94 12 -7
93 41 8
-20 67 47
-7 -74 -100
45 -93 -25
-50 50 -38
6 -32 23
-57 23 1
90 -62 -90
-47 26 6
-91 -16 -22
-46 -15 -56
-17 -38 37
61 -58 6
-43 96 48
-79 -51 78
2 11 -53
-28 92 66
7 71 -81
-34 -51 -68
93 -1 -88
-38 -47 81
-9 87 -16
21 6 25
23 73 -40
-61 -15 90
-82 38 -55
-69 -68 54
-11 56 98
12 -28 71
-69 60 58
58 53 -10
-8 3 88
80 70 16
-90 -68 99
19 46 -35
60 -1 -74
70 66 -40
45 -97 59
9 -29 2
-25 -36 64
-83 -38 83
95 26 -72
-17 -14 -50
-21 -19 96
1 -90 -89
-25 38 43
62 22 -65
-56 56 60
-77 -53 -17
-45 45 32
-87 -60 33
91 -8 93
-65 -26 -79
52 -46 29
48 75 22
53 42 -36
-89 72 -51
50 96 78
56 88 27
69 43 10
97 -31 -97
59 -99 27
7 51 90
-32 28 96
20 68 -11
57 -88 -36
-70 26 44
8 -10 -35
35 -9 37
-83 32 -70
-24 -47 16
-40 13 29
77 -40 -15
34 83 -39
-33 -62 23
69 -77 -18
62 25 58
-28 4 -99
85 -29 -58
41 -59 59
30 12 84
50 -18 -90
-69 51 -32
39 32 95
5 8 -20
19 -4 -21
36 4 42
44 -40 99
-32 93 -1
90 -21 71
99 -77 40
68 -59 26
-58 -6 12
89 -85 -32
16 14 3
92 0 -7
-32 44 -90
-26 -12 67
19 41 -87
-13 -79 12
82 35 -17
81 37 4
53 69 20
13 32 -55
9 3 -23
43 -88 -56
-28 -59 4
18 48 65
33 21 -16
-45 -83 88
-26 -85 -72
-7 5 17
-66 84 -70
-2 75 43
-12 92 -75
-28 -58 -6
-46 -73 50
32 -70 -8
-13 10 73
-4 1 12
-73 19 -32
66 -36 -60
-25 99 -7
95 -10 59
78 -32 -61
30 24 -21
-59 -94 63
57 5 -43
70 -1 -21
-60 -42 54
35 23 -12
-36 -16 65
-59 -47 -51
-15 62 67
15 -9 68
-41 -10 88
-20 -78 -99
-65 73 -79
23 -82 90
-20 -45 53
-97 14 7
-8 24 -83
-12 70 87
54 -100 55
15 -44 76
-40 84 -99
87 -85 -84
33 -41 -81
90 47 -47
72 -12 -81
-35 -24 32
-77 -91 91
-89 -16 -66
60 -29 73
-22 -71 -43
6 1 71
69 -33 -99
47 93 60
49 -78 67
17 47 62
-48 67 -24
56 16 0
13 61 -72
-31 -34 -4
66 75 -30
82 3 85
-72 55 92
96 55 -71
55 -6 58
-34 -80 73
19 7 96
98 -43 -68
27 -17 19
-83 -2 58
-20 11 27
29 30 95
55 -45 -10
81 93 -72
96 -9 21
7 39 28
17 62 44
-53 76 27
7 -76 28
28 -14 -63
-8 89 61
-40 81 91
-36 66 -25
20 -14 -75
-51 70 22
86 4 -100
21 65 63
76 -39 5
-89 -71 17
-62 55 34
31 45 68
-33 21 -31
55 92 -82
-72 99 -68
-16 -37 -20
8 25 -32
88 -51 -20
19 74 67
-42 -58 -29
-47 9 79
-86 -51 -27
-96 85 73
86 -53 -33
0 42 90
66 -16 -50
15 77 -6
-35 -8 51
23 16 84
18 -50 -17
23 32 -69
-45 -21 -26
11 60 -63
79 32 -62
-17 -96 -63
45 -40 -37
5 73 91
-87 10 -73
-34 93 -50
60 -8 6
-19 -27 -91
-57 -8 80
86 -32 96
83 63 59
-48 -68 -59
11 71 41
28 -12 -71
-27 -74 -18
-31 -50 25
-77 15 74
-4 28 7
-13 -33 24
80 -98 86
-14 77 22
-72 51 83
33 -69 79
-85 -43 43
41 -46 -83
59 -29 86
-50 -32 83
-34 -84 -41
59 -91 10
-57 87 -58
-62 -54 -13
8 74 54
73 80 -75
-39 -93 67
-91 37 -14
10 20 5
15 88 7
-98 46 14
-58 -39 -94
-66 -86 24
-53 -58 90
75 -65 5
-13 99 31
-77 -91 -14
35 -39 -15
7 -9 24
-36 -39 68
28 48 76
69 34 15
-25 -15 -69
63 -36 -1
-87 -15 -88
-50 42 73
-23 69 -75
38 -17 -26
-87 -53 -82
-96 -48 15
80 65 -36
-82 -56 36
-69 -85 37
60 27 37
-13 -94 61
-86 -2 -33
85 -48 -11
22 12 -69
60 -23 -5
32 38 -17
-46 -59 0
-38 -77 40
89 51 -74
59 -56 91
-1 31 -2
-84 24 -69
26 -25 -78
-42 -45 4
98 -14 18
91 33 73
-88 44 -6
-4 42 -40
8 20 61
69 64 67
-48 92 24
38 -64 -30
1 -66 -86
63 38 29
25 99 -9
-91 16 -6
13 1 67
-28 -80 -20
-21 20 -47
-79 -11 -77
-13 -29 -22
19 -13 -97
8 -43 26
43 49 -71
92 -18 43
-86 1 -85
66 -41 -73
46 44 -62
-39 19 -20
74 -28 -94
-9 74 -68
34 90 -94
-23 -79 57
73 50 41
-89 -71 -97
-96 23 92
-36 -94 -16
79 -61 -16
-64 -20 26
25 -82 -87
-41 24 -86
14 24 -1
34 89 -53
61 -17 -38
89 -76 -80
83 -34 -74
-75 -44 98
72 -24 82
83 8 20
49 -94 -68
-22 -20 -98
-91 75 1
82 -50 78
52 34 12
23 37 26
14 -16 -88
23 54 -4
-98 -95 51
-24 54 56
-24 -84 43
30 -29 50
-63 30 -56
-26 43 -70
77 -49 66
61 -3 34
-9 -89 -54
20 -43 73
-11 55 -48
61 83 -80
83 -28 -70
64 -42 49
19 -93 13
56 16 -39
-15 -22 -67
-66 -100 17
84 -2 -16
-82 -40 -46
73 51 -16
52 -56 -45
56 0 -59
