114 678
582 96 -157 572
-171 -952 -678 -486
200 371 -354 128
-83 793 -424 -327
-30 -878 614 -673
113 -654 -825 -250
838 -642 645 350
-43 -884 -136 482
951 -114 116 991
-299 290 -784 166
-361 739 -83 -909
735 200 -463 390
-413 699 -414 -775
260 -232 -306 -45
-782 -768 722 107
-382 384 -260 741
784 32 732 -122
500 910 -135 152
58 280 752 -618
154 -166 30 -224
842 -98 723 41
382 -638 819 767
726 917 57 514
850 772 -976 -131
8 7 -821 992
52 -517 873 337
-8 239 -783 481
181 -545 319 132
-320 449 -805 328
899 139 189 -763
-856 -182 -217 433
588 -188 666 284
235 132 662 -438
-668 -770 554 331
-542 -124 -280 -739
-878 -785 -99 -768
999 834 727 486
29 292 -22 975
-336 914 -375 -621
737 448 258 -565
337 -333 454 815
912 784 -362 -363
272 -1000 -866 692
893 751 592 594
-262 408 -136 -489
658 -940 264 773
334 172 -869 946
334 317 772 -14
131 57 441 329
-231 -500 604 699
-467 613 159 812
-109 645 268 -9
-381 981 -433 -628
400 -189 242 642
40 -522 914 -140
97 -454 -329 143
196 688 797 -985
847 -732 986 296
-401 423 477 -677
482 458 2 -284
123 -933 -942 737
669 872 -620 727
-25 357 724 -62
665 -968 -167 -151
-571 -499 338 -753
-798 -266 -272 154
-62 834 971 459
147 -363 583 232
-254 -414 625 -920
447 -184 -496 157
-731 -195 66 -478
-953 791 51 -349
-504 -933 532 -832
-592 -884 -446 813
-769 -665 -493 -771
-305 505 -680 157
-24 -888 278 394
-299 340 400 688
96 716 952 941
-447 -388 262 -390
243 -340 523 -51
-420 797 875 436
-711 328 886 -571
-936 -238 932 633
-71 587 648 596
911 -513 995 -573
135 -66 209 933
938 833 365 -51
486 330 -575 -890
-254 501 510 -818
248 682 298 -479
824 -43 -669 545
699 -666 -956 660
930 850 -290 379
478 595 726 -320
-538 385 860 32
765 -85 938 964
-113 -993 -960 -144
-398 172 747 976
364 -600 -298 62
-448 -220 -423 670
-461 -482 821 302
2 197 721 300
815 79 -630 -512
354 -584 -390 973
-532 -540 -853 -30
-671 781 -715 455
-697 -965 -283 888
-946 647 -279 -225
322 -251 -313 652
-218 -679 480 177
519 -167 -405 -713
800 105 683 985
-258 161 -874 542
494 6 -993
363 -985 -190
-760 -754 227
-440 -724 91
-229 17 174
-444 72 807
-314 -366 -859
308 -230 545
-465 -671 761
786 -57 -741
-512 -509 -357
-456 933 -777
324 960 -778
-299 22 179
500 -828 -172
341 800 -308
-489 -312 -588
-43 64 -241
-897 -869 -991
528 617 -832
-492 -594 -299
-544 0 639
-505 -210 802
820 -12 749
-70 779 -400
223 -235 96
-414 -293 -152
479 -838 130
-12 450 171
-179 -1 -844
891 -836 -691
5 -761 345
587 -235 673
40 -490 278
943 13 -858
-507 66 739
18 -256 761
762 51 -526
577 950 886
586 -406 535
638 497 598
-755 -425 616
61 777 -124
-27 -334 -138
359 49 -853
-474 381 231
246 734 345
-304 -626 701
-978 145 917
-852 877 -825
-285 172 -909
950 355 -188
-195 634 806
111 -660 -472
-562 172 725
-910 522 -318
-693 -862 589
70 -535 -124
7 -717 701
367 -539 -676
581 599 -511
646 -568 612
388 251 432
-705 -435 -782
-128 751 -726
620 444 -70
-833 -837 22
288 -327 -912
104 -577 913
-375 538 -854
561 -733 -765
-480 300 -792
-429 741 -985
704 -516 -81
-702 -35 317
-702 -531 393
-627 -140 935
-521 285 608
54 964 214
26 719 655
97 599 951
536 226 -782
-691 -996 436
-320 227 72
960 567 823
-205 717 -646
252 430 -249
-126 188 -918
257 -99 476
-323 451 -8
-871 -58 -334
-531 736 339
-944 -747 96
-961 -277 -202
-798 380 761
486 -475 136
-746 -531 -996
475 -747 270
-664 744 -892
-150 -157 884
-422 -77 637
322 135 -885
887 -346 -230
845 -996 -940
-294 826 -150
-883 -177 -320
843 -955 -873
691 -573 -247
-729 -681 720
-633 277 133
873 565 -920
-329 -7 361
-354 292 944
-332 -255 -588
-263 873 465
-976 760 -981
-284 -732 539
-819 975 -292
135 -673 -192
-754 843 -962
411 -93 -150
-293 439 -305
934 -636 916
-294 -100 -599
-74 -944 -40
-499 749 160
-848 409 851
676 915 162
759 -674 320
528 -340 576
-839 -265 275
632 352 -652
-303 796 -364
461 755 -368
-584 -126 -557
-679 -787 -236
-186 183 -698
789 -637 -955
-877 -782 661
457 283 752
-459 520 183
-856 434 -919
242 144 -252
655 -522 0
747 -931 587
272 -389 233
154 594 -249
-315 866 30
450 -26 414
206 762 -875
505 -725 457
-542 355 931
-282 866 295
-15 501 181
426 -524 -882
152 -447 -91
18 -82 -237
-473 824 730
-212 333 -290
-1 -859 601
669 240 -510
834 115 -224
34 -166 974
-643 595 428
-281 163 113
-819 -205 -98
-511 -438 960
654 498 436
343 311 -78
2 26 -525
336 918 -492
-95 738 -934
877 -457 -72
708 107 626
-330 135 -197
67 729 189
731 -122 -358
-956 -807 -291
241 -89 -90
276 -190 980
685 -986 300
-699 915 -743
-945 -523 -408
11 -23 -950
204 -362 346
754 -327 -234
-848 771 -643
887 575 -969
-780 -434 385
-655 63 -860
-24 -503 402
905 -763 538
946 -607 -569
-422 460 36
884 986 -593
232 -320 135
-287 976 -990
19 82 -751
-238 322 247
-582 -606 978
594 67 246
-21 -665 -367
-901 50 -870
-88 -169 -859
594 -636 215
-177 238 966
385 -299 -91
-842 -525 -520
537 -991 -111
-828 -740 151
930 -909 -469
223 -89 -620
704 204 883
-174 -322 -716
707 -676 446
-987 301 -156
261 -655 615
-215 -284 196
-444 124 384
982 -181 -710
75 -405 -428
-512 -908 -605
577 -528 -516
-51 -272 880
-5 611 -85
632 0 662
158 -975 -435
7 -156 139
-787 -672 827
-625 -778 -269
-77 930 781
-957 -961 517
-107 754 -298
450 137 302
300 40 422
-158 -310 -485
-839 -436 -364
-101 -352 -88
57 693 -222
342 -119 -97
-129 -603 64
494 283 323
814 -163 -918
541 -454 663
360 200 60
-286 -718 -821
744 931 497
698 443 -542
-552 -142 -783
336 369 -271
234 413 751
-462 -869 -989
481 -881 -843
300 934 -910
-695 964 -483
-736 -564 519
-193 982 156
115 -117 2
-292 53 -685
-884 -878 815
929 -320 -504
-265 268 -586
183 926 -599
-601 -256 114
-52 -234 561
958 -189 -731
702 -392 135
-680 -475 -114
-811 917 -230
-63 -439 -456
844 633 757
-236 -648 -895
-667 -764 -566
994 460 -469
-255 -351 846
-939 342 137
23 -442 -364
-378 384 473
797 380 -723
-353 343 -101
-673 -63 -652
775 465 240
703 -48 -945
-940 258 -504
182 668 606
823 18 -575
-459 -639 170
-518 740 895
822 956 51
-783 897 -862
932 -60 -345
-206 822 -945
860 740 619
-397 856 62
-442 -336 -813
-819 175 -188
-961 -81 -949
133 -9 13
-931 611 -948
957 -469 -114
-899 -308 -371
455 -92 -221
630 5 534
-107 -806 -738
264 -962 988
714 -826 275
560 650 -236
-807 -666 -788
826 206 936
-648 -954 515
980 267 234
-122 998 -668
736 749 167
191 293 -791
-408 284 -639
-65 730 -192
-432 50 -548
898 341 767
821 -63 267
529 679 -475
432 134 -272
-467 -830 69
113 -2 -517
723 -90 581
-128 264 640
-860 568 -896
183 594 -363
314 -417 818
172 541 451
227 145 113
751 515 -122
-556 858 509
-423 653 853
-393 -672 -48
-539 970 954
-474 926 744
-573 -332 574
364 -230 879
980 -364 479
-13 -718 -260
546 -733 -460
405 -382 -583
-11 607 -929
371 161 -522
983 -502 362
336 200 -739
-730 477 -837
-980 -731 458
714 -541 -844
267 382 -21
818 519 -494
-977 -705 90
-59 914 -263
-879 79 950
-813 856 -644
126 -365 -861
176 648 296
636 853 895
937 47 -958
638 -798 -953
-664 -284 34
905 537 -650
975 506 -864
-329 434 351
-362 -228 312
153 347 331
-108 -934 -370
824 -685 200
12 112 89
179 -727 626
-4 -955 -659
371 919 564
-190 -879 -328
607 568 -306
36 -674 -663
-901 855 895
-249 120 491
394 -38 -625
-499 -613 -632
788 -709 -366
-400 177 267
-434 -953 144
732 -53 140
-84 108 -803
-243 -533 -916
918 -623 37
-797 41 -918
-245 -380 307
164 -689 658
-47 -573 744
391 661 -744
86 766 -321
-814 -1 -267
270 172 12
-584 -306 -748
827 -187 -812
290 846 -749
326 424 -426
88 -917 189
-435 -247 251
-699 428 52
-284 -341 -904
-426 329 741
-835 -118 472
48 256 -846
-683 -887 33
-220 405 -940
-658 -540 825
-169 403 270
-846 -522 -942
619 -869 -902
-861 803 -62
941 -951 269
320 -968 -605
-166 -669 188
-203 975 -559
722 15 534
-658 505 -23
801 36 -245
514 -363 918
-529 -681 -699
555 -592 -115
131 -61 -620
867 288 597
-531 -10 -285
-495 76 198
230 814 559
-540 -394 -41
-603 7 -506
997 893 289
-267 -635 734
-458 518 457
359 -520 -877
62 -105 404
-756 -348 849
865 361 -345
-199 -169 -511
-978 935 -694
-59 -250 507
-907 -574 249
-299 -863 174
-618 -398 -779
-246 -344 250
-251 -429 -68
798 -219 446
-82 645 773
-163 352 -567
587 339 184
566 -270 375
369 -744 22
547 -829 -905
-720 -153 728
478 915 -893
59 -284 -594
876 825 -728
-270 193 636
-664 289 613
-605 689 740
-788 438 -851
-825 616 -35
946 592 726
643 225 226
231 -572 -544
264 -93 667
555 684 945
-393 -806 853
748 857 -702
531 -92 876
-204 932 -969
-891 674 -103
-4 -211 -13
27 640 -445
-77 -457 -68
-219 -263 -177
-958 -764 -438
-587 -366 413
-370 330 -422
102 871 -949
353 467 853
105 -419 -88
270 -68 -732
-814 -150 946
-802 -520 -134
-552 416 106
205 481 -717
970 -8 124
992 752 -647
320 148 295
-805 378 455
-263 977 935
-158 573 509
845 512 -891
356 783 -934
-118 -252 -790
-108 111 -903
412 -563 402
-518 -45 480
164 886 -762
-677 967 939
777 -121 385
-742 567 339
-639 445 51
-517 -356 983
-55 457 -909
-34 30 -75
-162 -736 -27
-647 -972 484
449 357 348
514 447 -950
98 271 -43
-366 979 -201
-395 -547 -174
183 90 215
-939 -928 -235
255 234 -338
772 -305 -671
397 -767 -904
-556 -517 -684
-665 -236 -346
414 -684 -623
-652 -508 237
97 -150 875
264 554 618
168 858 -64
-357 794 589
645 110 -777
-461 338 485
-512 -3 -603
-380 -930 880
429 432 -943
-292 -510 221
954 -467 171
-235 498 -425
736 898 917
-601 741 623
307 658 746
-376 642 -837
864 420 -152
190 -101 111
464 -236 -536
290 -240 754
747 58 39
981 -12 -147
647 -681 538
-763 990 619
518 -351 -797
390 779 -891
666 -671 533
-35 -310 -675
478 461 748
856 -779 -998
-795 260 795
468 336 -966
154 873 -471
-777 -119 -498
234 -398 -124
393 -425 985
-972 338 978
-70 -998 656
644 -123 -154
-329 405 327
-573 -51 -140
516 104 -274
-87 -712 486
-962 -386 570
-397 160 -738
555 -819 380
-510 38 -488
345 -610 875
626 408 628
544 -807 629
332 175 603
606 -72 342
812 -841 -548
989 738 -531
60 524 754
764 441 807
-146 724 571
596 -899 -538
-138 -27 -624
21 -260 -912
-131 -308 399
645 27 -64
-97 -196 -618
-369 981 -960
765 -86 -99
642 895 411
-258 -464 -406
-772 -426 -93
380 439 150
-626 115 971
164 -384 374
-993 797 616
251 6 -314
-815 108 -928
-327 74 -424
336 -734 -81
769 -523 955
-802 339 505
-436 320 -75
724 842 102
-245 140 191
881 515 -745
-763 -416 375
-201 891 -797
289 -419 70
-358 592 -575
-703 843 601
419 917 555
-758 -897 -898
-7 180 545
-978 -634 706
147 -605 -661
-516 -83 -294
-253 813 -56
-405 195 217
-486 -773 339
-214 -712 -133
-980 171 -968
-121 606 335
-663 302 522
-504 811 178
818 -749 -86
-395 374 -841
-29 918 -569
259 -633 -109
-139 -192 491
-415 107 456
-557 366 257
646 -607 286
-648 -191 162
767 -962 18
413 995 -235
427 -501 635
11 126 621
793 -127 -375
-182 -24 -600
-958 900 -990
422 -595 -767
-379 -957 -129
-427 -939 -2
-306 -274 -660
511 -896 -696
182 9 976
-39 164 474
873 176 463
405 108 764
827 -223 993
-849 202 948
-937 645 611
62 -589 -829
701 587 -722
689 -388 171
-76 -301 -689
363 -479 -682
544 -102 492
-378 103 -379
203 -390 -137
268 -583 -460
-429 -140 654
591 -571 -994
433 -475 919
648 -127 806
673 745 750
-74 -170 953
-638 394 57
118 92 396
-627 -675 610
-451 950 -988
761 853 -41
-940 -636 295
-767 985 -18
-209 690 506
39 -89 -865
-337 53 219
-178 421 -499
-965 -676 -874
-36 902 44
