159 425
55 -862 -515 601
641 -818 523 164
647 222 11 -814
93 601 -309 333
160 926 881 440
-468 629 257 283
-838 -714 -149 41
46 -872 -958 39
746 -501 -840 -177
-408 968 -628 9
512 246 204 -691
-696 198 858 -967
-994 -990 633 456
267 997 -48 -326
125 -799 -346 212
-74 90 -655 67
452 9 -608 170
-190 -998 -345 2
-448 390 -720 -291
-345 800 319 762
715 -160 -154 964
156 -882 -592 -115
204 544 102 316
573 678 886 184
-412 603 183 -210
42 -675 994 821
-606 -427 -814 -362
346 -988 -485 -765
477 547 912 11
714 950 827 -980
-432 653 428 424
-174 -858 -573 -16
-411 -613 -736 608
-762 -702 -886 -942
87 -598 -820 -730
-721 -932 -146 451
-205 -913 655 228
835 812 688 756
-581 -872 -665 201
250 611 796 666
-498 861 144 -926
632 547 -337 -48
-200 -595 -667 -54
531 728 467 -725
-667 -940 613 -23
-802 525 -727 436
625 652 276 -489
144 -686 81 238
320 -899 -919 895
-322 811 238 476
241 -682 415 -268
614 676 -588 0
150 -291 870 -964
596 3 -707 -877
-391 52 779 -932
-93 -277 -220 798
929 -993 -562 7
-165 894 -722 707
466 950 488 -975
235 -695 657 -532
-861 -106 445 746
582 -35 200 933
-905 -683 -536 -468
52 433 687 -478
42 -448 820 -561
768 -851 865 239
68 -102 545 690
284 -459 832 -77
916 843 579 915
474 -937 -125 576
-754 199 749 70
-838 -35 -585 -957
-468 -145 137 -177
-138 92 -738 546
-942 828 -351 -348
-775 -114 -459 91
223 -816 -402 -943
653 -377 2 962
884 306 -793 676
128 389 -475 341
774 -799 -886 -660
-260 456 -651 -811
813 -984 723 220
225 416 573 -765
-111 599 342 -233
-763 898 636 -13
307 101 -821 512
-810 157 -2 -415
238 46 440 618
-871 -591 454 264
-749 394 -816 -189
246 -248 -928 183
-510 -132 737 -20
278 690 630 -454
118 58 518 314
-235 191 491 -948
611 925 888 910
300 -32 763 271
-190 -329 177 564
252 -205 123 -512
-286 -794 367 14
478 483 100 761
-932 842 432 -529
-649 719 666 -917
-908 88 628 580
958 413 -753 -171
-232 708 525 361
321 -351 897 211
239 196 878 -918
51 -402 -280 128
151 189 669 -949
-906 327 643 875
-263 -453 662 713
819 197 186 -754
-53 872 -551 -453
101 -119 -366 -110
193 852 464 0
-369 909 -650 -981
852 828 -257 6
-387 -779 946 -871
-404 -886 346 -690
439 -421 -782 -52
923 -841 -863 159
-779 -293 -995 -440
-496 541 -727 910
-599 34 957 394
549 340 882 -585
-543 -708 -517 844
848 416 -811 -351
-79 157 393 486
274 966 -83 -283
-672 805 840 -195
-97 793 406 310
271 706 495 -171
-361 -406 -87 747
-943 559 -434 -250
381 -311 -328 860
125 -133 -48 572
768 678 -499 -119
474 -384 875 134
448 -523 594 686
982 919 -894 852
-342 -185 154 653
859 198 -217 433
-654 675 -369 -156
644 -309 430 -545
801 93 617 854
614 28 -386 211
-306 -965 743 436
-899 -549 -370 959
856 975 -496 31
939 637 523 -476
679 508 -392 -621
719 327 216 -194
-634 -572 923 -714
753 -694 82 -682
860 917 901 -100
847 793 594 -62
-774 -985 -415 -856
881 909 898
576 858 895
632 840 847
583 509 746
854 553 814
651 568 518
780 820 927
922 738 652
917 688 970
773 944 927
795 518 808
989 843 930
817 884 866
532 881 731
660 797 946
736 501 566
792 621 956
965 812 581
763 700 647
749 672 754
901 876 551
677 634 785
648 615 535
771 794 518
964 781 583
548 529 752
961 870 545
586 838 977
743 980 965
881 903 646
927 606 505
556 989 590
529 740 607
785 676 997
728 840 989
976 848 892
983 550 906
779 739 876
961 791 692
904 775 688
935 927 641
627 902 701
729 898 547
660 611 517
812 752 860
532 786 773
870 576 609
775 714 678
585 711 594
725 829 550
534 914 831
773 816 801
823 840 570
588 774 900
617 996 655
706 812 979
985 701 576
767 914 539
776 632 726
859 679 785
800 845 830
579 753 965
728 835 919
702 669 946
696 962 681
591 851 585
872 977 956
559 696 875
711 792 967
547 905 705
519 516 800
791 656 842
565 624 567
966 614 648
879 845 703
890 741 954
800 632 933
877 750 531
581 623 861
618 882 559
816 505 777
773 528 872
528 973 915
834 760 624
640 512 794
820 872 578
570 627 836
517 704 799
534 618 509
765 587 750
684 617 763
763 650 918
581 896 841
818 788 948
586 685 731
749 504 782
818 775 901
663 992 722
798 792 956
891 574 751
672 825 764
702 834 905
873 897 502
681 657 655
813 821 558
958 599 798
923 837 949
508 766 587
941 624 908
751 800 703
831 628 540
839 862 940
634 838 506
594 656 751
878 659 585
726 578 780
616 651 676
707 664 514
561 896 770
674 622 572
569 999 850
697 593 988
913 859 908
658 874 786
519 773 598
509 515 636
835 607 976
864 907 877
740 980 956
941 711 785
805 802 925
538 542 897
563 779 710
973 566 689
621 551 608
830 956 962
755 799 864
845 944 826
925 843 535
788 811 733
958 752 950
584 895 633
889 826 980
978 701 597
954 519 528
605 723 580
594 679 532
897 814 675
689 801 902
588 564 905
781 672 510
586 535 744
502 548 999
740 810 899
950 629 953
964 896 577
602 741 511
707 529 570
992 853 872
532 573 984
909 819 767
505 806 838
567 758 709
972 654 564
755 988 555
692 709 617
879 657 812
660 644 910
749 932 551
620 954 533
632 911 602
780 861 994
954 711 616
645 673 780
746 812 502
697 789 607
729 683 786
761 785 887
745 792 592
596 964 649
940 714 906
517 834 779
930 924 550
599 776 858
974 898 703
903 709 767
949 729 804
897 720 799
899 668 799
650 753 641
742 699 643
999 668 956
817 930 574
557 977 993
929 960 713
536 595 583
861 518 897
665 797 907
839 844 747
927 947 873
954 707 704
651 569 644
764 878 742
958 672 606
704 792 834
678 667 557
795 812 564
746 508 511
971 838 604
542 937 572
533 945 649
568 556 810
535 524 808
559 530 775
520 563 910
540 959 975
515 718 886
912 796 818
682 968 735
879 964 801
502 518 967
696 927 610
948 579 999
545 965 610
848 680 995
840 974 905
876 767 833
972 715 635
718 616 554
981 506 986
693 653 581
930 716 567
753 649 810
810 979 528
737 935 577
882 661 783
777 704 584
725 572 981
829 547 633
733 863 845
834 806 705
764 960 779
506 604 762
812 614 829
974 944 544
651 641 864
631 596 744
617 782 804
746 978 532
974 626 675
670 797 642
777 966 552
775 601 814
845 753 907
510 813 592
591 606 622
570 891 910
751 799 545
607 970 543
878 516 544
773 510 778
933 910 861
729 892 837
946 732 540
849 814 877
567 972 622
958 764 620
622 736 925
663 822 860
863 897 938
694 845 833
755 847 955
944 517 926
649 862 805
589 903 683
651 760 583
566 954 717
795 872 845
974 556 519
531 906 797
767 693 782
526 834 652
623 912 967
684 563 739
705 623 761
551 648 870
733 615 929
549 506 795
682 809 978
880 571 797
775 900 715
880 993 838
954 617 766
781 529 883
875 991 843
556 821 534
758 596 581
963 891 652
914 824 968
789 658 529
545 698 728
863 660 526
908 569 666
502 538 840
970 985 548
577 595 709
672 595 994
555 839 658
627 600 545
783 549 524
843 759 643
547 668 791
812 699 786
826 837 866
834 530 838
973 546 624
758 946 834
695 628 864
531 979 628
954 719 709
806 941 644
542 538 813
525 874 900
774 632 568
881 979 858
621 703 679
922 765 583
637 849 837
874 864 716
814 937 785
757 884 634
991 505 871
699 531 610
956 916 948
810 702 555
681 939 787
861 938 808
957 847 531
783 860 842
934 788 923
744 700 502
627 807 508
964 952 817
742 847 877
855 509 722
743 810 535
793 855 884
680 996 643
528 503 796
751 888 832
569 878 679
637 650 840
503 576 790
909 805 540
760 567 804
835 922 930
861 909 613
753 541 535
648 796 969
604 506 823
649 655 954
609 897 713
619 617 901
700 839 805
700 949 861
905 931 617
723 663 884
946 758 513
981 951 856
596 763 708
542 685 913
531 792 687
941 891 521
570 975 928
709 602 941
590 655 870
568 835 808
667 739 523
704 773 525
994 976 941
921 871 902
606 876 716
527 811 844
890 946 836
953 774 820
729 647 823
892 739 969
687 636 920
704 752 589
786 754 968
511 961 984
669 885 651
519 780 688
697 561 544
841 765 955
544 613 602
767 683 639
605 531 936
627 909 749
575 516 877
787 528 635
792 783 736
724 616 785
847 675 646
680 869 889
671 589 665
515 820 524
679 905 960
792 992 670
686 733 914
819 953 544
587 691 630
796 954 561
875 631 804
860 753 848
589 661 835
548 714 554
982 576 955
865 670 727
741 602 986
757 889 970
779 652 738
516 798 739
915 972 820
836 749 974
