151 224
4117 -2074 702 -8226
-2473 3893 848 -2158
2996 -8851 -2979 -3417
-8643 5018 -1505 -2057
8638 -2813 -2712 8647
7556 -3129 -5421 -767
505 -7003 -3941 -6405
4986 -3680 -4008 7508
6459 -7846 5093 -6301
1617 6756 -5688 -4865
5240 877 8763 -6957
9302 4243 -5173 9116
-5084 4954 1573 -4298
8933 -9735 4589 9345
9075 8608 1740 4928
5442 111 -178 -9857
5099 -5154 4328 -529
-4123 9630 7912 9974
2730 3307 2134 9194
7014 8058 -2792 4853
-3480 -9373 4476 7293
-2373 873 2061 9855
2208 2831 -1533 -1735
-292 -4548 -1541 8147
8968 -6733 4201 -4788
7321 6021 7483 -8854
9259 960 4983 -7501
-4796 -8128 -1192 -3666
-9111 1065 -9016 356
-5778 9485 -7787 9434
2183 -9714 -9090 7746
338 -720 -1724 -6429
5205 -8224 9375 9325
2484 4784 6190 3839
-7279 -9722 -3455 -985
7154 -7342 5579 8932
5873 -4808 746 -7373
7376 -5177 464 -2829
-6680 -7902 1943 7280
-4347 5462 4747 1618
8304 513 2837 9992
-4529 -5890 -4874 -9728
8076 4325 -6528 -7441
9302 -6993 2238 4893
-7978 78 1152 -2386
-3566 -5387 6875 -9347
5208 -5956 -3504 4574
8199 8673 -6314 -2581
1426 8550 4184 -6996
-7676 -9051 5400 -2874
3506 8521 6570 4583
-8547 -7205 2190 -453
-4600 -3366 3291 4944
5887 7428 5356 -9660
-9059 7321 6147 7542
-9782 8086 8989 -557
-5159 -5477 -8332 -3167
-4287 3095 -6451 3256
-5788 -8069 9380 8484
6296 8373 7579 -5732
-115 -5444 5367 -9200
-6127 -4445 4025 -5803
-652 -3730 5123 4732
2386 -7177 -2625 8573
609 -2661 6576 2433
5635 -2183 -3827 2277
-3355 -7043 8486 4125
-5805 -9026 -3263 -5511
2918 6725 3377 8591
6135 8322 9991 -7556
7455 -52 4848 8911
7626 -8939 2480 -8008
-1994 1909 -5195 3543
-867 -5414 6422 -3136
2753 3410 2171 3131
7286 9382 5071 -7983
-8282 6534 -2664 -7894
7934 2419 4864 4269
6769 7655 6971 -2294
-884 342 6908 7418
-2350 4568 -1659 -5053
5651 4453 5139 3766
-6273 6852 2560 9036
-4821 -1359 1362 -6339
2099 -6775 7342 -8636
7479 805 -4244 881
-4724 -5134 -1738 8819
-6145 6367 -8028 -102
-4305 2338 -4477 5239
-5369 -1196 -4955 2617
6215 8279 -9035 9555
187 -665 2137 1755
-6990 -3478 -5932 -2701
1135 3851 -7794 -5024
-7881 6448 3011 -4562
-5836 -2421 -7684 2791
4126 -7958 -6387 9529
-2599 -4468 573 5732
-7266 -5361 3651 -8431
-2955 -2915 -8670 8934
9568 -3917 -7422 -9189
-5080 -5824 6580 -9281
4829 1912 1513 4466
-2995 -1851 -7875 9698
-4724 -1610 9058 -4317
-5513 -6506 9468 -3382
-3532 6354 6798 2212
-5830 9927 -3927 -8897
-7535 -3604 -13 6748
7613 -9163 9191 -5348
2311 -6568 -6582 4043
-5610 -3307 -354 591
-8812 -7509 -9000 5926
-9453 1077 2670 5871
-5485 4545 -624 7792
-7641 8548 -9661 4481
-433 -9630 -5919 -2300
1624 -6486 -1058 -5995
9050 -3409 4309 3151
-8782 -2158 -8496 9911
8385 -7375 -9138 2132
-4934 8709 8157 4360
7682 -8256 -3069 2989
-5784 5291 -2370 -8416
5040 8429 1062 183
-7146 3560 -8016 -2329
-7432 4044 -1272 1445
-9841 9739 -1854 4136
-7022 -3064 7162 -9855
-8073 7114 1185 2153
8215 2995 8480 9185
4547 7890 -1330 2599
9511 348 2362 -9349
-3442 9839 -763 -5165
7333 1208 6458 1735
-2017 -481 8082 9527
-6332 9862 4471 -1174
992 9203 9705 8098
-1085 -8072 9036 8240
-2732 -9238 7483 -2179
5204 -1792 6018 -6718
9741 -4007 273 8588
6984 -7558 1095 7016
6230 4052 9218 -6057
-4674 -7876 -833 -3406
-9818 6909 -1569 -2345
-8918 4146 -3775 3949
404 6125 6912 -4830
-4096 -2671 -1495 -4973
-7622 -6630 -3127 -9294
-3793 3427 -6586 7447
312 -159 498
817 502 -980
-752 657 366
-172 -194 294
364 308 -772
668 705 56
-210 377 306
367 47 -473
575 361 19
-688 529 755
-996 511 230
919 -439 858
631 -619 -841
329 783 50
652 -290 -138
499 -886 811
200 -442 -485
395 -284 -512
406 -630 -792
-564 -508 -1000
592 -859 -796
-725 422 -709
394 495 129
-352 -702 -404
-399 827 86
433 275 -498
-417 847 908
-73 -718 534
880 558 -847
-898 28 607
-243 -12 258
39 144 29
-949 -243 688
-308 -907 396
3 -319 -205
-78 581 -493
-657 -799 264
-232 41 -460
270 421 515
-184 464 -520
-833 761 672
684 -372 -849
788 947 955
788 -558 -913
-911 612 474
-294 281 -679
424 40 -328
913 -303 -456
983 814 931
-654 457 -347
-395 -600 889
-267 -44 -470
-684 -489 37
852 -346 -464
-765 -373 824
435 249 102
818 -96 -559
-387 200 606
-117 288 403
-486 -3 -79
-50 370 -171
117 -124 248
-729 -656 -352
-507 545 396
-345 -851 883
-848 905 626
-957 585 -748
-620 -142 891
-566 -212 -400
-885 -716 435
431 296 -724
-87 -594 465
-983 618 -391
355 801 695
-94 409 -810
-443 -853 -712
575 258 892
102 -189 -47
-19 -627 939
375 677 699
-811 641 -168
-844 -756 -777
-269 575 -317
-528 -478 -415
-542 -873 -832
58 265 -833
414 672 723
825 -556 -340
-367 -960 -526
-646 -971 -284
-996 910 -600
-79 -921 503
786 -231 -153
-37 -250 71
357 -857 178
-113 -867 -274
187 626 -696
-112 -285 -851
-427 270 -800
987 437 916
243 285 -531
243 416 -324
-994 -516 106
-403 566 -753
-719 440 -358
206 298 580
-946 -742 991
22 464 -816
-884 921 783
253 -471 949
953 -853 -592
-55 -579 -311
-320 -772 -851
-802 988 -826
-239 -716 -890
-953 -160 145
631 21 681
-397 401 0
-174 820 -611
629 950 -333
-845 -683 942
88 452 -335
-677 96 -697
-687 223 -376
276 619 790
954 -81 -688
816 761 512
-147 -178 -427
-581 920 26
848 28 602
282 303 525
-36 555 687
-267 68 -963
91 674 -588
688 777 -244
469 -400 -980
858 830 -718
714 -804 28
-721 336 -125
-397 -76 395
875 -730 92
193 370 815
649 406 -784
439 438 -169
730 14 82
-628 -380 320
879 215 -750
9 -786 -147
-84 187 985
797 270 -799
140 -432 554
-246 619 -875
-488 -151 272
-504 398 826
865 -992 216
552 -211 527
876 197 675
-855 -4 767
-192 654 -298
-269 912 -11
-657 -101 -546
821 -843 125
818 -68 411
-537 394 747
-262 -459 205
988 -182 -161
-875 520 -97
293 -16 436
-923 -854 622
742 -873 480
734 720 566
181 102 -242
-481 839 -777
38 961 -233
486 217 -185
-959 379 -117
-527 470 413
229 -212 788
-668 -932 16
-919 -276 294
-642 -439 406
-358 -912 -77
97 -808 622
298 -481 320
-656 310 -963
298 207 -368
-797 788 -955
-307 -74 -578
-100 -5 -329
592 987 563
917 140 388
-224 959 939
-979 -426 -179
-296 213 -107
594 -954 -63
-280 592 -287
-671 -54 -525
328 279 372
-925 431 710
-969 599 884
-820 551 629
-957 623 195
-365 -702 709
9 607 -574
-717 -392 -92
-946 708 691
592 994 -834
-214 -315 158
-928 276 -72
-586 583 300
-613 -995 822
273 -986 -52
208 783 614
316 890 411
126 -344 -810
786 619 -719
616 456 671
778 721 -624
-619 598 158
-204 -179 -25
-534 103 506
929 -352 -784
165 -755 -674
-33 -175 964
