199 677
856 1349 2713 1142
4022 -2922 8213 9353
-4523 -6911 -7314 -5402
2844 2587 1128 2821
6986 -6765 -8550 2935
5360 -4303 -2043 -1961
-4204 -9285 5633 5945
-3613 5453 5742 9741
-1090 7637 -7792 3813
-870 -7303 -7409 -4206
-2670 -3799 6891 6406
-2729 803 5502 8833
-1381 -7626 3878 934
-3646 5536 -8166 -1511
-9294 3148 9457 6730
-3121 3077 -5977 4320
2236 -3438 -4571 -7066
-3729 -1927 1099 -4868
9848 3214 -7104 -9892
-1903 4473 -3269 1533
5975 -5151 3692 -8861
-2575 -6026 8659 6484
1827 -6165 -5068 -6048
980 -1818 1942 -6440
-4827 -918 770 -9605
6864 8301 8196 797
8709 -3349 -4055 -4988
5697 -2048 5021 9688
-3755 1760 8803 7420
2722 7593 11 -548
9580 -4958 1250 4340
5003 4696 -7406 562
4502 656 8900 -7331
-3946 -8641 -5504 1041
-1028 -2414 -7894 -2878
-5719 5783 -4447 9869
-6348 5581 -2185 3024
-9852 590 5660 -6272
-500 -9235 -6414 -9255
-1027 7647 -5532 9415
-5205 3147 -9771 1737
-6026 -217 1229 7529
-521 -8208 -1400 -7268
6449 3780 1509 9528
4788 7843 3308 7122
-6402 5189 9704 -9214
-5835 -2717 -1770 -5283
7791 -2212 9412 -1657
9560 -6700 4718 -6157
-9377 301 4575 -9374
7833 -4179 -5931 -5145
-1097 -547 7259 -8847
4568 -5507 9943 -7191
-1099 2490 7574 492
5892 -2245 5751 -32
674 -1766 7405 5127
3829 5943 1282 -2905
8941 2339 -2997 1839
1156 9 -658 -8343
2224 -7227 743 -9633
-2457 -4649 -3718 -7893
4234 -8727 2513 -1135
-825 -4378 -4342 -4296
-4837 9455 8975 7696
-7235 -9867 9236 2251
-3367 -2410 6967 -1939
-353 8429 2718 -2691
-9082 7469 -1988 9065
7558 4516 3669 6625
8460 4363 -7420 -8584
-580 8752 -1559 -7794
-5588 -3658 -4441 -524
-7995 6586 9702 -7316
4962 -991 -1429 1762
-7156 -1633 -3976 9941
4894 -4324 -3643 -997
-7421 -5805 -3848 -4274
1944 -3056 -2820 -292
4229 346 -3684 -1566
-8062 -3126 -8763 -5895
-7001 -4807 7737 3483
-3251 -5241 473 7026
5717 -955 9096 -8309
-5166 -5931 -1634 -6237
6018 2684 -3921 -3662
-4750 2722 99 2978
-325 -9294 3359 -8167
2197 5451 909 7354
2124 -5969 8943 -1545
9877 6472 -2359 510
-9601 -7840 -5017 7716
-6107 -9941 -2886 6568
651 7276 4376 -4808
-5468 7281 8017 8970
-7174 -7135 1449 -2130
426 -1009 2545 7927
7929 964 -554 -4560
-6050 5824 7836 7877
-1880 2707 6165 -6855
-6096 -4177 3437 9237
-1447 -2104 5291 -3803
8379 2990 2094 -7680
8584 -8872 1667 1721
-8796 -6189 -7956 -2956
6906 7012 1826 5084
9809 -3578 -1957 -1401
-2873 -8447 6619 1318
-892 -937 7515 -8315
-3616 7537 5867 -8347
-4547 3739 -1306 190
-9609 -8971 -100 -7685
-4888 7211 859 -7941
-4728 -9836 2746 -6100
5580 -2272 6414 -4615
2387 7257 2977 3492
1133 -4161 4163 1409
-3418 2784 2400 3815
-1776 -4690 -6473 9875
-4906 -4428 -1513 -6066
2641 1805 8735 -3322
5875 -3969 -9509 4588
-6034 -2085 -5131 8077
-1203 9437 3641 -6919
1566 5401 -3641 -6195
5472 8159 7809 -8869
-311 -803 -6846 3516
7911 9709 6175 7516
5033 -7211 4681 7964
7092 28 -3105 7704
-3175 -4966 -3237 -8781
-2048 4041 2342 8160
-611 -1065 -8565 -2572
-9665 1677 4588 -9543
-8410 -4050 9422 4588
-4233 -5087 6620 -5007
-3399 5516 5395 -4350
-8723 7699 4747 -4686
-4062 8331 1900 3111
4571 1599 -6760 -9664
-2244 6059 8437 -885
3909 -7700 8787 3217
-3206 -2953 5578 479
5166 -9989 7328 -7914
7561 4576 3948 -5450
8961 8535 -5583 -7026
3217 873 -1468 -3274
1048 -7808 9718 8917
-4194 8956 1572 -6
-725 3714 -7197 174
1995 5655 -8459 9408
-9178 7057 5045 -9886
-7817 6074 -4057 6678
6482 -6791 -7979 7441
5513 4244 -9821 -1096
302 8148 338 -2913
170 -4081 1162 9652
-9732 -9152 5808 -5431
2469 -2440 2874 -7894
-5205 -5607 -8732 2509
530 4028 866 -9883
5945 3453 8370 -7653
7010 2104 -6461 7768
8575 -7731 -2659 8678
-7330 7931 -9332 1400
-13 1506 4706 -9813
-6653 -4105 -6721 363
401 -3703 2224 -5265
-368 -7819 -1380 2593
8735 -6644 -3512 8652
-764 9293 -7816 8016
8990 -9932 -1421 -4885
4338 -8792 -1586 4701
-8262 1862 -6013 -2154
-1972 -2164 4500 -2340
-4074 -6325 2738 2895
-7938 -2033 -9296 1255
-3708 -1550 -7908 -7444
7936 -5995 -9156 -4552
-3978 8756 499 5101
2199 -323 3994 -4748
247 3877 -4721 2720
5074 -8952 -2446 2876
8767 3438 8255 -1934
9877 3010 5823 4575
691 -192 -8709 -2353
7221 2638 3979 -4196
5387 -5503 6389 8403
-5051 -7254 -1104 -9719
-2120 -4265 -482 -5082
5306 -93 9490 2447
-7073 -9045 -3439 -91
-3342 -6655 8632 -5844
-3097 -1899 -3729 -5222
2255 -3917 -5115 9737
-8938 -3348 9270 -1575
-3801 -1206 6804 -5487
-6627 1564 -4955 -2348
-5578 1435 -907 1718
919 1163 4400 -9847
-257 -825 809
-633 -519 680
167 322 -903
804 -38 -887
91 -18 -790
135 -778 945
-969 956 239
-787 -702 955
180 711 785
-734 -483 352
-99 -518 255
-991 -268 -881
-100 -738 -331
-398 23 -123
-583 -376 -705
-592 -637 510
-147 346 -210
-441 500 208
-483 -549 -101
-56 -368 -919
-239 829 -447
-519 -662 518
631 430 -270
221 -390 -404
-21 -627 -731
678 -325 -719
728 -43 778
-613 959 -947
825 -283 -381
43 611 395
409 205 386
-423 -645 965
455 558 285
316 303 -197
-686 -616 131
166 -797 671
-13 798 -127
123 119 -313
226 131 949
725 -552 -994
-320 690 -944
140 595 -204
441 127 493
570 107 894
-825 151 -571
-357 -310 125
972 -35 -99
-766 441 -461
142 110 15
891 -82 -312
362 695 -303
-174 -601 794
-352 853 234
-34 -962 -869
64 359 -388
545 258 870
-761 87 57
-955 638 244
-444 239 637
-751 -277 71
-995 893 693
389 -903 677
-447 -268 178
689 -223 -950
57 10 115
154 699 -576
-296 678 -295
-319 -378 -930
-84 548 -223
-335 -431 -204
-136 -222 363
199 -77 565
-319 242 727
-663 436 -81
775 -683 -804
-777 -914 213
-893 -666 -741
-37 -280 -982
117 765 -530
-744 34 -437
-651 662 431
-508 545 636
-164 223 411
259 -677 -803
676 -144 764
410 -586 263
409 444 -560
957 850 -453
-421 -687 453
396 611 -855
-600 -898 910
92 -133 893
-526 371 -483
936 379 976
618 -628 260
-809 -716 228
-611 209 138
-777 771 -917
866 896 314
-324 -42 945
312 62 -690
183 79 980
-185 25 743
48 181 538
999 959 -79
-354 -142 -73
159 676 -615
-431 845 -444
-790 -740 74
-873 659 -390
210 455 72
764 -764 2
-396 178 738
-231 -452 937
729 497 978
-350 -673 -757
110 211 271
-248 531 932
532 83 -437
-700 606 -882
220 -963 911
-633 -98 -256
-925 408 854
979 -771 -881
-949 968 844
-987 -293 -790
-11 247 978
-458 -776 534
-236 308 -744
-445 480 228
147 381 -956
484 520 431
-826 -302 173
228 227 -297
819 597 240
-18 -57 -177
-300 470 962
-949 -809 -912
10 -695 618
-65 -982 -499
-137 61 -389
-33 13 397
-364 -336 781
-209 -142 66
461 654 -712
-536 -87 -337
124 -781 -747
-288 288 345
895 176 -240
-802 828 -114
450 575 713
565 -104 -8
508 -382 -711
-131 338 9
-648 -927 -825
-401 570 -974
196 -797 770
565 -370 -221
167 169 529
-290 524 -303
-489 -481 729
650 476 945
63 91 132
-366 -544 -444
-989 6 246
688 66 25
-994 147 200
709 -626 109
922 -114 545
-319 186 279
-214 -111 -873
-307 600 251
-478 181 877
-496 851 -643
-915 -665 611
343 769 652
846 396 158
-756 31 788
-515 239 -473
-330 -841 159
362 888 939
461 501 902
572 -123 -41
567 -448 777
-57 -145 -571
623 -499 231
158 -501 -751
369 183 12
-427 637 152
803 528 819
83 -643 889
-944 -450 -592
-257 575 -643
492 570 -396
426 -87 60
18 38 29
-548 386 555
385 -670 -229
-910 -101 -629
716 -864 135
198 -689 -147
261 -458 723
815 -551 356
889 -697 752
-264 -109 -76
-662 614 659
889 132 668
217 851 -566
-947 465 433
-973 -580 -601
-345 89 59
358 -142 353
297 -360 819
363 848 -552
193 -557 -925
-158 544 982
762 801 -849
-801 -629 666
112 -859 855
-957 238 -90
101 -377 422
-144 379 -730
671 699 886
465 77 -405
-330 -176 -484
-233 8 509
-490 509 -396
-225 229 834
350 -391 -662
190 -189 170
643 -836 279
-700 -171 419
-547 -857 -863
464 494 203
842 -453 -939
-864 302 619
-907 -202 322
304 458 -587
-905 -120 -903
-203 -373 703
336 -655 -627
116 -999 113
547 607 796
-879 821 846
-678 623 454
-887 -591 67
-919 -399 -156
-916 976 -866
884 -997 813
292 537 501
439 -594 -149
-39 448 898
-443 -899 -428
322 757 -431
112 582 -700
-396 -915 120
-702 265 830
-575 -46 -357
-756 -507 879
-38 -262 -156
-71 -639 -738
-281 877 716
-421 483 626
-766 686 410
-29 874 878
403 406 625
-585 279 -768
727 -865 644
593 -243 885
-269 820 53
652 138 55
-898 30 831
360 -519 -768
701 -685 937
-751 -226 385
981 702 188
455 0 -188
-705 550 119
-924 486 -8
-4 14 -202
610 734 -586
-634 518 259
-135 -570 698
901 612 -902
839 -785 398
349 -524 806
-919 91 979
57 263 948
-806 -192 100
-464 -77 -849
-925 260 -171
-749 -633 829
-148 -961 948
-881 -633 -430
280 967 706
-906 -237 -430
-200 516 622
-325 977 -184
681 -645 -962
788 537 -853
-833 -344 -976
-998 190 -360
477 912 391
-722 63 -143
-551 -767 87
400 -221 -284
-629 -680 386
909 505 -971
-807 830 -287
432 379 -824
309 -899 646
883 746 -229
-793 -440 322
-970 51 754
32 329 463
-913 -883 -69
13 809 503
-327 -284 -320
314 802 409
-400 -559 695
763 279 -687
417 552 -681
451 776 -7
298 -298 -210
928 576 -573
-265 171 -8
882 940 756
-608 552 867
78 -252 -762
-600 -103 533
228 656 433
-493 575 -481
943 515 -262
-561 928 844
-514 678 41
524 -800 -927
-827 -541 752
752 -25 246
-984 752 -402
-447 -497 -985
439 199 -966
846 -448 169
-760 843 287
-470 21 248
-7 253 16
43 312 599
360 -625 -207
-433 903 801
-978 -505 308
58 -775 -834
255 229 438
874 526 244
-302 -348 -116
-190 907 747
405 -162 260
-481 669 771
-624 -358 -201
893 -102 -441
409 -746 684
198 230 69
829 280 -632
-771 1 730
459 -641 284
-548 -798 -30
-931 -672 -516
347 746 210
293 -447 -990
-99 656 -750
834 714 -913
33 -561 -328
8 -405 -142
994 -306 -18
-185 572 183
-462 -154 934
424 -550 137
-475 706 -597
-980 135 -960
464 10 -724
51 935 188
410 -421 -403
765 20 -482
-749 348 -235
929 -267 170
-753 -935 516
-171 -339 -287
221 252 -989
323 186 -384
512 369 -520
968 293 931
304 949 774
-132 182 771
-573 118 -834
-306 952 98
-419 407 -68
62 -594 131
234 436 795
832 711 -813
143 -763 515
-380 -958 899
-99 -742 919
880 466 -99
978 771 208
-444 -832 505
765 -445 279
-620 -831 759
-822 -585 -924
526 5 927
-503 -937 946
998 -755 994
295 54 -636
-952 361 -604
-845 -879 -361
-343 -706 -531
54 -385 454
-681 -40 -72
544 -461 802
-771 8 806
25 162 -988
894 622 357
538 787 267
71 430 875
-244 879 232
-444 452 -992
-535 785 531
-121 -284 144
-972 -309 500
883 991 578
863 -296 -154
988 -304 246
574 617 -271
111 926 -594
476 961 823
-740 -151 -387
499 595 991
-956 -846 -53
816 -18 -223
555 -497 926
-396 602 -955
530 632 -715
473 -178 513
972 -105 -982
761 -302 52
-194 -873 -397
955 479 -238
-405 138 -424
667 -186 413
184 447 -269
366 719 178
-200 -848 163
-224 161 387
38 -866 -772
501 841 -68
61 376 -251
-274 624 -242
-628 715 101
-176 527 -361
495 459 -439
-24 -635 -937
-136 -964 721
298 794 -228
-434 -281 149
962 554 -568
573 176 484
-359 860 831
471 -893 852
-88 -307 -590
-375 553 602
-224 436 102
-872 762 548
-312 -153 423
-892 -745 -300
-886 692 195
289 519 26
-269 802 -65
-730 -801 -563
-114 46 698
-620 65 -57
103 -713 -781
-398 -933 694
837 742 421
-670 292 909
562 -985 -226
-513 456 -94
474 906 -69
460 -644 -617
-467 -853 60
474 -124 772
200 324 899
233 935 -480
-428 944 333
-925 -454 -938
-484 -38 980
-262 -425 -293
783 -303 -93
395 -797 -725
-55 -537 -149
-421 -798 -208
679 -582 291
-17 183 -571
-822 -618 -499
612 637 886
214 -730 89
425 -642 -1
30 -656 999
-877 508 -438
-366 536 -532
327 -148 887
663 -377 930
-121 -682 39
116 -238 -75
-892 -899 782
-258 214 163
599 -333 -114
569 231 549
643 918 871
890 895 268
-725 817 -626
311 410 292
747 582 25
705 -716 -365
-982 -768 739
113 699 310
755 551 372
-50 464 -559
-85 475 275
984 593 8
-233 888 -894
-803 -327 -536
-570 544 -793
521 124 846
195 674 -290
759 -577 -258
296 594 -851
599 -731 -873
444 -659 257
-611 293 914
-704 -171 -518
402 858 -341
551 727 980
827 -510 57
905 439 256
-810 -45 151
209 535 860
-219 -489 810
320 -682 -707
-148 -850 -703
-317 -545 716
-390 204 -901
-312 -69 911
595 515 -953
-933 -447 -533
0 -290 -198
301 -76 -313
557 -512 -27
-549 -957 -2
880 -559 -237
-766 737 85
-561 -815 90
932 -420 -226
154 972 361
-698 484 35
594 -92 -409
945 284 -270
91 -782 467
970 234 8
-212 546 -131
122 -187 -879
208 -939 469
-32 -257 183
350 488 475
-51 -101 766
-44 -474 966
-797 -264 974
-599 -531 -855
596 -79 467
858 -136 74
-136 -709 -884
-92 813 -481
462 -348 -607
100 89 -351
-189 74 999
-821 -786 -459
-271 36 903
-975 110 391
396 -70 269
-844 105 -236
-290 -422 -694
-26 28 266
-388 579 -574
-54 -574 250
-638 112 -844
-154 -232 383
524 -461 164
-909 868 290
367 546 -885
-1 -412 96
-811 303 527
-770 -432 894
-954 65 448
-166 -41 499
654 326 958
-987 984 845
857 810 -401
508 845 -657
-429 -649 -172
-506 449 636
-644 922 -356
750 -524 466
85 731 340
979 748 -44
-554 -215 -884
19 230 -798
-399 -639 -735
-164 -3 -401
-628 -657 -63
-481 -258 635
-704 -585 -899
-629 695 455
772 -249 -208
993 -51 664
-371 -402 -281
916 -677 -362
347 982 -807
-514 -615 413
368 -998 616
-464 -13 576
-96 -293 934
-460 -224 429
189 -237 -232
973 -997 -958
718 -843 593
23 495 -700
-563 184 162
428 -117 -477
843 836 487
958 553 378
-878 -56 649
206 718 475
-556 -893 -581
641 184 -962
-508 -844 -183
-909 -453 -170
351 -543 -271
522 134 -564
287 -888 -99
-526 -972 893
-709 -281 314
-55 213 -793
-39 853 108
-517 471 -497
-125 -326 110
295 -758 95
938 551 -149
-166 -755 -580
572 808 -893
-722 148 64
-719 -350 -941
452 -845 -192
-978 -26 925
114 941 412
503 44 -161
916 -22 583
-427 518 -995
472 564 -643
-186 468 270
741 629 912
-820 783 386
945 -194 -891
840 575 -501
953 543 36
-162 -878 939
-140 -116 -201
155 178 -331
464 -225 -442
476 238 356
165 122 -518
-619 -570 -664
