388 4078
445 -507 62 378
-884 -202 957 211
161 -105 -367 -708
553 94 -719 67
800 539 971 -315
-156 324 -584 927
-473 656 83 998
-322 -345 -426 442
359 -201 289 572
-536 -300 -921 431
613 -905 185 110
-454 -488 -553 479
817 -383 326 440
173 -635 823 471
611 -727 -590 295
-260 -15 -61 -122
-310 -47 832 -488
612 23 -628 -616
592 -299 765 -725
-947 -467 16 -288
-219 149 837 -645
0 -51 -665 -971
-614 450 251 -878
-142 537 -681 945
-381 83 -669 231
-774 328 -352 830
-800 801 -15 -598
-789 -564 -169 -329
71 -902 301 501
-173 228 -624 239
727 241 -407 -79
974 -729 -563 -387
-275 -941 -408 -384
-933 693 -621 443
623 -936 304 182
-415 -523 871 883
859 -130 -83 -124
-726 -762 528 279
-937 452 -309 -980
-924 541 40 -116
460 -646 99 -133
-979 -497 825 -860
268 -435 582 855
-110 153 577 150
491 500 -36 -4
499 -770 935 -645
867 476 952 -450
481 -595 155 -229
214 -857 -166 441
-974 662 -177 887
50 707 816 773
404 771 -999 593
778 -472 640 276
-220 601 -795 553
-774 363 -324 -174
374 747 30 934
-206 780 -33 415
-290 -129 937 784
-476 28 179 467
-137 777 -825 -793
276 -43 -714 465
498 -270 705 805
421 374 747 520
-122 286 389 -299
372 -256 817 -757
264 -925 119 664
-253 386 -633 -898
788 438 -281 260
-440 960 676 427
66 -200 -448 836
785 -291 -943 -985
564 958 483 -898
416 -514 -773 -576
789 -677 -255 -829
-319 -731 -236 502
857 527 726 -229
730 810 -570 -184
220 -293 208 650
523 -831 -910 717
-233 960 -864 760
489 482 132 -684
449 650 632 531
416 154 -823 -77
138 -375 848 -545
786 -310 -377 -989
-189 861 -101 210
546 -351 -195 -841
307 -221 605 951
910 540 286 495
-526 741 420 828
-280 110 -279 -163
-14 365 926 771
-954 512 648 -200
617 61 -638 -125
85 280 -665 705
-236 771 778 -524
-730 -228 265 -45
204 -372 -106 450
-215 -352 585 -907
-375 170 -505 -728
-876 995 -68 968
563 749 221 -700
494 950 -401 -56
-566 -92 348 460
345 610 820 -917
-68 -268 -110 -418
423 317 25 255
-459 -467 -915 -483
593 734 90 -119
526 414 -321 -582
57 -302 961 956
759 -917 26 879
515 -93 -527 685
436 -872 -49 879
503 -307 159 -837
68 -871 -5 -636
-726 -605 -75 -299
309 825 961 -451
249 577 -484 -532
-302 -625 -111 132
144 760 666 151
515 82 -455 256
-646 -293 -540 58
-210 311 -389 797
182 -957 -258 -323
-239 -136 -221 385
-969 668 381 459
627 -82 140 252
239 -150 -723 50
449 -474 -106 -485
24 181 -648 857
-838 -660 -961 -480
342 -840 -312 -511
-957 -897 647 -176
842 -976 -190 -374
166 -620 411 -772
146 240 39 -400
-21 180 694 -42
552 424 469 -719
449 815 -750 -485
184 988 -957 -60
-220 -761 -249 -876
548 571 -350 552
84 -4 -955 818
456 -356 105 936
-551 775 -599 -660
466 894 752 540
-105 -740 -828 -378
116 -269 808 -949
0 845 995 478
109 264 48 539
-681 200 875 573
-600 965 -286 247
301 -585 -371 -993
511 -846 -316 66
858 565 969 -646
-110 -483 160 22
277 931 949 403
-997 -659 775 234
-886 911 -281 -46
78 -896 820 725
-681 -868 99 903
-263 -73 385 905
-281 -841 233 -174
-688 -865 -298 794
175 -910 -486 -448
516 -664 580 39
893 299 -427 -138
-425 -660 -166 173
-396 -720 -859 812
-49 -407 -802 -784
-327 -175 -66 691
-49 -659 401 -314
-376 909 -781 -162
-917 -142 584 -711
-715 704 -808 -514
722 -398 535 -405
278 -104 -128 -294
52 -74 -35 -271
-913 -916 725 -760
33 205 -642 309
188 -805 327 531
448 -216 -253 -405
-632 947 -643 -100
-964 -724 -791 -730
-456 125 102 -661
612 623 -351 326
724 965 775 -609
-527 188 -588 -319
608 -564 325 779
7 721 -207 731
-793 796 694 -149
-638 -235 -978 -788
870 212 771 630
148 440 239 -240
-273 -834 517 852
91 -4 -963 -420
272 468 -949 -913
678 921 331 -687
-247 -805 -576 162
-560 320 -774 185
-59 -160 -643 988
-925 -263 213 186
797 -66 186 430
987 691 957 -363
-894 310 306 -674
359 -735 -688 133
-545 -986 806 372
-421 -949 -369 -958
99 -61 -514 97
-878 -246 -590 188
-110 307 595 78
626 -712 -339 122
350 100 -807 -47
587 647 863 292
-928 909 -804 827
803 893 728 917
-320 -12 0 -875
853 744 264 40
866 495 460 443
669 199 -837 954
613 -427 78 -103
448 197 -359 -521
-238 -737 542 -963
-222 352 -637 442
-472 2 -894 -567
939 -338 -882 -677
626 -7 785 891
-502 -92 759 16
600 273 589 562
-769 911 -108 228
970 -520 -733 819
-328 -270 -536 348
-1 -337 821 -922
914 -245 -242 -380
268 364 261 915
-666 -270 -305 443
358 -405 325 -894
103 320 -946 525
-801 -488 981 -489
-376 -487 -656 124
-22 -987 -704 449
619 -241 -503 905
157 -208 -38 -175
796 273 779 315
-897 215 937 -25
-218 998 629 769
863 234 -783 655
577 -968 60 12
-774 -185 101 -739
-819 -591 534 -486
-440 -624 524 992
792 642 -795 783
473 386 92 -353
771 -880 -357 686
702 377 396 -815
-251 -384 -117 938
894 -265 -657 343
545 -265 574 322
-132 -517 95 -652
418 54 867 -525
-433 875 -269 616
442 777 -673 -359
-351 -596 359 -302
-416 -99 -816 593
999 -297 854 -811
-83 -126 202 662
-986 -889 -657 -567
-626 -350 989 17
309 526 -739 591
-371 67 -952 349
379 -940 -875 -7
127 704 -628 568
464 -522 336 -60
-772 366 -606 -6
-511 -953 211 -674
726 -565 461 565
200 -652 -752 -661
474 -913 -243 952
569 -814 783 8
-535 -40 90 243
-569 -353 823 -784
432 11 -956 403
801 277 534 269
-283 -994 298 333
-844 -286 955 482
40 -1000 309 -147
617 -84 -378 453
-295 -298 -635 -137
-663 766 20 930
-653 678 -384 371
-924 739 -283 941
-129 -237 929 123
-370 617 452 -27
480 -903 -631 -145
-590 820 -98 -387
156 -915 -976 -533
-576 -249 -765 616
288 569 -13 945
3 661 -572 145
-371 274 2 955
-827 -309 -729 -442
236 63 544 -515
257 -487 -364 -451
-35 -206 -15 979
-167 -350 -691 534
735 653 279 955
-260 -901 -295 298
348 859 170 -910
422 614 183 932
375 -346 570 -765
-32 -514 997 256
-892 -534 788 -334
-1 323 61 446
-165 937 -57 600
-892 -678 -597 337
45 794 400 -518
680 46 -655 -768
-756 690 -367 569
-630 -703 -372 -718
-688 307 792 -613
-622 -50 493 -114
-170 -106 -844 67
969 583 -313 792
-299 578 -306 268
739 -981 289 754
-392 -462 159 -731
217 756 -357 -207
-560 372 -824 -735
340 523 -520 -765
218 -345 -119 -672
320 -330 549 511
-829 294 649 -465
441 382 -608 459
372 -816 -965 343
-834 -973 -44 -40
878 -657 -207 -582
983 73 -981 -330
197 492 399 -291
306 341 340 -865
171 792 290 365
-368 -496 103 68
-895 696 147 -206
674 739 480 -61
305 32 -543 968
-345 241 144 -644
626 934 -485 -939
-362 -864 25 -407
194 881 -381 -790
-97 566 -394 -702
709 -827 -904 -632
-923 819 -83 -831
127 -950 -448 -668
729 839 -89 -387
293 238 554 665
97 892 770 -570
193 -251 -256 567
915 -215 -983 -616
-566 737 -396 236
365 949 42 -21
-982 6 -445 -694
-56 937 221 -66
-189 -382 583 967
-566 441 -285 -292
-788 -281 -327 751
622 474 539 218
-757 782 191 -447
-231 -49 -762 844
-398 273 -12 628
562 233 -222 -455
225 92 -693 -280
-90 491 952 -187
715 -895 643 178
288 -840 522 619
182 195 -201 -976
-55 886 -351 22
780 -175 -222 901
902 -642 -209 -768
483 -244 -397 27
-172 -621 482 875
219 738 624 -150
270 -25 65 608
-582 -259 -945 -576
-492 299 803 106
-36 486 952 867
626 389 10 -634
-944 804 -239 -594
377 -529 -124 62
-71 53 -28
-93 -18 -28
-52 65 17
-82 38 84
-73 33 -81
-2 12 -27
46 98 -10
62 17 -38
69 47 -90
80 -3 -25
70 59 -42
-9 4 -12
71 54 -79
97 -79 -98
45 17 30
16 84 71
79 -85 -4
64 -18 -54
-50 64 61
-5 72 -54
-9 89 -76
-14 -88 18
-19 -74 74
70 -45 -87
-42 -49 61
-2 -56 36
82 -59 70
-37 -94 17
-100 -70 -54
-36 31 67
69 23 24
-96 -61 -21
5 43 76
-36 69 -10
1 36 -22
57 -34 -33
-29 81 12
53 61 -20
-90 -5 -95
-35 66 36
93 85 7
-85 -41 18
-63 88 -54
-73 16 42
-48 46 -44
-62 -100 -38
-24 -57 -26
50 -29 -30
3 -57 57
-93 -41 61
24 46 80
-34 43 89
-40 -98 -12
-18 50 -54
76 -29 81
59 22 44
-66 77 60
-90 -83 -2
59 -66 75
20 59 80
99 15 -67
-45 -78 -54
99 -38 -48
-47 -24 98
-66 5 -85
37 -95 -51
28 21 -32
-88 -35 67
74 -33 56
52 23 84
-87 -21 79
-5 37 -1
-12 -87 74
98 -48 38
75 29 -94
38 -74 66
-57 6 -24
55 -41 -52
11 -50 -28
44 58 5
37 -76 -49
70 -64 98
-44 40 99
-47 -83 -57
-53 40 4
51 50 16
-4 -86 -93
96 -74 -95
30 -61 8
-68 -54 53
51 84 69
-79 -97 58
55 69 27
62 -49 65
-41 -43 -9
24 -23 89
-36 -15 -37
-54 69 -49
-30 24 -81
-9 33 -68
88 7 -4
97 88 98
5 -74 13
86 4 69
-34 68 4
-58 58 -13
-32 -92 93
58 68 3
-45 -77 42
50 32 -15
-91 -13 96
81 -80 -12
42 31 60
-45 29 72
-30 -60 24
38 -13 95
-13 -43 -99
79 68 97
24 88 98
-48 -36 -45
-51 -58 4
77 -18 68
-39 78 -64
28 -48 -8
-30 -61 -44
0 11 20
95 -100 -4
85 74 -79
-99 -13 -72
24 53 79
68 -44 2
9 -34 22
14 -82 61
71 -62 -60
71 34 -12
1 65 15
-84 -55 -91
-55 11 -83
93 32 74
36 20 53
21 90 -38
-73 20 -52
-50 85 5
-43 -82 73
-56 -71 66
-13 -7 55
-53 78 56
-83 39 -67
-20 -62 12
-74 -82 41
-80 -85 -49
63 -82 -13
-53 -94 -88
-68 34 68
61 -82 41
-26 -51 -20
-9 -98 51
-56 -70 28
54 38 -56
-80 36 9
10 68 -81
-4 50 -12
47 45 30
-33 -13 -68
48 -34 51
-14 -94 64
-71 30 27
-10 61 -21
-40 84 -73
-14 50 -47
-15 71 -90
33 -27 -94
35 88 -61
36 -7 1
0 -23 69
63 -69 88
13 -78 26
-23 -90 47
20 -14 44
-29 86 -12
-51 61 66
-54 71 13
-51 -48 -96
38 -65 78
58 35 -57
12 11 -92
-80 -24 -31
56 -97 -16
-97 -84 -26
-44 -30 -1
73 72 51
-69 35 -88
47 69 25
-47 -97 74
-41 78 -80
-76 -6 -53
-49 80 -53
69 65 -77
-51 -42 18
28 19 -19
83 -94 -67
-25 -4 -62
1 -63 -88
-83 93 41
-42 30 -15
-65 52 -60
-51 43 69
4 -36 1
82 -55 -42
24 -38 -91
-90 -87 9
-74 49 -56
-82 38 63
-4 81 -33
-17 5 26
-36 42 -87
52 -11 -49
-15 -26 -46
-15 87 80
-38 32 -4
67 11 91
18 -6 98
7 -19 -71
23 98 -53
-82 -62 59
0 47 -42
14 -96 -70
98 11 27
-77 -54 95
-13 -2 -35
-27 23 -67
-90 -68 -58
-39 45 -33
10 93 -85
98 17 -6
11 33 -78
-59 -77 71
-73 -78 61
-88 -58 89
77 39 -100
96 71 -63
31 -64 -35
46 -9 74
-21 -16 -13
93 -74 19
68 27 -41
58 18 32
59 -49 41
62 -73 -61
80 17 -57
-40 -83 97
7 72 8
-37 18 -75
77 -41 -95
-44 -75 4
24 47 36
42 -32 64
98 5 -88
47 -41 -79
-69 -2 -52
11 83 40
-39 -95 -8
-97 52 35
-71 -48 -28
-62 0 52
19 -60 16
-62 -89 17
-2 26 -84
93 68 5
0 20 -33
73 -12 -47
-56 -4 38
-39 -12 70
-11 -44 2
-21 -11 -2
54 78 -36
-97 -45 97
50 -40 -30
-91 -76 85
2 16 -7
-70 23 35
18 -7 54
73 -76 -54
-61 65 -50
4 34 -82
34 10 -19
-35 -57 27
-28 42 44
-75 96 86
-88 80 67
-63 93 48
92 -88 61
3 -42 71
-51 88 66
50 62 31
-64 14 -38
-63 67 59
76 20 -17
-63 -32 -21
-100 50 14
-39 -1 3
96 21 -75
-30 -31 -89
96 -62 62
86 -59 57
27 51 19
15 96 -8
15 44 32
-11 -80 -58
60 -28 -9
-79 9 28
45 -78 -99
22 -81 64
45 11 3
62 -40 -25
70 -82 0
-65 -67 8
73 66 -81
33 67 -55
-74 61 -72
-60 97 -74
-22 -28 -32
80 47 -67
-46 -95 -51
63 -6 22
-48 -52 72
-59 20 -73
-49 -12 -86
-35 -75 42
-15 7 47
72 -36 66
33 -45 -100
-91 -87 82
-72 32 48
-83 -11 18
-62 40 -56
24 -23 -90
-75 89 -61
-22 -97 79
15 91 55
-77 -44 -3
59 31 -26
74 -56 -2
-87 5 -37
88 -27 94
-24 1 -45
-61 -40 -76
32 -39 -37
-27 -44 -76
-73 -76 66
-77 66 29
15 17 59
44 -69 -29
-49 68 -28
82 78 -82
51 39 -11
99 19 -31
-6 -37 17
-56 -31 69
78 64 -32
-91 -9 -8
-49 1 76
80 -57 71
-59 38 -54
-40 -63 -20
41 -66 -49
-75 46 29
4 -85 10
1 -78 80
17 -14 61
-31 57 -98
65 -68 -73
-57 -26 -80
13 -27 83
1 41 27
33 49 -42
73 20 18
10 39 49
9 -79 -75
45 79 -46
61 -52 28
53 -98 11
-42 48 -97
83 -16 23
64 -55 27
-22 84 -57
23 87 -71
3 4 -43
-67 63 -57
56 -29 54
-25 35 -7
-7 84 -60
-1 -84 47
-59 98 -98
-6 -47 -21
83 -63 -68
-1 81 -25
-55 -2 86
30 7 -19
18 -4 -99
-45 2 -70
-21 99 -93
20 -70 68
-59 -82 -99
-50 40 -27
11 -16 -31
-91 34 83
84 6 -81
-55 9 14
-5 -35 29
-33 -4 27
51 -68 37
-6 18 -99
-60 -28 45
-12 -67 -91
78 24 -40
10 -66 -71
-36 -100 80
-22 68 -63
93 -4 -44
-43 86 -8
71 -46 74
13 -66 -10
36 14 -23
87 3 -17
32 0 64
41 84 57
56 -74 36
51 -84 38
-67 -58 -39
0 -48 -7
-35 99 -37
61 85 -21
-68 -86 -81
-86 -11 -12
-92 72 -34
-65 -37 84
-32 31 -6
16 -39 57
38 -24 -18
27 -37 -36
12 74 -8
66 -95 91
13 -54 -97
-11 -80 13
11 -48 -51
-65 -75 7
94 81 52
30 54 -48
54 95 -16
-42 -29 -41
58 -46 -11
6 55 91
91 -14 81
-64 -46 -10
-86 -68 17
-59 53 -20
-61 -3 83
2 17 -82
38 -78 55
-27 -41 -44
-20 -21 3
-20 -67 -18
-89 12 36
-96 55 80
49 -65 96
74 -72 8
-3 50 72
-64 56 2
27 99 31
-86 71 99
-44 95 3
-45 -46 -87
-84 -90 -29
-37 96 -77
-45 -2 75
56 63 36
27 -52 39
-11 -45 -38
7 4 41
82 66 50
-13 -75 -1
95 94 19
-69 -16 -21
-38 -86 39
1 -33 -2
82 -22 29
-87 92 99
-92 82 -36
54 -71 -90
73 68 -67
-66 -91 79
-85 -5 -65
-74 -5 -65
42 -43 93
46 -42 -56
73 -60 99
-36 51 35
-37 8 6
20 -49 -13
19 55 -23
49 -70 -98
-60 13 65
92 59 19
-61 91 16
86 1 61
-54 -88 97
24 37 4
23 16 10
-2 -47 -37
-68 -81 85
26 74 -32
94 84 42
7 -96 77
-83 71 43
-29 -45 59
-25 -81 40
89 79 -80
-8 -99 -88
-75 41 -53
-39 2 -77
-19 86 90
-77 -84 25
-23 -74 -17
22 -25 74
-72 -46 -33
-75 -10 -30
24 -54 88
6 82 10
-68 55 36
-61 87 -11
-40 -20 42
62 -25 -17
53 55 -76
64 -8 -90
81 16 82
50 -25 -68
-60 -30 33
91 -74 -55
-39 -59 28
-5 -55 -2
46 43 -10
-66 6 40
-2 -15 33
-35 29 90
-92 12 93
32 -16 -23
12 77 61
32 -48 67
80 -7 83
72 -54 -84
-76 -30 -7
20 -2 93
-96 -13 -68
84 93 -16
88 60 23
19 -57 -22
-10 -17 9
-7 -95 71
-45 16 -20
-58 -90 47
39 59 -22
-100 48 -29
30 -62 35
-72 32 14
92 25 -50
27 53 -91
-42 10 29
-82 -49 96
-64 -4 41
19 -66 53
-75 -70 -14
39 -98 89
88 -38 -40
-42 -15 50
34 11 -58
93 14 -44
51 68 82
17 -65 -74
79 18 -85
47 95 -5
75 -44 -94
70 67 -57
-95 -71 21
-76 -5 22
94 2 -93
-56 33 60
-7 42 72
-60 -56 17
-10 -34 -21
23 -18 -45
-78 81 84
-75 -58 35
-39 57 85
-34 -92 6
47 -52 85
-15 -21 71
44 72 -67
61 -51 82
33 39 -24
85 -27 -82
69 -88 81
-67 -74 -9
-46 5 36
-77 -13 -38
19 -51 -46
-23 -85 92
-2 0 -73
-42 80 -13
-20 56 -69
39 51 -62
42 75 78
-38 65 18
-31 44 -76
-88 -12 16
15 -40 -35
-98 -83 -71
32 76 26
-10 72 64
36 -54 -64
10 -92 75
-74 66 -68
93 62 -69
49 -97 16
-14 -46 34
-64 -30 -34
13 -57 -43
88 94 -43
-81 51 -77
58 -64 -41
-75 43 -94
-51 68 -86
19 70 51
61 98 40
24 51 -63
66 96 -88
-58 31 32
-2 -82 68
22 -99 1
75 81 63
-69 -65 89
32 -11 -79
-1 44 62
-81 53 -82
-17 77 10
22 -36 81
57 -67 73
19 -39 -21
62 45 13
-42 -94 -8
-29 -92 72
5 76 50
56 -66 82
41 -59 -72
95 63 49
93 34 37
23 -10 -47
-28 -34 -12
-79 -86 18
20 -70 -35
-45 -13 66
-44 -41 23
-9 -84 -18
-28 -39 6
78 62 -58
-98 -49 19
-11 51 96
-96 33 20
93 80 52
-38 53 -95
94 10 -92
-20 -96 28
2 32 20
-56 71 -57
-79 -14 53
-1 -40 4
89 69 66
58 51 65
76 74 30
-88 -85 96
-50 89 80
61 -59 41
-69 -36 -57
-23 -48 -57
2 50 -89
-39 26 42
-37 18 1
-6 -93 -21
-45 -5 73
81 70 -15
25 -99 -55
48 -44 -83
-70 73 11
-89 -2 -71
8 -18 62
67 57 12
24 98 17
73 96 37
66 5 -36
4 49 79
10 21 55
38 -82 -38
-45 71 -38
-31 29 10
55 22 -70
85 99 -80
93 -28 59
2 -42 72
-36 45 -52
-39 -16 25
-61 3 37
77 -3 50
67 44 -4
-49 34 -31
17 52 69
6 74 -46
23 43 33
37 30 -90
83 -67 -55
62 5 65
10 -19 -14
33 27 -6
42 -94 58
56 -98 17
43 98 72
-94 -45 -55
25 34 -3
-75 85 72
23 68 77
-49 29 -38
-83 -75 -70
-45 18 1
20 61 89
9 43 -82
-84 89 93
-92 55 44
-52 -35 -4
33 99 -58
19 -82 38
-74 -51 80
96 45 50
7 -17 -62
42 -3 -88
96 -31 12
-93 -39 34
-20 2 -16
68 21 16
-54 34 87
6 87 64
-48 96 44
68 -94 -15
-96 23 -43
-23 -91 -55
54 64 -83
-85 -1 -62
-66 -47 -65
92 67 -96
89 78 -98
-28 49 97
-78 74 -87
85 -1 62
64 -56 26
85 -4 -80
-84 -76 75
85 29 92
77 36 4
94 60 68
61 3 45
30 97 91
-81 -67 -79
-48 96 73
98 -15 -71
7 -74 40
-33 -4 -94
36 -91 -100
34 12 52
-61 59 81
-31 35 1
83 -2 48
48 -48 86
95 -21 -37
6 25 37
-42 39 92
-42 -96 53
-7 72 2
-62 -20 43
10 -88 -58
-97 -27 34
-93 -14 83
-66 29 86
-55 -18 -65
37 -19 -73
78 18 -92
-2 0 4
38 41 -48
-83 7 -22
-99 -39 32
-38 10 71
-86 -24 84
50 57 16
49 90 -91
-61 67 -40
73 67 17
-25 -92 15
-52 -91 79
98 -73 78
-9 -79 -86
17 25 -58
-20 -72 -79
46 -70 94
3 -61 63
-37 80 96
-43 -46 -90
69 -19 18
16 18 -29
-46 -62 -97
23 87 -81
-32 -90 -8
-59 11 -40
45 35 -77
38 -40 35
-3 40 -63
-11 47 58
-49 -12 -96
40 -97 22
98 -10 16
31 61 45
-18 33 55
-17 71 87
91 -51 -18
39 -99 -41
25 -17 -7
-73 -70 23
32 44 -13
31 -12 -3
33 39 71
-55 -15 -17
-76 -61 -4
32 51 28
-95 74 31
40 -16 9
40 -25 37
-12 -22 -15
23 62 25
53 62 -97
-35 86 89
-99 51 -56
95 33 -94
67 -49 -53
-90 35 15
46 -36 -84
-5 -15 -13
21 -22 68
50 43 74
-59 -56 72
99 33 -33
-7 82 15
59 65 -71
-65 99 66
-66 -8 -30
9 -69 24
-19 55 85
59 30 19
2 -92 -43
-51 -66 -73
42 -70 91
-37 -91 -46
22 -82 -32
-31 -70 -23
52 7 50
-37 -75 -2
73 97 -9
77 -45 68
18 -75 -13
-85 34 39
-80 80 40
-42 -2 11
56 34 50
-34 88 50
-38 -99 48
33 -92 85
53 -99 -63
-24 26 -52
-16 90 18
27 90 93
-37 99 -70
-30 -79 -76
34 60 19
85 25 46
-18 26 -70
-43 50 -7
-13 27 5
-1 37 -34
60 73 79
-52 4 -11
42 55 63
-63 19 28
-45 43 5
-72 46 -35
-5 65 -92
-10 -42 -65
-87 -36 -29
-2 -75 -18
47 -6 78
-27 -26 -21
94 35 -51
55 91 99
43 26 -56
79 14 -12
-70 -66 95
70 58 -98
20 88 76
18 73 -82
90 81 53
3 -91 70
-22 91 -4
-85 -58 99
-65 36 -88
-40 -33 50
31 -29 84
-54 94 74
-60 50 23
6 27 -91
60 -60 -43
-88 66 42
18 -9 -80
54 -12 59
58 46 98
-57 47 -86
33 54 79
-17 77 62
-51 -55 28
50 -63 70
-23 70 -65
54 78 96
-12 -39 -44
95 71 66
-9 -41 23
75 -100 -27
-86 -84 31
-23 49 40
-81 84 -98
56 57 -49
26 -95 77
-26 90 -56
-23 13 -1
49 15 73
-83 13 -57
-85 -69 54
87 -38 -92
-60 97 -76
86 8 22
10 38 -39
54 -67 81
-42 9 25
63 61 -16
-60 90 27
-66 18 -26
3 -77 53
-18 -94 -47
-6 -7 -100
89 -89 -92
89 -18 -43
8 69 98
-94 -80 30
-91 -11 -41
16 71 84
43 74 15
-36 -2 -86
-10 31 -30
-89 -40 -25
47 72 15
34 85 57
-75 -65 -56
-73 -81 60
-9 90 -53
14 -68 -32
5 63 -49
66 38 97
-34 -88 71
-13 2 -89
-40 78 44
-40 -18 -39
-5 -83 80
-59 -31 22
5 20 -41
53 -36 -21
74 20 -29
90 42 -86
-42 1 61
-79 -94 -89
-29 98 56
-24 60 34
47 -54 -45
67 20 -31
30 19 64
-48 76 -65
72 6 -67
15 -1 -53
-22 5 90
-31 -40 -35
-80 -89 -75
55 85 54
22 -89 51
-82 89 -66
-17 20 66
-42 -76 35
-55 65 81
-95 -71 -15
59 -32 -80
-46 34 72
-96 65 49
-11 85 -15
20 45 9
41 92 -20
-64 45 83
41 68 -25
8 -1 18
-13 -22 93
89 -67 14
42 -12 10
-89 68 -7
-55 52 -10
-33 96 -35
-92 56 24
6 3 74
-47 -46 -9
43 60 -99
68 -15 -4
-8 41 -25
43 -6 -77
-93 -68 -35
-65 -3 38
83 7 -70
-24 51 -42
57 73 -53
10 -93 89
39 -5 0
21 -62 19
29 -53 -91
-6 97 57
-90 5 2
-3 -23 23
-2 33 39
3 -85 -33
-20 -4 -36
88 -32 86
-31 -78 -15
77 -92 -9
-49 -99 13
91 27 -15
48 14 -90
-6 -76 11
-75 27 83
54 2 26
10 72 36
-64 -89 55
-66 39 -76
-67 -20 74
-85 -39 -8
81 61 -82
-98 28 -75
-46 67 -25
49 -71 29
39 61 -59
74 38 -89
-59 56 86
14 59 28
-74 -43 83
-37 -69 -93
12 7 -47
-79 36 -39
-36 -46 53
-41 8 77
82 -79 -51
78 -39 91
-56 -10 85
58 37 40
-42 50 -4
-48 25 -46
16 -79 -83
-49 63 99
17 -62 -70
52 -51 -42
99 55 95
77 -68 -92
44 -16 65
74 94 -48
11 -70 -36
-72 42 -35
-66 66 3
22 77 -40
61 -26 -59
54 -71 4
74 -22 -26
-31 -100 -65
4 2 -34
-30 -24 3
-39 45 63
86 -53 -73
47 5 42
9 83 66
74 -55 77
-76 51 0
52 88 -57
74 -22 -80
23 -69 95
-12 -80 -18
84 -96 -20
48 7 -46
-9 60 -35
2 -97 27
-86 -84 42
-23 71 53
85 -13 -24
-23 11 75
-18 90 -16
1 -82 98
68 70 -81
93 15 -81
-89 90 -58
65 37 -16
64 9 -38
-58 -62 -67
-15 -1 48
-49 -41 1
-8 20 -24
-75 -69 -74
15 42 -19
78 -55 70
-52 -14 -33
-69 -31 50
71 40 -56
69 28 -4
-71 55 -30
14 -34 -35
20 -37 8
-2 73 94
66 70 74
2 -64 44
77 97 -27
-9 0 -56
44 41 6
18 -40 -66
44 20 -95
47 32 95
69 74 -50
-52 -30 85
29 75 97
-47 -54 -64
-12 51 -38
-5 57 47
-83 -15 18
17 -72 -47
-61 93 -82
46 44 -18
-52 -5 72
71 9 -34
-58 95 34
-10 -13 -100
2 53 -45
97 -98 78
6 36 -34
1 12 97
75 -100 -26
48 59 -56
-52 69 33
68 22 -49
-29 99 -70
14 -84 53
-93 -39 78
-85 98 -92
71 -94 37
-40 81 73
33 95 58
-34 -89 79
-81 10 -36
20 -89 38
73 98 -27
-47 24 -21
96 -21 -43
55 31 65
-94 23 -57
-42 -23 2
-40 -36 7
76 -99 -92
-53 50 -34
62 67 -87
46 18 45
-60 32 -79
78 5 -80
86 62 -72
85 14 69
-69 -77 -73
-100 34 -25
-93 -4 -10
-4 -16 -40
21 0 -58
-96 -64 -39
-30 -52 15
-53 -31 24
-55 -93 -4
-94 -86 -87
-2 -1 -5
0 -8 -90
23 -60 -25
20 -12 9
-88 -40 95
-42 -4 -52
-70 -11 45
54 7 20
96 9 -21
22 75 -80
44 -93 66
-56 -39 5
-6 45 -50
35 -96 -63
-18 -33 -45
-46 -36 5
-55 25 9
26 -73 -14
86 40 -11
-76 -89 52
24 55 -23
-41 -78 -95
-9 -68 15
48 76 -2
64 57 78
99 -27 -79
-52 -72 -82
85 -32 -17
-64 -82 41
49 -91 57
2 63 6
76 12 -96
16 -70 -45
-87 5 -53
10 -96 -91
-19 -69 58
53 -41 83
-67 -35 -18
-86 17 -74
70 -62 -23
33 75 -41
25 -66 -73
-74 2 -60
-36 3 55
8 51 18
19 41 22
89 83 -65
-37 -7 -60
-74 -28 -81
-21 -78 93
-37 -93 17
-49 36 64
-39 -96 -18
-8 28 35
-63 -14 69
20 -91 -57
24 73 -38
-26 -90 6
-49 -17 -29
-37 -31 -32
32 -14 5
-71 -2 -86
-9 -59 -90
-83 93 60
-14 -24 -83
95 20 40
69 52 -78
-77 -75 -86
-64 22 69
-34 -57 -28
71 90 -60
-100 15 0
63 59 -3
-29 28 -86
-40 20 -99
16 -20 11
97 85 -99
66 -81 -23
-12 -21 83
78 -84 -11
-30 84 80
17 -19 34
-59 -35 95
-37 -5 -100
-21 4 -48
1 -65 -29
90 -15 54
-5 -88 75
-33 36 41
-19 -96 55
66 -44 65
26 -37 -23
-40 -92 -36
-40 20 52
-10 63 0
-40 -6 -71
-30 98 63
84 -48 38
-22 -50 -77
-81 32 70
-26 -90 29
29 71 63
66 39 13
-17 26 98
2 -10 32
-5 -30 57
49 -53 99
92 -16 -59
-69 80 -93
-69 -77 15
1 56 98
-89 -69 39
35 -43 11
7 -70 -41
43 29 -77
43 -21 -87
39 42 97
-72 -54 85
3 -32 64
23 -94 32
37 -35 58
-83 -94 -14
72 -2 -99
-5 21 58
-92 30 -74
-51 -75 -47
7 -13 56
8 -97 98
-71 77 18
-12 -100 -57
-19 -4 65
-95 -47 23
-58 -99 99
93 -16 65
-53 74 11
-44 61 77
-65 29 75
-68 36 64
-27 88 -62
-83 49 38
89 -85 -98
72 -63 60
-18 -100 -79
61 -41 33
-49 -77 -73
-32 -35 66
93 -25 22
-57 -24 87
-25 -13 96
38 73 -51
-72 48 -18
-90 38 -13
88 85 -43
-31 30 53
55 77 40
-79 -9 55
60 -3 -69
42 79 48
81 82 -59
9 13 62
51 -40 32
4 75 58
23 10 68
46 -44 11
49 -63 -39
-14 -27 -24
52 29 56
27 -20 -80
88 63 -15
92 84 -54
4 23 -54
49 94 1
66 50 38
39 -99 -92
-45 -15 -77
-14 -39 31
-36 -10 29
7 -87 64
-62 -43 -94
16 67 42
-27 91 74
-23 -61 23
-41 -18 -51
-36 -7 -44
53 70 -69
-17 -51 58
-6 91 -36
97 -2 -87
9 99 89
11 -85 7
43 -82 -74
-32 49 39
7 3 -59
-38 8 -91
-54 48 91
52 58 -1
71 37 -86
83 48 15
43 -77 12
-54 74 88
-19 78 -22
11 -54 -47
-31 78 -25
99 -74 -39
55 -10 -65
-75 15 39
17 58 42
-63 -89 -64
-27 -81 -18
-56 -98 -32
-96 74 -16
-71 20 -32
-27 18 82
66 44 -13
67 -42 3
29 30 72
-51 -62 46
-44 -26 29
-97 39 37
-68 66 -75
-66 96 41
74 -2 29
21 -54 -17
55 -89 52
-34 -43 61
54 -6 6
30 -43 55
86 -13 99
24 -66 -80
77 -93 70
16 6 -45
-29 -72 91
-63 39 75
-73 -5 -38
-75 8 -72
-20 -41 -98
-94 92 5
45 -26 -49
-95 98 -71
-97 89 63
95 -53 -94
-35 -92 -99
3 97 45
94 76 28
97 -45 73
69 90 -80
85 -70 15
83 -14 68
77 88 -87
75 55 4
-24 90 -95
0 -55 -64
-92 -74 -78
35 92 -6
87 57 -10
-23 -100 -30
22 75 -58
-27 -78 63
35 -95 0
40 -72 87
-56 32 26
-18 4 -24
-5 -17 3
-31 56 13
-87 -82 89
-57 -88 22
36 38 -98
-79 -77 68
-60 -47 74
-3 -72 -99
48 -82 -71
79 -4 16
18 -64 -19
40 -52 36
20 -45 -11
-71 -48 19
48 82 -57
3 8 -30
-21 18 -58
-48 -6 -47
-69 -88 61
7 75 13
18 98 -86
11 51 44
68 -75 29
28 77 -69
65 18 58
-42 33 -61
66 -70 31
89 -24 94
-46 -36 83
75 -76 73
35 -97 79
-96 31 35
27 -84 46
-57 23 -100
44 -93 14
-28 -66 94
83 -10 -63
13 -8 14
-87 -46 -21
-92 68 -22
89 -71 81
18 -80 53
-75 -1 17
-12 10 -100
17 -39 -84
68 -23 -51
43 34 80
-8 26 11
68 8 -96
-28 -43 -37
-81 -89 -50
39 0 44
35 50 16
31 -68 -62
62 -35 -62
22 37 -75
5 85 7
65 -54 35
96 13 -57
-46 62 53
71 62 5
99 13 28
-42 58 53
14 -40 24
-88 -1 -57
-86 -57 41
-23 2 88
-13 -1 55
-11 -57 42
61 -4 -65
-8 -36 45
24 -86 -95
83 -28 -90
15 -19 44
-41 -68 -5
20 -38 6
-81 -86 -12
4 -17 6
66 -61 11
79 32 1
-94 31 -39
-90 55 84
47 82 80
2 -69 -83
34 84 -46
94 66 5
49 -93 97
91 11 -51
86 97 -31
67 8 -6
76 -88 70
78 94 -10
-49 -24 89
36 -19 46
69 -93 97
-37 -67 -9
32 93 -36
58 -55 -12
-14 -18 -48
17 57 -16
78 41 42
-77 83 -94
-70 82 52
86 17 -91
-88 90 30
54 -21 76
16 -73 19
34 -68 -26
16 -19 14
-8 -22 -92
20 -81 51
-15 -36 -82
97 -50 -27
-6 18 54
-82 44 18
-67 -74 11
62 -12 -84
-4 78 50
9 78 -79
13 -53 45
-69 -91 18
40 -86 33
12 20 -93
22 -20 -98
77 25 22
30 59 -2
-70 60 56
-19 -20 -84
76 93 -93
-99 25 -43
75 -99 -7
26 -59 31
-62 -77 -7
-38 -36 -68
6 -76 61
-14 -24 77
-34 -5 29
25 -7 21
-96 -42 37
-64 -68 -25
45 -39 -55
-37 77 68
85 28 -77
82 -55 83
-65 -21 59
-69 -22 -12
78 84 -15
-50 -54 -31
63 -54 -59
-84 4 98
15 22 96
-64 -3 39
86 92 31
-95 61 -36
-29 62 -9
-61 -82 56
-91 7 28
78 13 -90
70 -48 -9
80 58 81
42 0 54
-91 57 -2
-29 -75 -3
58 13 -42
-82 72 89
-1 -94 4
-3 -65 32
-81 -24 -48
-91 -32 -3
-18 51 -80
4 56 43
-19 -4 -83
6 -54 49
18 -39 -86
58 7 20
-57 -61 -75
85 27 -85
-21 -76 -92
-12 78 -52
27 82 78
83 -34 93
97 -37 57
5 -49 76
56 10 84
-64 -33 -1
-43 -33 -80
-10 2 35
-44 60 -96
-83 34 48
-15 39 94
-21 -41 71
-13 41 34
-31 21 -7
74 57 -42
-65 13 14
-81 88 31
-22 -53 0
-95 78 65
21 76 12
17 -43 -84
78 -87 -83
-32 -10 -28
-99 -93 -76
-57 -85 -66
-92 83 4
-65 -49 76
-50 45 97
-54 98 77
-86 -39 -33
98 -53 -86
-36 71 -90
91 -58 34
-44 74 -23
-24 -95 42
-20 98 54
-82 2 87
41 -63 -71
56 72 59
-50 -34 11
84 -65 -75
-34 94 70
-21 -73 -88
83 24 -55
-79 -70 5
98 -22 65
12 94 6
3 -21 -60
92 34 -58
-84 79 -17
-41 -61 88
13 91 -86
21 -18 37
52 -21 78
79 34 71
30 48 -51
13 -6 -39
50 -93 -7
67 -97 99
-40 77 -23
14 94 99
94 8 63
-71 82 -15
98 -81 23
-87 -63 -40
96 -26 32
8 86 -93
-93 -39 -58
-89 44 26
66 -47 -83
-22 -88 5
-41 -65 30
14 -90 -46
-36 45 -86
-96 19 -58
-67 49 83
-75 50 -57
0 -82 40
4 -19 -88
-98 -66 41
-27 -64 -9
-95 -38 -27
-38 41 -100
-21 -38 43
54 -93 82
13 -79 -14
-7 31 -19
-12 -97 68
-93 -71 80
-69 -41 -18
-9 95 -99
-74 28 -6
-98 -69 -10
54 -34 -79
-39 18 -59
-98 91 -83
18 -9 -20
97 20 -81
38 11 -54
-75 -93 -84
87 44 -31
-61 41 80
32 -35 48
-78 -16 6
-74 1 61
-69 -48 72
83 -85 96
29 -76 1
-44 74 17
-35 82 73
63 90 -3
51 -29 73
58 57 42
38 15 65
-12 94 -92
68 -62 52
-88 -33 29
-28 82 50
-89 11 -71
-25 64 -80
-67 60 -60
46 -88 -87
20 31 -66
-10 16 -3
74 -9 -44
-85 59 34
-66 -7 43
72 19 0
64 55 85
-55 -42 -58
97 -45 77
-6 -5 41
82 -16 9
50 -54 42
52 -67 -72
29 22 -41
-23 19 -100
6 -66 -45
61 28 64
23 10 78
-10 -57 72
79 -60 -7
64 84 82
79 93 -5
16 51 -39
-22 -24 -57
-73 66 45
31 -88 -1
59 -92 -100
40 -81 -65
6 1 73
-43 -13 -8
58 90 -88
86 -85 1
66 14 -54
-54 -16 -22
-68 -16 -92
44 97 -79
86 74 -78
-33 -75 12
16 64 -79
2 20 11
23 -27 -65
97 -86 -81
-90 -73 -97
-54 54 -65
32 2 -55
81 -94 43
33 -8 38
-58 79 -51
91 -30 -78
-95 -10 -4
88 -18 -88
-91 99 -95
66 -62 0
-10 -24 -73
77 98 -59
-81 53 29
11 -88 75
82 2 21
-42 -27 56
69 -74 -13
31 -18 -22
-20 18 -25
-3 -66 -25
66 58 -15
-91 55 -13
-79 45 -80
-46 27 -73
-50 -34 45
48 -95 -5
-98 -14 -9
-21 -52 11
97 19 28
1 -48 -47
-19 -36 -100
-7 75 1
-47 -32 -33
-66 93 18
-98 49 78
93 82 48
20 80 -64
-19 56 53
90 30 12
73 -25 0
35 11 3
-14 -28 -99
-49 0 69
-39 57 91
-51 22 63
-88 -35 -61
96 91 17
96 -24 -46
-22 89 -37
-77 -18 53
30 -24 28
-64 -43 2
-92 -18 49
19 68 56
-67 -53 12
-96 3 37
-76 -77 -46
49 0 -9
-88 -22 -66
62 29 82
55 7 -9
-13 -23 -89
-71 64 -93
-86 75 -75
51 -39 -87
-88 -13 -75
27 43 -23
80 83 -2
-33 -55 77
57 28 -7
60 -19 21
-13 -25 42
30 24 29
-74 -31 54
-73 38 -27
1 42 46
-21 -73 45
-11 -78 97
84 1 -73
9 -72 89
-11 34 50
-16 -47 -94
-71 78 63
41 89 -87
20 88 -58
-53 68 -33
2 -88 -92
-64 -84 15
-71 -69 -77
31 47 37
42 -92 61
5 30 -11
32 -43 89
-48 65 62
-5 -51 5
-4 27 31
25 69 -62
-57 -55 -53
-30 -7 39
-9 -62 88
-31 -45 36
18 -2 8
-90 -11 0
91 53 -59
20 -13 -46
-36 -45 -20
50 3 -16
-3 -2 0
3 -79 71
79 17 13
-38 -27 -78
-30 22 86
33 56 -7
-78 72 80
35 -21 -60
-97 -51 30
-98 59 -13
76 97 39
-94 90 88
-73 -98 22
72 66 56
27 41 18
4 -17 -33
29 -85 -28
35 -36 -51
44 -91 -45
-13 -85 -65
25 61 -64
78 36 51
27 81 24
-15 42 65
-83 94 25
19 -38 -43
-57 2 85
-65 9 24
82 63 90
-72 -66 -100
-88 -74 -81
-68 54 2
43 2 -4
-9 -84 2
-65 -28 -44
38 -96 29
-45 87 -37
4 32 78
50 -68 16
-73 73 25
52 -17 -78
61 -88 -96
-46 -26 -10
-1 -45 21
-72 24 -49
84 -89 63
-45 -9 2
28 -24 49
56 -79 -100
61 38 35
-2 -26 -73
-25 98 -51
-93 4 87
-5 25 64
-33 12 79
86 97 -63
-70 -49 -37
93 84 86
3 -94 92
95 18 -15
78 -76 64
10 -8 75
46 -32 28
27 -11 -25
42 14 91
58 -71 -12
-98 13 -56
26 57 -40
-38 -82 22
42 -35 90
60 27 -56
60 13 -69
76 -99 71
-99 18 62
73 -97 -44
7 40 14
99 -74 -12
-8 -49 34
64 74 -57
-54 32 14
60 -50 -96
-8 -54 -95
-17 -36 47
18 76 84
13 71 -4
19 -33 -26
95 -27 -46
-91 65 93
-21 94 30
85 -50 28
89 61 81
12 37 -81
-89 19 67
-12 32 -52
27 -23 48
-23 89 49
12 -24 -26
-99 69 -82
-70 9 34
-73 60 -55
79 -57 -3
-25 -3 -89
40 -84 -65
-30 -68 28
-87 -6 -13
-75 62 38
-81 -14 20
-74 12 84
29 -58 -17
88 -3 -89
1 -50 -94
77 22 9
-61 78 54
-61 80 -89
-89 -28 -36
-8 82 -48
-74 -87 -80
-80 -77 -32
-48 46 -24
81 -20 -42
-46 -7 -32
29 -73 -49
-84 84 -100
-24 81 -85
59 17 20
-47 -30 47
26 -42 32
81 -95 25
19 -28 70
-22 69 74
62 86 -31
-22 2 95
-44 57 18
27 -37 98
-1 -74 -5
-73 10 -46
56 -4 53
64 -11 -98
-33 2 -74
-36 -59 5
-88 -63 16
56 -60 16
-88 51 -42
35 3 46
33 -20 88
-12 20 48
15 92 -52
24 73 -19
-59 0 40
-93 12 23
-43 -16 86
-58 -78 -36
-51 -46 1
95 69 6
-62 97 -88
85 -27 -65
68 86 49
-78 -64 18
24 -41 23
-83 -44 -78
-66 30 -58
4 -24 28
90 -19 -99
18 94 85
4 -83 21
-5 65 80
-23 -18 -86
-56 90 -38
-40 88 33
-71 74 53
-87 -67 -92
-51 22 -95
5 -7 38
-31 -34 -80
-8 -76 42
66 -90 15
-24 54 19
-39 -53 -41
-99 -65 83
56 47 -90
-65 -33 -20
-67 6 -75
92 69 52
7 -43 96
3 -9 -30
66 -22 -28
63 46 -96
-95 -77 85
77 -53 65
93 82 22
-33 70 94
-24 -83 -57
5 62 -91
-62 -69 87
-9 71 -28
-50 70 3
-76 37 -11
6 91 -83
89 -50 -91
48 -38 33
92 68 81
98 -100 69
-82 71 -100
3 -86 15
-65 95 -73
11 75 34
72 -79 21
72 73 -72
86 85 49
-43 -72 19
-27 4 71
-68 -80 11
-13 -52 -93
35 -86 -64
-19 -75 -91
-57 83 23
-97 26 35
-53 -19 0
62 83 -36
-84 -76 -89
94 -41 47
-60 -89 -3
-54 72 -63
17 -45 8
-90 -22 81
-45 56 78
43 -47 -23
-66 -94 87
27 -38 65
61 -15 64
-21 84 -46
-55 61 97
-69 7 -17
25 70 8
-51 -37 -97
83 -77 -63
-35 -82 -80
46 29 28
26 28 -90
-86 95 -75
92 -29 25
-18 -65 21
6 46 78
-46 -77 0
-6 25 -23
26 -45 51
-26 -13 82
-46 61 74
-50 81 -6
0 54 -61
97 59 91
-78 -59 16
-97 -88 -17
37 -19 12
20 -71 -57
5 -82 -80
-82 -94 -34
-77 -44 79
-10 68 -4
-27 42 50
94 99 -84
7 -47 -49
85 43 23
35 34 -42
-22 38 -89
18 -98 27
67 -43 -74
85 -99 48
31 -8 21
80 50 67
17 5 -31
42 -61 29
67 -90 -3
-10 53 -86
-3 37 -25
92 -3 39
-44 2 68
-51 -30 -92
-46 96 24
-89 49 -30
-40 91 -85
-17 74 -45
94 -64 -23
-73 -33 25
-6 93 -46
8 -77 1
-35 -25 -65
97 -44 95
82 58 -21
77 41 30
-90 -88 -50
33 -74 -91
31 -93 37
50 -29 92
42 -73 -30
-97 88 83
41 67 -92
97 -67 38
40 -26 -11
73 96 48
-93 -82 -86
-25 9 79
85 35 -57
71 -52 12
99 58 88
-24 -10 91
-38 21 74
-39 8 -36
-40 -88 -41
-34 -35 41
45 67 -30
81 67 97
67 1 -20
95 25 -51
-86 -52 95
36 -50 91
-59 -45 36
9 -10 -60
69 35 -1
44 47 -10
24 -66 98
76 92 20
67 -82 -86
29 45 -39
52 -67 -75
56 58 65
79 18 -39
-76 54 31
-12 -86 70
40 -67 15
-90 -42 4
8 68 -67
-61 76 -55
40 76 59
-17 70 -94
20 -59 -15
44 30 -4
47 32 -51
95 61 55
-98 86 -37
-69 71 -29
-16 16 -73
-3 -14 -97
69 -53 4
-90 6 63
30 -50 27
79 81 36
-91 -41 -25
88 28 -29
-40 59 -16
0 -64 -89
-14 -41 15
30 17 92
-14 -41 86
-24 -27 38
20 13 82
0 -50 -70
-44 28 54
-100 27 8
95 -64 16
97 -32 -77
-21 45 -82
-27 67 63
-47 -17 -84
-94 70 -76
-20 18 -39
30 -5 82
-94 -62 29
30 90 13
-30 17 -40
-15 -68 -56
81 93 99
15 50 6
-99 34 0
-89 -40 -4
-31 -33 -100
-24 -56 49
48 -21 -77
-51 13 4
-66 42 14
-16 -72 -40
95 -40 -67
-58 -97 -9
-7 89 14
14 -63 88
17 29 -75
-19 -84 21
-76 89 -36
-35 -89 21
-91 -51 -76
56 89 20
-99 16 0
-49 6 -37
89 -6 63
-91 57 97
98 11 -79
-3 97 74
70 50 -98
8 28 86
73 52 93
-80 -39 45
-46 -83 90
-69 52 -61
-76 38 -33
60 -23 -45
84 -67 -54
-98 26 21
59 -52 -16
-85 46 52
-75 -14 28
48 88 68
-33 98 -62
98 19 -43
-42 92 85
62 -22 -100
-51 -70 59
86 1 -19
39 -91 2
-94 14 -79
-91 -88 75
-95 -2 -53
-93 19 -16
-54 -98 75
30 34 4
26 -35 12
-7 -97 7
-9 -25 -95
-94 87 90
89 -71 9
-63 -89 -55
-30 -37 83
48 -75 -51
30 -58 -39
-34 36 -72
22 -6 66
0 5 43
25 -96 -92
-43 33 12
-59 -17 -75
13 32 -28
64 -98 -76
-75 91 -100
77 80 28
-16 0 91
18 74 -53
28 78 -91
-73 -92 -82
2 -39 -36
5 -71 -95
-60 38 -91
93 55 99
-97 26 48
8 -28 48
-79 16 18
-80 3 73
90 -1 56
-42 70 -6
99 -45 46
56 -29 83
-14 91 25
-16 -23 65
-68 -22 5
-16 28 78
-33 -79 -3
-14 40 53
26 -22 80
-14 -99 -60
73 26 -97
-5 87 -80
13 -35 -80
-76 73 9
90 -28 88
60 -66 76
32 -48 -55
-48 29 66
11 62 -58
86 36 -19
-50 31 -66
54 -52 81
48 -51 53
35 42 8
76 75 -42
62 31 -42
-45 12 -12
-77 -34 -93
-21 -76 -3
96 62 -2
-29 49 -86
-82 -62 -31
40 -86 61
-60 25 -48
98 -36 -93
-11 91 -99
88 -100 92
-70 47 -93
62 97 56
83 -36 -4
-92 -43 -93
-19 55 -1
57 -95 -6
-64 -2 34
21 28 -20
13 35 -63
44 -98 77
88 -35 -13
80 65 39
-40 -78 83
67 66 -18
99 48 69
-34 41 -6
-27 4 -85
-20 -39 55
86 -26 26
38 59 68
-36 -24 50
97 -94 75
-15 27 -17
15 -34 89
37 65 32
74 0 85
-15 -40 -39
77 16 82
94 63 6
28 -10 -61
-20 31 -84
-31 7 69
83 -66 -50
-62 54 27
58 -7 6
88 -62 -98
8 61 15
86 30 -7
-54 -98 -29
-34 -24 -31
91 39 -55
-56 -48 83
-37 15 -34
-6 -42 25
-43 23 99
-80 86 -30
-29 -8 -96
-76 -44 -69
-68 56 -42
-15 41 -84
16 -27 -31
-82 -56 -34
-37 25 70
77 72 -50
-15 -85 50
-89 -80 -61
-26 -80 52
-92 -27 28
-5 -69 -25
-9 -92 -1
-95 -14 -31
-54 -63 4
-10 29 -93
24 2 48
-46 -34 -98
-1 63 -97
22 -24 50
5 -53 89
-18 79 48
49 -44 64
-82 -63 -95
75 22 -95
98 28 48
-53 -54 10
-52 -19 54
0 39 -95
-43 9 -29
-64 74 71
12 -14 -39
52 93 -98
63 68 48
-76 31 69
27 -32 -67
78 55 -16
-94 45 -51
43 18 25
19 -59 -97
-99 18 -12
27 -13 46
-87 95 72
14 -53 22
-5 12 19
-46 59 86
59 -54 15
-2 -63 10
-62 -46 28
-12 79 -2
-45 37 -54
79 94 -21
4 -40 15
62 46 -2
39 48 -64
-92 -2 -11
10 -5 -62
13 -32 53
74 9 -37
60 -29 69
-92 74 -19
-71 68 91
60 -35 49
38 -78 -23
3 56 -78
88 -12 79
-73 22 -20
87 -64 -11
-72 99 -83
69 -9 39
-2 -29 88
-50 -20 94
-96 28 -21
28 7 48
-14 63 -40
-39 67 2
-52 -22 43
35 33 -61
-52 -8 67
39 31 41
-57 -63 -99
22 88 -52
68 26 37
66 -10 -16
-4 22 -89
-70 0 59
10 -20 -92
7 13 42
44 -98 36
-34 -55 -81
-69 96 73
19 -79 -30
-37 64 59
-97 79 13
56 -34 0
-91 -2 78
-2 75 -96
13 73 71
-96 -44 42
-20 -99 -16
-69 -64 12
-40 -30 64
-52 -59 -49
39 97 -92
-53 -42 59
28 99 -4
-27 -91 -72
21 -63 10
17 82 68
38 -60 -34
-52 -71 -26
1 27 81
-95 47 68
-27 31 -5
80 -55 -69
96 35 -13
59 -42 97
28 27 14
-47 -61 -89
-71 -25 -70
79 -7 84
50 -94 -79
-76 -78 67
-32 -1 -64
42 -39 24
-53 14 -42
-94 81 -7
23 95 41
25 -27 -67
67 34 60
-81 57 -61
2 -52 54
-13 -65 -45
53 33 66
42 43 17
4 -44 -27
-96 -88 -15
44 76 -82
65 -46 -65
47 91 26
-35 20 -55
47 -51 61
-38 -68 -43
93 78 69
70 -6 54
-32 30 -30
-77 48 68
-20 -17 -34
88 79 33
-77 46 53
16 -67 -51
26 12 -73
-6 -52 86
4 -34 -35
-63 -88 -57
-14 -8 -39
63 39 -96
6 -38 -4
-67 -70 83
-31 -22 -85
-25 97 -98
-88 88 -60
79 -99 -7
39 -27 -29
-59 -90 -68
33 -95 -81
88 96 -94
31 -67 94
-68 -2 49
97 11 -34
17 -95 -71
80 14 52
-75 -55 -13
83 33 -42
-33 0 27
87 -63 -27
28 82 -45
-11 17 2
-48 76 35
-43 77 -86
53 -15 18
-48 -29 7
-4 -34 0
86 36 10
-61 -16 -56
15 26 5
55 14 -8
-69 77 16
-88 -69 -15
-45 -89 -68
74 -34 -91
-11 57 -5
-87 96 -76
-67 -79 17
-79 -96 70
84 -32 -47
67 3 33
7 -80 -78
26 12 55
-31 -20 90
25 9 30
-93 -79 -73
62 99 -79
-62 1 4
33 -39 46
-47 47 -94
-90 4 82
5 8 -3
6 60 63
-84 -100 71
9 13 -45
7 82 29
-71 16 -3
60 88 54
27 -76 54
88 20 32
21 47 -51
-100 25 -6
-99 45 1
64 38 97
89 -69 12
-64 -55 -33
17 -11 58
-31 -93 -83
-11 -3 1
-44 -97 77
-2 -41 70
-1 -56 91
-40 26 41
-58 49 -61
-65 -17 -71
68 -46 49
35 15 -76
-2 72 -11
52 -4 -99
-73 7 80
-61 -18 -16
22 -20 -85
-31 47 8
41 -61 25
3 72 32
-18 52 92
-32 76 -11
-2 -88 -68
77 91 66
28 33 3
81 -80 -31
85 -88 64
-96 -92 33
-40 -85 -79
-38 1 54
-37 66 -13
-7 69 -2
-83 4 57
81 29 -82
18 71 -26
59 -66 -64
-16 64 -34
-14 -40 -1
81 -44 -65
99 60 -55
-12 -91 -25
-20 13 -58
25 -96 32
98 75 -51
59 63 55
-79 -27 -95
11 -86 85
-5 64 13
-57 -96 -69
17 80 52
-57 70 -5
-64 53 -71
36 -81 98
-56 89 -36
74 93 21
58 89 -47
66 -28 -64
-20 -95 -78
2 86 -17
13 3 96
-33 -81 -64
-42 -15 -86
-83 63 87
34 30 47
6 21 64
9 94 19
78 -61 -57
52 96 -21
58 -69 -99
-57 44 64
78 20 -18
53 49 96
12 4 -19
21 -19 89
93 74 45
64 18 -98
-28 -55 52
-91 20 -33
40 -22 95
32 11 77
80 -47 -69
38 0 -60
17 -38 93
67 99 4
-45 -14 -16
69 -80 50
-48 -23 87
-91 -24 -85
93 -23 -66
-85 95 -38
-28 72 -55
-4 -25 -20
-46 -59 -15
-34 15 84
98 -64 -23
-62 61 49
-47 -91 -19
92 79 -70
38 41 34
74 52 -22
39 95 -9
84 62 83
-46 -1 -30
-22 15 -29
-43 46 58
-74 76 -81
-38 78 -63
-56 64 86
-33 -22 -36
59 -79 70
-4 -66 56
-70 29 -10
97 14 6
-62 -91 -6
-59 53 88
-97 -76 -70
28 50 -99
-37 55 -78
-76 -12 -91
84 -40 38
40 -55 -93
84 32 8
-81 91 -3
-28 53 91
21 -82 -22
8 -62 -75
16 -36 3
96 -53 1
-9 -63 -54
53 -68 78
-75 -57 30
58 33 -7
41 94 -92
-97 -44 19
-35 -68 -13
-18 -31 34
69 -66 83
84 22 -9
-80 10 -55
-80 16 -3
-92 -94 -13
-86 -67 -73
-47 -57 -51
35 76 42
-59 28 -65
-18 -78 -85
16 -56 -14
-23 37 17
-12 53 -70
-81 21 -43
-44 -82 76
25 59 -84
53 72 46
74 -90 -48
-60 -86 -100
-18 -60 -25
7 25 -71
65 -74 -23
37 96 -27
-48 -67 -54
-26 -42 -51
-49 86 -41
44 -38 -64
-100 41 75
-85 -55 8
-88 6 14
-56 -54 15
39 4 50
84 -22 59
-15 73 19
77 -42 -9
50 82 59
-67 -36 12
75 -68 34
51 -72 -68
-78 44 53
36 -34 -3
5 73 -12
22 55 45
61 19 -60
-44 1 -33
-80 -4 -91
92 86 -8
98 -2 -20
-3 27 68
-59 10 30
-92 95 99
95 46 -46
-30 -97 71
92 37 96
70 -10 29
-80 42 80
-31 63 -2
30 -98 5
77 -39 96
19 -27 80
-26 -40 -27
99 41 14
-33 -64 11
18 22 52
50 99 7
-32 -33 -22
-13 23 -71
-98 96 -6
-51 -34 -16
22 -89 -43
-28 51 15
18 53 16
-27 70 -80
-95 38 -92
80 -77 77
49 85 13
64 93 -13
99 -66 -8
0 25 -58
-61 -22 22
5 74 82
-41 -77 54
75 -91 -98
34 -98 79
-67 76 88
56 -13 -41
-95 50 37
-98 -36 -85
-74 -65 -6
72 35 48
96 71 33
76 59 -7
-48 -100 -91
56 -82 51
54 81 34
-34 64 79
-38 -94 -58
31 0 -96
21 -48 -37
13 10 66
29 -38 -23
71 -98 -90
-53 58 -46
76 61 78
2 48 -61
86 -59 95
-20 51 -37
-19 -92 -18
-31 -13 -73
-95 56 7
46 44 89
30 35 -94
-24 25 28
6 -90 30
5 -16 -34
89 33 -50
-15 -84 -6
1 28 37
-52 33 -8
7 78 4
-19 -60 48
-8 61 66
21 17 29
-32 64 -51
-95 40 -46
-79 -44 67
95 -90 72
-92 63 -54
-51 69 84
48 3 84
54 78 40
-30 -55 -52
69 94 5
9 -47 -84
-69 72 69
68 -60 56
27 -57 24
54 -41 -99
44 -15 71
-93 -58 -35
68 -62 25
-14 29 5
67 -88 83
35 31 20
-96 31 54
-98 32 -70
-77 52 49
56 -39 97
-77 -85 -24
-22 12 -5
-96 -40 42
75 -50 -11
-63 -90 4
85 86 -85
-49 -70 49
-84 -88 -53
-67 -18 19
72 -89 -33
92 61 -1
92 31 -16
87 90 74
94 -48 -32
-28 -77 -20
7 -58 -17
99 -92 41
95 9 -4
98 81 -94
-64 -37 60
94 72 -77
71 51 35
-48 43 -54
15 89 -75
-90 -53 -84
32 36 -19
15 -73 9
-89 85 -39
59 -84 76
-85 -9 94
85 21 -74
-40 70 -58
-16 -71 13
-2 35 22
13 -90 -68
54 72 86
-57 -5 20
31 -98 97
-22 52 99
-74 -97 69
-71 -89 -78
-92 36 -33
-43 -58 -75
16 -60 23
80 -2 -72
-84 -15 58
-69 -79 99
75 -9 51
-56 4 73
36 90 72
-12 -24 -34
-29 -44 -40
-90 5 -31
32 -38 21
59 56 -27
-39 -16 -78
-37 83 -29
-14 -85 -60
-60 96 -98
9 84 64
-95 -90 23
-34 50 -66
77 76 -20
-5 -96 88
-53 -76 74
-12 34 -74
-82 35 70
87 97 53
-96 -77 70
46 24 -24
18 94 -72
41 -26 -10
49 89 -35
11 -45 94
-20 -69 4
-40 -63 -48
27 70 99
12 -21 85
-19 -8 -55
-75 -62 13
-7 -84 68
-87 -9 13
86 -72 -88
70 78 -37
78 87 -28
-99 74 84
-40 44 -74
3 89 -61
-46 6 87
78 -70 95
-81 47 21
-58 49 -70
-3 -16 -53
84 -54 97
80 56 78
63 30 59
-64 52 0
6 65 -38
44 -39 66
-37 28 17
82 12 -66
30 -19 9
74 21 -46
-56 25 4
-27 -50 29
-21 66 -60
6 39 73
10 -36 -53
-8 -98 -73
-18 85 62
-70 27 -17
-8 -39 -20
40 -33 37
-25 37 40
-18 62 -33
21 -90 -98
88 -100 -56
22 -2 39
25 -23 -39
-95 83 -7
12 87 -51
-26 85 27
-38 -36 -27
67 -26 90
-89 -70 -98
-40 -83 18
85 98 42
50 78 -79
81 63 -44
8 -90 49
79 -15 -32
-50 -52 -88
55 56 -14
91 -72 -92
-31 25 30
89 -2 80
-17 -6 15
-11 -63 64
-53 -83 74
86 16 22
9 12 38
-37 69 -30
-15 -20 62
-98 5 -67
-81 19 -7
16 99 -41
-83 78 66
-22 29 -48
-62 -58 -75
39 89 -5
-18 85 56
-5 -74 -32
11 50 -41
-28 -83 -32
-19 73 95
-22 68 -54
85 50 -63
22 -66 -59
17 73 -14
-45 77 63
10 -20 9
7 -65 -40
-96 -58 -93
19 37 -12
14 91 -47
-45 80 9
-33 -3 -56
3 15 77
31 -38 -60
41 -75 -3
-17 18 -34
51 76 -24
-66 20 96
-55 -64 -20
90 66 38
57 63 47
82 67 -26
44 -28 -97
-81 -26 46
49 -59 -13
12 -9 -78
-63 95 77
98 -92 48
84 -29 -6
-51 86 -81
-74 26 -14
23 69 -39
6 53 81
36 -15 -23
-96 86 -4
57 94 95
42 -36 -12
88 19 10
37 31 20
76 58 -74
10 74 -25
-47 -61 22
-35 15 28
95 -83 -18
-59 -54 -17
-8 -92 -46
77 -32 2
-16 1 -4
-2 -96 67
-46 37 50
-96 -52 -53
-99 63 -2
87 -10 -26
5 40 68
-24 27 -17
78 24 -48
41 19 23
72 -29 -74
-76 -38 -78
-10 84 -4
-78 -90 50
-92 -43 -55
16 68 -47
-23 -27 -41
-49 90 -64
-44 -64 37
-88 -70 75
81 98 92
10 -83 64
-62 -69 80
-16 3 -52
-50 72 -17
-1 -25 31
-43 5 -71
-25 -71 45
-1 86 -86
-17 -51 28
-29 -1 -5
-92 51 67
4 -25 -65
70 -27 -20
27 -77 -25
76 15 7
92 87 32
1 -68 21
93 -39 -53
33 42 2
30 50 64
-73 -36 38
-76 64 -66
46 -99 63
-16 16 27
91 69 10
-98 -7 -55
-18 23 -64
-22 56 76
-12 -44 64
-66 12 80
-36 -28 12
74 58 -60
-45 82 1
78 -55 -93
-16 -35 13
-67 17 72
83 70 -94
80 43 -79
-52 -6 74
-23 -51 -47
-82 -34 -67
-79 89 64
-75 16 -23
56 87 -94
6 -52 81
-88 -27 1
-97 -22 -76
36 40 50
94 -26 -88
88 -68 -9
-52 70 46
38 -27 -3
38 -75 14
83 86 7
-4 -55 34
-88 -38 -9
78 96 71
94 -21 -13
-93 4 19
-38 31 56
-6 31 32
23 91 87
5 24 2
9 -55 91
19 28 91
-18 71 -12
14 4 89
3 -27 -18
97 26 34
54 -89 34
-34 6 13
-61 29 -37
-85 -90 -58
-68 43 -22
93 -23 15
98 72 82
19 -56 83
-26 38 -63
52 -44 12
43 -27 57
-11 90 99
-34 20 4
-92 61 -97
43 79 62
15 19 -78
0 61 -19
17 -22 -16
-21 -68 -35
-6 -49 33
-81 -38 40
-100 -43 56
20 -57 -64
34 -31 -64
91 -5 -75
86 93 15
97 17 27
17 -9 89
23 13 52
-66 -19 31
30 -1 -33
-31 -43 51
66 96 -41
-67 -97 -46
-8 50 -72
-91 8 69
-56 -10 58
-57 49 9
32 -79 -21
63 -77 -33
72 -61 38
-6 -39 64
-13 88 -93
18 -69 25
-58 -84 1
44 -96 -76
-95 -5 18
38 -92 68
27 -85 64
-27 22 13
77 -53 40
-30 78 3
-2 -88 -28
76 2 -87
5 82 66
44 27 -91
74 -20 6
0 -35 78
-56 94 -75
-64 41 78
-13 -73 27
96 77 32
9 -85 -11
1 -41 82
58 16 -33
-11 66 -8
-2 -32 76
-29 54 -13
-80 -29 50
-72 97 62
-100 77 69
-39 6 73
-30 17 99
-74 -71 36
-78 -82 -29
-54 -20 70
-86 -13 48
8 -70 51
-13 -33 -18
3 27 76
-29 84 9
38 33 59
-75 -19 -85
44 -39 36
43 -29 65
-59 -95 -57
-26 73 9
54 -43 68
70 -29 -84
-98 -90 -49
-63 47 -65
-29 -50 27
-95 -63 46
51 -65 -66
40 32 94
-91 -6 -65
61 -95 63
-31 -37 58
20 82 92
-85 32 96
64 -50 78
-80 98 -12
-63 22 -9
-57 14 -90
98 -54 91
80 87 -46
-87 -82 1
-44 -38 -72
-94 -8 42
-86 17 1
89 42 -96
53 -63 -38
96 -80 -98
-34 2 -31
-25 -50 37
29 -33 -63
89 -37 68
-69 -66 -43
-7 -15 -23
-72 -16 74
-66 -74 -80
-97 -38 -65
-88 36 -54
22 -46 -97
-7 35 -14
92 6 -97
85 38 87
-14 -81 -48
-54 43 -56
88 6 14
-81 30 89
-40 5 19
51 0 -18
-26 39 -1
-86 79 -99
-79 -57 36
-27 19 -61
-84 57 86
-70 -14 -21
79 -96 -84
-41 -92 -22
49 -26 11
-23 -67 48
77 44 21
-15 1 49
38 79 -92
-37 65 22
86 1 51
8 17 -34
-31 -35 87
-62 -5 75
23 30 -90
35 -72 -19
96 25 62
16 -83 6
-45 -64 -24
-77 10 -76
-15 -90 98
-96 23 -63
-86 71 -73
90 6 4
-90 79 -52
-44 25 -80
68 -85 -94
-44 87 -95
86 1 3
24 39 27
-35 20 -61
42 9 12
-4 -77 -88
-3 -90 -94
-7 -47 83
-38 -85 84
88 -76 -51
-42 69 82
-66 58 -34
66 -20 32
11 -28 84
-21 33 -25
-59 -48 -52
81 -69 -25
42 -29 46
-35 -80 35
-9 -69 -81
89 -4 -7
16 87 48
17 26 99
29 40 -34
-37 86 55
-51 -83 -70
-53 38 -27
-94 -27 66
18 -98 99
-98 76 -62
-40 -37 83
10 -17 -99
-1 18 -16
36 64 31
28 -3 -100
97 29 -84
3 28 -68
51 66 -6
95 -100 -25
75 -42 -46
-24 57 -25
-70 -77 -58
81 62 75
77 -27 -46
7 -24 79
57 11 70
-25 -54 -10
-77 -16 -22
-23 -25 -91
13 16 35
40 -81 -89
52 29 -60
59 -6 -20
19 -4 55
-19 36 -37
37 -52 -97
-9 56 43
5 -11 92
18 -4 20
28 -62 87
68 -78 -48
1 -23 -66
35 -11 77
60 49 -37
-59 -22 -20
14 -81 -72
3 -66 -72
-7 -63 45
-36 -52 9
48 -66 -85
41 -55 10
-13 57 23
-38 -66 -70
10 -63 -41
-54 -99 -96
38 -68 54
-88 91 2
6 49 -73
-83 2 79
24 23 -49
-88 64 -59
34 1 -83
31 28 -100
9 -72 18
98 -96 29
49 59 -90
-28 -76 12
-42 -57 67
-16 21 23
10 -5 24
-3 -7 39
79 -43 -48
72 -45 -75
-43 -19 -86
-17 -31 -82
-54 83 -55
36 78 49
-37 27 45
-78 -32 -66
15 77 -47
27 98 -91
-22 27 92
-3 -95 -99
58 50 -83
73 -35 90
-91 -68 -83
-72 74 -30
73 -79 86
-13 4 -9
-35 -21 48
88 33 64
21 61 -95
19 24 -13
-11 57 -17
76 0 -68
-81 -45 60
-74 -10 -92
-63 -78 -57
35 1 4
5 -47 22
81 -44 29
-7 36 -64
-42 41 -64
-5 19 21
-5 56 -79
-19 15 -49
9 8 -21
-16 15 63
35 -13 76
99 -37 -35
14 -14 -26
0 -80 86
-49 -20 -3
97 -2 82
41 15 1
-63 -68 -67
-86 -73 40
80 67 40
10 94 -13
83 58 90
-27 39 53
-26 15 -31
-28 -46 77
7 -54 -58
26 -52 62
-94 -45 -72
72 3 20
-70 39 72
76 -64 45
-40 59 55
69 -10 -97
-73 55 18
-95 31 -6
76 27 -75
-39 81 43
24 29 31
66 -33 12
-55 -89 -42
-29 69 -55
-6 -76 -62
-28 70 60
54 -95 -16
-75 78 -55
50 -4 16
49 54 84
16 86 88
-64 77 23
90 47 -100
-28 12 73
84 -5 -100
9 36 0
-50 44 48
97 -15 -31
70 -6 -32
-92 57 83
-21 -2 57
-59 55 95
75 39 27
84 -20 -91
-78 27 -59
-64 5 -98
45 67 -14
-98 66 -67
-26 -87 -19
9 -95 -49
-57 53 -11
60 28 3
28 1 -60
83 57 -63
27 8 -82
84 -3 36
14 -13 27
-58 61 -44
-32 49 -94
-55 -76 -46
-81 10 93
-12 -78 -91
-91 18 -20
-92 20 6
80 29 97
81 -35 35
54 56 86
57 -41 -7
-57 42 52
59 23 79
38 -88 -84
22 -20 67
34 -25 -35
68 64 -50
86 -29 -79
51 -14 -24
66 -90 -69
99 -66 -70
73 -25 83
22 -45 62
35 -71 40
-78 -39 -67
-75 -88 88
32 41 91
24 -35 -88
67 21 10
18 68 -16
47 -67 29
39 19 -4
-82 62 6
98 2 47
39 -2 45
-1 -48 61
79 -43 33
72 53 -24
20 58 -20
-13 -72 9
-54 32 -75
18 11 -87
27 52 1
2 -12 -5
-64 0 52
54 95 90
-68 -10 28
50 -83 67
67 0 79
-34 8 -79
11 -45 49
45 -94 38
86 21 64
90 72 -41
37 18 -57
-3 37 -92
-40 16 58
-14 -21 -9
-16 8 19
-71 36 -59
78 -73 95
40 -41 -30
-3 4 18
-14 73 12
58 4 -40
-29 -19 77
-36 40 75
48 -34 -97
-58 -76 -2
8 -24 -48
31 79 34
34 38 97
36 49 -99
-90 -18 -44
5 78 63
73 7 45
21 56 -88
10 74 81
99 -25 -47
53 -16 50
-81 -72 -75
45 0 -77
45 -82 -89
2 -29 7
73 31 -37
8 -13 50
-26 84 -6
-96 -42 -99
28 -39 -69
-33 28 -34
-49 65 96
-93 -44 -56
-72 -29 82
12 90 26
-44 -35 30
-60 21 35
49 3 -51
-99 41 57
74 -93 96
16 77 17
51 20 21
34 2 81
64 44 93
-38 84 89
14 -86 -11
-23 8 71
42 -28 -38
70 19 60
81 88 61
42 80 12
58 13 -14
69 -78 38
97 17 24
-43 -48 -94
-100 21 -18
-100 75 -74
-4 58 70
-75 -7 58
60 -28 39
-11 -55 -77
-4 -83 -55
-59 -47 -45
-69 -39 16
52 -77 -7
-8 -93 54
-89 21 -67
-51 -28 87
67 27 2
89 -32 -5
-65 -33 -16
-35 11 9
-86 -81 49
41 -89 60
8 85 79
-71 -99 39
-85 -58 -63
0 -48 -3
58 92 -49
94 -21 65
23 -67 77
-55 51 -57
75 -50 53
-69 44 -54
68 -53 -25
23 97 30
-28 -41 80
78 -42 86
86 27 15
25 -43 -42
-79 -15 -57
22 -71 -35
-100 -47 96
-46 71 78
-5 -24 17
69 11 88
-48 -60 4
72 -80 80
48 49 -22
40 15 -79
-77 45 -18
-44 65 -89
-3 -37 -28
-64 -97 -94
-10 -23 -85
-52 4 -35
-67 -50 38
40 82 66
15 75 61
52 74 71
3 75 90
-26 50 71
-12 -21 -93
40 -1 86
-98 77 22
89 13 -71
-64 -82 30
67 97 7
-59 -28 68
-37 -68 -69
-50 11 0
-59 92 5
-42 -100 12
-100 -25 -12
67 99 40
-54 -100 72
53 -79 75
-47 -99 -15
67 61 83
-99 21 1
-49 -100 19
22 -43 90
14 -98 23
-89 97 76
-65 -18 39
46 -3 58
-43 -94 -53
40 -90 -71
-35 -34 -43
76 -19 31
-71 -66 37
52 33 -63
57 -78 -37
-15 74 -1
-33 -98 -26
56 33 -29
69 -66 41
-90 -50 38
-29 -56 -20
44 -75 -57
72 23 -39
-24 -99 87
23 22 26
-26 90 34
97 -16 -55
63 -25 22
94 37 16
-99 68 62
-94 -29 -65
96 26 -25
-64 -67 33
-80 -37 -55
-43 64 -62
-63 32 45
6 33 86
-46 85 -21
-48 30 3
7 63 64
38 -73 -16
26 -11 92
40 16 -84
-55 81 -74
6 97 84
89 -26 55
-39 -84 -80
-62 38 43
6 66 13
1 23 71
78 83 28
23 41 -61
61 -100 48
-76 -88 51
-24 5 -92
-54 64 27
74 -85 -11
-84 -29 -8
35 90 -7
-13 0 75
62 4 -35
-86 -59 -47
-33 -48 37
-40 91 20
18 -76 61
-95 21 33
-5 21 -26
77 -8 -33
-48 63 92
-72 68 62
-60 99 -34
-63 -89 56
-63 54 5
-90 -100 -12
14 43 91
-16 17 -84
94 12 93
89 62 81
-95 45 14
-52 4 46
-35 18 86
-97 62 -91
99 88 -60
69 21 -75
-5 48 -60
-9 -94 -18
14 89 72
93 -11 12
-61 18 92
66 -39 -10
-56 -75 -47
78 -17 96
29 85 30
-52 -78 -2
66 -76 3
-89 16 -93
13 -59 38
33 8 -25
20 -39 40
-52 49 46
28 -68 -54
7 92 -83
-13 -27 45
99 -61 -79
41 -87 -51
85 -55 -50
-76 -6 -3
-61 43 74
-94 -53 51
-21 -33 -57
3 -78 -90
55 -93 95
-63 -12 15
26 64 -24
-84 76 -69
-40 17 -99
-79 48 -17
-62 23 -19
67 -30 11
-24 -29 92
70 -50 -25
40 75 -63
27 -74 -32
-42 92 -83
-37 -86 -96
33 43 29
44 -94 61
-41 -96 -81
18 13 65
7 -49 -66
0 -30 89
80 85 -18
-12 31 68
13 81 77
51 -71 -73
11 -96 -6
95 -35 59
-28 -67 6
58 -18 -32
-89 73 19
-38 -32 -84
-23 49 -29
2 82 -32
52 -48 -92
-27 94 -86
85 82 -73
92 -53 -70
20 -66 -64
18 -97 70
-65 -55 -74
-67 -12 32
-79 13 -75
25 -41 91
11 -44 -14
-28 -71 -74
-64 -37 8
-77 45 35
98 -73 -48
-87 -69 91
-56 76 51
-22 -87 -47
16 -28 84
55 58 99
-79 -81 64
25 15 -6
-74 -50 49
62 82 -95
26 85 98
57 -37 -26
52 46 -53
-100 -95 81
14 99 -90
49 79 -55
34 -6 90
69 51 -50
24 -3 84
46 4 -21
0 -40 53
19 7 37
0 92 -35
23 89 38
-68 -84 -54
-60 27 -28
-32 1 -53
73 54 -49
-72 -54 -27
41 -82 -96
79 -30 8
77 -86 -12
-32 59 -72
0 -84 27
4 93 20
-2 -78 -40
-74 45 48
2 -94 -4
3 -2 12
-34 -89 67
0 83 -15
61 -45 69
54 30 11
-1 -45 83
-1 17 70
75 93 -67
77 -83 -85
-82 -47 62
-66 2 96
14 -74 -14
-71 37 -5
78 17 -34
-9 -20 13
-96 -79 -89
15 18 -26
-15 94 26
82 13 -99
-47 23 25
-97 31 -57
21 -43 33
-11 79 -90
-32 -57 51
81 -53 -46
41 -77 12
48 -51 52
12 61 -57
-99 -51 61
32 52 85
-76 96 37
-41 72 -62
-3 -92 -5
-33 5 -77
84 -45 23
64 57 53
-53 -44 -22
-87 -8 91
-3 -10 67
-4 -23 -17
-6 -10 68
-84 79 96
-72 99 -80
-36 -5 55
33 11 -14
-2 52 61
-88 3 22
-24 96 -42
-64 -19 -65
26 65 -73
-42 6 53
-13 -15 -59
-50 84 -93
-46 86 66
50 15 -52
-83 -13 -49
42 -3 -28
63 40 -96
61 -75 42
-22 -49 -38
57 58 -27
43 48 17
-25 -32 -81
-53 -93 -41
61 -94 70
27 -1 47
-72 22 -52
20 70 -33
40 -66 3
-22 96 -71
-66 10 54
85 -21 -51
43 -80 11
75 -4 -3
97 -32 10
-81 21 -23
78 18 98
-67 65 -85
7 -74 11
13 -95 69
37 50 -3
-85 61 40
-39 89 68
-37 -61 -35
14 80 -21
28 -98 -68
