2000
-66809059 -52063817
-45579221 -29945571
-10377216 -47070230
-3006942 -63794933
75857667 -51367563
11453033 -65361229
-80485889 -39132844
-65934858 93975545
-37350092 -17014341
40554841 98971186
5940171 -20878525
53261459 -61401208
-35672154 58557628
53603043 16200646
1517447 65038240
31178616 1596187
58818481 82243991
61080126 -18854168
88557558 47190732
17309290 -52757929
90464206 99619873
-59216367 1343348
-31012574 94341579
24378241 -4331010
-33486097 29903217
-78418841 60549536
33353808 4812732
-42905429 -91749144
-33003314 75140767
71957959 -70856316
6878653 26009254
80195264 25222095
-87597832 -21346250
-11200986 47391532
-76074679 88059013
-35733746 84903250
63610723 15956099
97353912 -99266008
-85459521 -93481313
-84694488 -93138922
43995506 74727461
-41984072 -6881242
98213299 58408083
-8331963 27985872
-67139220 -88713931
-84285165 4317009
3848089 -63547210
44225507 -44801095
7251732 -88435309
-41491162 46539719
-73894249 86783284
4330468 50213706
-96305683 -17536284
97748012 17484932
28980957 24711792
-24875719 29840838
-19330760 44824814
-63856914 83931139
435842 -55175406
-44861453 88055551
26978013 62370147
49724817 -27792829
-69318831 10773917
16818857 15289565
-82534269 -70986789
77916777 98229951
42109278 -97213658
-90161697 84338541
-74852168 -73893699
13825072 84759519
70653665 -84931723
34548102 -56384547
37061173 31471291
16871549 -83830014
-81189032 96290926
-71066636 -37108469
-40502350 -72266334
75515060 -1996549
27444909 48624359
-30837963 -19298161
17917645 -94104693
72409738 96605339
-98527881 -50251449
-40148888 -91578454
-93965649 -75718631
20271838 -21592933
78468764 58771133
66352209 28665362
93960710 68073490
-44921837 -51462213
52122629 4903662
94901542 38982363
83870614 35823619
60717940 19796270
88308870 30415935
-53360912 74739207
-39978708 -98379553
62741952 99317653
-31388718 -73700506
-77198989 -66818857
-35811888 85538694
-3610928 62210788
-11331832 -38377265
-21573010 -55372325
15001659 -63450872
19492133 37597852
-84811537 49386128
-39475920 -47170889
73260080 89533477
88611020 -8442063
-1147748 -5686281
-5731300 -65101180
-18154972 9309279
-35900295 97957982
94850475 -42402830
66915083 18279190
-52098451 -24036831
42799744 -78683722
34013772 -95576715
39041102 36077841
-57301367 99192183
61475488 -50886163
73063488 -5707166
-99318650 8848610
38510031 95780096
49856720 69488566
53692011 -2739856
-56787173 -98437346
-40414803 82302444
-84113998 -78834737
55901515 70569476
-86465261 -49977224
59665255 77971823
-96809068 -46522762
93134747 -72200593
-56176123 -56440774
56946925 17297685
-4223923 69078722
68768024 -66926694
-41850052 -58932566
-22842392 -36340422
-59646407 80606003
-3392918 -42109540
-55943145 -96166952
24674615 94365929
17405448 -59754280
8504451 -81259979
-15113897 -80654478
5209788 -1555877
-70608941 67104855
-66002919 50125665
65523377 -72177653
12653377 47264922
74165271 -82164848
21423706 -67618291
-54438526 75918691
-49300913 72718117
-63588989 -93525883
65936504 7704115
-54748370 97759663
-28328384 -28245621
6230601 16532402
-76600050 -36407020
-452783 -23006365
11736002 39501772
77088518 54256769
42564259 -33082577
1153822 54212135
72236497 45612569
26963121 -10413523
77653107 71556197
27919629 97833252
82479024 42727429
-71102744 14759685
-54134392 34195531
-86680135 -3189332
-69161814 44552692
-94744119 28844640
41437405 40806271
-46189528 -37614269
84506778 28202340
-79368298 -51590146
-24208886 -54028913
61410616 -68035505
10537161 -78379757
8966694 94061929
25955947 85239304
15758890 -20215844
44737942 16592025
77412923 56219360
56944740 69724145
-59860358 -43238227
49770605 -17893214
61393572 -25803814
-86836009 -56882402
61494186 -57170105
1975552 -78115660
-38853459 -4990929
-91693739 -82680559
91761446 -74893159
65793886 -13262216
-4349400 48035041
84779870 -24431481
94084540 69927731
27892334 72983827
14665797 52823794
-79802139 -47112364
93209921 -57275837
-95011889 -46575551
-89019671 -24505710
-38719954 96577541
73824837 31516369
48455100 -76019865
-97492242 -92249366
5383742 -12178902
-73441604 49852914
45013560 88143494
66043169 -96063966
-71769633 93647784
-68199546 -61506921
-89444116 18586749
20349714 62123496
-2556452 -74485796
7394870 4758649
41285271 -13781516
-91245462 1270803
-5352261 92605697
33561384 -61307728
68472923 -9376725
10430328 -57378351
40438774 -37435874
37890305 -2350885
35502320 11946904
-68617828 -74341487
52951309 -98816710
91199179 -59574488
-92292169 66371522
16365467 -11843944
73728248 15661804
-49523247 -87410782
13649000 72103397
73762785 28588503
7998756 54722637
6665341 -68062918
69565872 29908591
91731911 -49682324
-98784607 -71518833
-79905969 33084824
-44407491 34562232
-78940789 97735724
-86824100 64392713
-324569 -33530437
-88325729 -94153444
-55054110 4992104
-88021191 -88430146
-59159950 -45273461
-14980743 -3711970
92755793 6743605
-60854810 97227346
-83156586 -94190235
-91377942 -45006687
702447 -62337153
61977267 32778872
45183634 47900281
-24346282 78689725
89326605 -45830267
-40484390 64125671
-12041535 38292913
-54476143 -88146919
-43109740 -90570524
19369297 -12486414
83584220 42469781
-86532388 -26059615
51166921 -443878
-39874845 94385122
66245648 -11497275
-32939682 12191492
-15640425 -10040549
-62268091 -67874666
-84644844 -38704829
-25299105 -17634334
-99304479 40511035
88870512 70544775
85600292 36331683
-92874896 -30520126
75988208 -47039236
58082432 88262821
-15425710 44641514
-77514573 2222837
-74539501 -48956437
97200551 -23700063
-91743556 65714685
-78909211 -15658928
90257807 -2929740
71138029 21824693
18490633 -90721970
2912382 86421709
-36488053 71802110
-82715194 -74438258
-18443854 92109095
-35270051 15514248
41921524 -90051390
72264452 37920308
-99477844 -15511835
-82582207 44836664
67772278 -92778811
-19558232 -62513147
12299016 -2526480
30403492 48244313
-87404464 -6847341
21823126 -3663873
56641014 -85339326
-6841486 53062868
-11299751 21468815
-50136590 13109272
-82714818 -9961796
56791172 25619535
83395034 44674590
25007605 -64621210
-24449260 -43049593
-46823490 50271890
82637054 -7519199
-48088854 27260006
37129748 -73966889
-25273772 10696389
58829637 95889233
-4688013 -71866224
-44862591 -85499320
-46035148 -46034841
-3612154 -68409603
-82502194 -53395472
-78232870 18235781
-8561465 -24860911
81318988 -60275449
70988301 70215902
72392831 29614331
-7915616 -30358563
30933982 11342746
-88932767 41296962
46082110 -32917860
-49833857 -36901150
-6063698 -51419551
18954440 52882219
83128219 50814215
-43343321 2720074
-17865439 -43846720
3187182 -29962884
94498958 21332348
-28727430 -38589722
-45062983 8688632
39598893 51868148
-61710532 -1771787
-60631087 -33192748
-33423050 61413715
3083260 65087893
92102065 44872632
1925356 -63748257
-4434356 52861786
53290558 -87156466
30777882 60578529
39880417 -54817845
44671348 -89053676
21285700 85038172
-41585010 -12742944
72180159 80816943
21118452 30661294
-3243644 -18580204
-66971730 -16910008
64829931 88272086
92261965 57420885
83124435 -44196929
-91137907 -55302512
11706394 25176101
94714146 -18266603
-29461656 -55638624
71472491 54628210
-50330244 -2794918
-66420180 54347516
-26370610 13984631
-59435141 7491309
-43586213 -29476723
-93880841 21378455
-23202769 -3940718
92037725 -23415071
63386449 -26677871
51893884 -33892245
71249433 -15847759
82120974 14075227
32561837 77383154
59943653 20311392
-42612984 26227700
52162557 28869897
-44678639 27820204
-92121668 -8454049
8795860 87632054
-89510428 4787623
-66367994 64324605
-51475812 75435770
-12277394 73127703
-69546475 -69235184
24678259 784143
34738916 -44315616
-82342217 -81979186
-24235980 9408550
97802208 -34964928
45383672 -9975177
31254865 1538867
14362948 66065356
-23387355 37933900
-7619507 -37210834
-89940496 38252404
41106947 -91976283
-3429553 10174658
5980768 6633424
-32631142 35617329
97563819 40657651
-2463880 47151588
1025406 -80020482
-36951516 12135228
-55358774 579694
33763754 51765131
91995514 27995865
92685859 -1813553
3761812 -99920768
-60740021 -68017887
-80922870 16863310
-386023 -48145353
-16083033 -86228743
22152050 54323326
-82986489 20772972
66189476 -3521492
20806806 -20187217
-39106484 -61223901
88587727 -90362187
46751666 70868227
74628824 4775823
63810371 4178687
81265753 -33724221
35514481 60691961
-5803640 40737162
-41010840 5931675
21226977 -53960313
62487076 94438975
47320844 49822929
-60795497 -43024295
-4412102 538254
67464914 25545087
-91419701 81204266
-36379123 -31630666
-20802829 44519322
-21699667 82528711
-68405476 -82649367
-24009494 -51685548
72589939 -97239039
-32017868 15992101
-6856563 65578667
98650899 25880875
38636362 -78901471
-78260222 -80998061
-17304985 -1011827
-81767472 -74606608
-92911836 -28892478
3389376 58838699
-81630447 -16294720
-65926942 -13788642
57119613 -69818701
85618320 -70727781
60660480 -37638623
19503100 -58310279
23497871 -40274967
74737302 -1270802
14753067 -78851562
-17980408 -63071922
22107320 29195297
-58833437 14909338
-77727483 -81261579
92162671 -50677598
-7517769 -11914983
-51248618 84021421
-22507929 -73112502
54422382 7518416
5561610 58302188
-17029635 33161817
72169208 -5473712
12619282 71592185
-7907958 -81980862
-90721254 35423632
4338245 -43256886
90775407 79723969
11651917 52016331
16338434 -57349992
-34005599 51385472
56210876 -42757527
3722016 -36858079
65512578 -53348991
-64007834 34612097
95795015 -36435459
-8617811 40070194
31467989 -20494021
84581653 13491601
92077504 38016034
-28312543 96056029
-28426405 51092600
30709722 -85038269
-86046932 -2275272
-50694006 57015126
-66589748 61492225
9011901 -22743186
-85810063 -93036438
-78443365 92389850
71121935 -38417436
22768853 -37885184
10430393 -54797202
-94342370 -99203908
-89674216 55992046
16354771 -17304702
-63611058 35612861
-20035869 -17785832
-17916591 -16788148
-83248360 -12828323
21789927 79603207
13165442 28211664
48925792 35892109
60912051 -65975850
33217580 12968210
44023316 97401784
-97665989 -61664284
-26388542 -73027861
-41246817 84955233
-92182887 84977269
46034027 -49613253
31038699 51592318
-99963924 -35400594
-36596818 63783912
9420711 374259
26232863 -16028146
-94823607 -70210421
-78357441 88640207
60628576 -26771421
-22950212 87828076
-39897356 97908374
-93827719 52913993
82267441 93696349
-43617726 17909524
53116762 41522369
-70373893 -13759370
-56583136 -67235509
-60772953 59696949
77864807 -1958133
54503452 95439795
-59477243 91427156
23685046 65599807
-3288267 8455114
-68111042 35638590
-18248318 91378695
46798732 -78501824
-20105721 -76096700
64020572 53300637
85488203 -78760167
36633145 -33516208
7884679 81996071
-12056298 -36234939
18669295 -94742918
-14106297 31926771
78704135 -88343516
64880042 -70157372
20835393 59437652
-77843361 61734143
72617892 -47539176
82478497 -66687684
45805548 -20518932
39774262 16422854
78656069 -23673427
-90472638 -40688052
-2871352 60465818
14671735 -90422477
-35206523 -52907654
-31050053 35535114
7150253 70603565
63321451 -41317575
-56976821 32758340
35235967 -9318122
21681854 16650368
50756191 -73949852
77700131 -78282581
769715 -74882799
-44017397 32013046
-19081378 -56924097
75123963 45366785
15600425 -83919375
-3020559 -89272808
34404508 77045020
52650263 -89432556
-82696959 -39013446
-42287429 -51282726
-10351239 17166922
-48687746 72660502
-33740984 79284709
18855418 33698027
-8325934 -30734857
92787822 32920534
57274461 2650378
35712259 60539763
-57663591 -47798901
-86769246 14288429
91549007 -4078517
-84020332 89733559
99954268 72789074
94957336 89242412
60692082 -29670119
95377535 -96754447
68444756 -56017004
-88118886 54665465
-1119377 2895402
-38440988 40450914
98474608 36985987
-44379421 16326841
-27215394 36577230
61239607 79013522
-27669733 -1129093
-52953418 -45304327
-39944844 55794560
-66691784 -27792642
95966771 53725784
-30515919 56925426
-30853857 61687975
-60429412 -24825393
1533812 -90019487
9629946 96292
-12045777 35659348
-24399984 -92013808
-1226189 -15630156
58641132 80998433
28277138 -13104780
14692020 -4419178
81657284 -31537251
74712354 -86852561
48572241 61255459
-84230302 -78373290
29605858 -37283850
-44724254 3786009
41454741 22100835
-97195548 1244249
-10660743 80538130
75787869 8577748
-7743788 15078865
87587667 75429619
-20278034 -39333604
-11496423 16945216
-20226644 -61461935
-26810592 -34715057
98619151 38581913
59801503 95953779
-25652598 64199463
46537213 -84399420
72817951 -86918529
20216214 56470290
72076724 3682549
-51156657 83245673
71247291 54130744
77887851 49119033
43210310 -52189101
88938501 34968440
79845193 6377246
-47672411 -84172270
-42857500 -48832290
39024469 28900921
-27446839 7130172
-15812419 -70651372
-23305459 -10706814
38170296 -34324022
-31310742 -93238211
9527070 -56165158
6171883 69974585
41123955 56585151
28334810 -61164271
58878734 85711190
18501341 -69274899
-80850199 16436876
-94537556 68968560
-50214567 -59598976
-1690661 34037044
-35972300 -56410503
7667220 -24986678
20505238 -34684759
-2626503 -34362757
58474655 1771726
71975221 -88923116
16263411 -86006356
-48820340 -78136036
86586077 53424772
38271974 -12788042
41052169 -62121717
46540100 22593639
14205244 96309111
-89256606 -65448463
-6200735 6319143
-16096859 37557403
18510181 28544197
-55201246 79894543
-51018117 -50131492
32093934 12821828
50287303 64290951
-28381434 -1918009
37937869 -85602323
43867289 -63493694
48157203 31918735
-65746916 67687227
-544914 83561581
82452076 -86480664
42648744 71229952
-49731031 81554548
-52970991 -5092828
25832962 98033693
61354174 36791606
-85334730 -48734492
51808240 -28024379
23535215 -90172100
36991275 98798716
-30468231 94934564
-23223743 3715396
-84976474 16978575
85621211 -16450540
-14486011 7118646
86598360 47926917
25711206 -21566126
-13981212 76259766
13552176 63075525
82813723 -67944826
-96633654 65307364
55381246 -59440855
7036475 29587768
-74054604 -6749223
92795124 93043913
6695991 57429073
-89807896 32544351
81926997 -86177548
-87922123 27676091
94174266 18624154
-14119940 98950568
-42495482 -45078501
66484322 5802641
19667839 27393688
-98947353 -25577825
72288824 -23965304
-19705152 -10401197
39918757 -38495437
56695317 18330865
-15760899 94187148
-95024790 42834379
60569931 36922961
21889008 99759199
67619218 93854130
48463490 -32145406
91412131 71659455
-52739000 -68759236
96416733 50347434
83748264 -79730386
53832572 -44752574
34260480 23631483
47695732 -15666286
15999977 43666057
85673071 -62017558
-78577691 17784707
48358709 80403878
24707069 -85021450
-52391788 60244928
-9991493 -57753564
28145577 -24703764
-21724902 92312057
-67906146 10429422
79771480 87422435
-9999060 -84875528
-19719347 96162361
89047148 39075644
204930 60357849
59262015 63472590
-93879973 -7061760
17654339 76498153
12450383 -57180358
5071103 -5504775
-59511002 56861497
33102514 -10600613
-69818554 -72941802
-11273614 -41691141
36656847 -75659050
7676192 33668777
88297294 -95636181
-35607243 -42462229
-48738969 -52625271
74973656 23416395
-3872215 81004944
83030540 14663820
88090528 97627997
-95917515 -31072365
75368043 -69658754
-31675797 -21513204
62168936 65933208
-43489148 96695210
-17555483 30803898
-15043771 -73101187
97994639 17886990
-5801531 85850835
55623480 -3455558
98248630 9286551
24998170 82459388
-11508819 -22295828
-60964507 59611403
-99170106 -90632959
72813808 -31280960
-94646258 14852501
48399128 -70710100
66822900 75504121
-89096653 81815645
62924850 14857676
4568398 -7523961
-91891892 -96627993
-12315150 16462191
11067141 44681366
-41605092 -2226398
-60131043 48755028
-54538181 80866494
61336301 -33575603
39764433 -32291991
77989242 -29045342
99007294 -32688723
-98135610 -98446227
-19141675 88863952
32631862 30220417
78921148 61209517
40375957 75515884
46859498 30510790
-80668792 47713703
5954126 -6722447
-41429895 -58972457
-28822149 -17667513
9671458 -86743661
-63610456 -57665029
-68208437 -23623232
31223564 59641773
-94223400 -91107726
-91519911 28799517
-43102964 -43644736
-64901753 -53052573
91294749 60498875
-97225662 8412069
97262652 -75642236
-19943504 -27703395
-84823735 98503447
92427832 53853904
62212756 45049109
-9327366 -90130874
50076402 45420827
78605377 -28024558
96935973 86393466
13150370 32555225
8084797 -12396111
-5972153 93402782
-5205677 -36159759
25270075 53908272
-39712267 -23063206
37171974 50629804
-52006942 12637265
38244150 26165770
-96428274 -3334876
-72125591 -96432138
-77187218 86569104
16319066 71952089
-4550475 -31548598
-20448460 78328185
-14146012 -90927562
-4337619 64436444
98873399 7521322
-52306360 -87063668
-17827861 -36657606
5501400 -4474513
45371120 91485325
-68859286 93543956
7464718 48510421
-72225307 33147458
-11318551 30090616
-36143697 -310736
-1762782 -57953750
-29089926 1912623
1851194 71960901
13052001 20868689
19950685 58739876
-45172120 -67760047
-63848935 78160465
-56234061 -34610267
-50892559 13994039
67137163 -94493251
46915117 52204533
73459282 -51197229
-93118250 -97029019
-5544133 96824532
-33838309 -78502985
96514380 -56808639
17717581 -75890060
-69389460 50045811
-273183 -20945572
19856398 -88488748
-61582904 -67379044
-89756033 80752466
6422213 9667413
-38316117 -58102726
-1879746 78243329
96361352 43883389
62327124 -54908795
-69570590 -21596367
34384791 10666493
8884831 -66887689
-55180402 -53754760
-15423684 64620882
60098429 -2717134
-30725817 -58437824
-84890170 23863912
53246223 -96672934
13836440 71399437
41024495 -61778038
57296582 -4956448
-37169503 -50895970
83157504 -13636449
93691884 405168
-92715313 -80956996
-93413026 -35286516
-38775018 99035770
-9044718 30521634
63106387 50047100
7683460 -20613709
7469213 32681219
-8719661 73634517
75445547 55720551
-94247129 -67947927
-95985375 65938719
-41447776 99093026
-21635224 32790422
-23920272 -58719858
-2440093 59078700
61031720 -82271094
6190803 -48288846
94035390 14439359
85580851 -844208
23568375 -3411917
-24998229 -46999560
-91913693 -19474692
-74078331 42420226
-48116748 59071432
-51621278 97841278
-68351703 -94367917
94810651 37812166
-16340905 77743284
81272933 78487347
63100244 76602978
-78506178 -39704743
31505152 -77379183
48070638 91257558
-30081330 -92099272
-55523955 -28621831
65253890 67077173
96894229 -20445277
62805990 -33939556
42879852 59030083
-63118029 15331096
7633563 83121775
25478116 98269862
29049700 8620432
-97720985 604546
29433969 1089975
41298861 -73759268
59228577 90024048
-19345560 -90708180
-24865878 11804456
-8577503 -19117403
99623952 90337173
46141062 -96138390
78776862 -40413581
-81781032 72965668
80101874 80724888
-92391448 -53740550
-47648304 -37026224
-15353838 44708965
69346995 -79667756
27976322 -93673766
36827999 -85423836
1779071 21740153
-95757812 -62214916
-38529510 -14412852
99555314 -2632572
-67128778 -25010915
-3637475 97959138
-92380953 25940277
66828206 36116426
-32330769 -63497583
-31247397 87194807
-82711315 98457559
9727394 -46100050
83291404 46914094
27626848 54945172
-43699053 -1316857
5344067 -53052900
-26441532 -68184814
39444627 71227720
-67701797 7166867
-95318951 -74155903
85348755 -67056301
15867660 -90420804
-95829589 26466526
-4485815 4286845
-38982422 16569776
-32253912 -56926114
9544571 51502200
49359648 -78115118
23009323 24917754
51190758 -36792080
15451444 72254240
19862809 42607446
70293721 44948138
-61348808 -43899112
40182725 -73321442
44644362 17174070
26790564 -17521055
52541574 30600293
-88084125 5462131
22869435 67885959
-98195081 85963779
97549642 -23627954
-83794788 29999361
-22916920 27806522
-97867508 -61459424
90414269 -13813108
-27178523 90466627
-64931934 -34418283
-21747383 -45596657
-52833558 61840725
3678432 30980801
-87608692 -91489509
47479950 49526506
-78566026 2539722
-72576112 29972224
-17204047 -51995577
-23330202 -83845534
67233169 -88917030
33684635 43240444
12378450 -40725384
38873736 93606672
31913184 -69438562
67728706 80770769
-35248766 74587029
-60016231 44814191
-60661851 -26091283
2396332 60794775
-83883962 58767249
-47332751 3922290
2138983 -57702518
-3983893 -90883591
21603384 -64299675
-73959686 37718362
6182671 23129251
25426579 -46679004
-76507644 -80474470
60471039 -24887707
-4834694 43202008
23185915 28782867
-35832755 -75899160
-86325465 -47372287
-66311999 81685176
68318800 55366044
-32062453 14254308
-12493402 92612892
-8427922 50557774
82129351 -49117470
-49142927 -83177849
-14431130 -86424247
25520978 63154015
-41856830 8537797
73412607 -6410039
39035565 65794337
61928246 61759854
12547769 -7603655
-12102443 61851337
-42136578 64182622
-9933232 99670924
-57094529 -79933331
-6921591 57315950
-34358847 56130304
8824014 -4588686
-67617545 18488915
-41516759 55622811
67129328 -65892934
-74071832 55252215
-24060054 -39835088
8675872 62771158
-47220782 -94611582
-64956349 -69528005
28737751 983326
-74437832 -89893255
-29140647 26589025
30507059 69533905
32011837 23134275
94402532 97363747
-51977488 37915437
-45542967 -54035102
-11211127 58729688
74045661 23253456
4313590 -73459310
-56510323 60637728
87476687 -84038899
37990567 -80289937
-57179895 -60418520
12955556 71101709
55671222 73191347
-62116909 54334137
16393505 -47043738
38187778 57640659
-52216421 -93200775
-61266776 55264493
90054286 -13827926
-92928161 11049307
98034650 -35286311
8157733 66477530
-13808211 -86565655
25434293 53279940
53216144 30668728
-58888978 10650440
-70895056 -49676229
66846980 41336597
-96412097 -43275839
-61410167 23128652
-87059296 -45245194
5582667 16929933
-90764124 24578515
95679631 97482415
22536456 -64973489
71467676 -78177039
-40999547 -38240270
-81750068 -763091
-61161226 51432534
96763606 78908192
86833178 14627522
-87372479 -53260106
-74492004 8769704
-7232357 23599955
-1937420 -95861740
86105253 -30161293
-28619216 3548938
-17331769 -66757817
54773106 88628319
9097358 -14430082
-79980923 -29706180
-42202641 -71710971
87455616 -66844098
-24055867 -49970740
-13176765 -77538770
41869320 49059837
-21052739 -90725075
43678528 -90977547
-55364823 2180606
-3246198 66744191
-19079221 44976188
-75552514 64877375
-27851381 11506508
-7958644 -59226646
7880958 -53799145
-52280025 -10646748
-73807130 -22082280
50238193 4067007
35141145 31704183
-36727731 55373930
35923889 30385242
-47545679 -24515744
49945994 -28934079
83964164 78830059
8148841 -32047732
-38226814 41800629
-51953610 52347084
-25631377 93202816
-67363228 -1514968
-86545124 -8276466
-10405671 20144129
-85320989 -85136063
-17232590 -14835649
46028652 -67329454
31864832 25757919
93021003 -9832386
-85369017 -4534540
85359327 -85038668
47357049 -545427
-5582876 -68779414
-52344600 -97495274
12102575 82637737
-8023943 50456284
99770722 30581525
-54066323 -48808973
-92850200 -44988401
-6572704 87987724
-29267881 -88952432
-57358134 40997573
48191399 47391100
-68918493 98268221
67412630 76630400
3208686 -56090456
-33539761 -41382243
45957581 -82323336
-70776513 -32118421
80480133 16083730
-32869539 59110732
-55163637 7273981
67495564 82456076
62208021 28631062
33520553 34089973
-59052783 -96489032
-6323432 38422535
54471522 -12881605
-8164113 -29908335
13841520 -95749204
94218938 -80578790
55385327 -96363650
-11387324 -7567871
2864055 -70976741
-62875534 -95158969
50052197 52017153
71232519 -52332037
93608204 -17015281
75719639 -46421836
-74865078 -87942560
-71219478 3929310
-4476847 -98121164
-6702907 -97410211
-13471196 -82224504
67666209 21701077
67814325 44129979
-19486645 96703231
52326293 25538550
33226187 -90300022
-28122645 9572947
-3006122 93853394
-66069915 6475805
54784451 69844995
-4370938 39116463
13682489 -98301497
-1209490 16963363
59136145 -46978042
-38702284 -56725155
-10335289 25092223
-49395899 80019012
-45650719 -4601566
-58513487 67054850
-19525405 64954350
88629328 -18146605
8999659 -65618146
-65675900 80867667
6655871 97449473
-72279251 -79712160
98030025 75960196
24659925 -31615639
18015518 59343374
45220848 -83023685
-66381333 -48102977
17172553 -23153363
95321555 51764705
31812716 -27893266
-62009575 -7764285
-81700680 35359778
85331299 -3698077
-40971352 -34328503
43600760 -66115536
95716543 99885787
-63054555 -72142909
19773180 5274772
-26153657 74617357
41297180 20971837
57623234 -1480306
52169033 -58297
6085078 80269715
9837336 90121085
-94034804 -28151137
77178104 71162326
-1047631 46267287
56057032 75811289
8356255 74507734
47128466 57830254
-54347689 -83633733
-58662190 16861387
71551707 38360557
-21209578 -91106999
92381706 -7180679
-82481292 -95975814
-29552172 -52185363
30125439 -44181742
-24161128 27694998
14135991 -34217983
-54180651 -49964979
-24933428 -74653382
-12689174 -20159039
28509720 76298157
4605165 58663714
42626170 -73288372
56920891 -95328489
-16580083 -45710783
-69075482 58896432
92110226 38642945
-31266188 24656906
-79152615 -84381119
-58981201 -71548150
55739705 -5678264
-31062733 -67270677
19290891 81203350
-97169870 -5120377
-54609017 20571164
61109383 59997944
-28246 10739905
-84371992 89740867
-13095183 -25574748
-18033168 -98742911
33791418 47148435
81837168 -19539974
-55031549 36494337
75068447 -86310770
-50975702 25867158
-99710875 -68234161
-84069621 20052217
15608612 -22800020
-95480383 85147430
55045310 -80893328
-42098552 79582066
-995104 -88957308
-91188933 -24922323
-29681895 68778647
-4299378 -68022666
-94949761 30946912
51012586 96864108
-22667051 17630673
-89647242 -28647269
-45271442 -97301942
98168786 26125861
-38377489 52234799
-9105316 -6089460
-5881956 55236500
34686564 -21750795
-78872295 -55879239
-52635963 -62074768
42457850 1639920
19299983 -65913693
24801832 55169902
-14262213 88869986
-35371956 34871414
-66663653 74378798
-71588556 63688036
-95999045 -9846326
34496914 -56194068
-88885465 -53340379
-24767041 10022341
-44250473 38278065
14543038 -57343721
-89611257 -65309356
-97141539 -28222727
-39964483 11474697
-90669823 -99356013
-26648611 24722381
-45660472 -19167111
-13923048 -79936012
50017291 85617337
-53985746 3967922
-18623324 73257446
-62741386 -42247763
-33026376 93336852
-14268665 20355527
-48161359 -49719282
50398285 50426613
83515553 -52077798
26366413 70788638
-21461369 -23474266
12509588 -57391483
37305236 -96467413
-19272737 55513658
-74944485 -72443045
71314407 -78378340
-442233 -24063295
89771313 -44910552
-93466705 -5845682
-34794038 -29548348
-39132032 -97060087
55170196 66941072
56012108 -86068918
99364936 36928233
14452455 -51804891
60996480 24643570
78055740 -75524540
-61976537 52517629
-21629453 -8771946
62978075 -80290890
54561164 -75704355
53371330 93854568
82426433 -64925976
-67407301 27740835
21232906 86464612
-40878238 32007934
-99818642 -24669229
99571411 -91126919
-94071168 -23615895
50023202 -51353047
-64659457 -17431724
31412862 34408196
69031547 -87058967
52878062 84700161
39817842 -32392301
-73865093 84161413
-77116250 -24656834
50858299 682490
84934619 -91980539
-3103998 -78848433
45840949 21627335
-77895478 72156398
-24233238 16724597
33618632 -57162362
79839107 50422605
-8948258 42964014
12841527 -90827494
-46148944 -39903516
84679436 -28035214
84668650 -68641998
-17232199 -4900109
-85413987 -80305331
21827451 40605213
-53633621 -26293773
-54331546 106614
-24635364 13644985
7635960 24127709
-59056010 -90945898
68063067 -36202876
72750685 77079320
50585980 -95614504
612293 -6864284
-57421434 45168273
27874319 -42906595
1829366 -8523605
-48945061 -84888448
-71770764 -45865345
-16331235 -54337162
-33385641 -66102809
-75423814 69553440
-82942601 90931863
58330474 77500238
63369004 75935229
96962114 -44368681
1262285 66413293
40473039 -69475235
22154878 -57846297
-86954028 -73955288
-63185509 -51832356
-43408850 -41408333
-23633367 27008220
19704276 -62940259
66020302 -63266751
-40246360 93386439
-575249 21006373
-51360580 -54427129
-43686176 -22971744
34146518 -66952117
80404749 -73595881
-61390293 33648066
-82599425 18741621
-52424529 40906752
29486691 -2191554
49929876 -90799028
60936483 94117820
38142174 35916755
-19418528 45922976
47410543 53001213
34592715 -43462283
7687676 41313343
36536334 -23141575
-62760146 -98940154
66416351 98180946
-98925348 96723725
26671882 -55347834
-48725720 64846049
95725231 6465261
13045203 15504259
-87451755 97471072
-89131007 -25651996
-1227062 4411091
-90273427 54177366
-52585935 3761015
76397885 -46638794
41649550 -82712576
-27335279 -51914566
-26131635 -70134959
14107593 37550513
82513910 -78497808
52711969 -95249443
-37480867 75473406
81017079 -39258187
-39085663 -61887205
-13893234 -3953518
91230043 -76681602
39067391 -97855427
-60963369 94434760
79920582 -13623604
-31466387 -16316519
-67874658 -34619893
80828539 -40356642
29673076 97500185
82100655 -84999023
82804277 -69354982
-38507536 -6709908
84620982 -27943134
33579664 46814235
-24560516 -44155071
36378772 93824530
-79282181 -94133873
79213435 -36349506
5959377 -37727640
-38021404 23598602
-62630240 28068038
26667254 46452483
-41782548 21583354
58665470 45388063
90283461 22290
-77482691 -35602646
-9774374 21984759
-88427119 -55312311
83988246 37036985
-2290378 68130406
-17343068 -15438816
-58705156 -19105943
-69338760 93613795
70402744 -93272293
23884645 -69311233
64648698 52154965
-6172792 23068833
63019011 -91467921
67840505 -35980471
-45757000 -60055985
4796690 63859259
-84189544 23691521
-39081612 -5287288
-90854320 -14633329
-6926983 -93145626
-39357415 61450984
5328991 -73679545
68066979 92073706
-72270369 -34720428
-79485195 92179639
56609952 33703548
71480880 -23346796
62140982 60487190
82998431 89233352
86450853 41256240
-53497446 -20418769
-88829167 -43831532
-84620411 -82083583
-56697559 20791455
34373886 -77591578
13183834 44081122
-37617669 76089550
57553139 59993055
82614450 -11758463
-8946633 -13408705
-17907510 47106419
-58326095 -40128478
31018928 20224651
99908321 64130275
61287052 83942922
5621262 8074766
-63571575 -62884204
26190096 -61000062
96803077 -22971380
-58858091 6405072
78928090 3506275
2493924 62289224
71780408 -41230304
63090714 60837368
-19389603 -74247211
39778324 3215542
-51734166 -26261605
-9600060 48233341
-19856497 -11785381
16091226 -83727290
95556028 79756353
-79105451 86471965
-86631808 31937830
-77135743 -90983669
40645065 -57692371
99903332 -79290271
40139683 -18341492
-76680013 -78444341
33765289 32773978
-98853864 -67316178
-30744780 -10667988
34081450 89434729
-73452666 -27459074
-78416039 35419500
64146972 55267967
-49504725 -24254965
-151314 79350210
-25142673 -97876445
-74401431 -78538725
68894498 -49242747
-91047699 -50223653
59133247 -53478362
-85974226 -23943288
48437888 -12106017
19697483 -91607207
-26729714 8805243
8203476 -77685350
-70252540 -90967913
68152579 -70805502
30753705 -9673858
60398921 16386694
80687214 57800381
94309966 -76520262
-47934140 20707666
-54035883 -58860679
57481661 -13150859
89454736 -11574200
1720888 5761288
-40396004 -56225605
62567240 -60519936
71145093 -59369571
93174015 -79542276
82881052 -38243421
-62409354 -55766576
-18349837 -50146845
28157975 9155918
-72392305 -39658871
16068356 45524153
26527607 -15952242
-48007909 59766855
67798556 -1666277
-91105868 -68535212
-49669906 -65302670
63646285 6543247
89835923 20870566
-78364284 -97486146
16079228 41668431
-68465991 -78196091
-26821390 -24392742
-8047851 -85893078
-18221142 23263920
67513674 -3074661
-18285202 8260318
71276505 15938736
97014844 -45962674
-44702412 -90401016
31101859 -67455267
93520774 -31906810
-8012313 76189948
-57069177 33994556
-81515480 10081366
23940401 -9266414
84159138 41390332
70732074 61943350
-46130695 87799017
-94803602 47865502
97265693 76017208
-60619681 38696464
-85986874 14725468
-25308497 21204675
63550265 26893449
15943374 84942422
31865141 -17379463
-41916249 6332742
-19975326 -96698575
11188186 -22067335
73768645 -87671290
84540131 96401215
76050373 -66724614
-98111468 -17364659
-59779258 -58368497
-62151851 18024458
-7950393 -3258650
74100434 -71566895
33660051 83521882
-97257543 -30135942
-58834234 17665643
-32104030 -65963450
-74394566 34955219
351824 -13316469
56574481 -77370267
-3440532 -79001194
-99912639 -91900132
58233781 -2795759
41187563 33541874
-98471028 -62264862
71536542 53942736
68502349 -12184893
299743 -62732721
-51648173 -72752156
-37887639 51738145
83903675 -27178218
-50111664 -54119460
35963841 -82021018
25106762 -56097359
42333983 -3413575
-65144772 -15604621
35923618 -62093982
68659261 85696189
-21218431 48274985
12703566 -31964610
45596888 -43702356
4215690 26980278
7344403 93718706
-86679970 73415531
22736097 -93081003
-28829074 78702409
35193987 95849155
-98192452 68438951
-47656278 2602998
94260596 71613443
-37360953 -92248277
-57094502 -6265555
-79581419 -87454466
-1705577 98159665
-88151327 -67670924
-34854837 -11270640
-54385214 63805925
-6168626 49913037
-12846762 -17183869
99267229 35886836
8503407 53653791
-34897328 -10607206
290364 -39550063
77595770 -12358268
60069828 70859810
-93953590 -33116399
-79652395 -50329580
-92298687 -12885487
-46083299 -69906237
51804488 -1341301
-55744312 70519462
43128299 77164947
32962574 -79505318
50395402 -79016741
77993098 -7664538
42731583 52435548
-16285060 -11408599
71245861 -52443501
74066554 14842302
1545640 67275076
-49775139 -25430878
-60353896 -2874026
47632145 89784358
35214514 16173226
30725891 -54799292
5747189 -52821990
-78300630 26784432
-4112291 72879467
-17612494 -68537537
89719359 -68321583
54454227 -4252892
-57158457 44335163
39150477 33884459
43968591 -54860467
81275352 -80468493
18693174 36342609
-98112326 85890464
-49781770 -84316226
-34920868 39472302
-33166716 -51948710
-11544453 -5814413
-18058212 -31591723
42182506 -46495297
14543484 29136306
21336843 64795875
-38742088 -86946686
79769271 -86433834
84395561 -22275987
-46721144 -82280779
56006840 86179533
51741411 -87451972
-12166753 94930345
-60995744 -66628073
50883070 -72064538
-31571613 99847767
-1015229 -42413553
59333450 -12287760
-22033818 81103281
-30332194 89672570
69344248 82205408
35269576 -67657503
-36741798 8741408
85998346 -41602525
2992080 81131987
7658548 -10048666
-16119044 -26329894
22101876 -26662568
-35306546 87938048
-41483599 -39042750
-85893930 1587283
31821688 65561012
92788084 76342071
-2892020 91153001
14831327 -26564502
-38678569 -78823950
-15246120 -49974560
-80180678 50232617
7501488 -87936890
60551558 3194835
-38657489 84223175
94704314 -64891639
27823725 -67079974
95846092 -57630202
-63596761 -50272890
-94895168 -50187931
-71769955 -58166045
89856850 -97517521
80315715 -41741057
85217954 -59886323
-58839263 4532033
-46701646 -83714734
-5284689 -94672233
-13295177 -27954126
-74352078 38518588
-4934127 -18426534
12358214 23692742
-94181267 52908101
75734087 -94307988
70911482 -92608911
-26765239 -97195749
-74120831 -65965087
53298192 98721035
75970926 58883399
-56511007 14658149
-201358 -89976454
13302945 68642731
-93041045 85029797
-68317071 57368748
56206542 15111379
-95872776 -42506658
39688396 -13447092
17658319 33666156
56314177 75848536
-75911437 -50657657
-76101810 -33774050
-65712245 44876902
82118923 10984530
85741052 -61609482
37448155 72566403
-95291558 76523756
75175071 63859286
15834954 22344562
-77324347 -3460419
-19550782 -92870876
73757930 -28538406
-86980891 -89047982
-6840467 -45166448
51049286 -60099238
82150356 32858179
-27761893 64477403
-20363607 55031373
34183148 -35220587
-68974877 -79047159
-72870824 -95209419
-82612414 -19551340
78032678 -20682256
53090213 -32280134
24059111 -34785923
-99028619 93203043
23412467 -83437901
74822486 -98220698
-1531495 -5781543
73730837 -79172789
94262163 18709316
-8245524 69493256
-70714738 -74949580
65751450 -84634765
-10705751 66483921
-76093972 -93316579
15812318 93183520
-85154432 489374
-97859267 -50331088
77933422 4299761
60045256 -91977082
-3222133 -19380910
29807311 39429953
95332848 -6400532
72792470 15531731
55489547 -89021800
50133675 13236685
2264741 -34843736
65555458 -89961485
19508312 41063240
-59206450 795583
-79464129 8657264
-13881101 -39455318
45103449 58792647
-31409111 -99493818
65156818 -34622755
87559071 -38728128
-9297427 -11212080
-60737996 48723661
88055920 -48381288
2423165 98972435
66696517 -14724491
66333290 79234994
-84681145 88768180
56756579 83298480
75096496 59164522
41065466 -37822110
-92828732 58759643
-33555310 17886575
-7929281 -45711646
45161735 11122214
3768279 -15242770
-2551901 13588081
-45841281 90785372
83308219 -81659172
-31178673 19278767
60579675 -90598154
63266094 31081015
79304628 -86587666
82449187 -48093101
16257853 -40630168
65775285 -44488829
-75529208 37771038
-47645077 -84250108
-9143353 -49835310
-2967099 -2072681
53253276 22311666
-52286550 -62830620
-48679004 32632792
97270038 40587227
63930638 35574457
-33458530 27192824
41295783 -59771017
47176321 -48122999
26895984 -60036130
-25119621 -39830282
-82551835 91832057
-20268394 42045134
61933203 21944946
78564264 -70840305
-40064759 67922423
19071990 -20580358
-70361899 96901737
-8877959 -55168801
-84512413 -29892829
-1073181 -40532226
-66645605 69439949
23540345 28195311
-95894301 -9255723
-66542411 -35419851
-56368027 59080022
38597006 73332972
-46800239 -197636
89813119 40126069
-58204448 -87216384
79421605 7028967
-76534094 90061294
-90608930 18294905
-61423410 19862598
82157499 32323385
-36818022 -67658172
-80064368 71216047
-25216854 -58486485
86695124 -79281885
21253097 -93072252
-6564698 39372915
-98551677 97607123
-55073301 -93112256
31996957 690415
-73271444 -28346365
66224155 94574231
77421373 7375201
81872527 34929886
-26550772 -29589567
53904538 77794131
-42939927 -95231606
-47111231 47554080
-80163569 -17642608
65871002 -84319566
98513809 9947702
-63174483 -1533228
-12046426 72383726
3229794 48310129
-60678702 -96092214
87885625 -43460855
12318683 31917868
-41693402 31298914
-7641465 46006606
34217659 86133972
42790457 -99113847
-84107297 26385274
-60888795 -29223394
92255328 69594075
71716908 91653404
-12360399 50275583
-96883923 -53144424
41637476 -73834373
24329519 -8655612
51824297 -9000235
50132226 44400571
-1591358 34381055
-22351188 81927513
-45724655 51363022
57216102 -10386552
-95579591 46928280
-64831111 -88426668
