3000
-30652016 -94374650
-53551812 62294678
-10206941 -7798460
59919143 59337518
-37791182 -9408597
88126688 63159573
-19002640 -29116800
36745349 -67037350
94272929 92147123
-55689126 -30858673
71656291 85617674
57464795 3689246
16652669 -20794736
93981505 -35341611
-95436739 10657777
99081343 7540869
55762271 35958874
3100678 75306494
68035269 54343227
-34079518 -21337717
36458445 30768375
-75053090 58092854
13109117 18930134
21949565 96790937
95897287 30223487
-64061253 -99086559
29442618 40455577
23635846 -4434755
-81033666 77125501
45883305 73135321
25949019 -83138427
-2205313 58358804
-22156705 -32534226
38521151 36659217
86336583 13658296
-76770407 68810642
-43114167 69976713
72056502 -73165153
-95906228 -32293303
-15038510 -38698322
82041208 -88939407
-87044485 -32295197
82080071 -56366732
-36539224 23520626
-41425198 -2208960
-60316971 -76005883
-23551999 44073844
95262345 -84940844
-83705787 -92131273
51154483 -44208732
45249368 83278960
-44874370 53038319
92268279 88156578
-16657912 -81405093
35312735 12715500
12715902 39915935
10787093 97253885
5530174 -48085498
56007077 -99395309
32833047 -86641411
-55227751 52723711
-26946083 -42269775
4383131 54675941
-82894462 77969002
12364172 8614269
65122779 -82354425
8659142 -95378023
91124846 80981833
13097231 46081718
5535074 -98732080
-26944470 -10480905
-25630895 -26256019
40014836 22941050
-66509663 71406143
-99697803 99025976
62878394 58740877
19238081 45720037
-97680925 22528900
37193324 -62886952
78358340 -91158745
-26791376 15003640
-16076718 97370997
-18262343 -29656479
-60336946 -8578385
-12408152 -30616565
16321628 17442932
-45575855 95194101
63490373 -92361668
-79975527 -26877796
-52216467 58742129
-3096684 -21874665
79745921 22106863
7357369 8104286
-12659819 -46335337
-10662789 -97516567
-66133105 61706558
-16990961 91506155
83019882 8847672
-73802476 -21178271
98918593 -71483227
57543541 65819273
-75397851 40805901
15912048 18029485
92840069 64069128
-30788517 -24419026
19571977 24877158
32621217 32201629
-61819054 40962639
-40278668 51375533
87531796 -45560188
99339544 58383306
-54750471 -14976674
34669977 -83025510
2463182 -10709835
-34604376 38940113
16062989 -50036550
25356516 -27573581
97913380 79191926
-72042180 3674767
-14123249 20417387
-51829073 16612884
-8180246 44519677
93118426 59056874
45508346 -21740894
33679999 -38916978
80378629 -37650646
13751889 -840848
-92538977 -94611989
79525829 90558606
30764941 92822577
84132640 48735478
-50034833 55412373
39940782 261102
96383425 -12831190
-22036423 32311900
-75083621 74101460
-48352195 67749761
20808242 -6269315
89630474 -90833233
-48133942 -56534669
97933766 -22590548
73747429 62516839
13135845 -34525973
-9246313 -23583759
87647008 -94378409
-71334346 50256754
51698959 56551573
36066094 -91734772
-30185921 -99930109
-58707107 -54362215
12929935 -86307473
38964402 77951662
20282151 -33230227
-38283644 40562894
-44678669 -88355457
-64135176 -2767783
95758798 36383926
25807282 95924827
30474509 84137535
-7411025 23146436
77663662 -22829245
54196581 -15387000
-55303971 -61263770
30134913 -88912226
13299727 -38055812
344068 -21475937
13805717 -21717529
21228335 -56816493
-22844790 38677066
-46243504 -63964905
-65396744 59110947
-99909872 -10100750
-72773417 10205572
85478517 67596134
-34889422 8840838
-36805435 -9123596
8168313 -78562641
-67290825 12745653
79532701 -31248013
-8030409 -45166207
-66622110 -32654650
-38468287 -60363377
97607292 96857668
32156477 2659531
-45015225 49087567
-86763502 -55453527
90436671 -7496346
-23397919 9846352
48761019 63748763
38549065 -75291120
-63832851 21474840
74724738 56795671
71486130 34092
-8758711 99195582
-54181963 -2112992
33877573 -7724310
-81429797 21379781
-6560353 94733708
49387717 -6807180
-94837893 20231157
23327192 36713687
64739193 56253978
-78479135 -8973572
73584269 -7016763
-79522246 60937463
-68174712 51780634
36494492 90949793
-45136666 -7266414
42397395 -44673469
-50266980 -8869704
-34019580 -52761789
-37421448 -11361412
-28905960 59672246
-19899947 4536782
83031151 71871066
61505640 77730154
85428709 -66557897
35600857 78041256
10822042 4946231
-46091925 -76316018
7176105 76983755
49173756 39160005
-62831493 -27122712
-4769772 -27660091
-55740010 91879816
-94310192 34173682
52154988 65174605
46229651 30659777
-76530954 43286319
11197006 -37271647
4595411 75092857
41708990 -48332672
-28869471 -95720148
40582606 70864980
70119408 25163998
-33856723 3991774
-90315763 40006784
39583798 -45007703
88795771 92234894
-72612398 80305563
-31309038 -94028776
85286962 -79567941
-50313356 -29475278
96089962 -1022094
-12186388 -84550491
-77834311 15182739
-99790155 -74999425
44385263 80305978
-87332601 60805585
33993214 81591932
23893946 70810498
79621480 -77041606
85729536 5109060
3217214 -93590950
56404987 15915589
3248482 17973293
-39565938 45581960
72020541 -23907890
58319166 -69924450
-14521141 13541322
-65605836 54387943
56126574 -42800549
-85697165 -85957245
24187978 52629385
51649463 -29108815
97138843 -96835112
-31550236 72898239
-84754824 11963348
-8226078 -39531130
81410010 60458339
-64032150 42372331
20194508 -73453631
3955672 60506435
24175007 92819595
60795392 39876321
63526799 -7705592
76934620 -11473143
-44810907 -90672007
13654888 37555301
9638549 36740186
14562479 -78328549
-71237209 -15026975
-20231622 -21920446
-90796101 3884135
93238170 -72566473
-70015393 39747109
-23344445 8586841
-74811784 89531213
-65235544 42918051
12919561 -98391009
49215561 30249428
-34202216 39366124
31004871 -25731227
18929313 -26460963
-1776144 -74214279
-9655529 12311586
-14334677 -62820245
51118795 -71741441
98958192 -45176116
51802039 31909916
-28505993 88314842
39542732 49235549
-37241828 -77224816
-83073662 82772724
-24006734 7604956
-33759132 4625893
33098545 89665806
-37719117 87895789
-77560677 68203827
-38910979 79500617
57204027 -87704231
59404563 -2326945
-29376945 72852791
44071906 -23114603
30135170 3903576
-85698491 -20645444
-96250881 -86922526
15217402 84424357
31208410 -47280391
38583161 72304989
80270638 -247695
11678702 46541160
-87435193 -29152523
-92620812 -94877729
29940958 -34625677
-37402260 88290295
-39103541 -6676324
19109684 -34620691
-96695057 64210927
12010499 -53744504
8925953 -49152064
-20631034 -84069185
9349140 32775940
51677518 10393989
-87329930 44448877
-51123472 -58066650
524306 -92786632
41056391 -63608323
-84335490 97081589
79034481 -89160130
52442545 5792115
17613010 40716288
-7811435 6564072
-49341770 1232414
12417516 26453085
13804410 40226181
-30658911 -64907836
6876979 46350739
66920188 20688807
-56665965 52937627
77072895 13770370
-66373104 -59098219
-20580497 -16894821
-47469731 52067911
72115878 72380874
-82974920 -85918412
-92054143 -20210568
99565573 36330182
-96002526 88034293
27646088 -25705632
8712328 76011827
57079472 56445301
-91142119 79889068
-63669735 55432374
-18130048 36556013
-85797223 -58202433
83777458 41248544
-98163087 -16390862
-76040987 2867932
-68171992 36520148
-37075336 97092353
-84853601 53026146
-38399745 30456169
-60788802 -49482147
26543313 -89435723
99972351 -58482371
-90572080 29932884
-26369247 -59323384
-74920329 -10321890
-59859357 -38944349
9106683 93350602
-6130317 -58282065
43312058 16028078
83775112 -56845372
60140660 75029063
-98439302 -46257787
3129081 22768930
70870098 30055429
-22498133 48552074
-1608523 -77202115
31111294 -89422857
-5785499 65704983
65239495 -22278326
-80465591 -66093124
6970073 5654441
59750540 -25691139
12583636 26366900
45001605 -74650932
-88503548 -94933114
-16038687 -45208944
93512572 -41735025
46575528 -61168324
27516615 -11374414
-24836475 -17750093
41354192 -87496463
-86791215 -40753096
85274725 1933719
1879937 23150622
14854921 -89321904
90672792 26829343
-28228577 58945602
-94541028 21943310
35068878 58321335
47685006 27575827
1755606 68905228
92791039 88299065
80523605 50309630
-50265038 -67307211
-18758988 -35197034
-13227575 -18131737
-87857682 -29239280
36313468 -27898165
41469115 -94644036
-27865678 -64945569
-3615983 -74835229
23983749 64879198
-31132826 -26264744
-64003378 70162766
57619679 -3027657
63277278 -82723174
75345764 -69447225
-37692141 -31665189
-87100702 -32946846
78038860 52589623
7539620 -21527665
-95327071 -75588166
-81656992 -63914054
-69025646 -16940018
-69195360 -56258048
1440539 -38455590
-97886554 -26307338
8965246 80677582
-33151623 76980571
79994474 -3315813
7835957 -92349449
54511987 -99372990
-89866319 64168106
47284208 73176350
-81496883 -75520679
73094662 28963164
-56181769 -6462595
30369584 -20782222
-99794980 69022072
-78380870 50708351
-63806449 89506308
-4807992 -43755650
-13159018 70179481
55230081 -89727263
90419798 81407887
-35125385 73312051
3103256 39679814
27441917 3546909
-20647507 -60083522
-9368193 92099972
73404827 67230771
-20535719 45694669
46221699 -32698092
-26195263 -16566717
19949757 -2057570
63391907 85289324
-45549183 -78054252
69172884 46702177
75498820 -22846371
-84901893 2118678
-91267735 -43967401
24086417 -64329073
-53057952 -78368843
58503912 -67727764
73935389 -97486690
-76996652 53267191
-55235350 95151255
-46728238 94511606
7876167 39014461
-32708043 -96542462
15472968 30319860
-90452156 -61672431
-64499590 2302653
-80100727 68387381
45594564 -88937795
83738101 49975059
-37954701 59087287
-17205110 -47019488
49008487 -35510202
-38018300 58567896
73148429 -57835944
-35822066 -52405476
-57511558 61069616
17979840 -36901652
27691886 -84520577
-94808107 -27744801
42588725 -38718414
-66674998 12064467
-20585115 -7624958
-43013783 88327423
18530901 34669544
80650610 -40235688
-45564103 -7421237
69254521 16296859
57408199 63436844
94624622 -80389317
8551550 37081874
78614559 87646045
9433129 91864686
11640042 -97528489
55738309 35054036
-98006193 50888945
55595463 36957376
-1246314 19092850
62088237 46621823
4235913 25011649
67707832 -63537814
38165599 -77508809
-99249352 -85572103
-73434821 70777222
16503977 -31576496
-40615559 18823117
49883180 65432995
74264559 -61994744
-33837664 94876297
-95491563 -14179591
-32688760 -76221138
22588386 -98668689
40782853 66819514
-45984303 -17094496
65801485 -57160696
85064545 -24783768
-99129654 3543892
41738116 50459255
91910972 -88590810
97396079 37363811
96646329 -98316103
84826503 -99219488
-20659498 -33000456
-97905968 -7980817
38570089 -74169770
58398797 15628242
56635956 -40293601
-10939478 43500854
54249455 70863378
-96108621 98173105
36093824 69659418
21395756 -46666268
4955374 93205031
16885206 -99669522
-39020122 10472494
-52908175 82956148
-36801201 -46036691
-26510150 89824644
-24768654 -81499563
85784487 3428269
85386428 33119832
41371359 -86889633
60203784 40589122
49690385 8229219
-89949231 -82107326
80357259 39097379
-84937299 -66540674
84627828 -10321073
-14812121 -42604748
83500333 77406137
2590998 87449669
44386474 10800755
-160125 -62074101
-51499084 -97423861
81566304 43463930
-97464373 79917386
-5414850 66887895
-71534757 96511839
98036921 54255888
43069339 52144305
94961993 -75915812
76223836 16676003
-16893056 94548985
-16219363 -82016224
-5042145 48100429
15039700 99004183
-87773677 -73490866
25644929 -90680160
-8882833 -49763425
-50330527 18801221
-36691008 44923164
82670627 92251480
-96163743 16234817
-26156321 -93716332
90079742 -47005762
-78059503 -20768720
-81345701 -86301897
-60637402 -72482548
35081704 22651211
50013204 -57729719
15074310 -69682725
-66183169 95903058
15267701 74279116
-95037121 88836319
91120354 17737478
-87981960 -11454580
27919895 41502410
72987506 -99082582
25193764 -37317741
91818457 -62520511
80982556 -50465190
-70510498 -75006557
34859264 -45880211
-5004752 44064249
-92787576 49516190
-29480026 94532100
-20182357 33552486
-49028463 62193688
-58248268 -8489913
10635527 -46215674
81106343 93547885
-86866646 -88994524
-84062330 60058492
94439797 -10400315
15817194 18253728
-29586084 -33649604
23491031 -34167120
-24057237 -67533399
71808697 -11567341
-80317410 48848599
-15461267 16919884
89741901 -1269260
-50849260 -54104523
88443906 37995886
74472201 -16293513
40258227 6512158
-7635675 91891937
83261064 -70109635
-96357103 30017124
31454019 -9455631
-43626900 -4664064
93782767 -64163570
72459908 -80169985
-62475842 -27128386
70340594 -12741434
11861731 21134515
32411613 5374904
-52653866 -43257246
-59219860 17948128
-66542613 -77446593
78520756 -44154767
38798805 -45964423
-70126801 97516369
-76204380 -56644986
-58814876 71095824
-8854501 -34353069
-46678508 30209207
23509787 63176795
-68980433 31015636
-74986167 -51067011
54493073 -17498211
56961988 9812612
-59535569 -38715839
95196891 -39461795
509058 8057777
-96898679 -9130939
50441446 52218248
-96201471 49145212
-36736819 91997194
45009897 20931149
-72860418 -85754329
-47097753 59507368
-37531267 98001051
3702390 75747618
54162318 3495255
-33916170 98638389
-21345647 -94536481
-42769283 -93332078
40701098 -22486990
-38490725 65394394
-65225548 -67492249
-58936426 98539731
-82452467 -97401627
8873042 -37712462
19928209 -44733473
10278696 60729614
-81304081 94461837
53201532 -54983247
22120481 37907766
-31204522 67553091
5325949 57234992
45392228 19250130
-14605215 -25436264
77732433 2228503
99202451 -33805456
-20077348 -14750314
44450750 11434971
-39311459 28597026
-43141065 -764564
-86190392 -39819104
-34189886 -28593330
-45599113 51491446
-77004668 -40197046
-29525918 -81196378
38296350 -14977972
-79118426 48377028
12215093 -54190130
37933531 -2814012
44159546 -83103917
83059576 -16348327
-68494358 32481115
-19988305 -7470903
-90013565 -41925631
89902948 92096252
-64707886 -80491065
-10428090 -32758648
-38413913 -77757122
-97167188 -87672039
99067536 -30734341
-14448822 -5064735
20904167 51967644
94107335 54816295
-94279571 8957347
-54619870 -36949814
-82896459 24432762
68319154 38946050
95056192 -75493466
65280649 19442432
64144456 66911866
56476790 -10996951
47169548 -3313552
-51236676 15679659
-33744122 -6606647
23085855 15474723
67813172 -1690308
6239859 78117845
30289463 -64311468
-5809391 47599237
95673606 -47193240
-89123199 -63066288
-84828038 86836544
-72421333 56506622
-11179909 -45112050
-20037722 50263250
31312478 -72569276
12338555 98463889
-23242995 -78684899
-77891586 -74061289
-6735342 -60081312
-82654158 -50991830
44799617 53418510
-99248606 40260731
-15650626 -52417436
21205180 80831026
-22448629 -47902870
-46158653 41434436
86351227 -28797968
89618369 2643777
75765862 40895505
95152634 56319855
55380751 -51623247
22243066 -71951
-52436763 65988165
-82612368 -54178382
36204704 -67666909
52956976 69209528
53930335 -28790411
-98349795 85415286
39841348 51326376
5407784 94103026
28889519 91726583
-32344103 -96777603
-36301268 -69559439
-59241604 35264639
-96728734 84188949
-77787570 -95209102
25347930 -16123697
15338495 4570153
25595675 26632969
-98233043 2050597
61310906 -77029464
-75595033 64975658
19787906 73936457
-20253746 90431518
28051190 -57806455
8834170 -35484681
55091509 -49570889
-37784253 32143019
-5526520 -76536623
83220433 83350439
14562515 97715973
-1331440 -36336008
68019448 99947679
-60549035 27344666
-39083031 94178904
85701154 -43591260
73598583 26642002
-74453244 -84113740
74761893 -25758056
90593059 53924846
79958004 -53810375
34053038 -77580948
-3248810 -4786665
-39541065 25837454
-19316521 -54017518
12056936 82687401
41867819 -99912095
-39437716 41006542
-30629880 -50297808
96261619 -89959482
-66698941 -11213797
63023357 5500356
3808035 41744575
84145912 -40965596
-3571259 -50574876
24763757 43928152
353050 -84771878
-58136250 -75138869
90190442 94809101
70293079 -4304173
-11022115 88281677
4879923 33467123
33083729 -74101695
-22900775 15206739
-8097095 -39213661
-64803788 -42184087
-88190494 -81401818
84726971 -97431194
38130416 -82854490
-45422429 -51830603
-46997515 22736608
85260554 27141391
-44098126 -43293799
1231681 -75422225
-13333723 -91375648
-70740372 -64736468
44728265 -99997911
-86947583 -34181531
6865533 -43141489
12869217 -6375162
-70345392 38488915
-17777185 27343079
29054025 -30133478
-38771916 -99459731
-88914401 9780175
34157657 -73527485
-1749780 -54192858
-60444511 -82897998
52091695 -49151378
93112544 -30021588
-91022885 -47621322
-33807164 40169462
25838786 -312426
-14456088 -24947983
35348553 90233891
59219571 -91099510
98654097 -47883553
-40168470 -21115094
-42859130 -92362930
-57534222 -97097499
56830592 3641695
81861102 5615215
-79392374 93065669
37225939 4587753
-72658874 94390927
-55239994 -64679362
61603371 -13047557
62721343 2884853
-67963107 -10933043
-62003379 87819866
2297345 -31419432
-15522870 -20183978
-52842334 -21534749
73718642 -47551642
-36166716 -87744917
-9158370 66864719
-25144607 97322700
37729232 -30540895
34754536 -18074828
69084054 43049406
4301531 -1296387
-45620577 -75910911
98063780 49490473
97587782 -61103173
-69430600 30227926
28864232 40682449
52475246 59024389
-41718667 -64585052
70889523 -6149212
44884118 -70075855
-86714845 22939666
38147894 23885489
-90562752 71479713
30279585 -89985204
94542931 17090912
-45724483 -9326478
70857156 53044605
38149704 78040646
-70140497 -6331251
97493014 -75966287
8908746 18058298
28605422 76411648
-68149538 -32214680
-94307620 61841421
-71940708 61219427
-40851712 -63693480
-28071165 -29058161
-84057217 -48932011
-72018675 -67399572
-20469196 -97380710
70263576 33248855
-3268411 -99676798
15285808 21731361
-30813039 -97242015
59964684 18150766
-18795360 97652640
-84293890 -50456450
-7887600 -13874882
27914408 -64608448
1987096 -72972724
-45905066 15543491
-61718940 73650317
-10522930 25929865
-43128586 66543724
-67785709 -7781497
-6771860 41103773
87523974 -18554847
63991767 94146750
78444139 -76986241
32901327 -51389875
7401301 -83050715
39078108 -91641917
11387395 35905624
-31390457 67077746
3837433 50046461
37790874 -40868331
-44958429 36729890
63759816 4417830
74662809 -62115442
98192210 5298315
-16658484 -54747909
89072969 -1204206
5940179 -63649456
-9517404 -81215108
-49804163 9857877
-47863697 26735796
-34092758 -3313627
54735388 47725324
52862784 -97854725
-4586021 87959192
-13128656 96703135
-71052985 -95131899
-12017046 -91827626
-49452617 30471375
60548565 94278565
73750805 83009010
73935335 -38811550
47870601 -32396303
15452002 -64566300
37506799 84446621
59649813 42740626
-84453467 -7342837
-77369578 -42869400
1696998 12347053
59338504 36004349
8441224 -80919574
89549446 35475785
-89846072 -70699496
41150218 38245420
-16000657 -25572514
62953790 -8571026
-48114450 -13539260
-902178 -8105824
-34647630 -88823530
19041418 27745302
-47483202 -97050510
-7663851 -65262257
5384932 99490445
57453030 -12996324
97646443 -13380824
49495504 5984048
24103879 81669678
-66962005 -2486490
-73735744 -1204630
76350743 17305424
54976111 -84274221
-10156122 68008188
-8405069 -87914383
36987748 -17683665
53360370 -29983854
76991366 75119692
93382791 -80662932
59992976 -39238721
32969345 -88397439
-54842494 -5674835
46605632 59666513
-31465692 1473528
-98113112 78465409
90443129 -17581317
-58879074 -72925991
6807944 -96355410
-95924680 80123807
-50913931 90159995
-2816241 24050809
90786918 63720049
89133208 66166783
87859665 -39062559
69586636 -84236784
-82015032 84541904
-40476505 -47409066
-68441315 22696586
-23091083 78895243
46636842 -36342970
88630290 -94881569
35149376 -26365711
-97470392 -28056323
-76048266 -73269560
-44002355 -24392637
26366455 -2611203
90033823 15241715
61718543 -4159753
25799441 -51139289
50383087 -20212090
-29743348 16693448
-20381843 71866241
-44175877 -60056630
-78443571 -97113702
-22342041 84948004
5594604 -61289083
96805215 -9265261
49163204 51165233
83274445 -16340853
98032844 -70027163
-48679011 85562624
72286498 -70649121
-85207384 -71468859
-74327099 -28695379
60387292 68295780
36845615 11939169
-90758965 -62504598
-44440457 -90421086
46858971 25934848
-5941484 -85072492
-44736764 91305
-70666782 -66519369
-70970152 -89175469
77170874 -48378321
97672988 15891368
17952702 46246195
-42419345 11911150
58236358 28093324
-96663423 -64366021
-78414281 -49332154
-58702229 69241474
96470819 71773517
-43494883 -71301941
-30701155 87567623
-62589623 -44675240
50747652 16681597
38216039 25153149
71467313 -21979585
-53812820 -64193711
-62570161 46813703
3301106 20292499
91749107 -18930338
32856801 4893994
-46089510 -23507287
-30563884 82201254
98099244 -90905246
-87772467 98078250
17337036 31128578
50793446 -54943366
53638100 16374977
-89468651 85732885
27593339 -23260000
-8182238 -42728925
-92189937 -22718560
-31553827 12658901
99408189 -99386573
78457667 36681074
-92885037 38554783
-96106413 60222402
44673481 -61359608
-24807822 -4536316
-3779287 71800640
16059894 -57318962
15844261 -38796141
71755718 63505613
-85334263 44275607
1903431 -16186072
-11357566 4327396
-47580099 98860612
-53489721 -53082587
78362954 -32431622
-51971393 -83554277
20368013 60592643
69101746 -56695873
97583932 -59748553
31555148 70227345
42066973 -31425538
37081556 1542092
-17740169 93059333
16352658 -69049163
10069158 -2628298
2149431 10830987
81087483 76350617
-16070973 -66679574
1803711 -40293320
-86362704 -88565555
1791883 16539481
26423591 97654292
4262731 -52220833
-98293124 -66230685
84941407 76930951
44049090 5692330
-30420055 -66685158
74599081 44415426
-17005098 66858923
9986717 -18026713
-85084404 2644823
58452534 62988396
8067645 -68807985
-12317303 30875866
-86958196 34757358
11327598 -3637734
-25017661 -13757606
87217743 -18480474
32240698 37616610
-37502327 73992664
-93622034 21032321
-74088874 -19240397
-4917733 92884270
-11342568 70684996
-81823781 -72067808
5369650 69888155
-32653357 35455954
4336026 -41111132
50292817 -5675646
-11786359 -13687510
81869957 -61655419
49188105 12082968
-53700692 73522012
3221209 41381803
91259806 41835577
66301245 85242367
20912951 -19769329
-28401287 -67468689
-60689406 62623214
13531638 -18123815
-86748665 44048001
63724878 25743619
38967365 -40982932
-57828644 -65464973
32472836 14102079
-71565967 30644543
-14836118 1689173
62382244 -56380362
65242649 96058439
20419058 97766456
41939385 -76858124
21765775 30558871
56448138 -27375397
63106238 -76541682
21650349 -58141642
-9172597 -91920711
24713957 -30232163
23440862 -8799308
-96738529 -98721507
-86580295 8472601
53501017 34809435
91452494 -79827272
58279485 -73896322
21602505 62061394
67102346 -79550692
16355995 -15547049
-34921246 -22830582
87575020 59083986
5877035 27199698
76142571 62710039
-60965903 30219663
-80552327 -60085801
29221001 -26061684
94591067 -40490497
-83591095 44355405
96048006 74485792
-66829338 -64548543
-2108087 -61094913
-55282753 -6575643
5909558 -37490325
-1979855 51858092
-96714730 -88000865
16980151 45465755
-52149242 99368945
-22479499 -46852341
26649308 -77879385
27622611 39472084
-85898448 -23748919
83285092 69923408
26474948 81169277
69767149 -4948147
53671637 21153403
-19243732 28366045
-22902452 64072349
-35207478 22526656
24810202 89079592
66444869 97692937
-95253139 79721411
-73645335 46115859
-5888529 24199439
-21390842 92239179
79515066 -15942512
-46960672 -8362698
-70086596 -17888703
-10129427 57265884
-89584422 -31272820
37611232 20374293
-57113302 -96062505
-70714637 67129302
-55693647 -62358379
-1948611 59693978
-43863452 -6967110
72452419 -25520382
-35840292 48871805
-12013544 51751146
-44452470 44865382
-19423955 31928160
20014000 -91748278
-78789895 -93556091
82350436 95917610
-37852673 -38745305
-1431262 56104419
911830 93937380
36320371 9546079
36680935 -7055539
78607560 54525868
99913890 -5124093
-57831758 3947102
-38544495 -67591525
49823286 66525175
70321218 -53329066
5142331 44614261
86253299 -68114684
-65913416 -30103177
75590619 -15951084
-68092725 45091670
91096635 71805773
41922144 91390941
-17231258 83339941
86791037 3592365
99365118 87479013
95695183 -29726992
-80705131 -73634343
-2892018 88070430
40784697 91401614
-52618040 91271401
-63540784 -77237674
40182884 41466645
-90700632 90064687
78076856 48101764
-25969829 -45184429
-62826110 -34634924
-60281949 13015230
79491393 -98188276
-6364516 24959674
86493009 21022324
-59696866 -17081677
99832242 -33101340
66664082 76759655
-88884331 -64736201
47037731 -10961502
-43368545 -56879832
-62028997 31327287
92446773 -57763829
-14029622 97377335
-65148971 -5225488
56633333 92453420
-9425916 -28377261
-30095198 89622447
-53988821 13965337
19056276 -32413737
-20339164 -29186835
75284816 -26715051
-62987726 63112269
-70973680 -96375274
-2435480 93781810
91734045 75373441
38069729 98457263
68673807 -34596532
15932883 -6566226
32433699 -9693224
-77508817 35393554
-1050937 -80137556
-49112517 -78135722
19966474 67776671
-60659547 89259063
-10125252 -45992964
-27117193 22635570
71389595 81267188
80583663 70586151
-92361978 20058791
49000693 34839066
11319723 77741293
-59139700 -56383936
3478983 2898085
-62360151 66708711
-75896450 -39089919
28043246 -52747152
40664983 1225393
-41188457 27683421
68043604 68819008
-30918407 10941037
-11438425 -38868885
-52584796 98693787
-78820342 34272150
-24139968 65375285
-32151404 -1031457
-57348458 18880045
10995636 -66114740
66725479 -79428877
82381878 3776693
-16236820 40567816
35026815 34095297
67484790 99444401
69780656 -68692704
72770264 -56538759
-34695848 79295577
69860774 -93901610
-74144796 -22255316
-26062831 3359741
-65644081 98827043
-99860802 -90375625
-67447983 2093392
8024852 -10013259
-85130493 26877662
28414490 -28443119
40099505 79292454
-34962384 -2734065
74769167 -16640110
59366392 45616365
-56818696 -21155897
-60640215 -36375725
92591902 -52092556
-13001272 -41993600
-91248495 93997578
-87207457 -52890874
-50482939 -79067115
-94203865 -92105514
-93394424 -66017349
22919462 12750814
-41926509 -94391560
-24610002 -82395028
-83749980 -3942545
14466320 -60308548
-96147785 93330846
-30968811 -77646701
-54345484 -13373332
-44562158 97791769
-997910 21092716
49187526 8626552
-52940110 25876736
84313246 -60954059
97340580 23415711
77041644 -59648613
-66418329 -6526880
-22825014 -62499451
71801987 -58749200
-55009914 48940999
-72566916 -84082403
67465914 -41297936
22518588 47569388
35943053 -30546861
26201353 -21391527
-5831102 -30183079
-62829997 13082759
58052587 44739211
81618219 -42425237
79373000 51076676
899786 -85861940
787999 -59561363
-90039475 73105151
34393735 90166932
69082206 1576207
94987501 -53812096
50788533 -33590434
94211669 95419018
37802133 -89922422
33752527 30367230
75770744 62619702
-14122203 64165960
75493675 54385737
-8291817 70300911
69841594 -38197122
-52107392 -1290166
20867907 4890110
-96874366 95069854
58973816 3982233
64074925 -76802621
89879065 78503602
-97166063 -16451261
-61517175 -22266982
7489019 78686839
-9496401 -45726012
42235156 74758027
89709017 -28991091
-87291317 36064404
34207700 7693520
20580532 -55431748
91343224 -93897263
32865463 71293363
43365584 15993095
-67125755 -23682639
-54465051 59727806
-95614798 -38386687
-58042762 12580685
12962331 79667475
-86536451 13345891
96808099 63154747
26341171 836738
-21264271 -87385408
32411155 -68436229
67331714 -36579868
-65887797 50727003
9078454 -83747099
-41092018 6827022
-76719998 -21885089
-18055311 59093398
-2594762 -98813387
-29237378 6545727
-8691996 -5636247
-77991352 -49595877
-60631091 61847092
-20631782 92374746
-69846309 -40599965
-96440264 -47873785
-45735370 -64212563
-84927210 -89809778
47721083 -39729176
29002542 5565328
-85320882 -56248606
-5574257 -86282190
17147260 50173643
16847134 -79633319
23701690 -11625058
-93742163 -96329576
-30815956 -1025470
49430306 -14504429
-62539546 77898032
63100556 -87574527
27992149 53711764
-12960868 93714282
-15462575 72480645
-7291676 88568775
-20563410 469864
56064845 -32055982
-59559231 -95024215
90721797 -39914084
-75461279 23660850
-88778223 47078128
74071308 -18336882
-13470066 -68188225
97142311 -46520222
-77125776 -68685517
-25260128 54262349
4500659 -26464611
75801732 29279514
28934729 -10715086
-80467439 -5201125
75860293 81200494
-56621767 -87321926
-34042105 -14159905
-85162053 -61224359
98808457 -92296268
-11690878 18795626
-13100315 42673952
80315537 28157598
83151598 27937626
-59229874 -67263292
-75562780 2624065
22553900 94181811
-70460077 -44246769
6036267 -74790877
19045603 30039168
40065185 9680715
-11297227 7548570
99877547 74505166
-76741951 34009612
76783130 -51194828
-85864523 45532655
11681487 -79356992
28397913 -21750508
-73074302 87287165
99062285 -59820815
-27544576 -11327763
89732858 -58191360
-59033827 10495910
-39801497 -89087878
-49968755 -69461171
-27778408 -4273349
99392035 66526364
-8346609 -52006444
-79133421 -92661339
28506768 -70570641
-51101103 98031340
-33573440 -27846427
55004484 -9873542
-63712031 -11066105
56787648 -31293110
16422559 -51681973
59913025 -73124747
46134222 39070747
66535302 13083894
41111223 -87546293
81250187 -55676797
35103315 24724182
-91974915 8501114
-5804118 -37762782
52453917 -87576139
8466241 44073782
-66572572 45666562
-21942896 91426617
88309865 -2122748
32373511 -40874937
-98171056 -22634575
-51723624 1505828
-73297646 -29148346
-79682963 84547582
-76260904 -60678199
-77322596 -58177528
18690707 -64629060
-99110006 -1948197
-45616535 69866320
-29842396 -47271462
-33029445 -40531917
22828016 -48460516
-96710386 -19165426
84611718 -41335241
5326966 -80976833
45021423 68258046
-47729190 -1164949
73923841 -20909055
11843487 -69265113
-44499345 67753566
7657167 67208627
44569456 -46503633
-56480180 -45304377
-18127832 -10287962
-15245064 355071
98668286 75839384
44832302 -58965050
36831081 -703586
6625631 24448088
-43898409 11997576
27859375 84458060
86069117 -10698
-8882986 -72031867
90704492 -13167043
-63380317 83977920
55872215 81621809
-34327864 -60632909
92042728 80254467
-11203652 84457025
-67758050 -40500552
28437737 -60658389
-70578551 -22154030
14054393 50448581
1003102 33096570
27130487 56831454
15944204 -94272669
2093674 -49443069
-73908358 89801427
94023811 -13916960
50857207 -78593436
4008123 -32411623
-37040705 80616910
-39408791 64650135
-97392855 -21796590
63503789 97593023
-50935550 -67848164
78726224 -15201360
-94897782 98212206
77621254 -95511521
-62177634 -6106271
-67858822 -72709437
-21033995 98393187
-14305859 -69455952
-32511544 32717238
-20196213 65904823
63549318 17717034
98703847 89166509
41803699 -27923076
56990571 45336839
-56107630 76845845
-8156216 17310252
-70299085 90456937
-89928588 84149989
-15138887 -3147849
21474791 66878769
73583254 -87072726
36586011 -95830803
81325096 57338925
10145806 92423875
73349606 53253685
47118403 23547097
-63774213 -23106226
47925622 -22615072
-55163015 -77725578
-21997667 83211789
48603989 -79019968
93880343 37739550
29450360 94034768
52007396 62198400
61337647 -26574372
30579629 69660707
80730856 -84639494
74374873 77275791
88071705 61885744
91269044 -99728911
-76618403 -84093165
4929353 -58174365
-47790852 50426866
-79915591 -90679420
-36548086 -44171953
22704826 -82295471
-9253574 97927511
-43577616 -74798336
-77306599 90684757
75845763 -36556358
-13280606 74432334
91630128 54937167
-27437212 19210285
47502446 62674202
-46676984 78743583
34618550 28128009
-80846700 -89236740
69248599 1625416
-9410567 -6255781
-97481819 6883429
-66771347 -29514389
42758790 -60801414
12580014 12783897
51439355 -99569560
17524301 24991565
9346864 -61533946
-57033434 -33460915
52865922 -62521559
-18085038 36734966
-93815153 36273921
-32155837 28226092
-50850842 -31148655
-97636898 95504194
95960646 -41303067
-64020892 -95890557
-21950864 83683878
87163194 -55375120
67643046 99600030
-1295225 75419335
55234795 -58248983
22457783 15836217
56025817 27444568
48818846 -91763612
62203204 34404338
2962244 -25442373
29903373 -70959706
-30896007 -21404344
2182654 598053
-50541568 68725783
82084503 -17225884
-4407424 74386860
19588512 99667724
-35390047 -37213413
77974633 6553920
-64996149 -13595451
86170980 -31288203
-68265082 -25044352
82781322 -51004885
67275732 58290758
-35018963 -67360840
92440493 47410102
-6513775 -84757241
72645090 -32201296
-49034533 50482794
16504329 -99424991
-43698172 -60596594
76826228 93107837
-16569486 31616449
58157332 -55964092
70341470 33756919
61354079 -82694253
11018770 84858520
-97567627 80415820
44785090 72903051
31982338 -87420965
-69003741 -32847696
20033371 -65523004
38367478 -19435170
22033110 27002105
-46155060 44306322
-69522432 21002159
-57362085 -53721718
88030398 -83663333
53736807 -42824279
-56382872 -80605315
63691151 -77591400
-8673504 47069492
-80364288 5814340
-57750208 28331237
21404869 6187214
49389129 35611993
12755465 -97241572
14296631 83888783
-55105164 34190147
16158982 91110502
-77116880 14987382
86754029 -79213320
55163403 -81735286
10664620 -84842010
98996311 -40357582
-90759815 -45493728
96032412 -74171068
-56402205 40298777
-77750233 91682621
54390867 -13752314
-91147687 -58884482
57630025 -22205557
7756989 -49478089
-14884418 55935300
-3904838 -18567072
78854294 -61720342
80781232 96105069
75361435 -81251394
-33757128 82790453
35150804 -75484424
8293113 -33114771
-69155870 49302369
52392437 7160669
-84054839 -97079245
16552538 49160057
78016838 -88376175
-26422689 -33019549
-88274777 -40125660
-72934262 -72098085
56653771 -86386493
16935216 -5456968
85413320 -34895927
-65830480 97514990
22120321 41369661
5504029 7660398
-42579064 -52750386
61798019 -63289152
-92712458 -87850817
-32481203 63648659
-24313270 -70889768
-99655902 -5984942
36910586 -37819183
-40259209 -51838764
-75854756 -85063687
-52562583 16510222
45543098 -53512295
-84025043 1473644
-46722204 91417894
97129630 -82502311
2058279 18569557
-85721769 -55541401
-90634832 46831433
86478770 951107
67494234 -52681307
19244400 63604098
97995494 86971618
-19128968 87909111
-85094465 -31139713
-7895156 -39627336
-69249516 75942444
-49618369 3549401
37089813 17699099
-94606703 15623390
-89084868 -89643510
-38112535 -77638119
-71396107 91929005
-80059192 -39585004
-17001138 -2316116
-34376660 38758342
-23412819 -74457347
24465622 23844925
-22417877 66893823
-97162920 7986341
51218141 79722903
-49804857 58378674
73180133 16127746
8231291 23370667
71078975 -86131834
70592770 53818765
-94843450 51054049
97629933 62210913
95960385 -24387440
-78954374 79791107
8362549 -61062153
32975105 56758435
-95861946 -27568544
-65103078 -55401952
53394480 85816354
31047189 35339355
80767773 7959373
-62370404 63502003
-33257656 19778736
-4116417 5642532
-41876071 51929396
-88088028 49731997
-28056035 -74843718
-38475081 -22614530
-2771597 -45145181
38597956 53874067
48900227 87582409
-83344053 -93340285
-53324505 86940981
-84768026 7924223
46112769 72078061
29848093 -65969119
-58330371 -45934047
-29200980 82613501
57884366 93351889
89057630 81722610
29210973 86954241
-98603054 -37758728
2452182 32335285
-1900842 -41887011
76456626 69649078
-20461437 -80856144
6542954 -58043258
-65696744 -93019102
-54458930 67213918
-52893622 93521543
60176891 56903790
31312285 49591496
97124254 -41320437
49371861 -58710341
23627104 -96014099
50002246 99089485
86233507 16727012
87999861 35111960
75644843 2236162
-90657001 54440327
-96980111 -59030118
-69624697 17715717
-69965216 2652487
20131931 -3372780
-14095935 -7428045
-74895549 -2553149
91999907 80307898
-44716165 64190748
-85298894 33266302
-84944146 -34649661
-51065606 37237270
-53288630 -72280107
90147828 74024331
-5939867 15952849
66373487 5430773
72044585 40771708
47236095 -22963034
-55041339 -2240997
43080615 -54992547
28096711 -70966898
85716109 -92831895
-34397416 -75825306
14724953 -94508407
36203420 34105946
-69429714 -15549814
89500734 37696852
86224794 -20135064
-23870595 36901827
-21995646 8082021
-15168299 14713558
-38647888 -44022718
-70419868 -80118627
72851697 59883682
-25279051 47700284
-25799770 67616222
4962608 -52046468
-43878582 -18595436
91441848 -93844130
97674047 53577372
-95883791 69831860
59647406 -47077357
-73603682 31720270
-23508063 60259818
-36451013 -29717322
52383096 58648454
-97666024 -58521656
72170655 -8320495
24325864 64787413
-32032759 66628284
99763826 76297501
-73298298 -19637780
-16425763 -76599260
-10223003 89700126
-90109104 -5810747
-32165499 -40589597
-29102798 40336249
26550309 -58006232
71134462 34773239
84145451 -41687069
-42897855 3763049
74609782 67391510
4970447 62522222
-66378837 -10958978
-26014677 15509335
-50872716 -19628081
-53884997 68906440
-6399706 76016908
-50246209 51192632
-43967863 -18445762
54578019 90925782
7638930 87217008
-97600844 -74831132
38655933 98853540
-19106847 -24861873
-70378362 -88975966
-34127195 44415861
6351288 -67854502
-30473982 -94367462
94875771 7154894
90676739 -53928968
-80990358 -45335845
-61310211 -88543454
-38445900 43971629
80015061 990906
26973597 27140068
-26180048 -9141945
57630308 53316475
-17549458 -3161510
-41584039 44594952
68247847 -37543595
6965959 -39359755
70240495 59931136
34296469 86780482
-17965582 30023487
29237774 -68446068
-7694036 92970878
-51341032 98255757
-45496607 9447482
92484922 -90839899
95348367 95457876
-43350334 86384403
24481709 -6513160
-10767350 96025116
24513573 21330063
57039453 92755129
96957091 90636252
98701334 -71180805
-33795691 -18652949
-92327659 32885068
24081304 -66818316
-17530599 13134292
9288676 36800460
-18793208 12373932
46392901 88054644
-74603616 64853847
-48760963 -1597982
-42753597 16255068
-90216986 54812010
-10247958 -87741856
99417007 754440
-73688137 -57092437
-5740799 -11209304
77897334 -58053953
-75910867 27464669
5782490 -75936535
55832207 -69920839
30219985 48335124
44903336 20853295
-41059144 59112778
-42422619 58553807
-36391773 63117051
-23900945 70038332
65986496 84321745
30092488 78494150
-95796159 -92667647
-86395480 27574265
64866269 -6453073
15618654 32555507
-39522689 35363670
-16094472 -45470372
97109329 -45528261
-86505125 -50144734
74442478 -78179012
-34146023 -27106769
-40861717 32240000
-41032839 26729962
64026898 -46692124
-33379909 40773339
-10748615 -47322517
-91695367 22831089
-94813036 -28601483
-15662811 -31251419
30582926 -26898274
69895946 93968255
-37439517 -3744484
-45500081 16653955
85444336 20667638
61388543 -66007457
6604793 -14558893
-55000757 -15152886
5579763 84939014
93010475 -83444756
-18125582 47397864
-59387016 24866715
-63216080 80714463
-13614586 69477836
-52737430 80669205
16946313 52394866
-63075703 72999442
-94731145 91779601
15327559 11476452
94755852 -11087237
35534551 49756910
15878577 55217074
-85230761 71364866
-23717032 99963184
79504411 -48275935
-27913306 71612661
4400500 -76262220
74560312 32718791
-38604533 58115192
78214872 -79509614
46568390 43592315
9292980 -2475968
-38713107 57278122
1779908 20694003
-39926444 -65036339
51068717 96955502
-99095567 -78974275
-65710635 725377
-35571503 79974859
-53064456 35864503
-31481707 -73240674
-30645863 -70620351
84700536 18943044
-2122115 -3863449
93069766 -85835917
59562157 40097919
-95683849 -84697123
-22070508 -54542789
-70967995 -93037199
-90063313 95361860
-14541664 37409136
-69622978 19157350
86323225 86102947
61688621 76821506
95447497 92075052
-71289788 57359325
31588919 -38741019
95192897 -48244665
-92641075 94322994
-92283418 77306407
-11149067 -40230991
53774226 -69793234
36414748 -59124547
-70342400 -8647340
-80834087 55308695
47200099 27771573
-43962528 93927126
37157538 52540815
57306583 -85533565
-66108569 25366789
4138231 47354145
14736081 -6070483
89203454 -67366408
55272295 -67549470
90380038 9693885
13026976 -89085922
21879882 -81744769
-99453844 -11007973
-75111728 -32618711
63728557 -62613989
-31234186 57195511
-67771837 -79473166
-10961848 23925656
-55947022 70306534
-72880105 -87061568
-22043763 -81240888
-15424303 82617802
-86513180 4402686
46913986 90580439
-21074045 -8484244
-66287093 56292152
89874595 -21873007
-98775079 95432064
-69488123 10986783
-41933514 -87749467
20352601 41214108
-61818711 96630405
-62065646 -53969323
-67671590 32636556
53164408 -89046052
-34266103 99135648
34803121 72969944
81153773 90157538
70871118 76428995
55050652 -64696341
-65174720 56580293
-10910976 -15909769
-18716918 -39444269
31963950 -3244623
-41264052 12920797
-42083881 53923577
87571115 67539359
94641121 -57214672
59937317 -69178963
8016228 -64814406
-82985060 71580509
74629644 19253674
27381740 -78658769
-79354016 36412313
89523951 80716912
-72042750 25619180
29611327 -82489819
90003396 -75554720
84247923 -147052
-2018692 6606277
-79788281 -8724422
-86379239 85652079
41059103 -47724960
-26803616 21532462
51780053 3323742
66833671 37895362
-27159920 -70839361
43369581 12188888
26569917 -97952589
-8162525 -96051558
23401012 -93981800
64742715 33060921
-4564936 55873014
-44325978 -76959392
57504977 87252358
72601660 22066049
-18339805 81077127
-19111281 41688533
-85527820 -25173726
-69274301 97620025
-8087249 23766813
-94143132 14744201
-30720571 -91253922
78774916 -98480773
-52321592 49340285
-10516722 58147183
-78556047 53802034
58100601 81884844
-25835855 87313874
-76665561 -99770712
45657770 -93204029
11802748 -82029030
-45611032 20849942
67676427 33986452
64262688 1698280
37909620 -30593120
-6116816 43116383
24552599 87285082
31554532 -68805769
22586846 35874615
-11494892 -22141038
-61826682 -45100655
14079872 -23788782
-2924182 70417398
40359247 -70015132
4613713 -22372174
31738955 43708517
-1587766 -15638405
-29855447 -52563652
73012347 -10301342
-61088290 23833602
33152475 45602404
13876556 32579810
39854420 -69295340
-3856198 26780083
87370694 -23123732
-69325146 85623425
-14966706 -98179299
-27008642 71613630
-9415082 -18159483
28067565 56256174
61601632 33640023
-86958983 9813283
24654538 71858335
-71424091 22115234
-29598557 89512239
77059669 67684273
-6098270 58446077
-12590758 41379980
-5269389 -38833058
-19212350 80053051
91818659 -51958275
-47875300 19480718
-5801865 -92332656
-41555684 82192953
-65848979 94069104
-95002218 19627484
61493463 93819925
56181237 -66528857
96739951 74689502
-54713815 85862769
63586060 86980371
99872990 35253616
35848006 -17883454
92404300 29421603
-67459081 72341603
19437589 -29511435
14597029 3834521
26219586 -87070258
13595753 14023778
35476666 40919576
45248899 -36327511
76143277 -63141781
86916896 -99762047
30528396 58598843
-66333825 89063107
94011632 93809407
-22559821 97271221
7123727 -30623930
-63559609 -65673959
-20715592 85602887
-53239655 -89512665
-17005318 56710128
8026647 -53373259
29111855 57481631
-75099974 86183771
20971323 -68094991
90496589 -45057578
79457930 -9010415
74560333 27010599
-10257391 -76688369
35196090 66800854
-42215027 -7819140
49592940 89519104
63845047 -18286264
-26961746 -4934500
-33760919 -435443
-37618055 7723940
3617179 64467399
97561091 -30003014
-47336830 -3254651
-86713774 -30904020
48607652 -26501813
78501238 -73190623
-90356555 -83662802
-13705796 -45409919
-22068703 82855210
34397972 -88930802
71995807 46152148
79773360 -53626585
-17135283 55863310
-79691267 -57693433
81016690 85696923
-16049995 15253261
90437470 83472535
34324835 -78039709
-2696731 4595055
97124682 63152381
70166584 51651548
-41566710 2444521
-45198171 -82029438
32383522 79677203
51764442 93280450
-63890942 -43100061
32859475 27386811
-28320073 40520268
12538280 -57192177
88093523 -17803115
80145650 -6953179
50560798 26188287
78974091 54119706
41143147 84093103
64526718 43588714
-64117765 -75855118
82307144 -58738824
13853249 12788270
-23201769 42444702
-34733207 -75144798
99789246 6817188
4620402 -25814449
-52758195 63750550
-10284903 -12617296
63550420 -38476446
-36668745 39306874
-50455742 -96336545
-95645114 -87441023
-82728619 58670095
-19031987 86051971
96043549 18337254
-24922465 84248902
70922445 14259761
30695770 -45883756
-1242501 66021166
-4451328 -75558208
-50340166 -62756745
-28844001 -25855814
67849433 -88413088
-10775831 -9151133
-82212572 -17858614
-52350553 -75878775
52838673 25082593
-61916991 -42357875
63196327 -99258683
1074363 18886486
-83700503 -64951288
-50181315 -47810480
-83345350 93570081
-71854137 -33491186
-52942396 -29636463
69165890 44569925
-8232523 75236605
-28456291 15616900
37255212 90992600
-12009927 66463011
-66976330 9264637
1045571 52683528
23362683 -81031045
-48327685 -56991070
49156839 29102483
11040134 -48714309
-54750880 -90256704
48974972 -58875363
31271952 58018335
-45192544 96858417
58995827 86883863
-80473419 -5854398
13311645 65650863
22125151 30629141
86742858 43202195
-2332937 50078846
-91818979 99840558
63465356 -98608908
-82974044 -20513609
-89226510 19773685
-18033579 60090636
86278012 -92200618
-27722764 96553708
-78746105 76019457
96960741 -8503963
12934281 -66607070
-93951788 -49789350
-80507466 -15225099
-83758086 -58781511
-84874627 -84414341
70675852 9454542
49294193 13689486
-56968047 34690275
11478872 33186758
-92511524 -68578487
87384145 -43380842
16854023 23485484
-22571797 18970897
60168866 -93791499
-94053896 -28262628
66389739 -64264300
-85427855 24963367
46194245 -33300004
34632243 -72587817
73335236 45654053
35772655 -96732322
-76376450 66249218
8852668 37933154
36002893 -24271925
93058771 -75417333
-89758277 -92047375
50863631 -2759129
90020895 80789560
-77550797 87839056
-12461402 97984971
6531501 61546235
-9478495 62520994
78888309 59864326
91733251 5185140
-208457 -72532021
-97167381 39665425
25872988 -53013699
-57443609 -62408119
-36197817 50972452
33025860 75036005
-66795146 25669326
72052921 -35690088
38269900 -7904485
-88333984 50748564
-29291467 78671391
-31463621 46300982
91803077 -8567685
-62570420 64534962
35901944 -93056439
74235519 20644295
68650743 73527376
-21503769 -42037551
91540366 -70274943
-46391441 -73681914
-83551836 84455549
-21440138 28368070
-77545894 79921659
-71594865 -73717207
-7490221 65784779
34472262 96949788
95115960 -62070004
93110729 29805350
24484375 53946626
-52900151 55719731
16802807 95799095
-39908128 85800621
-42762383 -82902631
94428090 -9439248
-10429622 -79738360
-9807086 79660097
48735906 19864539
61468848 6961754
24521797 -73478295
-91923214 -17336804
16939369 79146697
66060035 -81652098
-43879872 -47201382
87659554 9029457
-68319152 20915288
-41210581 -73075368
-77732319 -94117913
-22146322 66853704
61285986 39463846
84471164 -21231869
-10176891 -38341417
73332781 -37014711
-74359151 -95312577
-20322428 96758378
99935179 66955061
1499884 -83649871
68797018 45791891
-34794372 -38304967
54818827 -47599826
85463948 91380851
91589687 -19929270
747968 -76960036
75061177 17095054
46095089 -77671934
27830720 -9912155
2761372 87668490
-15870395 -40791219
29786462 75511850
-69584524 -85635286
74657462 -23120666
11674378 9511833
43787561 -97053435
96023910 -88902970
62608689 -92892814
7539752 -42233491
-25819346 46864826
38841612 39168834
-46655968 72118939
-65884766 36288597
33367609 -6471971
-47960323 -30786767
58978422 23765874
-84959991 -53538099
-13736987 18241422
59844028 -49618283
60306366 -75219144
-29361973 -23525406
-43661719 2906910
10968071 -32620118
-38356775 -62583856
-5441801 81297160
97283871 -2038050
-2649384 -49961632
39919212 81017820
-74251601 -57215080
1236372 84149159
81005539 -75552272
812691 -19686567
54271170 -64547464
-57454660 12414397
-14848903 64120450
-95730753 60401911
45451762 -79411571
72926649 -71114121
-81381814 68856100
42657548 -12472419
-70175031 -66841549
56542400 25213035
76377657 -27310979
-17389876 91970905
25412634 22367333
-99336821 -23588715
26138322 -23602490
92421122 -33690583
-59928780 54711358
-56985900 29878181
12445798 -12306993
16688916 20914317
4894615 80909715
11310561 -61190766
85058618 -91857956
-97856859 -19791912
-26702353 -92951690
61664313 95699590
-76869246 23022684
-38985035 77491132
46309430 37335665
34584739 -74721506
-30122328 99202340
-12440774 79317828
-96227006 37312417
-99134991 37637779
54215286 -65070889
-6159578 -12080410
23537303 47555759
-38190503 -99871858
82837923 -72991943
63920497 81967626
18784909 -42495496
86350406 94792467
23261368 -46285648
36404450 -36645914
-98502927 -49883564
-71441313 -59982825
35926712 17138050
63631870 44948008
-58917120 -48582384
60096169 -40693010
-19025735 -52668401
69532956 -80478804
-30263154 -17350768
44516687 -76284368
-40184437 -65404432
-95113118 90213912
-62723866 66083653
415221 74587128
-12478980 -29758782
-96628641 -13909564
-32994106 39946639
87912969 7715069
98886311 -64682603
12526882 -44285821
97713275 54182892
-75751078 -48209886
-97702574 15399440
3373708 -98894825
-80375174 75819843
-3379041 72384119
-89039642 -71523511
12860994 12442130
4351662 -90712536
12787490 74480216
-51373550 14809307
27117811 97049646
48127640 88873598
-40271293 26433274
-43944205 97089649
7143560 -63532433
-86244392 86168031
-20396531 -90780552
-81644984 6749565
41918452 -2641067
-85455738 2057687
76644140 46584017
47805719 -87255332
-58958730 4194449
32749826 -83171718
-60719678 31624847
28531207 34240919
1306740 -76522852
58526832 25405911
92155073 95797675
6786140 48119102
48103952 -60472153
-75758652 64352736
38462389 74298998
-41994406 48017202
-41578937 45571748
-27799127 7566695
-93642200 54279595
33997869 -88693927
49561967 -91396583
-31165469 -78700770
55620360 45769406
-21725665 -78128395
-11899997 -78510451
-36202970 -63097084
73493161 -18175575
-83335332 49618496
81074790 -35533888
50188511 23720095
-24343561 -44831048
-93441113 -16361852
-58582485 -14143690
-14408566 -72587999
81577325 34785797
90431253 78184583
-17346425 21856097
-25902496 18820470
-96067502 5636975
62518718 86800673
-65055068 13005425
-9657146 30160051
-51974899 -30143602
-56736653 -54695677
31247024 -95770933
-7055794 70020065
-58549260 48010165
72945978 -96700748
57632457 78141332
-31487216 19678871
64089999 -71650730
42676419 11612200
7094636 78959962
-87070754 -5596426
8725914 -35010520
-70250895 -37027499
76347769 31593399
-26615090 90762459
19511471 -66539347
80622933 99578793
-26839163 20724474
-37137434 -44736216
-38543843 -74897303
-22354674 77097246
-44931005 18586257
-96030940 37962216
11973331 70635652
-46544525 -34332011
81023871 39397251
-93427318 -82549577
-76176160 89462550
-15896743 7655121
-75426490 -33724127
-77395475 -57379619
-38632094 -3192702
72711520 -82449846
-10292704 -80155979
-90734617 -39278959
11710715 -5049767
-60411188 -49564760
29580910 99851836
-49552235 -85824166
-72392047 39515295
-69127648 -60538797
21358882 30166919
18383010 89778809
89778929 -51604970
-60852070 -77392940
-73124219 86240730
-74167968 73354579
-83808632 3563990
-5563378 -60601180
36069761 52408193
-56039970 98772691
59420186 -31319231
31188553 84386453
-77305776 -77313169
-75327909 57479844
78683140 -47111757
6379172 83011490
62217722 39067897
92075591 98974012
20903394 -50372643
-14165834 -27555359
59569755 -47435406
50454503 73647280
75294291 -33125618
-43077616 60125579
45015875 27141902
-45033088 10308446
-35841720 -53028642
42564371 -45903113
-47222687 69361632
96164624 78580433
45028077 95378741
39658802 74885818
37445671 51807425
-53763124 -18253013
-14494395 36281268
-46601801 -64555546
47028100 -685026
-72851579 -61653800
-61864781 -34452246
84815576 432961
19392818 -53031745
86091152 -10174220
67123886 51799173
33614498 -97649848
-63691375 -97064548
5104692 -1768236
83673696 38189665
77229 -12606990
-58510618 82681418
-52519935 -48225030
39728832 -15841203
-43144523 -50592798
68488140 20967252
-81355323 49407124
-94188107 -29275320
61133636 -92797922
99558982 -73676334
-7845418 -46492347
623813 -55938132
216434 -5228009
99528631 -33522667
51316406 -67555579
-84794361 51788774
-70670645 -75626808
50136838 14116966
-32851267 -56165463
72416048 24569279
-67279422 77138393
43513791 55652297
-40695488 98278796
48929251 69626533
-73638386 -82215340
33688237 -55386359
64208202 28913134
42576899 90970588
-299158 -39600174
17272879 -43012820
-36369231 -83870034
66704554 -52517328
-72852224 -96633997
-99081843 44801433
-86349199 55513551
-39657210 -68703144
-65902661 -10035424
28242256 -88307518
-39194526 -39341356
-81471242 -84412034
-83219081 -2250068
1877920 -92048851
-34125664 -82183834
18006313 47512064
-92202324 -61990820
60126942 -34194687
94965593 3800338
84831214 -57081446
-52387435 -29406067
16098137 96365586
30160745 42694203
-99531842 56616919
-29930845 -75744709
45565576 -3054541
-41127154 -3919630
-40865343 -25419060
68763103 8058159
11437362 145505
11671502 50836481
-26106111 -79845784
-42504816 6486540
-85371629 83300888
-49718611 -29576935
-75222120 -85743041
-86632012 71434503
72243162 -74757903
-27041429 -44966140
-7646834 -59376641
99214594 -60041242
-13112483 -94302232
-45232643 -36157692
-64944517 92377713
-37027102 -93697704
73397381 -11187186
47504544 -69055143
95020261 -56045791
60695896 79344023
-73378583 42226554
-10702982 12245325
68724451 51681145
-78501590 88507861
-18455366 -42021689
9452722 -92538266
62603387 30936312
41490003 70186601
17365887 68721669
43327327 -50871126
-49678269 -43309894
48525755 -80503686
-87813121 -26323688
-7999574 28452926
-49390309 -55557369
72314175 18063421
-94919124 -94013210
15772763 72827313
-59008563 -68791519
-30936868 85068712
-2982749 53742280
-116962 -68753971
-21493815 26577265
-19385988 -15249338
23406227 54349721
-93953619 -36072668
-53064405 -12489461
-39722319 54257886
-77668468 -17830888
64842753 -45804557
14622789 -69554752
13240387 70105403
-20853670 96692577
83204171 69672634
3574931 32445157
85013712 92598238
-1103474 -96853011
-34154049 68459619
60926265 39808773
-32773702 92495044
-25952875 16021437
235593 53288532
73380784 -58045794
50417836 45794122
-52845206 43938149
36160342 -86776487
45047229 74480788
34197808 81326852
-59446352 -78623837
39794565 -52013136
-72815057 -54514924
64907164 57024064
-53851740 98075318
-88952906 -35274053
11039525 -29390568
22498333 48751600
-37785341 -29070282
71380071 -73871489
9242235 -35559592
-23585185 22870712
-78293795 -37733033
-51519661 -49231183
36581437 34206488
20070087 46050550
32482084 -86234508
-11661389 95247775
-30161684 72452212
-56246468 55897733
-57274548 87526671
74716113 93198010
-78852565 7180528
55437883 -49983417
41776294 59590246
19778967 94342804
-46482840 39944146
-35429388 -81461622
88796259 -94964188
6254498 -95940438
84057368 98082459
-98768292 -97611444
-74887320 62877661
-30597417 -90064623
54155622 -19625532
58453502 -21539322
75943695 -55729968
38064347 24917826
-44809507 31770525
-48269693 -29386565
-65553890 40192520
8334602 -29046172
-70261810 22782205
43946808 -4321868
48334126 -9552971
51554949 35906432
-49442883 42094292
-35167796 69075436
-33975674 -61388960
-73797098 20755367
-16312590 84403322
82051118 17120157
73798065 16258682
-37950155 -48423156
-3042121 -40671352
-90689880 -78363470
49944291 23228853
84729574 -77266327
-22531635 -57578731
62868999 17562165
-73911684 36087852
68863992 -31039843
-71266263 -62715282
26510942 35505039
-38370003 -62101872
-93900956 -83954395
-52436766 -22142173
59459540 -12587237
57157348 24103861
70008629 48440542
61016731 -43547506
-73649105 -36497855
-13569071 56458109
78587517 -22319467
-253652 -29061504
-20198327 -10523392
28360681 -70699787
-39014152 73992889
-66737900 -82556133
97814065 -6711644
47154021 -38056773
25730940 10000373
10956106 -19178463
-23833912 76676495
-84870238 -56439900
94374374 -87542831
-20707195 76735026
80788984 -12552147
-99123721 8075376
-47674658 95208052
85755338 -55905039
-42077020 -29539247
838610 23576706
76678701 92478890
-91577747 -87499401
54524930 -64036211
-83487033 46984678
27045571 -66509353
92825595 29143351
91440345 -2593866
89332719 71283324
-47088702 -14423607
-49958231 -77056863
79655160 67783737
19023861 38033460
-91635017 98413913
-15755612 -79678609
83032307 31314510
81374474 30107384
-41760214 -87531034
-37544127 -70910952
90600587 -7427383
-62068026 83197392
-23103773 36444420
76459948 -57662850
56467713 18124742
40050590 -56835649
58891065 -54688864
20534290 67243154
91057068 49557305
-43909660 53246765
-38451874 99339108
-51137123 -20985651
-56512462 77020989
64149793 -42587005
-59372295 40374227
22022194 65540263
54676480 -79532699
53755331 65955306
50751692 85215488
82961994 -7187436
79323116 34245959
47486215 -63680687
7544438 -93299427
-22359984 98520835
-17674016 93128655
-36170604 34000856
96073761 88101386
-90005444 83573579
60050518 -96228638
-50826713 -27937810
-53748574 -37113395
-711155 -18860513
-32977961 85390331
-45540701 13667686
-7106173 -53757577
25117716 -64850584
-76937384 78991221
77578689 90742375
-32902689 47597386
-32108611 34476022
76998358 -84184433
59971226 -26662824
-65391218 34700509
-79111268 -86493201
-76390557 35448975
43280277 77841746
-28813326 -62496622
-88191704 -9773107
62823307 90129901
4501667 63487370
-39854602 -71220972
75051052 81586200
-80856954 46215378
12646399 -91852185
-29809182 -36655382
-38928600 621117
-56004664 25611883
1363834 96231898
24892580 -27060926
4279909 -37595874
-34358915 -66317988
60832180 84601890
61507237 81167533
76739313 -65418135
-38820700 -44038728
95172175 -88848149
-64131693 13502964
22454516 -87680642
-37513464 -54776941
65734661 -42410231
-94130007 -8267124
6678544 -70948007
23329567 -71161495
17059953 -58148006
-54761917 -52681147
-3559407 95945260
99927903 70794649
-28909259 40464739
68980870 -23523534
25795975 -67083928
-90773486 -76986540
