100
85788005 -74151635
-34837667 33844486
-21173268 89800313
-53111317 12777202
9842467 -56818065
11864643 -67948238
87444091 63652163
20770316 -97563811
60259681 -45195183
-83043293 93514780
-57028880 96220262
-18411353 -93271716
-46877519 -78955638
94814969 32712725
-71309502 76099788
31813768 10910767
-74812916 -44082801
73419514 2322854
-58558916 53699409
5260051 -14948105
-12066204 21388151
-7111010 61011867
-3998766 -11645940
-72884640 93156278
-98990929 84856216
42199056 -20983723
-55550527 -61598020
38998799 62863108
68422993 11600659
56061451 7296864
-72681543 -93419173
66001974 74623373
-91833219 3752548
-73463485 -83406005
29676772 55241210
-86957453 -25047307
41421630 -21536044
-11923558 -10954861
-24289794 -89730596
-84653006 24246481
-39619973 45363234
-36155775 75227443
-28054733 -56564576
-75350257 -42796512
71978261 -80834393
28171969 -75193504
-90014259 -30788542
38332615 32460277
35702583 -61723988
-29361089 44340901
48713937 81076740
-17180288 64632243
86976186 -62978984
18336870 77027794
42126715 -56592417
-89512576 20708215
89674340 36653897
24929381 -77297334
50254169 80177571
-89328996 -99953288
58140453 -75167822
33962343 -20633418
-10490491 21723355
99678738 -52784212
-19188820 70741213
-23527353 94028048
-49178707 4435744
22812824 -87820034
6739673 7516333
-60239990 82271424
88777876 83515664
90836302 -71679741
48516355 87619310
-66841784 -29528093
-31645560 -46709888
11239869 -59599572
30315624 -54592480
16686455 -69830461
31902368 75217865
35794091 -84030011
42329892 -36529197
-3112529 -36544846
-15812265 -95825359
-46638934 -20725102
5810839 -97497736
-48720530 -46340077
-63053686 81695633
31220291 -85075900
-57587452 -73966567
55994072 28800973
98628816 49595568
61370133 -28819072
-86264823 -24335594
34705387 -87084702
59686258 -95554541
68441822 -51812655
47765442 53826146
-63304480 9383
-71285235 -11565185
-66082706 -88754263
