300
45004124 34645263
89828544 -40657575
-96654280 -21474250
-42288549 -63152935
66681746 -89299989
-54799777 -8374054
84341007 13316168
42133065 28786712
-34277071 -4904622
6499254 -54266744
7414869 87717076
16234744 -63705210
61892029 -34037854
82620711 -92778123
25420824 85515274
-32643449 -83693558
-8720166 -76834292
34288942 26155640
40968685 63919178
-35545979 -36810557
-13770032 -87645660
43021645 11932001
59203329 -38231371
50387956 -40976880
-6790306 75253195
38459152 72858378
-41368382 77923501
-63776291 91764596
-18807347 90179090
34119600 -38767701
-8492270 -33856039
-96322915 -51651892
12294251 54645852
-92717718 83274303
46517282 77554483
82618845 -59064517
-81279235 -15526501
32521041 79883777
19626806 -98424650
66904766 -8861490
53978005 -39427754
60865981 7286690
28435009 -89020894
193871 61054555
-99370202 86275205
-8081322 2534448
-74248456 -10444392
-21227303 43429996
69437976 25769908
-18546915 62010249
2934244 91978551
96590383 -11289891
12326893 -12452091
72702548 16266590
-43664408 -7534939
66942886 -42737717
11317276 58455528
-8871012 -63297350
73123200 26300818
-43226457 64585585
89168991 37209285
74987194 -1926423
-465548 91126718
-71836715 83214057
20189701 -74939108
-83610137 -81924409
-25620405 -2821349
-18871051 -70502835
24830908 50300563
24311607 70129454
25495550 -69465170
55124880 53001629
94414902 -76180482
-57743529 -54965464
-14229356 -85884862
22445574 -20379633
3928982 36054182
52599752 -33683012
-44661101 -35600853
-59069084 -58327254
-38125843 66930847
-57347160 21901262
-37512842 -60469221
-88571094 37934424
95396860 94657177
25720985 24336386
18297957 -65927250
65250064 -65281148
-33065756 22918871
90090698 -55608685
-62483762 -11159242
-93120442 99894379
-24818461 -44518286
95451710 58544322
33392919 -32719391
-30846166 -45363753
1071774 53296113
-73946826 56552648
33177063 63309092
40589035 66254927
34070330 61583544
-50927512 36716172
45833063 -60127340
-74488009 -61379202
-23240445 34207284
-90649798 -93836952
66584424 -94097987
-70925674 -41691804
44455457 64824526
41678184 -70053354
72036492 9391952
2881161 -18460323
-33691466 1014408
-92431127 49714882
54446068 30321310
28706898 -92820382
4564255 61309081
-41563030 37586654
-34820707 81561545
77180458 22964036
83337651 -13803663
-17888446 -1277140
49967890 -33087878
46761407 32631494
-13348522 24810591
20639642 99658169
-33349627 -14651905
-12153213 20572546
-86575909 63860477
-65710368 -17736692
66135962 38399418
65287176 -83802620
-83594797 72855432
-8587590 29832213
-79003536 -83083967
18162888 -39417967
-63390855 -65485898
94005116 -59562298
83815285 -12946025
18639410 -97502858
-94061668 41172394
91746691 45966938
-95765632 -90989415
-55632067 -23201211
-85228196 -62028725
-35677664 -44874017
-38300413 -50448260
-33139550 70837441
-77997901 -70209382
48266595 -16705343
40550936 -16499787
15871219 78661912
81132583 21766539
-13910769 55641533
41182601 -21124058
20940069 -75601732
-5809484 35738048
677589 63002199
-58516480 51979460
27512855 30615163
-17772726 21635071
-80842663 95459763
54160952 97823374
-74058369 8441289
-91076229 -73272131
80610321 -38047012
18947375 59051234
-45554964 61846772
39489516 84489564
-97261780 -42786781
21951122 52844914
-50506381 48077291
83077309 34217356
-52343994 57065946
1069929 76463324
-58492258 -13857637
-38599112 -15774895
-21240587 -2879810
-30969717 85715224
87742415 35622748
-18993669 -26545093
56786947 -28510211
18367133 -90601920
-94437662 56789562
41983705 83588633
48725928 89080968
66234277 -54361451
-26733631 88377080
-37458937 14715417
-9779373 -5104372
-58326912 30706348
14882628 39411853
-35741966 -87301742
-18931813 -73245679
-49692688 -76223071
84633999 -62210439
-7379608 62284533
-44161415 48991482
-38204623 46640295
7367455 -29237698
36037895 57312135
39973934 -21731139
29422851 -3120324
71370637 86656818
-28084811 -26720130
-67470050 -51608893
44461508 56971743
-90535788 -7088170
12675756 99320507
-49000957 47459859
-75306153 80810342
-56835948 -13368164
43409309 81958642
-55397454 56378274
40186135 -69711911
27000488 1669871
87476588 -68827701
-90148593 -30311239
-28981536 -6085215
-34100033 -76141349
-90028479 25214572
72764398 30745459
-58841128 40453871
15376020 28775128
-67431562 57066221
4661974 -21457969
61731670 67205675
-35953590 -41334162
1615352 71459787
-8665615 -90741264
-31364010 -87641505
49696064 -88145153
-16108292 -69897058
-39175698 -32274716
-19417976 -50783990
-18376375 -46653521
-24304727 -71853750
13816796 23401379
-29074953 62450126
-42542670 90432065
4593194 -42875952
39553820 -27860779
85037974 -25120549
42765456 -58804105
34043558 -90620839
78662517 -35071659
26020049 -9359418
55374456 -14083224
-14526128 17101596
71740918 48961524
-36891028 -85599159
9715696 82919835
-73257267 -78233075
-24450947 -94968880
-80174610 94166568
-83199587 -70937489
92099013 -59341294
23532738 -21892299
28675596 34747396
44809021 70876253
-92497127 11768887
-99334782 -77591740
19318656 19846361
97565998 99235343
-55706460 -43898870
72252437 10265894
3456085 12848943
-55655277 59710658
14768846 2536717
-60949452 16496056
-60552219 -56911786
22375729 -4512532
-93363252 -76483330
83636839 8202231
8758590 7450388
88644703 -5292050
19249578 25059265
-42229325 -33103612
-94576774 75740372
-98232070 6050112
-44858208 17035954
23625142 53212383
7328614 94450991
-84838103 -17872787
-1024102 52971608
13377355 96350655
94852968 67042089
-58350171 76814549
69500137 -7619939
52460297 12712720
11709597 -91628876
-30170285 -65225421
17300588 68052820
46099483 31680480
11281524 76720652
-70880383 -34767432
58409412 -17495298
67060413 74555836
-47038439 -95946231
-75506082 -59284504
