1000
68616082 5166102
80297461 13815545
4155058 -81184218
26747975 -7129015
-35014134 -78776590
-6513407 -88098095
15130745 87766777
34807748 47936810
-75174607 -25659560
-1862482 -20731550
81802889 51986084
-43174815 -93771994
-24838991 -42155733
-68486294 10213117
-67506824 -73170264
20930776 -88236794
27909185 97812014
-28396892 32081257
-24499925 78134065
68187873 -98652400
-26119205 97188818
76708583 31314285
-53011578 14093880
-5425180 -59921987
-42979136 6558534
-90906841 -12645508
29208457 -8454862
-64880700 66986084
16474380 -13719209
36341222 -4653194
-96048079 21783494
17371121 -72714506
-86699577 76158420
-14997377 73629086
92262154 11047028
8230492 70211719
-14457334 45567125
62607412 94343532
32909470 40756916
-62090547 -98342118
-39746720 5003725
72326917 -40924870
-53055350 3874335
-95607576 91681404
26808067 -76624723
86428721 -95417301
-74663420 42673211
-75760122 4556929
37572505 -87858618
13446067 -11072022
-35577430 10742638
-80999605 15694082
86212842 -51469159
-62491536 -54481412
89640413 71410641
-7562960 -9745034
-39880074 73816625
-76282848 -34846039
9722578 -27716552
-79446906 45370466
57703247 -89163918
-78415491 79422985
-41528759 50143059
81684999 79392195
-69687022 75069547
88468307 44223348
43179753 -55081454
54336181 16211713
-20586474 -3591010
5205405 -91481588
-83586738 19732437
-59674381 -58879672
-32775119 -63589856
28209115 -86752805
11313947 34986092
-35631090 40681259
2404065 -79154790
20467611 -88563045
54576787 50894270
-14786388 -52550718
20048423 55711557
42029158 89103729
-16607063 75485774
22864675 -11812935
-36187344 47235782
89427041 -25823200
-63931918 -26490519
-85881526 67142664
-62088993 72019846
50866089 -56464738
25740489 -17201717
62933974 -70006216
54765326 5999759
12531041 90213478
-8176072 67776191
-36020350 24057664
54112904 68398828
24137034 63383041
35866206 -36547822
19369854 -74590110
18591823 -54065341
-80477477 -20319247
-33869421 44120987
-58953780 16306218
68558678 -28446731
-11339791 -86741239
70955463 57157188
-10538641 97285027
-84027786 42145004
-53010798 29146299
12874825 79813680
-59186722 -5051626
-80153203 33543997
-35313609 65738477
44244621 98787803
-83019885 26982391
-15223486 4433570
-7424339 97526784
41366353 -62382256
95498101 -47062173
-56480263 -60742700
91628532 59682248
-94648372 -35884694
41998482 -56594269
-1741195 78809272
47212182 9965283
-16448979 54105431
85804106 44323725
7086974 -55444288
58572464 -9437684
-5645616 -63643070
-37190863 -34621261
-48338551 -94187028
-57969440 -74980189
66527196 -98921818
98338426 2400998
-64900053 -2068502
55561533 24221604
36252916 43961328
-90770850 28254272
-16517559 73626032
-19978261 15619155
-12280016 -33004259
-65625981 64509371
36428897 -98562173
44044070 41336724
59673074 -46041321
41194033 -23359586
41998622 -78913296
-12045479 96235890
-97787993 38283005
97875817 -55141536
91292193 -99053288
56751680 -12508090
-2122190 25638040
-36120047 -72127420
63195459 -46520723
35893913 -87829872
-55415858 -145657
57124426 -10135134
45324341 -16817196
15313925 -69956728
90848667 53934349
78590623 50803291
43518207 -89846305
7000629 -52021106
36447200 -63633259
-90259899 33089165
70554822 -40882781
88673546 -13837160
-83782597 -35957573
-19769328 44052019
-83580809 -21659113
12285822 -59514973
8356393 1452935
-37186917 90965630
-14811131 8363341
-76186923 5360780
-5221902 60778338
3687491 30805644
-11589814 -39670379
-96646150 99975419
-6625567 -98050150
-5360620 98445652
-45434244 82837375
29538984 -76533000
72714969 63762531
-11855847 -97907071
18833895 82230898
24995413 31969577
69062343 -41539637
58125637 45750792
22387847 -54504900
-18603426 61632625
43391136 49637934
-6254241 59733569
70592038 -46361077
-68306436 5393139
-69771318 -71067380
51351102 -11944982
-84509540 87841380
-97502949 90306508
-85705208 -38296256
64708320 24367680
-73288195 9914404
49869580 -35622594
28826190 78814396
-90113160 -58972533
20639189 -24384417
82558539 7485602
-37783684 49294802
20816384 70136341
48887383 -42959694
94093647 13769503
-22198424 -71778384
55666415 81526391
-1032784 -77148441
85740596 52663827
60798248 -66943261
-9195937 73408552
9491256 -57402657
-55365929 -10968589
-67048391 -17717124
-21820209 -33808759
25563886 63562854
-86120072 71587661
26495236 36366304
98845188 -44644766
-91704712 -29841588
-40812650 -40754506
-99888196 67477355
-47099828 33798520
-64055662 17190428
-91824885 -40651915
-43425115 -97203183
-51618942 96281469
28284579 -6589113
44631828 94617910
97861141 -34711518
-60019984 57938843
77413253 -24639666
34040757 -98759843
-52418827 80830243
-23046834 -24972262
-40202038 -98301895
-84098300 -45148165
20054293 -59054478
93224417 -56771161
84384278 40930210
-1797734 -24243168
68791529 20214072
-81896168 -35106505
-73406694 -99780455
35064734 72334950
-37379363 -69762011
59376157 -9148245
-25395068 -14238448
-30832226 -8176631
-85040686 -51855661
-13815355 82129632
92671466 3894618
4921131 6197764
77588632 54295731
82038370 -21576466
-71120381 -57347690
82681337 35223015
-57199797 30323115
-2811636 88457687
-49265839 -10229449
13913155 2147105
-84457591 91251491
-78000576 53133700
-94621245 97095037
-65470075 -99730055
-42308437 -36177354
-59965801 -58178868
-70786867 -66014428
88444546 -24167098
36885044 -86978026
34081670 76936107
42101551 -92975806
30156657 -77183232
-22241649 85896672
-79910767 -21525024
-97399540 -32787235
-60707645 97382943
66701172 32370567
-20173287 -41196349
91983981 48496169
-15080937 40974106
-5307289 -91246907
99797715 17421386
16330459 42404595
86824787 49369648
-30761743 -90375889
35550172 56136040
-31347689 93677886
15076569 47104212
15273066 77103573
77194190 69582062
-49592402 65555178
-2515077 -16400829
-47909398 94014228
-65451686 -21539648
416949 23359926
-29805281 55197563
-63538672 -63160515
75772357 21651336
-55071151 -32494769
7366806 -92070688
-20389094 -36473556
66795003 97879330
-24492354 -10212318
1452678 -45603341
44458712 66514096
56595500 82881653
-15922801 52327543
-96908178 75341416
11925253 37891230
-29713495 -59978803
-6588218 91380660
-12433759 -69165080
-75067915 -61234177
61075340 54551100
-28853271 10808984
-23076402 -89828433
-16601593 -25524223
93049956 28210989
38972140 89249284
1949233 24862001
5723574 -52117696
96720734 71305953
-21461573 -50989713
24175781 -45608522
28957628 -57655042
-64446991 -49048693
-31623366 -70147422
-10658887 29387463
71373697 -78257231
78043521 56794416
-99858141 -61085347
-69465993 41879568
47133363 60848222
-4840892 -90274379
41192171 -88669754
-14553640 -40759464
-4704998 -89274577
-79306235 68989134
77905120 -65208913
-82312684 21902082
-2742761 -47812436
86916882 35322852
-6567860 28368248
49949807 34599466
-57491339 26946102
-19906996 93832402
-34654430 -36758674
40918501 -33358205
-58413053 41040358
30586795 48913063
-37413055 41827169
54107422 -92645888
-74118256 -31024807
-99563592 -29121268
-52606925 -77322252
-66441026 29264937
61442882 11053997
-88481351 21375252
-74017145 29735167
-47750707 29989172
-64506457 41786234
56914818 56092499
44986773 38352410
-84970624 94183383
36521509 43818770
-64503241 33155660
-29652598 43835830
711030 81688787
-92961914 22474191
-44842267 94073148
20347231 58497071
7129472 -52075879
-30120445 -36968514
30582935 -9904681
55685064 -20928081
-26687975 53324264
-47416201 80556577
26210566 -64648219
30006028 38628759
28379207 -93448050
-29225579 92657851
-40685611 -11264487
91377800 50934285
-88192597 72887712
-8323647 -11082468
-96096547 -98558691
-72014829 11123475
-62991268 -81089585
-83406498 82730713
81185430 59265868
92313550 61239954
56722244 -31288098
-49554599 88577523
-3491056 46285001
43230668 -75766469
-550144 -6523483
-49402952 78845365
-52415710 -5545123
35849382 -3358562
-21097556 -65632901
-68465271 63939747
76350282 64906378
-41981275 723028
-57977984 -77778223
-49100026 26368033
52319971 6276500
-90173355 59654325
18252910 -13880304
7494342 16296704
-56998151 -37959697
-60084523 29786450
-20060206 65632543
92422750 -35316368
94555596 63791129
82733010 36085992
-93470898 76434124
-37619722 -62561855
53626327 21378906
66496271 -18381384
81085144 63275908
21219824 41251644
78649 23125350
-55872068 -90029150
14277926 57137856
-67363587 7461066
72018688 64662161
8158784 -27525804
76284799 -10740660
-46615755 -18718483
30986769 60919404
-24369074 -91460507
-32206418 -19484823
79021415 92336705
-78374006 3131845
-49356861 -66507117
-66331338 -70187580
17771785 -71840079
-89754212 -46274375
-32982376 -65515926
-90984060 -84347711
80589818 -37144858
97811353 -54597977
59694320 74299091
54013504 -84896737
-1978521 85584074
76419825 -63522473
-74168206 -86114889
49467136 33975799
24941121 61459718
48677866 46272891
49104653 4138967
-44187809 -14255262
66744477 38555719
-50123964 96867148
76489093 81084357
26625834 -10325916
7683636 63523058
-65637268 98678753
-81901660 -76605241
9604346 -40518443
67334810 -99055501
-94368017 18547145
-93848295 -57202644
26204506 -22775095
78786389 -31269913
-91323823 -62359666
-75619680 63330019
60021028 -99699580
-28253237 -67364278
-93222526 57318552
-69965936 -57590953
-27720908 -59987282
-86304942 -9899386
-88193325 72249857
34423366 -17302695
95815054 21033854
-77728792 43718369
70220931 78092558
92477108 -60201435
38907534 -4064511
-99928182 80872751
44678671 89018034
-151646 17324206
25050949 33301384
-2371929 66900171
-75988426 3270835
3355632 62479952
-55918684 78567591
-93862463 93261911
24958477 46928987
-81081172 34347803
-24727149 -32795783
17285544 -98869886
27054731 -17091065
-25420796 31221636
69452387 1980099
-80959497 72020002
-34457426 -71510360
3475191 61099185
-6839631 48876156
75776068 38887356
63579462 19283873
-86899138 -42225333
36224311 64444628
-1019515 -94315653
-75489654 -74645718
-40755333 84812928
87957902 83461791
41257674 -61915112
50953773 28933584
-55343021 -70221592
-19890294 -52219578
63093075 -6091425
-96151335 -37572367
86941483 63840803
98327884 80185905
-31611580 96871232
6874265 -72947245
-59662921 46703897
7501873 96457359
-25631240 39774035
-9236075 20357964
-9491857 -6685555
82551234 54236171
36349847 -9585120
-83989540 -37629999
-63836841 -94893041
52529787 -82528965
-80373506 -28230775
-61576254 -21991710
-62586839 95244907
80360497 94418052
-53739281 69161988
26810454 23480681
-46128596 -31209426
11126292 5589283
-43750175 -31967805
-97105357 -87086506
53766249 -12079565
67655497 890147
-87184702 -74646154
-91407715 -8290364
24987798 64586219
26620252 93598989
-35545235 99893065
-10379070 -50670903
-15925176 23904482
-12500745 24436600
-15791472 92911378
-84376529 -21163448
-72530880 63589174
-4435622 3889589
18772285 -63559474
-2005517 -78547253
-61101958 -8049995
-47601411 -43365714
-22533500 -124762
85492584 41570622
-79775127 47651600
97950795 85636171
-22509666 66867913
-10802154 1463506
-30202808 -25675692
5316796 30786189
-10427429 -49070519
88340662 95092582
97465755 92699878
31050040 37122488
74933003 54581079
70470804 30432684
57495769 -30230659
6373208 -20167067
-42940647 -35493909
-32205479 -68047588
-28953293 12517351
-36155854 -5058881
-12062156 80995872
25715828 16007329
43915460 -59779380
33809987 874873
45908589 78712374
-2242080 77669363
-65455388 99298848
-20449381 -31479825
-88808508 -37825584
-74543029 -78624086
-72570192 -43774249
1845330 30580965
-70606494 -46514940
-15678785 -85359299
-9341576 12754163
-77664608 -38765568
-41481640 -27136317
-25743081 -52684003
53682445 -7218805
-23926910 3020342
-75273756 -89845036
51601035 -89359765
63815537 -9085168
-44671306 86556640
41826529 83860423
-10886743 -651
26532632 -2128822
51423594 46362311
-76011086 -58165678
-77072196 95710541
67058388 -72028791
-386403 -74397281
62851354 -45872840
23154895 54714996
59322826 -41283761
14623480 22525146
32099500 28899370
84311199 -40754110
-84877196 62003314
68772380 -47981478
-69563916 -85887953
-26904105 42454046
-37768561 -88049103
11950023 -88168636
-80708437 -35958298
67636641 1224703
-82908565 -55423662
62252305 62287043
30243237 75834582
-27663740 -89481492
63134636 -40632501
-71623185 71737325
36432116 43704885
-5993571 -18157190
-37095854 80855125
-92742872 -22463790
72107252 4859372
-40647328 8935417
92416835 -11962246
-48866142 52727842
21786988 98337065
-19071394 -33962939
-72788637 36078305
10974902 -93777049
64690493 -44119635
13265661 84403798
-68852528 33265568
-96062501 99154106
-91904668 -52008275
40885054 70541660
90491825 -48066128
-69040709 4996972
82719865 -31175343
-48955054 94294860
44236957 -4411970
71938530 -18554927
-41021167 -17605279
47910593 -9317019
-64366231 50988120
-49020805 49513398
-62402228 -39226620
-57557222 -61817708
-1713164 -61985682
-75480572 65943804
8028187 27760822
-25201415 -41225801
62367067 42844814
77410177 -17578223
-42298822 31434681
81750141 39192040
57118233 -57549729
32521447 -99736322
62684574 -99264548
-69056438 62096575
-17969047 -40497141
-25926951 -24155558
-93140714 10360427
45137683 -65235975
15242113 28988643
954586 -2313894
4309788 20609187
-58112860 87559392
95599233 -496477
56279865 -89162735
63293076 -20206310
39527829 47787414
-16164128 51096402
69725076 -19008992
56964820 -27181604
72528875 -84493145
-20104386 -64410297
-36654779 31178493
41569520 -27958248
20425728 93307626
49476697 93743299
-29846265 37149163
-90794500 -22281018
-88876547 75409306
-44750117 56648785
64600584 1507304
-33987276 31222219
-25548468 35977560
46758278 35656399
-14802644 41092473
61899545 12064440
-77644013 5095425
-36625725 -78810116
93197910 -2482350
30946986 -13895693
-73747257 25772979
-6924062 -58386385
5027190 -31803497
-240325 52925566
43260268 -1967481
67557349 15512531
-73634376 88199659
-88513616 -56044190
-88398022 17855103
5129662 -47257952
18311937 -83529432
71193552 -76179922
74092619 -5792838
22332282 75600429
76007336 -40035137
45822882 89221773
86411440 -58561366
47656238 -7931437
-13390921 13883416
96796311 -89661146
-34016019 -3195500
87883405 -8532644
23301922 -62849158
-55004584 -7592958
69569797 58593225
61456285 -59046323
73343441 11835121
11638849 68774495
47588535 12283186
-75916226 -40469094
-68572621 64912763
-99959009 -7740759
-86026228 29038677
-23349734 99926875
86245587 -72438998
66961780 24981891
-9098571 99576029
5684125 82462686
79160074 52422397
-8540385 33746567
-91826008 -76242155
-87963890 -88949990
-7700905 53929880
25356666 29186458
61871210 91045772
-32352425 1377765
28721932 59457642
8211244 -18060611
45869187 -32979316
76197303 94969525
10951586 72159437
29649787 60107419
30599078 -54669530
-74677434 48482992
-29322461 20929306
9754863 -48707800
97433239 87402396
57840388 -48057036
81349043 -46257976
94514581 53395204
-47459886 36487566
68452741 -67337629
1519796 20483621
8385306 55244765
57502606 -83175887
11771404 11003792
-32062936 17248159
-10854211 12617301
-82469173 81368329
96852833 90761161
69506260 -76589906
93464326 30768838
69923805 24670232
52568173 43090676
92414949 89690774
79759480 80461873
4119698 89229418
3439946 28796906
-12166796 -13516861
-30588655 -89850496
11631665 -61733415
83597418 34387477
-58506493 75774522
91435417 88770686
-97576102 98486173
16135827 77353536
52689864 -94860165
-56207798 -92922181
3530467 -81893407
-28666296 98792865
-12161052 -29855538
31296146 -68400834
52957694 -19431818
-87388177 26192147
37854881 85760771
89743230 94280119
97647844 -28890859
50869024 90062210
-21679170 -33961968
4526189 26202855
60732139 488882
-9151024 9512702
21464769 95946896
31308854 -99567261
47033247 -71376024
-37603952 78098593
13445500 27398234
74807682 70918680
-26656821 -17428085
11362240 -95154978
-46335816 -70620011
-42247455 66271051
63745759 -42284028
40011238 -74708422
-499762 -63605889
-89811322 66379111
65788016 15979259
-1493815 -769112
14642740 -39034342
38868531 63120881
-48165290 8918719
-90468720 33898365
54764343 82555580
14741979 87851891
-989873 79385944
36407444 -78744448
11908171 -70164316
34024435 60945377
80530283 31139866
62466196 -14150048
92681307 -85186057
-80279822 80277184
-74366329 52314885
-70128089 -45072088
-63937021 -26312424
-51610509 -11810951
24847789 -88101503
-80437284 35864162
25741083 -39625543
-35144480 -18399952
-29125560 54677115
-29358445 62571913
17225061 -82851609
58459072 -42036849
93855793 13489888
99275902 37559243
-77933765 -42245605
78513241 -10633417
59778127 81847033
-31794399 88771530
-10125983 -5809522
-92868728 98132296
-45407052 24450296
-31765056 -67654673
15792342 -5189601
1817872 -17696337
-18950621 -67676801
23104141 18493601
46315845 51212768
-72874552 52256552
52442850 -74539456
-5514656 42382713
-61404165 -70944294
44336574 88413685
-2238164 56213191
-72354675 17521341
17690232 29797831
14381621 89583783
-86206578 -64124495
77951484 -17392837
10706052 -5865988
91048627 -53593096
25958442 -35375908
-67949009 15002292
95066810 89251705
-27633398 81728927
-13321470 -38759959
-23403749 -9019265
-85251809 299241
-84890606 -48147166
-3504667 -15105893
14847807 -35699246
-68321949 22357586
44465301 76534973
-74033686 -26019772
34636354 -59107757
70344169 20300399
-63420239 82336262
-43973416 -99634668
-27583548 -85969187
9141003 58768193
-89728877 -5933861
-86898969 -91577351
63659603 13699602
-57369677 -13793920
-14477630 -56609247
83318404 81921965
-82495262 99882425
-9387316 -48753315
23600975 -39354311
-64359113 34713584
83064697 -47289504
26484284 -1980763
11196767 -23937546
-68957710 -36638227
-48240847 -84674405
-1809029 -84478872
-29684085 -9603351
13589448 4166127
89292046 -10067657
-51911202 -15124965
-71553683 7545146
-78439048 -70348841
9777201 69145271
-74854878 72537925
14155006 16442545
-60146976 69349403
71291176 1772737
55292812 26733787
50549940 94095595
-65219177 22438095
-87044609 3105998
-14914504 73389025
-85642101 -59382990
3069393 48689361
-57303231 -55170619
-90289640 -73829042
52044912 -17207378
-75737399 -77818717
78694595 -59189272
-53241251 -96932373
-58346896 -50713735
-7928120 24141881
15927276 -12600751
41295166 57332225
22402807 -30506374
14291151 69842997
-5558934 76905868
77016825 -75149352
76336538 82412912
-14309839 -76749519
31925832 64505179
-39384017 -95009615
-65479600 73301238
-64270129 -50339308
14512439 -746818
19646747 59268982
-7580934 59871122
-88153591 43273178
-58233862 -89179128
7344990 58575277
-44429881 20187919
10800301 12180053
-22350026 -21618878
87275748 42081903
20711335 -37384486
51638950 79091340
-32484723 -65491422
31978722 72684750
31247516 -61355055
-4593711 -8677656
57779945 -98378420
53949293 -9413125
-11481732 -80935917
42229494 -21135461
52556350 -95044006
-57670183 40887698
11922331 53521717
26343813 -20089915
-6713888 2560014
46963406 69146626
93475275 56078407
-53061922 19788323
-4467723 95251430
-67772076 -51258330
89076147 36803369
-19731481 -13521270
65883939 -11758024
-69394716 24075640
-16526818 -93139017
31148613 -96246804
-61210140 80318460
-93062986 -41770062
-73836024 97923605
-85585696 -65352152
