2000
44486215 27816395
-21627924 -22261391
29126775 -26010017
-4679523 94003784
22050000 76787461
45256317 10698244
-57201959 54576051
1604339 -47773281
69758877 10540518
41472749 -30623258
-70747274 -98758652
-75405714 -3420190
-33657449 35437360
3170170 46470375
-43482047 39766508
28552379 71678536
-18637039 25626072
36224787 -89315002
41389899 28696849
46561975 86434556
55098564 -96815355
9019640 20849407
34453953 61227574
-86349019 -70842561
2728273 -14268098
41317083 -40611942
67409019 69146087
40641815 -30286143
41983610 55492831
96963030 82568677
43101670 -16327101
-41024360 -7701287
21712355 -29181843
-28513430 -73194709
64356736 -7701853
-44840827 72173514
40853190 -39579816
48073685 97247098
-77245089 -70740075
58686414 -33352973
-23392130 38397856
-69597115 92406415
71314907 9264158
-67326389 47874103
-90862757 93922922
-22336562 -29565482
-22636586 20062119
-10136851 -11585510
-79463043 -53174451
-79469049 44134704
-42672074 -90780627
2539580 54779596
31504229 -6871231
98434227 44597627
15179483 60523527
38365138 -39805076
-90583898 41943247
11705948 -35466930
-74036441 37658579
46636245 -81843380
-57896826 1359710
59820313 5948206
53784667 17111035
73441222 -97900677
35946876 -71646029
-87492576 -39143155
46482042 16751041
-81235518 -88524763
-60204674 -67469209
63482285 56784956
61211445 14407602
-33800344 38420301
-81137705 91694892
-52794297 31720956
42364552 25380959
-14717940 46043834
59667908 81362676
36542953 -73065546
71137662 -51904859
-94264860 25124389
17817085 -31460445
79924513 31676919
-2572326 -7593180
-19964693 -20252222
-21011188 -17726652
-92756354 36228865
-89557833 -92476666
-77790626 -16908861
20849621 -85326230
12112612 76627703
-52388666 52247229
-15990829 -82312888
-98193728 90306924
-12186802 24099429
84985763 60693506
-99255372 -97832122
92059780 72199663
40512439 -22213075
20374138 -6649455
-8891600 95549718
38726540 -57785921
63187586 -79119200
-74747590 9571370
61532763 -47392100
-4227399 99424154
38712962 33309426
33934581 63369783
-6524538 -97057005
64774091 -73886206
90986347 -68167286
11992805 -76281174
78062021 86210288
35178043 47491522
64936397 -21116220
56052052 95663030
-59628592 -92470083
33028463 33136604
35181286 32546651
28080529 95997449
49990452 -88549805
-73784110 10901907
30330984 78077482
-35187131 -94605794
20622637 -40098306
-10580212 37573999
64796106 -5953666
-47350013 -11632307
12423020 62380173
-59777018 -58505566
-89179758 84150553
-1819576 90138592
30021326 -64331864
37062289 -9309751
-85883587 -73737341
-1958387 41901981
-49103857 -97498323
-66231864 -63712401
-31004652 89656985
78244009 -27455118
-5359090 -93453718
73311432 63873801
-5288587 47187576
38119847 -15536942
73691351 -10193156
40979616 -69934654
-21480800 -51623141
45649037 -73227553
-64473284 -69046225
-5054674 -73202016
-16622412 -86715088
-81244749 96671552
16933703 -96750237
64824451 -9734255
80355265 2718575
-63552990 33646563
59846260 8406832
83014123 -87167854
50947760 -18237823
26246644 -68103691
-77338831 -82883815
76370841 -26581918
-36122248 -91522027
18179821 -85503530
11155959 19908507
-52042758 -89292162
72079778 -64741997
41747108 -33953158
9393060 -73287421
-68500409 -76704806
-25685651 -9489706
-36864622 84523481
46705706 35029815
21434120 54568561
61851234 53745749
-59832533 90172347
73073623 82666442
30120066 -82209463
29255927 799517
-58766144 42345431
94736441 22465668
-53506786 68316753
81207314 -72374891
-20984410 89553055
-40194792 96705256
-39597913 -3151452
-66126406 -55448615
1961935 21731474
-53100573 -13315370
-48680351 -62267420
13709060 1569271
-68908665 28905733
-39046335 17886222
17393866 97594561
40546729 -91247347
-800438 15215149
18612509 27048433
9165903 -194448
-73696372 -39905382
77010406 25293571
61445705 -23037343
21737467 -14984124
-33709996 -4230312
23686403 51534175
73670598 95280744
38571100 -9508857
-2205486 -73060219
48248473 73173076
-13475294 90214093
-42737510 -1245672
13049261 -89127328
22505449 69686992
96316003 -97730106
32671440 3608212
85494780 79286261
-69258788 -8820236
-10695752 -20321666
-12727476 75677200
-9281966 91384008
-92119786 81105717
70298249 -809530
-11817326 -8473243
93664744 -80930256
-49030895 -32874784
-11309019 -18065961
-27197363 69821276
11971194 7190939
-84951938 -54129509
-89678987 69958279
37437155 -80074955
-42294244 35686405
-76870451 -66070552
-28542600 68147152
-36521900 -72368773
-58583489 -20380922
-70585830 -6720479
-21946116 13564586
-81889315 -91390917
87230589 5325099
99829684 3021542
75358663 77114437
12876672 46850242
96748888 76744765
81801760 57273142
86062148 33971952
7555092 -17025353
10223186 -85227558
20345936 99279412
-73027609 -95656062
-59371023 -15106116
-1091515 -40451080
17198136 80344872
55706217 49952048
87042845 -96293757
-177657 -76609329
49759906 -16399326
30899638 87287132
-80223430 -22119986
91350126 -63628103
-87031280 24754100
46012621 -18499237
-51959127 5437418
-95972319 -37119547
-63293185 -90139492
-34641942 -96388641
94334869 -23329074
-44675195 -3070997
-44835316 -912062
-78383108 -38036611
-355491 33122619
6791056 -24031605
-47731464 46710203
-47432747 -88700462
-11572980 96071960
76288654 -7370613
41372821 -33175235
50884105 85413270
-36741958 -86640927
81318225 -48688041
-59920054 -83295699
22063744 -59624761
-43734657 -69080536
-95629142 -26249973
73064151 -83914484
-32191128 39209130
40744897 87859728
65449670 43980374
27170403 -58697257
-41652320 -64761220
-63916895 99075939
-15602244 4876435
-30502413 -55771210
30674666 56913241
23840428 26061280
52132456 -44438944
88766205 -68893925
-8307882 -93271363
1812999 -30495800
-84657702 70937660
97751971 82985001
23016386 29006577
1567013 -2931742
-28649491 77196893
-44563553 18480237
-11224615 26834036
19773267 23543542
84216842 44013861
-30976373 -26400128
-29154329 11245370
-15095568 -1499126
5914364 -16306200
-42693715 63930937
-65766530 -88453316
-45922593 -71262969
17112613 62268596
96654062 -10406447
79152020 77527996
34989249 -67977164
-58136153 24658563
72506571 -67401175
96193775 -39700638
87791618 81555155
-75841935 18316205
21149876 -78843960
-81726355 -94907821
79040777 -5052399
-87461584 -58355494
-60509026 -2776130
-48055310 56016781
4203690 87863838
-14901571 -40586630
-70595439 14410558
-72123352 -58575205
-9086948 -51759074
78183958 55905040
88468543 84777467
3985740 -30561832
-98038865 -17290889
-9314899 95040862
-78676889 98667255
41302341 44411653
-78862983 24449167
-99388953 89267124
-15293280 -71636124
29153405 -22768438
-76998699 -11761294
-63928280 -68563008
-76956831 -86662829
-68787098 38526044
-46468106 42507345
-84103815 -68925114
-22091466 -6646344
5671633 36688900
55833642 3519133
-7017771 92578206
-27324684 -28880041
-87187892 26562311
38376059 -20562202
55187503 -83357205
-96332972 8913835
-14598046 52610706
-37423627 17157749
-22713467 10244240
-28243203 -16350596
-59699049 63176957
43505119 -84089117
4473321 -75464939
-94791625 -38749928
16000146 -22862501
-83870428 -49221248
57761583 -54037756
83930892 -54174736
-61672380 -55094674
-32737656 -35589969
-16357961 64688414
69778117 -20944572
15964322 -3621472
-42766792 -83741026
12381749 -47869137
-18375689 37105013
94032831 71837921
-54373057 19544847
20274493 33158969
62225560 -24601540
-23582518 62668879
-6713645 -43855007
26421031 -63413679
20660549 -96237170
20781388 65155328
69685958 -73579400
-92068058 -7364479
74574233 83683914
63716550 -94898707
-37886277 11336532
-28691404 -56579408
-34073309 -9564501
74809117 35946990
39296229 10192568
-22896746 2326311
-89199516 33049965
30232481 27623591
-1162152 -49117906
701563 11623766
64699254 -9203746
87953901 -6332611
7982510 -92287232
67727314 -8954602
26062400 24589155
-75906691 18846953
-64927100 -18542981
90842449 -678802
79198209 -71213937
-86736089 -13219277
21969773 -47937662
-95966349 62464734
-51345314 -92332607
61191846 -95644888
24553905 -72248151
65686074 31992456
29954878 -85933332
32115890 32004933
60405553 -90760993
67273972 95380410
-71333109 -46952392
-74079158 -67931350
2406654 -67748680
-26628306 22987229
51201696 52430643
-22808253 -47850689
65727884 -46365008
-70944668 84635151
23811076 51058760
34875162 70652249
57360501 -99813138
-76395821 5088380
-17005991 27631298
-96640192 -2136347
75394733 -74956023
56959060 -81177217
76731497 -89876500
-55346620 -92335746
25968789 -39793284
-71533451 -63058984
-52973169 -83298663
97905351 -85680083
-74224473 -94874253
-60760605 58388876
33922741 -34719637
93187910 7861169
60839096 46055742
-86322847 -87221040
13488150 -92535198
65966886 14996428
-57341210 -7197200
76358180 71583598
60683810 62003429
-43253979 -47415634
-79415984 -20389830
63677327 749266
60090887 30474109
9184137 -36683273
-94111059 -74925618
-74931147 44476896
-45036282 77148492
61239972 -10353015
8354797 8318097
-3493078 16677841
23964303 -25077084
-11382433 -60926415
14231994 76893653
-64643666 -677851
-89192202 -48831787
65786806 59540087
34148662 -34853298
60452117 -97325993
-87062652 68239774
-24686680 -15787934
77926517 58559592
84400156 55086215
-1378655 89518834
14176917 94393740
27988321 -82536877
-2654679 -61214775
-49403431 53793658
-13781333 -57069841
-9935480 -13489677
-63535704 23173544
34374927 2613965
-18103410 -11941157
-7391936 -95411075
-5468959 28599830
-36498603 -67436881
-38185221 -50405023
-59802520 -49802252
-61614386 -60897513
4862701 -21320376
91533117 42408940
48653062 -49029314
-43936554 11383925
-26929312 47216315
-53633714 -76142741
-62334031 -82434294
40446225 79840534
-16438748 6697797
-40488595 -74869789
-50120132 -35199924
-53653903 -45912600
77727120 85392793
39504731 -60439047
-17548707 60875512
41648858 -88787971
-22220445 -59448331
29201516 -6060507
93100777 87480283
-72367349 98010977
85874600 51645742
-32953505 -56677331
-92920721 -2172657
93556457 -37944220
81076266 -9082664
35794161 -78264261
-98656447 -31839670
-80083811 22326469
16229456 -30387879
-56122980 56735173
13696468 59223374
-94175253 71047841
81461444 5780513
20482063 -4266289
57523443 -41752123
13605272 1317146
-30279675 -19598254
-14696366 -75577799
-4061969 -26586943
24894982 18695520
-63187879 -78560719
-13996166 26625475
-63028488 -52149288
95208052 -72461909
-24135827 17603906
46836314 68364461
44045385 -97976998
19222979 72391289
-10452643 82383727
-4613692 62604466
-8196845 85947793
-5431189 54798705
-70031687 -59480775
39784136 65551799
6804070 8717262
-40785169 -70928689
-51057130 96314496
-29841551 -36902364
64090671 -70802140
-71688844 21876158
1950472 -55270255
40402259 3814699
51181887 57494174
-52388193 -82638649
16139447 -63423579
-26353484 -40434839
69112292 -67158548
-88433796 -5930777
59525535 48490418
-95729200 -82948204
79860086 -32035587
37434920 22639856
76434182 67149925
-86201362 49861800
8143662 -1704215
-16719331 -70309247
83205715 34341537
-19193757 91435964
-44504124 53374528
-70582959 -60173459
-65946731 87729280
14262613 93196468
59231832 -249951
39627776 7845184
10349699 11902791
-69623122 64122978
95173140 63955394
55791307 -89072861
24326473 49927645
72591193 -37246466
-13042596 -71723352
-76581676 -46639058
-15387553 -60961830
-42951966 -5002457
14543016 24434337
-35091135 25813282
-83692910 64178867
8551298 -69513595
-94878823 71992592
23792936 -96957653
-75724156 -36825546
-21917248 8463465
75506789 11146619
12553088 86292284
68473136 -8340848
14911510 -87315577
30748068 69010547
48697120 -20962936
-29266688 -21498410
24969511 11466885
-88160034 -25682358
-71546551 14429770
-98692823 58052683
-96314011 -32775014
2362166 -76065097
98955943 92667477
33151865 -80132727
53329926 94677424
46580689 -44790178
-28651632 -23409883
-69024147 -99859969
-5742473 87760888
-15711108 -91457367
-85942184 43779453
-83953018 -78684072
-47304899 7938302
14306849 5224902
-76533286 -234229
-23076412 48440063
-22772508 -86294580
-87893321 -59937363
34698301 -41462084
37358493 5306975
-12110932 68856977
-60081067 -27596518
-23006240 -97389761
-38473850 -89161612
42684259 -35711289
-71969007 31594564
87301749 98798764
-63697995 830262
18766252 -17596410
793153 32905345
-41672588 1082830
14579655 29717400
95746814 -51419590
-31391453 -4012764
60129341 19746539
97476313 27953448
46110175 38286270
-79176306 -34859866
50533850 93911741
9915007 -65907848
-37646180 89118864
-45207746 -7219294
-90811452 -37284816
99745069 59874094
14869883 37350825
-76119774 94100929
78687247 -20777495
-72239898 -39703035
-15469543 -28055108
-96199270 -72303078
-91536682 -97845116
-12581795 -15775815
16319465 -56284695
-38623370 -67156684
-95185919 -20498841
-64873876 71987866
-94468314 86071880
-31318067 27999440
61168533 -40942746
-93830084 -17481408
-71006591 72567889
-47505830 55165889
-58404512 -70868626
19840738 66924428
28489897 66774335
-87884295 -99231213
5249036 11700263
69799295 77996012
-60782041 90089521
46233219 -92775451
51023211 62241238
-90661918 24446835
81041952 -2047749
66178543 36835029
80515673 30345664
-82986755 -41550577
79179467 41047596
59660257 -34973916
98768962 44498898
78292710 -2976087
6150926 15236619
-40491204 -39731204
-17020268 -22823269
-13727387 93422537
67365969 -32788926
59990549 -44150303
86727617 32240554
53753212 -41262597
74824970 25663415
-61111205 -12474317
78192929 30087393
-69996900 63438916
-3642920 98578132
-81529835 -46811565
17814295 -78944029
-15363454 28545415
93613935 80188141
13398327 -21817056
-75643447 17875314
59990048 -68772393
-41427260 -85213959
-57000991 88238057
-96176556 72473523
41254946 -42332096
-50503393 13975634
-2027117 -64844090
-61267557 9711811
-33126635 79161341
7786635 -63868648
93031948 -52532163
-88759100 -28006412
-97035707 -97636202
74984022 26875730
43531880 -41965948
44537123 -3912715
-97589365 -89843710
-32405410 -97053885
-27880646 92515867
-81498141 -38754486
60738359 37408622
-20893832 90960809
5615712 -16626203
-456480 -60230648
52292664 92092363
85502214 -75506213
22099555 66649999
-43119499 -82368063
-65847526 -58232699
59953367 64466826
67919140 97491429
-37292864 68710233
-38843369 -79024993
17366693 -94733518
31080658 -52440907
-84041559 -63002859
94001068 -69268195
-62104973 -11501053
72791677 -20172974
-90440087 -15023970
79638302 -43799116
72254605 28520939
87816190 -8403732
-12920624 -42536601
19923445 -35253327
-25378614 63031648
-19576711 -70522046
88126265 21306692
56859201 -24954362
-78525194 -69399321
-48313412 43728299
91753605 22665194
-63290770 -22694138
90067426 78089718
-89870549 -28987387
22291000 37989464
16496230 -91677838
12390441 23105884
66561323 -2086116
-47244288 -44259855
-6616243 -14316156
-20582020 67332187
52826528 -65724613
67038918 -93737933
1417620 37218826
21036092 -99376763
64765144 39393237
51848214 -8885057
94813036 -37639527
36110602 -89191411
71563115 -96700407
96833830 75611185
39522506 14791444
-2690846 13630848
20607451 33852736
-39178523 44391933
5059790 -96742774
-57175649 -36877495
-59270616 46694998
80405472 17881006
-99439174 51584889
9210406 -39796850
78703803 -49474168
77697593 -72034520
82735289 38978251
2352903 -57652272
7150979 -9024576
24834127 59060278
-93553310 7364696
-77785240 62498324
54688583 -71732135
-67677666 38559702
-95109105 56366520
60557310 -58698991
-34672439 69840612
93719548 60651695
-40322429 71172907
16978115 -36154859
6200284 -74984541
-86630483 -14353619
79540904 63696645
50105256 -10339883
87952020 -77392711
55049633 1320635
57385982 -49675351
-90499233 53730384
-97636430 -59828125
-98724951 -33941016
-53027270 -52089056
-19068913 10045963
90659102 63689400
-51999261 -88221770
-22931499 71195692
47634770 15939627
76930787 9541022
-97176821 22541675
26854500 6480432
-68071538 89791167
-92936114 -97992528
87278674 32059053
81372541 21380358
-8087550 69570833
87150668 -84401084
9730849 -48568322
-54053548 29930874
-30226112 -54800993
-40368344 -87056591
19581700 35657371
17797254 -25231526
-10647343 -11473421
-61887362 1606393
-93568924 97339193
31877034 15651169
-14045803 89835939
40991371 -29375650
-36379438 19340269
26724877 49098324
-88701088 12930123
68080468 -2900079
92290024 30149882
-55026271 -5395297
18881725 62208641
15000416 44306535
78384434 -55016056
35482771 -70781511
-21124862 -22557137
-69482410 -51779693
-51189886 -40312712
-37431688 -87228759
-60784574 -48208175
-68018032 -23105123
64980654 -98660375
13251216 9528938
-16339066 97040375
42359002 88325701
-31037279 5420245
-43283793 97097220
-32574427 -17361828
-72061569 96122603
45549312 7302402
-34850812 -341244
-79269082 -85167447
-81078505 -80225818
58798821 -74655681
9055735 -64485129
78456535 55555473
25835852 55976473
34064866 8669222
-71076429 -56088206
52436788 65725112
39002688 91718334
41550221 34862616
36045092 -87288700
-51581319 -56137866
-29345065 -49445502
-12398183 77307853
-18737268 -62776551
45087466 60766563
-38914544 -26190461
-87815202 -28967998
-22345728 77984871
85912008 -21380987
62501499 51619427
-73010405 -9470144
-72471611 -17261654
99150586 -12299046
-84123732 -2227026
-90966662 -25156970
94278539 -49627611
-66054538 -3526789
-77170390 21901840
-95291538 47748643
23441053 66145384
63438034 -43718565
13006035 11615144
-35366411 67183905
-20152263 91633758
-54932125 -39439415
2835997 -46417123
5512776 99229571
77438197 -21669023
8007461 -56713786
-89387596 82991427
-95736730 27707245
62413874 -46885485
-86625811 58551050
-73429127 45180525
94358172 90587669
44817698 68283605
-68752210 -85818201
21274134 70167935
-75689199 -26173755
-3713508 55193903
-53483982 56210233
-22269205 1071647
58437523 -41021769
-47689684 -39268751
-8354821 -50542748
5173534 -43253990
8076572 99354563
-59781956 -50823143
-20978420 -34570464
57839160 71333722
22415913 75033103
33132483 21288088
-41680399 -83848329
72088700 -5464283
-39808035 74341476
70837451 4408423
-10332687 -40538643
34723589 -50475535
-96803487 -61079329
-99528610 -50747737
-9842656 -80267417
63424019 -95620251
364226 36130313
69438880 60427392
-80673585 79014048
-29944973 -59793103
-8788144 -489641
-73718069 -65072814
60804049 -74380406
96494457 66959383
-52780325 71927316
1011663 14390509
61000625 -60364081
55758087 -37417462
-88632731 48376758
-92472116 -7947652
1777592 10268379
-32286938 -32373274
34790328 -38846353
24015269 -59747289
-64133391 20338008
-41504166 56189454
-60322384 -62398157
94642392 18973574
-53332505 59494299
-31319334 48499940
-92115082 -36172457
98239142 70306740
66028099 33575541
-22605469 44251546
74669385 -90869224
-12695191 79085490
20730466 -2590065
8388836 63510805
-29060939 42946914
5381655 84602082
43302092 34025988
-55854132 61312028
-36936305 66904286
92164626 39220742
-93801559 -51504414
-6406452 -49065041
93518723 45469404
99241943 10522495
44594013 55855389
-47531933 92829470
17021436 -28622318
-80074992 10376966
-70532127 -40101272
-51126788 -39078889
-15590184 -90597177
77878559 25462476
-27421594 -9443676
689105 -5774409
83330889 48200255
13964136 20417840
69844270 44889400
-71141705 86331310
-53687169 -31304800
-46989613 37758238
91523395 9546941
95147000 -5415953
75958212 -96986005
-7254948 95490483
-349611 66786234
91634367 79640068
39626252 -51168670
-83368417 65909027
-48695769 -76582973
52295307 -90781054
-18993986 99990608
63847740 -40935605
64167422 62810974
38677271 -2803947
-24738915 -78184989
4871899 42434887
-6981438 -10988741
23074064 11816494
-64702004 -62590963
-67788331 51368439
-79908929 78604986
74094976 17424063
-96206902 18298753
11402954 -51624469
57747802 -586438
-83845169 -69825231
-76769944 -1076209
60809408 22338368
-951713 69925057
-11726945 73338891
-30886188 -93277462
39037429 -63527014
12844463 56051935
-45170839 -45676460
30463442 52130568
-45178110 23857584
-74743994 -94244168
32249568 -56564849
23761374 75706729
-42240173 -6536301
68597038 58205665
59827394 -98060831
-56167635 60434319
51291369 94851036
23127920 -96859480
-41812455 -65094313
-81456360 -35773728
98185839 -87142485
-83309483 -20163420
95340604 88229911
-61432734 -4858739
33624809 55484842
62692243 -5161672
-51922958 -97150797
-28297931 -26082203
95155639 -90706390
81138298 -45527166
50926103 15200382
-88709462 -96890968
71230540 -62438548
-84972840 18004570
35215213 -70704248
-57061308 24217537
67233113 -36062179
19674846 27972576
-70230286 -78023965
85308239 -26087624
-70798491 -84477133
-25709038 66962139
64323179 19645823
-49305864 16340916
-24454930 72836308
36703400 -90169916
24274329 -24902522
26076900 -48920935
87870514 -2503585
-81188335 49361139
-66117118 39283316
71399736 -9429006
43992082 -4808008
31955181 34497119
99510431 82619523
-34811944 60831330
40722383 -22627692
57943756 -57843171
-13837378 54113245
86649430 -56380380
-27559595 -40892101
-60979551 -10914414
-12507952 -3976091
83748657 2440603
-48167276 -3142510
-98241595 19975465
-93805361 -98282558
-56192419 47359224
-64515359 3410873
42474213 -36631421
71208298 46804583
-58450960 -86899578
-12870093 4709119
81411205 -95569254
24928213 62159894
51223084 61758593
91103845 59610695
52629522 -33577994
54772629 23265222
184980 76470271
12148677 24019157
76522900 72344652
65909192 -57235837
-3061614 93227882
83539305 17400934
76266210 63327006
-90103096 98432949
-63190860 3048823
-83063218 -56111478
-46791209 -37416450
-77240782 57521692
-86650031 14761022
55583363 96314315
-18575300 26449169
44508657 76029818
51710629 -4344403
5246345 -94917604
26131992 -578969
-61818508 -55174468
91605933 -58360746
-87307865 97421474
-82153 -80763230
-41124532 -92967311
31082436 84020688
38610271 60030590
25963434 -13839042
94923123 -38744029
32579823 76516643
69843310 56784699
-44850243 -98060070
-35335213 83365135
-51295070 -37691932
-69252631 -14542119
-73429533 -58021119
-63230863 8735050
53787439 65816505
-619215 -19913904
-69508631 -41060025
70186967 85340606
4797409 95206712
-12084449 76749422
-22559350 65879574
52992825 92390827
78724384 -63195339
41509348 -96090908
26144576 -85849178
37725266 -53796014
98971452 -85770207
-84291516 -27627528
-3352661 11079649
-6496750 26868809
-55302922 -66531871
-65249481 91750633
-20983815 -4794023
52089316 -23906972
-21245877 71856216
-27901655 -10242628
-65409310 57040230
70926326 -53514854
76383958 -59626939
81959236 55918906
49730688 -81824703
40072185 -36700957
-73336443 52827711
-34111822 -66123580
33710138 -41880402
95169408 -3995917
92041947 -40781585
22338798 -56421692
57336604 93180700
-62773788 -29247004
-409230 -72372434
-31298583 -45822180
95739066 -42354033
59753295 -37775855
42151595 -41635969
-2053463 -12431149
-38693882 47765450
-17544868 -89596937
69806079 -34888077
-78406243 4676799
-50648215 20395130
-51343594 -53240385
-35625737 -34673959
80181296 20396272
43806723 96105559
4854935 -92316332
-25471295 17962847
-44272550 45622824
47395768 -29168615
-14410932 -8291110
-46344280 -46670353
-68789049 211671
-87500931 83934558
28246835 -11072358
-83096926 -47862058
23861150 -11821195
28952900 21342754
95944820 26383433
83054422 -97356485
95776553 51381464
-29182552 -98782453
-164381 -43371384
-78457612 -57952468
-54050258 77873382
-59038659 -44573119
63878923 80441097
78796541 -31373056
-81146028 69303348
-15998685 75398847
77430918 -74355441
-29299189 95839986
83774926 -16727536
-3569936 -99580593
44145974 -31955983
-97957878 -79243432
64331985 31615679
-47831324 -89721856
-8397648 43321242
47865135 73612225
83377745 -94920710
-56770758 -16118343
78132801 31563736
28666776 73315070
97383082 8321552
-9158055 61179368
83264312 -6056689
-45915026 72073665
-14499436 -91792650
-14202255 89035424
76338172 5264826
4829904 60625219
30814830 -37690512
-69853703 -63172287
33930117 17494488
52621326 80232655
80158768 59250700
-41687543 31384299
58147991 -98141647
82646007 -89249570
-4250083 -53275122
-64589598 -39539130
-76576791 75782946
41667140 -94963769
-11091719 -38207704
-83639103 -41301203
-36553105 -34045326
35900754 69128375
70495475 35197007
-68166243 -34607904
-83985397 -32845125
-54111843 -81014435
47371251 -14866214
-26189361 49535733
3701421 -70913041
3628457 -75828876
-41646928 -96045702
-41592360 18561508
-38666333 -72830021
48041848 8714888
43156135 56164359
73044863 -99351560
-48519616 -97860590
96635662 74882017
11300999 -43517272
31340068 89499980
-166147 85279728
-48230203 -2730214
-39603090 57774812
71401137 -38040207
19815895 -2637994
73631795 -70966380
-26085848 76436696
84793091 -81142223
-30918763 -94192683
66153118 -45190669
97899992 76609544
45100729 -50708307
93278685 66228562
7080877 -53296445
4457398 -18993826
-81821110 -51204384
10069024 -71543817
30566786 94427469
5568430 23584762
-27724058 -56641621
7145985 82067304
42487205 -8428573
-3416897 -24919360
17238437 96095858
46360045 84244353
-30172941 -76132745
-63820901 -12887839
-38345590 -83691496
-14973938 30981214
24070352 -38848017
76917005 -89185342
62725220 50086420
-24582017 -78515244
-70349644 -52547056
82901559 -97537336
69725338 -9973640
-97647469 -22373664
5589564 4948711
43521543 2140692
-23656568 72643690
-17002515 -92106568
56839023 -32597150
41279684 -67194448
-53525178 -84782460
51427898 14091785
-17180931 -84817261
-58489684 28762406
95945722 53906707
-59492940 -17645085
52490035 27788071
-85016482 -44307495
8027821 -72692381
-79619256 -22729385
95483160 -66387887
-84482648 27127601
62566766 -30365538
80243771 41955080
-74746734 88411828
98957573 -83098634
55309662 -72539496
45447293 -72151494
-18387247 52270374
44625987 710595
-9753115 -74474719
75779289 -36035578
-87047324 57621157
32756179 82139789
-15829485 92740103
32492042 -9540448
86009658 46899036
19473992 86188143
-94288503 -51138576
-44912014 15623486
86787931 -18861508
-99368632 86247562
85724021 92993370
-74851125 -35127863
11951143 -45458234
83571804 -52580716
37044265 55192227
-80423358 85782847
-69439192 60877223
-78043359 62795050
66426857 -98955204
96957320 -63530971
34128148 -33600858
34395172 56460091
55931227 61010794
-18815367 -81105420
-33831002 -35277528
11071417 -37210598
5824637 -38338550
32392138 -2779202
22521816 74589325
63173521 -69503860
-85350550 -28432339
26830989 -81918977
36083540 70604850
31804885 -41600623
78671657 -99926644
42238917 45601625
-91218477 -13428758
-83343886 -35290914
47527975 -69676053
39624755 -82875630
-32286060 10486395
1131916 -34833751
-9944905 22937849
-32094757 86083453
52273587 -54146182
-67934768 -25690779
-76088125 -18906690
-40082512 -44450787
50592604 89602685
44197844 80320528
-83252849 69922638
74603995 93460488
-14748826 -95726662
-16822447 41782313
15778163 95754984
94190121 74081817
58794466 -21373603
94634334 27550753
-15534576 30824930
87381869 96760248
-55665614 -80009578
-47314746 42757282
-87818678 91789723
-39760318 -35524230
177922 -31905803
13988501 -60794355
97268761 82538055
30477721 -94131976
-39510359 34885634
14668687 10464928
-61719153 -37898955
-66931810 7211636
30088835 -14430112
-58969546 -48958069
-493533 -11792912
29460805 -56834659
-52977001 -19821606
-1418559 -33729260
-28865215 -38927237
73103165 -73453869
38488820 53527802
-67688999 -71209179
98069165 70720766
-69877451 -11776874
27790240 18545400
-23833262 58866265
-30172102 -26368787
52142683 -99306366
63473114 -10832167
-61704386 88669668
43186201 -88412176
80975461 97455165
39945743 -35770035
43007125 -75876531
-11009664 -89669582
71806741 -93266721
-57583146 -24892871
32038489 9852866
-74257229 74294
-56534912 -61139946
-275316 98189096
-45527173 43336065
59099076 84587440
52655625 -7542761
-59748447 722567
78534851 -37897182
39294321 -30426378
84142595 25483194
-98091755 -38192471
-35698089 -43543220
90624959 86823189
61994294 -15718786
63498144 -68997050
78290438 -48268660
63360061 77912192
81139432 14862161
29872273 -31683922
-71603483 -40615934
38701922 -69668587
12045877 81047570
-61245197 7624238
-13255207 76488761
-14238457 -90673041
-23173487 -12989218
-70165856 -95745081
-1854244 7802493
-94140381 34779077
-97534129 95074916
7984115 -16231726
-72176206 26254832
66176135 44577702
57025371 75789074
32699079 66601039
40903376 84415179
-54361690 55834549
97619528 95270828
-9250249 -97644658
16652913 73405240
-4176953 90917943
-80090220 -3177550
-97626603 73893867
67884327 -41071611
-40935659 -95720030
-24896255 -44818413
-68567427 -93020632
-75643003 -34953518
-36985170 63521164
-86200427 87208602
85361461 92160536
58192140 67683268
91547520 -60314533
-37693824 3726683
3918822 8718487
85358253 15050180
-83728419 -37068400
94627740 -23598521
-8135846 14125365
48055115 -54950061
28572221 14546775
-57936399 81617488
-67450512 4012123
70496617 -77973073
-71963368 66331183
16369052 51287968
31194282 33681451
70959755 -52180989
-13028763 5110205
-7146358 -69858559
-25947842 56618065
72629823 45627803
-82724607 -96157523
94907980 -16732480
52953845 -55946930
-20709885 -98671717
-45679799 -16722631
18983881 -41736137
-99876253 6340894
21995132 -16284194
-40992465 -59883671
87715229 -21770584
-3104891 25306833
31340232 -39393749
70642704 -42464281
73988380 25317656
-96140238 33524006
46701431 76327433
-12933222 -20095537
-67472318 37442901
-74567255 -17914451
62459413 27050167
19524120 -85629900
57073368 74782050
57568553 -96308932
3755760 11411471
-61904929 94482915
-48874220 -67242723
-69893760 -86090615
73893336 93511613
64153986 67487577
-62844227 44791855
84561525 -5158679
71924968 9755545
51499730 80222356
-14599990 -89301028
21477780 29429443
39348599 -86668923
64479160 -22147542
-33934612 -25515783
47420340 91085314
-10724407 -13469617
3787789 51061534
-43067447 2162021
42634593 -39336114
21190630 -43125780
61097800 76000489
36323514 62901565
-32288049 25052200
-57137888 56839882
-73751131 94894633
-11953463 83277399
-88827347 -62264655
70312751 -77480897
-14399451 57457148
-32214888 -39444945
-79431198 -9887682
28272492 38988709
99433682 -82533647
-72019891 19335183
-3095115 -98536557
-74365688 89402139
81063385 -21193848
9296910 94694002
79337019 -21703499
-62002395 71157183
81136336 23656588
-54675655 -87449713
-19712458 3409864
-74114679 6372737
2826765 -69317580
6657537 61908095
29600247 6760616
20819596 -45363641
83544158 37213741
-81313657 19078236
5204548 29173127
-42823763 9492308
84640533 58149136
-74764911 -39659186
-55497825 12443882
-5110422 -38414338
16037563 -66505554
74917644 -59022445
-51196744 13139231
7048335 49994939
89142545 34281886
66844547 -25437972
-11311979 78672612
98523131 -27236124
-31022756 -72739809
-33825923 -28569441
61020853 48426037
-58785107 88769820
-51473704 85897914
-19140227 3962296
80805035 -50010895
56802259 51299208
-31081749 -76768235
13047515 17677198
-58279776 69386517
-50637102 -35125459
-14192632 41644347
30192439 -85804213
-57145998 32884412
87884720 98315058
96202430 -96137373
-22578121 94152894
15498285 -69257445
-36906585 49495849
-64477731 17756127
77121006 89848719
60837054 69746463
-4470120 70236640
37857595 -97088355
-42986875 -26076293
-52698114 -94868395
-7648773 -41264885
-61653873 62140341
-21222500 74380378
65119624 -44216710
66169732 -1455981
-96517206 -83241554
-86415834 -52325415
-30775072 25527390
-63573676 9517706
-21638887 63896451
62167659 1117474
-35909619 40425650
-13627509 -55781612
42063932 7457060
90977233 -28099003
-5666962 3325662
36369865 -82325872
-23654519 -26794014
38152564 -77924239
73783475 -9415334
95999204 -13680156
54898655 -20352644
62811025 -47829969
75308059 -88225445
-16570899 16024604
-47850946 -60203371
-30240919 -56426720
90799630 -51201473
-40771043 -58942549
65159195 -14200009
-73854216 -44600708
-23673003 41055358
91451152 -75122046
29424517 -33868877
41891997 -15426040
-11320651 8918267
-60595087 96741212
-38621901 -90326254
-18299363 5438582
-37211269 39604211
10568940 62688367
21476193 -26618235
39967727 86764087
97075835 -92679420
-17630002 78376770
10595799 -30211412
-35831593 -17126271
71507817 85499954
-81705920 89567963
49950728 63404253
47242930 -99248589
75181187 -26944689
-98083053 -33187972
72406635 -86643225
-68936457 -4244148
13185400 22479731
43653944 34868241
47203985 -71372983
-33544721 51931129
51741419 63884009
47165906 -1940600
10135586 -80024750
14176457 -22607171
92831501 46839397
-18127320 -8618118
-32197573 -31617082
69309255 -37967986
-94808867 -19212414
-72126177 -86756640
-96053186 -24011519
-4913919 -72739909
-4411543 -79349503
10542226 15002380
66540623 -95423813
-83608019 83708855
-6419928 -82893581
-15002171 10217068
-49554665 -23961979
26468747 68537008
-97133046 -71886048
79035582 62818638
96698243 13688978
-57186538 23490434
43227126 79987705
-30868544 2584650
-82346924 -21860978
-1611914 -91044758
-57041705 -71634170
38456830 30226767
-4482921 -58185712
-53154845 72013960
-82583690 36143167
-9659065 9171729
49452738 -1903805
97391296 67110918
-78359464 11482382
58755866 -40949034
45104747 96822953
-47735935 -63744336
23618439 -44575018
75242253 99446138
10104597 26988988
-55441599 34329122
32939672 -58177691
23688783 39477229
23741578 -45702087
45679004 11241251
-17812893 87900657
-65116197 85724268
78803226 -91504313
67971760 -15810781
774480 1319102
-97226960 78125858
-96183773 8232268
-47599246 -88950299
-87883158 33765133
-41342960 83351866
76809794 -85142425
76005118 -39583356
84589246 41255341
76015400 -54304874
-98282580 4753166
-9977325 -84416336
64501216 49769673
-93497666 -61512561
-91068553 -94162309
-17720568 -44983573
58707680 29321197
19472267 59436404
-98152180 53583788
8736105 96403522
-46043450 69947796
36953756 31388754
-88973397 56626163
-44266936 -80013972
52782916 -62710759
2078386 96153558
-22116998 -57103013
-59415897 74275594
-45354641 -57007712
-30018856 88136822
-51685759 52454773
-48009782 27515539
34006784 3502878
75750433 -55281892
68513405 -81680178
-99200555 27030920
-90042773 26873424
-52927061 45012885
27621559 93976581
-12650233 -65348203
-99744797 -8626777
77648133 -67957238
-61932257 16483033
438375 -9004556
73029265 -63277167
83997469 14008149
82957090 -35267208
-92838899 -15446855
-34337610 42581842
93578424 -70036565
-71038371 47403277
-64662879 -71261973
18526044 71026156
-53694421 -54564646
-99978323 -56702003
64313120 -25803862
-56904923 44497406
7471660 -92351836
14476291 38297959
43688807 77025890
-25024915 7819835
-66768954 81872372
2064152 -5242900
85076768 78986897
71157347 43252527
-64703396 65722992
89565530 -441749
13376823 -84360664
-75115035 464175
-4341693 14584339
-6460374 -94497421
-31039058 -64409532
12598875 -32661354
-72878357 -70852051
-58234188 -88671821
53226171 -79680856
747821 -55715596
-57359961 -3584516
-28378356 -2104272
51207191 54782950
88442798 68394706
-93125232 -95341431
57752920 -42079166
-48994458 79668164
40777395 -5741050
-27665980 91189355
-15994255 17160961
-41820720 97382870
-13170803 -84193959
32930470 -5638252
-94718913 -27940518
82030170 -73713925
33781537 60855941
31465659 -73785389
70339528 -26970902
-735415 51397938
16210705 54306102
81800860 -56513325
-54687968 5597510
76477314 81287411
-61323520 86248950
-30066636 28349595
39970494 -27317552
-14186121 76699482
41498021 20167932
29990015 96833029
28659368 10141029
74137797 -19114348
24026743 -98148897
65005063 5043189
21760279 -82876807
16649677 79561458
-68351162 47847772
22467276 -12746448
-57076927 -45738222
-80204924 -29179196
68486173 -4001246
14202095 -2860003
-22416890 9774034
-47536777 -93480749
53455034 86562111
31595875 56232780
-19442664 -75884749
-69592641 -25614214
-66731199 -68733995
-2829640 28493526
46712020 32305659
-52957655 81762146
79113400 -31347634
70702643 69788099
-60429783 -56110555
-81438483 -62952945
-41618923 97194749
36473780 -12687239
52827425 60857701
24548571 5840576
10209774 -68427467
12944712 12045386
-64461514 -11461195
-69180134 -26216881
217827 59925070
90630587 87404353
-51259126 -41712805
-52182808 -57788113
-81593278 48182762
45842135 -79129490
-90776720 -93091921
-53067162 7794399
98190580 -98191981
37621338 -25461124
78415722 55000558
-15861273 -69348448
-48925997 67688231
-15464915 -15110102
-58879535 16741463
48896656 -88544125
84649346 -82557846
-20268359 32033012
-18814232 18779842
79329301 -33969592
37149640 15221621
89729070 -92052260
91359354 -78902209
86738930 -55817301
57186188 -73412602
76435656 72616522
-92998065 51866885
61764516 30310874
-32045033 8319823
-44236707 44729089
-42406421 63416628
47715115 47774103
92870759 -51789737
-45778320 -84601943
77769069 79746210
-85291890 846725
18581951 88416181
9047703 32640166
-58297859 48990936
48974652 16006397
43969325 -27031517
62502299 97607190
-5782089 28554978
16681392 35353923
94368124 69891900
95181645 66974316
-18986146 6230150
13499953 48639912
-70528245 68487081
-96775540 -25251989
12364712 -57612031
81306941 31793540
-40351696 -3433512
99026315 -29973977
-15708879 85771023
86919149 76214669
76936095 56005465
-63955489 -82031886
-26871776 -76337189
82719800 97344089
97799697 30883702
-90158057 -10444644
3125993 45198595
62590022 97631061
41631847 -43200875
-90861573 -88009690
89389519 81467197
88077697 55533218
-92640996 -75274805
-55579764 -5777121
33296859 -60883803
76689532 -31374064
-29538490 -32286784
-91435520 -37911951
30085240 42890594
-747614 -4437524
75511972 -35531633
56220043 79410966
-71846177 -73646049
-46547070 96693694
79270225 -44318229
68248884 -96400179
59874316 50706721
-16384990 34437366
87206453 33978586
41120723 -83829282
57558093 72656263
-56109915 53592378
-5923856 27046725
-72197249 49190575
-37798274 -95265362
-11999902 -99347193
-22711191 65395218
-32535197 37954133
-59543000 74793609
35113092 37946614
69305678 47462201
-307348 -90249210
74084337 50459584
-9953610 82086974
-20998261 96433653
-21063795 -80847980
47147747 23153639
-94405741 73119101
-83990813 57127322
-3574020 10300518
-61090231 -70665787
-53333468 65982414
23615127 -70642915
37296222 -24106626
-52381368 -49296999
93387417 -60045823
38304040 22913177
77825763 16936104
-33393676 -2103957
-36065634 32389185
-40431192 -85439605
-915263 4799320
8497479 -66763745
3944041 79380681
-45006590 -40048990
-70767678 -92535987
-15520137 27638572
15248880 -67830035
60783530 -42784785
58164190 32574821
-81737298 -51303327
